,candidate_1,candidate_2,candidate_3,candidate_4,num_candidates,noise
0,candidate_1,candidate_2,candidate_3,candidate_4,4,0.0225
1,candidate_1,candidate_2,0,candidate_4,4,0.0225
2,candidate_1,candidate_2,candidate_3,candidate_4,4,0.0225
3,candidate_1,candidate_2,candidate_3,0,4,0.0225
4,candidate_1,candidate_2,candidate_3,0,4,0.0225
5,candidate_1,candidate_2,candidate_3,candidate_4,4,0.0225
6,candidate_1,candidate_2,candidate_3,candidate_4,4,0.0225
7,candidate_1,candidate_2,candidate_3,candidate_4,4,0.0225
8,candidate_1,candidate_2,candidate_3,candidate_4,4,0.0225
9,candidate_1,candidate_2,candidate_3,candidate_4,4,0.0225
10,candidate_1,candidate_2,candidate_3,candidate_4,4,0.0225
11,candidate_1,candidate_2,candidate_3,candidate_4,4,0.0225
12,candidate_1,candidate_2,candidate_3,candidate_4,4,0.0225
13,candidate_1,candidate_2,candidate_3,candidate_4,4,0.0225
14,candidate_1,candidate_2,candidate_3,candidate_4,4,0.0225
15,candidate_1,candidate_2,candidate_3,candidate_4,4,0.0225
16,candidate_1,candidate_2,candidate_3,candidate_4,4,0.0225
17,candidate_1,candidate_2,0,candidate_4,4,0.0225
18,candidate_1,candidate_2,candidate_3,candidate_4,4,0.0225
19,candidate_1,candidate_2,candidate_3,candidate_4,4,0.0225
20,candidate_1,candidate_2,candidate_3,candidate_4,4,0.0225
21,candidate_1,candidate_2,candidate_3,candidate_4,4,0.0225
22,candidate_1,candidate_2,candidate_3,candidate_4,4,0.0225
23,candidate_1,candidate_2,candidate_3,candidate_4,4,0.0225
24,candidate_1,candidate_2,candidate_3,candidate_4,4,0.0225
25,candidate_1,candidate_2,candidate_3,candidate_4,4,0.0225
26,candidate_1,candidate_2,candidate_3,candidate_4,4,0.0225
27,candidate_1,candidate_2,candidate_3,candidate_4,4,0.0225
28,candidate_1,candidate_2,candidate_3,candidate_4,4,0.0225
29,candidate_1,candidate_2,candidate_3,candidate_4,4,0.0225
30,candidate_1,candidate_2,candidate_3,candidate_4,4,0.0225
31,candidate_1,candidate_2,candidate_3,candidate_4,4,0.0225
32,candidate_1,candidate_2,candidate_3,candidate_4,4,0.0225
33,candidate_1,candidate_2,candidate_3,candidate_4,4,0.0225
34,candidate_1,candidate_2,candidate_3,candidate_4,4,0.0225
35,candidate_1,candidate_2,candidate_3,candidate_4,4,0.0225
36,candidate_1,candidate_2,candidate_3,candidate_4,4,0.0225
37,candidate_1,candidate_2,candidate_3,candidate_4,4,0.0225
38,candidate_1,candidate_2,candidate_3,candidate_4,4,0.0225
39,candidate_1,candidate_2,candidate_3,candidate_4,4,0.0225
40,candidate_1,candidate_2,candidate_3,candidate_4,4,0.0225
41,candidate_1,candidate_2,candidate_3,candidate_4,4,0.0225
42,candidate_1,candidate_2,candidate_3,candidate_4,4,0.0225
43,candidate_1,candidate_2,candidate_3,candidate_4,4,0.0225
44,candidate_1,candidate_2,candidate_3,candidate_4,4,0.0225
45,candidate_1,candidate_2,candidate_3,candidate_4,4,0.0225
46,candidate_1,candidate_2,candidate_3,candidate_4,4,0.0225
47,candidate_1,candidate_2,candidate_3,candidate_4,4,0.0225
48,candidate_1,candidate_2,candidate_3,candidate_4,4,0.0225
49,candidate_1,candidate_2,candidate_3,candidate_4,4,0.0225
50,candidate_1,candidate_2,candidate_3,candidate_4,4,0.0225
51,candidate_1,candidate_2,candidate_3,candidate_4,4,0.0225
52,candidate_1,candidate_2,candidate_3,candidate_4,4,0.0225
53,candidate_1,candidate_2,candidate_3,candidate_4,4,0.0225
54,candidate_1,candidate_2,0,candidate_4,4,0.0225
55,candidate_1,candidate_2,candidate_3,candidate_4,4,0.0225
56,candidate_1,candidate_2,candidate_3,candidate_4,4,0.0225
57,candidate_1,candidate_2,candidate_3,candidate_4,4,0.0225
58,candidate_1,candidate_2,candidate_3,candidate_4,4,0.0225
59,candidate_1,candidate_2,candidate_3,candidate_4,4,0.0225
60,candidate_1,candidate_2,candidate_3,candidate_4,4,0.0225
61,candidate_1,candidate_2,candidate_3,candidate_4,4,0.0225
62,candidate_1,candidate_2,candidate_3,candidate_4,4,0.0225
63,candidate_1,candidate_2,candidate_3,candidate_4,4,0.0225
64,candidate_1,candidate_2,candidate_3,candidate_4,4,0.0225
65,candidate_1,candidate_2,candidate_3,candidate_4,4,0.0225
66,candidate_1,candidate_2,candidate_3,candidate_4,4,0.0225
67,candidate_1,candidate_2,candidate_3,candidate_4,4,0.0225
68,candidate_1,candidate_2,candidate_3,candidate_4,4,0.0225
69,candidate_1,candidate_2,candidate_3,candidate_4,4,0.0225
70,candidate_1,candidate_2,candidate_3,candidate_4,4,0.0225
71,candidate_1,candidate_2,candidate_3,candidate_4,4,0.0225
72,candidate_1,candidate_2,candidate_3,candidate_4,4,0.0225
73,candidate_1,candidate_2,candidate_3,candidate_4,4,0.0225
74,candidate_1,candidate_2,candidate_3,candidate_4,4,0.0225
75,candidate_1,candidate_2,candidate_3,candidate_4,4,0.0225
76,candidate_1,candidate_2,candidate_3,candidate_4,4,0.0225
77,candidate_1,candidate_2,candidate_3,candidate_4,4,0.0225
78,candidate_1,candidate_2,candidate_3,candidate_4,4,0.0225
79,candidate_1,candidate_2,candidate_3,candidate_4,4,0.0225
80,candidate_1,candidate_2,candidate_3,candidate_4,4,0.0225
81,candidate_1,candidate_2,candidate_3,candidate_4,4,0.0225
82,candidate_1,candidate_2,candidate_3,candidate_4,4,0.0225
83,candidate_1,0,candidate_3,candidate_4,4,0.0225
84,candidate_1,candidate_2,candidate_3,candidate_4,4,0.0225
85,candidate_1,candidate_2,candidate_3,candidate_4,4,0.0225
86,candidate_1,candidate_2,candidate_3,candidate_4,4,0.0225
87,candidate_1,candidate_2,candidate_3,candidate_4,4,0.0225
88,candidate_1,candidate_2,candidate_3,candidate_4,4,0.0225
89,candidate_1,candidate_2,candidate_3,candidate_4,4,0.0225
90,candidate_1,candidate_2,candidate_3,candidate_4,4,0.0225
91,candidate_1,candidate_2,candidate_3,candidate_4,4,0.0225
92,candidate_1,candidate_2,candidate_3,candidate_4,4,0.0225
93,candidate_1,candidate_2,candidate_3,candidate_4,4,0.0225
94,candidate_1,candidate_2,candidate_3,candidate_4,4,0.0225
95,candidate_1,candidate_2,candidate_3,candidate_4,4,0.0225
96,candidate_1,candidate_2,candidate_3,candidate_4,4,0.0225
97,candidate_1,candidate_2,candidate_3,candidate_4,4,0.0225
98,candidate_1,0,candidate_3,candidate_4,4,0.0225
99,candidate_1,candidate_2,candidate_3,candidate_4,4,0.0225
100,candidate_1,candidate_2,candidate_3,candidate_4,4,0.0225
101,candidate_1,candidate_2,candidate_3,candidate_4,4,0.0225
102,candidate_1,candidate_2,candidate_3,candidate_4,4,0.0225
103,candidate_1,candidate_2,candidate_3,candidate_4,4,0.0225
104,candidate_1,candidate_2,candidate_3,candidate_4,4,0.0225
105,candidate_1,candidate_2,candidate_3,candidate_4,4,0.0225
106,candidate_1,candidate_2,candidate_3,candidate_4,4,0.0225
107,candidate_1,candidate_2,candidate_3,candidate_4,4,0.0225
108,candidate_1,candidate_2,candidate_3,candidate_4,4,0.0225
109,candidate_1,candidate_2,candidate_3,candidate_4,4,0.0225
110,candidate_1,candidate_2,candidate_3,candidate_4,4,0.0225
111,candidate_1,candidate_2,candidate_3,candidate_4,4,0.0225
112,candidate_1,candidate_2,candidate_3,candidate_4,4,0.0225
113,candidate_1,candidate_2,candidate_3,candidate_4,4,0.0225
114,candidate_1,candidate_2,candidate_3,candidate_4,4,0.0225
115,candidate_1,candidate_2,candidate_3,candidate_4,4,0.0225
116,candidate_1,candidate_2,candidate_3,candidate_4,4,0.0225
117,candidate_1,candidate_2,candidate_3,candidate_4,4,0.0225
118,candidate_1,candidate_2,candidate_3,candidate_4,4,0.0225
119,candidate_1,candidate_2,candidate_3,candidate_4,4,0.0225
120,candidate_1,candidate_2,candidate_3,candidate_4,4,0.0225
121,candidate_1,candidate_2,candidate_3,candidate_4,4,0.0225
122,candidate_1,0,candidate_3,candidate_4,4,0.0225
123,candidate_1,candidate_2,candidate_3,candidate_4,4,0.0225
124,candidate_1,candidate_2,candidate_3,candidate_4,4,0.0225
125,candidate_1,candidate_2,candidate_3,candidate_4,4,0.0225
126,candidate_1,candidate_2,candidate_3,candidate_4,4,0.0225
127,candidate_1,candidate_2,candidate_3,candidate_4,4,0.0225
128,candidate_1,candidate_2,candidate_3,candidate_4,4,0.0225
129,candidate_1,candidate_2,candidate_3,candidate_4,4,0.0225
130,candidate_1,candidate_2,candidate_3,candidate_4,4,0.0225
131,candidate_1,candidate_2,candidate_3,candidate_4,4,0.0225
132,candidate_1,candidate_2,candidate_3,candidate_4,4,0.0225
133,candidate_1,candidate_2,candidate_3,candidate_4,4,0.0225
134,candidate_1,candidate_2,candidate_3,candidate_4,4,0.0225
135,candidate_1,candidate_2,candidate_3,candidate_4,4,0.0225
136,candidate_1,candidate_2,candidate_3,candidate_4,4,0.0225
137,candidate_1,candidate_2,0,candidate_4,4,0.0225
138,candidate_1,candidate_2,candidate_3,candidate_4,4,0.0225
139,candidate_1,candidate_2,0,candidate_4,4,0.0225
140,candidate_1,candidate_2,candidate_3,candidate_4,4,0.0225
141,candidate_1,candidate_2,candidate_3,candidate_4,4,0.0225
142,candidate_1,candidate_2,candidate_3,candidate_4,4,0.0225
143,candidate_1,candidate_2,candidate_3,candidate_4,4,0.0225
144,candidate_1,candidate_2,candidate_3,candidate_4,4,0.0225
145,candidate_1,candidate_2,candidate_3,candidate_4,4,0.0225
146,candidate_1,candidate_2,candidate_3,candidate_4,4,0.0225
147,candidate_1,candidate_2,candidate_3,candidate_4,4,0.0225
148,candidate_1,candidate_2,candidate_3,candidate_4,4,0.0225
149,candidate_1,candidate_2,candidate_3,candidate_4,4,0.0225
150,candidate_1,candidate_2,candidate_3,candidate_4,4,0.0225
151,candidate_1,candidate_2,candidate_3,candidate_4,4,0.0225
152,candidate_1,candidate_2,candidate_3,candidate_4,4,0.0225
153,0,candidate_2,candidate_3,candidate_4,4,0.0225
154,candidate_1,candidate_2,candidate_3,candidate_4,4,0.0225
155,candidate_1,candidate_2,candidate_3,candidate_4,4,0.0225
156,candidate_1,candidate_2,candidate_3,candidate_4,4,0.0225
157,candidate_1,candidate_2,candidate_3,candidate_4,4,0.0225
158,candidate_1,candidate_2,candidate_3,candidate_4,4,0.0225
159,candidate_1,candidate_2,candidate_3,candidate_4,4,0.0225
160,candidate_1,candidate_2,candidate_3,candidate_4,4,0.0225
161,candidate_1,candidate_2,candidate_3,candidate_4,4,0.0225
162,candidate_1,candidate_2,candidate_3,candidate_4,4,0.0225
163,candidate_1,candidate_2,candidate_3,candidate_4,4,0.0225
164,candidate_1,candidate_2,candidate_3,candidate_4,4,0.0225
165,candidate_1,candidate_2,candidate_3,candidate_4,4,0.0225
166,candidate_1,candidate_2,candidate_3,candidate_4,4,0.0225
167,candidate_1,candidate_2,candidate_3,0,4,0.0225
168,candidate_1,candidate_2,candidate_3,candidate_4,4,0.0225
169,candidate_1,candidate_2,candidate_3,candidate_4,4,0.0225
170,candidate_1,candidate_2,candidate_3,candidate_4,4,0.0225
171,candidate_1,candidate_2,candidate_3,candidate_4,4,0.0225
172,candidate_1,candidate_2,candidate_3,candidate_4,4,0.0225
173,candidate_1,candidate_2,candidate_3,candidate_4,4,0.0225
174,candidate_1,candidate_2,candidate_3,candidate_4,4,0.0225
175,candidate_1,candidate_2,candidate_3,candidate_4,4,0.0225
176,candidate_1,candidate_2,candidate_3,candidate_4,4,0.0225
177,candidate_1,candidate_2,candidate_3,candidate_4,4,0.0225
178,candidate_1,candidate_2,candidate_3,candidate_4,4,0.0225
179,candidate_1,candidate_2,candidate_3,candidate_4,4,0.0225
180,candidate_1,candidate_2,candidate_3,candidate_4,4,0.0225
181,candidate_1,candidate_2,candidate_3,candidate_4,4,0.0225
182,candidate_1,0,candidate_3,candidate_4,4,0.0225
183,candidate_1,candidate_2,candidate_3,candidate_4,4,0.0225
184,candidate_1,candidate_2,candidate_3,candidate_4,4,0.0225
185,candidate_1,candidate_2,candidate_3,candidate_4,4,0.0225
186,candidate_1,candidate_2,candidate_3,candidate_4,4,0.0225
187,candidate_1,candidate_2,candidate_3,candidate_4,4,0.0225
188,candidate_1,candidate_2,candidate_3,candidate_4,4,0.0225
189,candidate_1,candidate_2,candidate_3,candidate_4,4,0.0225
190,candidate_1,candidate_2,candidate_3,candidate_4,4,0.0225
191,candidate_1,candidate_2,0,candidate_4,4,0.0225
192,0,candidate_2,candidate_3,candidate_4,4,0.0225
193,candidate_1,candidate_2,candidate_3,candidate_4,4,0.0225
194,candidate_1,candidate_2,candidate_3,candidate_4,4,0.0225
195,0,candidate_2,candidate_3,candidate_4,4,0.0225
196,candidate_1,candidate_2,candidate_3,candidate_4,4,0.0225
197,candidate_1,candidate_2,candidate_3,candidate_4,4,0.0225
198,candidate_1,candidate_2,candidate_3,candidate_4,4,0.0225
199,candidate_1,candidate_2,candidate_3,candidate_4,4,0.0225
200,0,candidate_2,candidate_3,candidate_4,4,0.0225
201,candidate_1,candidate_2,candidate_3,candidate_4,4,0.0225
202,candidate_1,candidate_2,candidate_3,candidate_4,4,0.0225
203,candidate_1,candidate_2,candidate_3,candidate_4,4,0.0225
204,candidate_1,candidate_2,candidate_3,candidate_4,4,0.0225
205,candidate_1,candidate_2,candidate_3,candidate_4,4,0.0225
206,candidate_1,candidate_2,candidate_3,candidate_4,4,0.0225
207,candidate_1,candidate_2,candidate_3,0,4,0.0225
208,candidate_1,candidate_2,candidate_3,candidate_4,4,0.0225
209,candidate_1,candidate_2,candidate_3,candidate_4,4,0.0225
210,candidate_1,candidate_2,candidate_3,candidate_4,4,0.0225
211,candidate_1,candidate_2,candidate_3,candidate_4,4,0.0225
212,candidate_1,candidate_2,candidate_3,candidate_4,4,0.0225
213,candidate_1,candidate_2,0,candidate_4,4,0.0225
214,candidate_1,candidate_2,candidate_3,candidate_4,4,0.0225
215,candidate_1,candidate_2,candidate_3,candidate_4,4,0.0225
216,candidate_1,candidate_2,candidate_3,candidate_4,4,0.0225
217,candidate_1,candidate_2,candidate_3,candidate_4,4,0.0225
218,candidate_1,candidate_2,0,candidate_4,4,0.0225
219,candidate_1,candidate_2,candidate_3,candidate_4,4,0.0225
220,candidate_1,candidate_2,candidate_3,candidate_4,4,0.0225
221,candidate_1,candidate_2,candidate_3,candidate_4,4,0.0225
222,candidate_1,candidate_2,candidate_3,candidate_4,4,0.0225
223,candidate_1,candidate_2,candidate_3,candidate_4,4,0.0225
224,candidate_1,candidate_2,candidate_3,candidate_4,4,0.0225
225,candidate_1,candidate_2,candidate_3,candidate_4,4,0.0225
226,candidate_1,candidate_2,candidate_3,candidate_4,4,0.0225
227,candidate_1,0,candidate_3,candidate_4,4,0.0225
228,candidate_1,candidate_2,candidate_3,candidate_4,4,0.0225
229,candidate_1,candidate_2,candidate_3,candidate_4,4,0.0225
230,candidate_1,candidate_2,candidate_3,candidate_4,4,0.0225
231,candidate_1,candidate_2,candidate_3,candidate_4,4,0.0225
232,candidate_1,candidate_2,candidate_3,candidate_4,4,0.0225
233,candidate_1,candidate_2,candidate_3,0,4,0.0225
234,candidate_1,candidate_2,candidate_3,candidate_4,4,0.0225
235,candidate_1,candidate_2,candidate_3,candidate_4,4,0.0225
236,candidate_1,candidate_2,candidate_3,candidate_4,4,0.0225
237,candidate_1,candidate_2,candidate_3,candidate_4,4,0.0225
238,0,candidate_2,candidate_3,candidate_4,4,0.0225
239,candidate_1,candidate_2,candidate_3,candidate_4,4,0.0225
240,candidate_1,candidate_2,candidate_3,candidate_4,4,0.0225
241,candidate_1,candidate_2,candidate_3,candidate_4,4,0.0225
242,candidate_1,candidate_2,candidate_3,candidate_4,4,0.0225
243,candidate_1,candidate_2,candidate_3,candidate_4,4,0.0225
244,candidate_1,candidate_2,candidate_3,candidate_4,4,0.0225
245,candidate_1,candidate_2,candidate_3,candidate_4,4,0.0225
246,candidate_1,candidate_2,candidate_3,candidate_4,4,0.0225
247,candidate_1,candidate_2,candidate_3,candidate_4,4,0.0225
248,0,candidate_2,candidate_3,candidate_4,4,0.0225
249,candidate_1,candidate_2,candidate_3,candidate_4,4,0.0225
250,candidate_1,candidate_2,candidate_3,candidate_4,4,0.0225
251,candidate_1,candidate_2,candidate_3,candidate_4,4,0.0225
252,candidate_1,candidate_2,candidate_3,candidate_4,4,0.0225
253,0,candidate_2,candidate_3,candidate_4,4,0.0225
254,candidate_1,candidate_2,candidate_3,candidate_4,4,0.0225
255,candidate_1,0,candidate_3,candidate_4,4,0.0225
256,candidate_1,candidate_2,candidate_3,candidate_4,4,0.0225
257,candidate_1,candidate_2,candidate_3,candidate_4,4,0.0225
258,candidate_1,candidate_2,candidate_3,candidate_4,4,0.0225
259,candidate_1,candidate_2,candidate_3,candidate_4,4,0.0225
260,candidate_1,candidate_2,candidate_3,candidate_4,4,0.0225
261,candidate_1,candidate_2,candidate_3,candidate_4,4,0.0225
262,candidate_1,candidate_2,candidate_3,candidate_4,4,0.0225
263,candidate_1,candidate_2,candidate_3,candidate_4,4,0.0225
264,candidate_1,candidate_2,candidate_3,candidate_4,4,0.0225
265,candidate_1,candidate_2,candidate_3,candidate_4,4,0.0225
266,candidate_1,candidate_2,candidate_3,candidate_4,4,0.0225
267,candidate_1,candidate_2,candidate_3,candidate_4,4,0.0225
268,candidate_1,candidate_2,candidate_3,candidate_4,4,0.0225
269,candidate_1,candidate_2,candidate_3,candidate_4,4,0.0225
270,candidate_1,candidate_2,candidate_3,candidate_4,4,0.0225
271,candidate_1,candidate_2,candidate_3,candidate_4,4,0.0225
272,candidate_1,candidate_2,candidate_3,candidate_4,4,0.0225
273,candidate_1,candidate_2,candidate_3,candidate_4,4,0.0225
274,candidate_1,candidate_2,candidate_3,candidate_4,4,0.0225
275,candidate_1,candidate_2,candidate_3,candidate_4,4,0.0225
276,candidate_1,candidate_2,candidate_3,candidate_4,4,0.0225
277,candidate_1,candidate_2,candidate_3,candidate_4,4,0.0225
278,candidate_1,candidate_2,candidate_3,candidate_4,4,0.0225
279,candidate_1,candidate_2,candidate_3,candidate_4,4,0.0225
280,candidate_1,candidate_2,candidate_3,candidate_4,4,0.0225
281,candidate_1,candidate_2,candidate_3,candidate_4,4,0.0225
282,candidate_1,candidate_2,candidate_3,candidate_4,4,0.0225
283,candidate_1,candidate_2,candidate_3,candidate_4,4,0.0225
284,candidate_1,candidate_2,candidate_3,candidate_4,4,0.0225
285,candidate_1,candidate_2,candidate_3,candidate_4,4,0.0225
286,candidate_1,candidate_2,candidate_3,candidate_4,4,0.0225
287,candidate_1,candidate_2,candidate_3,candidate_4,4,0.0225
288,candidate_1,candidate_2,candidate_3,candidate_4,4,0.0225
289,candidate_1,candidate_2,candidate_3,candidate_4,4,0.0225
290,candidate_1,candidate_2,candidate_3,candidate_4,4,0.0225
291,candidate_1,candidate_2,candidate_3,candidate_4,4,0.0225
292,candidate_1,candidate_2,candidate_3,candidate_4,4,0.0225
293,candidate_1,candidate_2,candidate_3,candidate_4,4,0.0225
294,candidate_1,candidate_2,candidate_3,candidate_4,4,0.0225
295,candidate_1,candidate_2,candidate_3,candidate_4,4,0.0225
296,candidate_1,candidate_2,candidate_3,candidate_4,4,0.0225
297,candidate_1,candidate_2,candidate_3,candidate_4,4,0.0225
298,candidate_1,candidate_2,candidate_3,candidate_4,4,0.0225
299,candidate_1,candidate_2,candidate_3,candidate_4,4,0.0225
300,candidate_1,candidate_2,candidate_3,candidate_4,4,0.0225
301,candidate_1,candidate_2,candidate_3,candidate_4,4,0.0225
302,candidate_1,candidate_2,candidate_3,candidate_4,4,0.0225
303,candidate_1,candidate_2,candidate_3,candidate_4,4,0.0225
304,candidate_1,candidate_2,candidate_3,candidate_4,4,0.0225
305,candidate_1,candidate_2,candidate_3,candidate_4,4,0.0225
306,candidate_1,candidate_2,candidate_3,candidate_4,4,0.0225
307,candidate_1,candidate_2,candidate_3,candidate_4,4,0.0225
308,candidate_1,candidate_2,candidate_3,candidate_4,4,0.0225
309,candidate_1,candidate_2,candidate_3,candidate_4,4,0.0225
310,candidate_1,candidate_2,candidate_3,candidate_4,4,0.0225
311,candidate_1,candidate_2,candidate_3,candidate_4,4,0.0225
312,candidate_1,candidate_2,candidate_3,candidate_4,4,0.0225
313,candidate_1,candidate_2,candidate_3,candidate_4,4,0.0225
314,candidate_1,candidate_2,candidate_3,candidate_4,4,0.0225
315,candidate_1,candidate_2,candidate_3,candidate_4,4,0.0225
316,candidate_1,candidate_2,candidate_3,candidate_4,4,0.0225
317,candidate_1,candidate_2,candidate_3,candidate_4,4,0.0225
318,candidate_1,candidate_2,candidate_3,candidate_4,4,0.0225
319,candidate_1,candidate_2,candidate_3,candidate_4,4,0.0225
320,candidate_1,candidate_2,candidate_3,candidate_4,4,0.0225
321,candidate_1,candidate_2,candidate_3,candidate_4,4,0.0225
322,candidate_1,candidate_2,candidate_3,candidate_4,4,0.0225
323,candidate_1,candidate_2,candidate_3,candidate_4,4,0.0225
324,candidate_1,candidate_2,candidate_3,candidate_4,4,0.0225
325,candidate_1,candidate_2,candidate_3,candidate_4,4,0.0225
326,candidate_1,candidate_2,candidate_3,candidate_4,4,0.0225
327,candidate_1,candidate_2,candidate_3,candidate_4,4,0.0225
328,candidate_1,candidate_2,candidate_3,candidate_4,4,0.0225
329,candidate_1,candidate_2,candidate_3,candidate_4,4,0.0225
330,candidate_1,candidate_2,candidate_3,candidate_4,4,0.0225
331,candidate_1,candidate_2,candidate_3,candidate_4,4,0.0225
332,0,candidate_2,candidate_3,candidate_4,4,0.0225
333,candidate_1,candidate_2,candidate_3,candidate_4,4,0.0225
334,candidate_1,candidate_2,candidate_3,candidate_4,4,0.0225
335,candidate_1,0,candidate_3,candidate_4,4,0.0225
336,candidate_1,candidate_2,candidate_3,candidate_4,4,0.0225
337,candidate_1,candidate_2,candidate_3,candidate_4,4,0.0225
338,candidate_1,candidate_2,candidate_3,candidate_4,4,0.0225
339,candidate_1,candidate_2,candidate_3,candidate_4,4,0.0225
340,candidate_1,candidate_2,0,candidate_4,4,0.0225
341,candidate_1,candidate_2,candidate_3,candidate_4,4,0.0225
342,candidate_1,candidate_2,candidate_3,candidate_4,4,0.0225
343,candidate_1,candidate_2,candidate_3,candidate_4,4,0.0225
344,candidate_1,candidate_2,candidate_3,candidate_4,4,0.0225
345,candidate_1,candidate_2,candidate_3,candidate_4,4,0.0225
346,candidate_1,candidate_2,candidate_3,candidate_4,4,0.0225
347,candidate_1,candidate_2,candidate_3,candidate_4,4,0.0225
348,candidate_1,candidate_2,candidate_3,candidate_4,4,0.0225
349,candidate_1,candidate_2,candidate_3,candidate_4,4,0.0225
350,candidate_1,candidate_2,candidate_3,candidate_4,4,0.0225
351,candidate_1,candidate_2,candidate_3,candidate_4,4,0.0225
352,candidate_1,candidate_2,0,candidate_4,4,0.0225
353,candidate_1,candidate_2,candidate_3,candidate_4,4,0.0225
354,candidate_1,candidate_2,candidate_3,candidate_4,4,0.0225
355,candidate_1,candidate_2,candidate_3,candidate_4,4,0.0225
356,candidate_1,candidate_2,candidate_3,candidate_4,4,0.0225
357,candidate_1,candidate_2,candidate_3,0,4,0.0225
358,candidate_1,candidate_2,candidate_3,candidate_4,4,0.0225
359,candidate_1,candidate_2,candidate_3,candidate_4,4,0.0225
360,candidate_1,candidate_2,candidate_3,candidate_4,4,0.0225
361,candidate_1,candidate_2,candidate_3,candidate_4,4,0.0225
362,candidate_1,candidate_2,candidate_3,candidate_4,4,0.0225
363,candidate_1,candidate_2,candidate_3,candidate_4,4,0.0225
364,candidate_1,candidate_2,candidate_3,candidate_4,4,0.0225
365,candidate_1,candidate_2,candidate_3,0,4,0.0225
366,candidate_1,candidate_2,candidate_3,candidate_4,4,0.0225
367,candidate_1,candidate_2,candidate_3,candidate_4,4,0.0225
368,candidate_1,candidate_2,0,candidate_4,4,0.0225
369,candidate_1,candidate_2,candidate_3,candidate_4,4,0.0225
370,candidate_1,candidate_2,candidate_3,candidate_4,4,0.0225
371,candidate_1,candidate_2,candidate_3,candidate_4,4,0.0225
372,candidate_1,candidate_2,candidate_3,candidate_4,4,0.0225
373,candidate_1,candidate_2,candidate_3,candidate_4,4,0.0225
374,candidate_1,candidate_2,candidate_3,candidate_4,4,0.0225
375,candidate_1,candidate_2,candidate_3,candidate_4,4,0.0225
376,candidate_1,candidate_2,candidate_3,candidate_4,4,0.0225
377,candidate_1,candidate_2,candidate_3,candidate_4,4,0.0225
378,candidate_1,candidate_2,candidate_3,candidate_4,4,0.0225
379,candidate_1,candidate_2,candidate_3,candidate_4,4,0.0225
380,candidate_1,candidate_2,candidate_3,candidate_4,4,0.0225
381,candidate_1,candidate_2,candidate_3,candidate_4,4,0.0225
382,candidate_1,candidate_2,candidate_3,candidate_4,4,0.0225
383,candidate_1,candidate_2,candidate_3,candidate_4,4,0.0225
384,0,candidate_2,candidate_3,candidate_4,4,0.0225
385,candidate_1,0,candidate_3,candidate_4,4,0.0225
386,candidate_1,candidate_2,candidate_3,candidate_4,4,0.0225
387,candidate_1,candidate_2,candidate_3,candidate_4,4,0.0225
388,candidate_1,candidate_2,candidate_3,candidate_4,4,0.0225
389,candidate_1,candidate_2,candidate_3,candidate_4,4,0.0225
390,candidate_1,candidate_2,candidate_3,candidate_4,4,0.0225
391,candidate_1,candidate_2,candidate_3,candidate_4,4,0.0225
392,candidate_1,candidate_2,candidate_3,candidate_4,4,0.0225
393,candidate_1,candidate_2,candidate_3,candidate_4,4,0.0225
394,candidate_1,candidate_2,candidate_3,candidate_4,4,0.0225
395,candidate_1,candidate_2,candidate_3,candidate_4,4,0.0225
396,0,candidate_2,candidate_3,candidate_4,4,0.0225
397,candidate_1,candidate_2,candidate_3,candidate_4,4,0.0225
398,candidate_1,candidate_2,candidate_3,candidate_4,4,0.0225
399,candidate_1,candidate_2,candidate_3,candidate_4,4,0.0225
400,candidate_1,candidate_2,candidate_3,candidate_4,4,0.0225
401,candidate_1,candidate_2,candidate_3,candidate_4,4,0.0225
402,candidate_1,candidate_2,candidate_3,candidate_4,4,0.0225
403,candidate_1,candidate_2,candidate_3,candidate_4,4,0.0225
404,candidate_1,candidate_2,candidate_3,candidate_4,4,0.0225
405,candidate_1,candidate_2,candidate_3,candidate_4,4,0.0225
406,candidate_1,candidate_2,candidate_3,candidate_4,4,0.0225
407,candidate_1,candidate_2,candidate_3,candidate_4,4,0.0225
408,candidate_1,candidate_2,candidate_3,candidate_4,4,0.0225
409,candidate_1,candidate_2,candidate_3,candidate_4,4,0.0225
410,candidate_1,candidate_2,candidate_3,candidate_4,4,0.0225
411,0,candidate_2,candidate_3,candidate_4,4,0.0225
412,candidate_1,candidate_2,candidate_3,candidate_4,4,0.0225
413,candidate_1,candidate_2,candidate_3,candidate_4,4,0.0225
414,candidate_1,candidate_2,candidate_3,candidate_4,4,0.0225
415,candidate_1,candidate_2,0,candidate_4,4,0.0225
416,candidate_1,candidate_2,candidate_3,candidate_4,4,0.0225
417,candidate_1,candidate_2,candidate_3,candidate_4,4,0.0225
418,candidate_1,candidate_2,candidate_3,candidate_4,4,0.0225
419,candidate_1,candidate_2,candidate_3,candidate_4,4,0.0225
420,candidate_1,candidate_2,candidate_3,0,4,0.0225
421,candidate_1,candidate_2,candidate_3,candidate_4,4,0.0225
422,candidate_1,candidate_2,candidate_3,candidate_4,4,0.0225
423,candidate_1,candidate_2,candidate_3,candidate_4,4,0.0225
424,candidate_1,candidate_2,candidate_3,candidate_4,4,0.0225
425,candidate_1,candidate_2,candidate_3,candidate_4,4,0.0225
426,candidate_1,candidate_2,candidate_3,candidate_4,4,0.0225
427,candidate_1,candidate_2,candidate_3,candidate_4,4,0.0225
428,candidate_1,candidate_2,candidate_3,candidate_4,4,0.0225
429,candidate_1,candidate_2,candidate_3,candidate_4,4,0.0225
430,candidate_1,candidate_2,0,candidate_4,4,0.0225
431,candidate_1,candidate_2,candidate_3,candidate_4,4,0.0225
432,candidate_1,candidate_2,candidate_3,candidate_4,4,0.0225
433,candidate_1,candidate_2,candidate_3,candidate_4,4,0.0225
434,candidate_1,candidate_2,candidate_3,candidate_4,4,0.0225
435,candidate_1,candidate_2,candidate_3,candidate_4,4,0.0225
436,candidate_1,candidate_2,candidate_3,candidate_4,4,0.0225
437,candidate_1,candidate_2,candidate_3,candidate_4,4,0.0225
438,candidate_1,candidate_2,candidate_3,candidate_4,4,0.0225
439,candidate_1,candidate_2,candidate_3,candidate_4,4,0.0225
440,candidate_1,candidate_2,candidate_3,candidate_4,4,0.0225
441,candidate_1,candidate_2,candidate_3,candidate_4,4,0.0225
442,candidate_1,candidate_2,candidate_3,candidate_4,4,0.0225
443,candidate_1,candidate_2,candidate_3,candidate_4,4,0.0225
444,candidate_1,candidate_2,candidate_3,candidate_4,4,0.0225
445,candidate_1,candidate_2,candidate_3,candidate_4,4,0.0225
446,candidate_1,candidate_2,candidate_3,candidate_4,4,0.0225
447,candidate_1,0,candidate_3,candidate_4,4,0.0225
448,candidate_1,candidate_2,candidate_3,candidate_4,4,0.0225
449,candidate_1,candidate_2,candidate_3,candidate_4,4,0.0225
450,candidate_1,candidate_2,candidate_3,candidate_4,4,0.0225
451,candidate_1,candidate_2,candidate_3,candidate_4,4,0.0225
452,candidate_1,candidate_2,candidate_3,candidate_4,4,0.0225
453,candidate_1,candidate_2,candidate_3,candidate_4,4,0.0225
454,0,candidate_2,candidate_3,candidate_4,4,0.0225
455,candidate_1,candidate_2,candidate_3,candidate_4,4,0.0225
456,candidate_1,candidate_2,candidate_3,0,4,0.0225
457,candidate_1,candidate_2,candidate_3,candidate_4,4,0.0225
458,candidate_1,candidate_2,candidate_3,candidate_4,4,0.0225
459,candidate_1,candidate_2,candidate_3,candidate_4,4,0.0225
460,candidate_1,candidate_2,candidate_3,candidate_4,4,0.0225
461,candidate_1,candidate_2,candidate_3,candidate_4,4,0.0225
462,candidate_1,candidate_2,candidate_3,candidate_4,4,0.0225
463,candidate_1,candidate_2,candidate_3,candidate_4,4,0.0225
464,candidate_1,candidate_2,candidate_3,candidate_4,4,0.0225
465,candidate_1,candidate_2,candidate_3,candidate_4,4,0.0225
466,candidate_1,candidate_2,candidate_3,candidate_4,4,0.0225
467,candidate_1,candidate_2,candidate_3,candidate_4,4,0.0225
468,candidate_1,candidate_2,candidate_3,candidate_4,4,0.0225
469,candidate_1,candidate_2,candidate_3,candidate_4,4,0.0225
470,candidate_1,candidate_2,candidate_3,candidate_4,4,0.0225
471,candidate_1,candidate_2,candidate_3,candidate_4,4,0.0225
472,candidate_1,candidate_2,candidate_3,candidate_4,4,0.0225
473,candidate_1,candidate_2,candidate_3,candidate_4,4,0.0225
474,candidate_1,candidate_2,candidate_3,candidate_4,4,0.0225
475,candidate_1,candidate_2,candidate_3,candidate_4,4,0.0225
476,candidate_1,candidate_2,candidate_3,candidate_4,4,0.0225
477,candidate_1,candidate_2,candidate_3,candidate_4,4,0.0225
478,candidate_1,candidate_2,candidate_3,candidate_4,4,0.0225
479,candidate_1,candidate_2,0,candidate_4,4,0.0225
480,candidate_1,candidate_2,candidate_3,candidate_4,4,0.0225
481,candidate_1,candidate_2,candidate_3,candidate_4,4,0.0225
482,candidate_1,candidate_2,candidate_3,candidate_4,4,0.0225
483,candidate_1,candidate_2,candidate_3,candidate_4,4,0.0225
484,candidate_1,candidate_2,candidate_3,candidate_4,4,0.0225
485,candidate_1,candidate_2,candidate_3,candidate_4,4,0.0225
486,candidate_1,candidate_2,candidate_3,candidate_4,4,0.0225
487,candidate_1,candidate_2,candidate_3,candidate_4,4,0.0225
488,0,candidate_2,candidate_3,candidate_4,4,0.0225
489,candidate_1,candidate_2,candidate_3,candidate_4,4,0.0225
490,candidate_1,candidate_2,candidate_3,candidate_4,4,0.0225
491,candidate_1,candidate_2,candidate_3,candidate_4,4,0.0225
492,candidate_1,candidate_2,candidate_3,candidate_4,4,0.0225
493,candidate_1,candidate_2,candidate_3,candidate_4,4,0.0225
494,candidate_1,candidate_2,candidate_3,candidate_4,4,0.0225
495,candidate_1,candidate_2,candidate_3,candidate_4,4,0.0225
496,candidate_1,candidate_2,candidate_3,candidate_4,4,0.0225
497,0,candidate_2,candidate_3,candidate_4,4,0.0225
498,candidate_1,candidate_2,candidate_3,candidate_4,4,0.0225
499,candidate_1,candidate_2,candidate_3,candidate_4,4,0.0225
500,candidate_1,candidate_2,candidate_3,candidate_4,4,0.0225
501,candidate_1,candidate_2,candidate_3,candidate_4,4,0.0225
502,candidate_1,candidate_2,candidate_3,candidate_4,4,0.0225
503,candidate_1,candidate_2,candidate_3,candidate_4,4,0.0225
504,candidate_1,candidate_2,candidate_3,candidate_4,4,0.0225
505,candidate_1,candidate_2,candidate_3,candidate_4,4,0.0225
506,candidate_1,candidate_2,candidate_3,candidate_4,4,0.0225
507,candidate_1,candidate_2,candidate_3,candidate_4,4,0.0225
508,candidate_1,candidate_2,candidate_3,candidate_4,4,0.0225
509,candidate_1,candidate_2,candidate_3,candidate_4,4,0.0225
510,0,candidate_2,candidate_3,candidate_4,4,0.0225
511,candidate_1,candidate_2,candidate_3,candidate_4,4,0.0225
512,candidate_1,candidate_2,candidate_3,candidate_4,4,0.0225
513,candidate_1,candidate_2,candidate_3,candidate_4,4,0.0225
514,candidate_1,candidate_2,candidate_3,candidate_4,4,0.0225
515,candidate_1,candidate_2,candidate_3,candidate_4,4,0.0225
516,candidate_1,candidate_2,candidate_3,candidate_4,4,0.0225
517,candidate_1,candidate_2,candidate_3,candidate_4,4,0.0225
518,candidate_1,candidate_2,candidate_3,candidate_4,4,0.0225
519,candidate_1,candidate_2,candidate_3,candidate_4,4,0.0225
520,candidate_1,candidate_2,candidate_3,candidate_4,4,0.0225
521,candidate_1,candidate_2,candidate_3,candidate_4,4,0.0225
522,candidate_1,candidate_2,candidate_3,candidate_4,4,0.0225
523,candidate_1,candidate_2,candidate_3,candidate_4,4,0.0225
524,candidate_1,candidate_2,candidate_3,candidate_4,4,0.0225
525,candidate_1,candidate_2,candidate_3,candidate_4,4,0.0225
526,candidate_1,candidate_2,candidate_3,candidate_4,4,0.0225
527,candidate_1,candidate_2,candidate_3,candidate_4,4,0.0225
528,candidate_1,candidate_2,candidate_3,candidate_4,4,0.0225
529,candidate_1,candidate_2,candidate_3,candidate_4,4,0.0225
530,candidate_1,candidate_2,candidate_3,candidate_4,4,0.0225
531,candidate_1,candidate_2,candidate_3,candidate_4,4,0.0225
532,candidate_1,candidate_2,candidate_3,candidate_4,4,0.0225
533,candidate_1,candidate_2,candidate_3,candidate_4,4,0.0225
534,candidate_1,candidate_2,candidate_3,candidate_4,4,0.0225
535,candidate_1,candidate_2,candidate_3,candidate_4,4,0.0225
536,candidate_1,candidate_2,candidate_3,candidate_4,4,0.0225
537,candidate_1,candidate_2,candidate_3,0,4,0.0225
538,candidate_1,candidate_2,0,candidate_4,4,0.0225
539,candidate_1,candidate_2,candidate_3,candidate_4,4,0.0225
540,candidate_1,candidate_2,candidate_3,candidate_4,4,0.0225
541,candidate_1,candidate_2,candidate_3,candidate_4,4,0.0225
542,0,candidate_2,candidate_3,candidate_4,4,0.0225
543,candidate_1,candidate_2,candidate_3,candidate_4,4,0.0225
544,candidate_1,candidate_2,candidate_3,candidate_4,4,0.0225
545,candidate_1,candidate_2,candidate_3,candidate_4,4,0.0225
546,candidate_1,candidate_2,candidate_3,candidate_4,4,0.0225
547,candidate_1,candidate_2,candidate_3,candidate_4,4,0.0225
548,candidate_1,candidate_2,0,candidate_4,4,0.0225
549,candidate_1,candidate_2,candidate_3,candidate_4,4,0.0225
550,candidate_1,candidate_2,candidate_3,candidate_4,4,0.0225
551,candidate_1,candidate_2,candidate_3,candidate_4,4,0.0225
552,candidate_1,candidate_2,candidate_3,candidate_4,4,0.0225
553,candidate_1,candidate_2,candidate_3,candidate_4,4,0.0225
554,candidate_1,candidate_2,candidate_3,candidate_4,4,0.0225
555,candidate_1,candidate_2,candidate_3,candidate_4,4,0.0225
556,candidate_1,candidate_2,candidate_3,candidate_4,4,0.0225
557,candidate_1,candidate_2,candidate_3,candidate_4,4,0.0225
558,candidate_1,candidate_2,candidate_3,candidate_4,4,0.0225
559,candidate_1,candidate_2,candidate_3,candidate_4,4,0.0225
560,candidate_1,candidate_2,candidate_3,candidate_4,4,0.0225
561,candidate_1,candidate_2,candidate_3,candidate_4,4,0.0225
562,candidate_1,candidate_2,candidate_3,candidate_4,4,0.0225
563,candidate_1,candidate_2,candidate_3,candidate_4,4,0.0225
564,candidate_1,candidate_2,candidate_3,candidate_4,4,0.0225
565,candidate_1,candidate_2,candidate_3,candidate_4,4,0.0225
566,candidate_1,candidate_2,candidate_3,candidate_4,4,0.0225
567,candidate_1,candidate_2,candidate_3,candidate_4,4,0.0225
568,candidate_1,candidate_2,candidate_3,candidate_4,4,0.0225
569,candidate_1,candidate_2,candidate_3,candidate_4,4,0.0225
570,candidate_1,candidate_2,candidate_3,candidate_4,4,0.0225
571,candidate_1,candidate_2,candidate_3,candidate_4,4,0.0225
572,candidate_1,candidate_2,candidate_3,0,4,0.0225
573,candidate_1,candidate_2,candidate_3,candidate_4,4,0.0225
574,candidate_1,candidate_2,candidate_3,candidate_4,4,0.0225
575,candidate_1,candidate_2,candidate_3,candidate_4,4,0.0225
576,candidate_1,candidate_2,candidate_3,candidate_4,4,0.0225
577,candidate_1,candidate_2,candidate_3,candidate_4,4,0.0225
578,candidate_1,candidate_2,candidate_3,candidate_4,4,0.0225
579,candidate_1,candidate_2,candidate_3,candidate_4,4,0.0225
580,candidate_1,candidate_2,candidate_3,candidate_4,4,0.0225
581,candidate_1,candidate_2,candidate_3,candidate_4,4,0.0225
582,candidate_1,candidate_2,candidate_3,candidate_4,4,0.0225
583,candidate_1,candidate_2,candidate_3,candidate_4,4,0.0225
584,candidate_1,candidate_2,candidate_3,candidate_4,4,0.0225
585,candidate_1,candidate_2,candidate_3,candidate_4,4,0.0225
586,candidate_1,candidate_2,candidate_3,candidate_4,4,0.0225
587,candidate_1,candidate_2,candidate_3,candidate_4,4,0.0225
588,candidate_1,candidate_2,candidate_3,candidate_4,4,0.0225
589,candidate_1,candidate_2,0,candidate_4,4,0.0225
590,candidate_1,candidate_2,candidate_3,candidate_4,4,0.0225
591,candidate_1,candidate_2,candidate_3,candidate_4,4,0.0225
592,candidate_1,candidate_2,candidate_3,candidate_4,4,0.0225
593,candidate_1,candidate_2,candidate_3,candidate_4,4,0.0225
594,candidate_1,candidate_2,candidate_3,candidate_4,4,0.0225
595,candidate_1,candidate_2,candidate_3,candidate_4,4,0.0225
596,candidate_1,candidate_2,candidate_3,candidate_4,4,0.0225
597,candidate_1,candidate_2,candidate_3,candidate_4,4,0.0225
598,candidate_1,candidate_2,candidate_3,candidate_4,4,0.0225
599,candidate_1,candidate_2,candidate_3,candidate_4,4,0.0225
600,candidate_1,candidate_2,candidate_3,0,4,0.0225
601,candidate_1,candidate_2,candidate_3,candidate_4,4,0.0225
602,candidate_1,candidate_2,candidate_3,candidate_4,4,0.0225
603,candidate_1,candidate_2,0,candidate_4,4,0.0225
604,candidate_1,candidate_2,candidate_3,candidate_4,4,0.0225
605,candidate_1,candidate_2,candidate_3,candidate_4,4,0.0225
606,candidate_1,candidate_2,candidate_3,candidate_4,4,0.0225
607,candidate_1,candidate_2,candidate_3,candidate_4,4,0.0225
608,candidate_1,candidate_2,candidate_3,candidate_4,4,0.0225
609,candidate_1,0,candidate_3,candidate_4,4,0.0225
610,candidate_1,candidate_2,candidate_3,candidate_4,4,0.0225
611,candidate_1,candidate_2,candidate_3,candidate_4,4,0.0225
612,candidate_1,candidate_2,candidate_3,candidate_4,4,0.0225
613,candidate_1,candidate_2,candidate_3,candidate_4,4,0.0225
614,candidate_1,candidate_2,candidate_3,candidate_4,4,0.0225
615,candidate_1,candidate_2,candidate_3,candidate_4,4,0.0225
616,candidate_1,candidate_2,candidate_3,candidate_4,4,0.0225
617,candidate_1,candidate_2,candidate_3,candidate_4,4,0.0225
618,candidate_1,candidate_2,candidate_3,candidate_4,4,0.0225
619,candidate_1,candidate_2,candidate_3,candidate_4,4,0.0225
620,candidate_1,candidate_2,candidate_3,candidate_4,4,0.0225
621,candidate_1,candidate_2,candidate_3,candidate_4,4,0.0225
622,candidate_1,0,candidate_3,candidate_4,4,0.0225
623,candidate_1,candidate_2,candidate_3,candidate_4,4,0.0225
624,candidate_1,candidate_2,candidate_3,candidate_4,4,0.0225
625,candidate_1,candidate_2,candidate_3,candidate_4,4,0.0225
626,candidate_1,candidate_2,candidate_3,candidate_4,4,0.0225
627,candidate_1,candidate_2,candidate_3,candidate_4,4,0.0225
628,candidate_1,candidate_2,candidate_3,candidate_4,4,0.0225
629,candidate_1,candidate_2,candidate_3,candidate_4,4,0.0225
630,candidate_1,candidate_2,candidate_3,candidate_4,4,0.0225
631,candidate_1,candidate_2,candidate_3,candidate_4,4,0.0225
632,candidate_1,candidate_2,candidate_3,candidate_4,4,0.0225
633,candidate_1,candidate_2,candidate_3,candidate_4,4,0.0225
634,candidate_1,candidate_2,candidate_3,candidate_4,4,0.0225
635,candidate_1,candidate_2,candidate_3,candidate_4,4,0.0225
636,candidate_1,candidate_2,candidate_3,0,4,0.0225
637,candidate_1,candidate_2,candidate_3,candidate_4,4,0.0225
638,candidate_1,candidate_2,candidate_3,candidate_4,4,0.0225
639,candidate_1,candidate_2,candidate_3,candidate_4,4,0.0225
640,candidate_1,candidate_2,candidate_3,candidate_4,4,0.0225
641,candidate_1,candidate_2,candidate_3,candidate_4,4,0.0225
642,candidate_1,candidate_2,0,candidate_4,4,0.0225
643,candidate_1,candidate_2,candidate_3,candidate_4,4,0.0225
644,candidate_1,candidate_2,candidate_3,candidate_4,4,0.0225
645,candidate_1,candidate_2,candidate_3,candidate_4,4,0.0225
646,candidate_1,candidate_2,candidate_3,candidate_4,4,0.0225
647,candidate_1,candidate_2,candidate_3,candidate_4,4,0.0225
648,candidate_1,candidate_2,candidate_3,candidate_4,4,0.0225
649,candidate_1,candidate_2,candidate_3,candidate_4,4,0.0225
650,candidate_1,candidate_2,candidate_3,candidate_4,4,0.0225
651,candidate_1,candidate_2,candidate_3,candidate_4,4,0.0225
652,candidate_1,candidate_2,candidate_3,candidate_4,4,0.0225
653,candidate_1,candidate_2,candidate_3,candidate_4,4,0.0225
654,candidate_1,candidate_2,candidate_3,candidate_4,4,0.0225
655,candidate_1,candidate_2,candidate_3,candidate_4,4,0.0225
656,candidate_1,candidate_2,candidate_3,candidate_4,4,0.0225
657,candidate_1,0,candidate_3,candidate_4,4,0.0225
658,candidate_1,candidate_2,candidate_3,candidate_4,4,0.0225
659,candidate_1,candidate_2,candidate_3,candidate_4,4,0.0225
660,candidate_1,candidate_2,candidate_3,candidate_4,4,0.0225
661,candidate_1,candidate_2,candidate_3,candidate_4,4,0.0225
662,candidate_1,candidate_2,candidate_3,candidate_4,4,0.0225
663,candidate_1,candidate_2,candidate_3,candidate_4,4,0.0225
664,candidate_1,candidate_2,candidate_3,candidate_4,4,0.0225
665,candidate_1,candidate_2,candidate_3,candidate_4,4,0.0225
666,candidate_1,candidate_2,candidate_3,candidate_4,4,0.0225
667,candidate_1,candidate_2,candidate_3,candidate_4,4,0.0225
668,candidate_1,candidate_2,0,candidate_4,4,0.0225
669,candidate_1,candidate_2,candidate_3,candidate_4,4,0.0225
670,candidate_1,candidate_2,candidate_3,candidate_4,4,0.0225
671,candidate_1,candidate_2,candidate_3,candidate_4,4,0.0225
672,candidate_1,candidate_2,candidate_3,candidate_4,4,0.0225
673,candidate_1,candidate_2,candidate_3,candidate_4,4,0.0225
674,candidate_1,candidate_2,candidate_3,candidate_4,4,0.0225
675,candidate_1,0,candidate_3,candidate_4,4,0.0225
676,candidate_1,candidate_2,candidate_3,candidate_4,4,0.0225
677,candidate_1,candidate_2,candidate_3,candidate_4,4,0.0225
678,candidate_1,candidate_2,candidate_3,candidate_4,4,0.0225
679,candidate_1,candidate_2,candidate_3,candidate_4,4,0.0225
680,candidate_1,candidate_2,candidate_3,candidate_4,4,0.0225
681,candidate_1,candidate_2,candidate_3,candidate_4,4,0.0225
682,candidate_1,candidate_2,candidate_3,candidate_4,4,0.0225
683,candidate_1,candidate_2,candidate_3,candidate_4,4,0.0225
684,candidate_1,0,candidate_3,candidate_4,4,0.0225
685,candidate_1,candidate_2,candidate_3,candidate_4,4,0.0225
686,candidate_1,candidate_2,candidate_3,candidate_4,4,0.0225
687,candidate_1,candidate_2,candidate_3,candidate_4,4,0.0225
688,candidate_1,candidate_2,candidate_3,candidate_4,4,0.0225
689,candidate_1,candidate_2,candidate_3,0,4,0.0225
690,candidate_1,candidate_2,candidate_3,candidate_4,4,0.0225
691,candidate_1,candidate_2,candidate_3,candidate_4,4,0.0225
692,candidate_1,0,candidate_3,candidate_4,4,0.0225
693,candidate_1,candidate_2,candidate_3,candidate_4,4,0.0225
694,candidate_1,candidate_2,candidate_3,candidate_4,4,0.0225
695,candidate_1,candidate_2,candidate_3,candidate_4,4,0.0225
696,candidate_1,candidate_2,0,candidate_4,4,0.0225
697,candidate_1,candidate_2,candidate_3,candidate_4,4,0.0225
698,candidate_1,candidate_2,candidate_3,candidate_4,4,0.0225
699,candidate_1,candidate_2,candidate_3,candidate_4,4,0.0225
700,candidate_1,candidate_2,candidate_3,candidate_4,4,0.0225
701,candidate_1,candidate_2,candidate_3,candidate_4,4,0.0225
702,candidate_1,candidate_2,candidate_3,candidate_4,4,0.0225
703,candidate_1,candidate_2,candidate_3,candidate_4,4,0.0225
704,candidate_1,candidate_2,candidate_3,candidate_4,4,0.0225
705,candidate_1,candidate_2,candidate_3,candidate_4,4,0.0225
706,candidate_1,candidate_2,0,candidate_4,4,0.0225
707,candidate_1,candidate_2,candidate_3,candidate_4,4,0.0225
708,candidate_1,candidate_2,candidate_3,candidate_4,4,0.0225
709,candidate_1,candidate_2,candidate_3,candidate_4,4,0.0225
710,candidate_1,candidate_2,candidate_3,candidate_4,4,0.0225
711,candidate_1,candidate_2,candidate_3,candidate_4,4,0.0225
712,candidate_1,candidate_2,candidate_3,candidate_4,4,0.0225
713,candidate_1,candidate_2,candidate_3,candidate_4,4,0.0225
714,candidate_1,candidate_2,candidate_3,candidate_4,4,0.0225
715,candidate_1,candidate_2,candidate_3,candidate_4,4,0.0225
716,candidate_1,candidate_2,candidate_3,candidate_4,4,0.0225
717,candidate_1,candidate_2,candidate_3,candidate_4,4,0.0225
718,candidate_1,candidate_2,candidate_3,candidate_4,4,0.0225
719,candidate_1,candidate_2,candidate_3,0,4,0.0225
720,candidate_1,candidate_2,candidate_3,candidate_4,4,0.0225
721,candidate_1,candidate_2,candidate_3,candidate_4,4,0.0225
722,candidate_1,candidate_2,candidate_3,candidate_4,4,0.0225
723,candidate_1,candidate_2,candidate_3,candidate_4,4,0.0225
724,candidate_1,candidate_2,candidate_3,candidate_4,4,0.0225
725,candidate_1,candidate_2,candidate_3,candidate_4,4,0.0225
726,candidate_1,candidate_2,candidate_3,candidate_4,4,0.0225
727,candidate_1,candidate_2,candidate_3,candidate_4,4,0.0225
728,candidate_1,candidate_2,candidate_3,candidate_4,4,0.0225
729,candidate_1,candidate_2,candidate_3,candidate_4,4,0.0225
730,candidate_1,candidate_2,candidate_3,candidate_4,4,0.0225
731,candidate_1,candidate_2,candidate_3,candidate_4,4,0.0225
732,candidate_1,candidate_2,candidate_3,candidate_4,4,0.0225
733,candidate_1,candidate_2,candidate_3,candidate_4,4,0.0225
734,candidate_1,candidate_2,candidate_3,candidate_4,4,0.0225
735,candidate_1,candidate_2,candidate_3,candidate_4,4,0.0225
736,candidate_1,candidate_2,candidate_3,candidate_4,4,0.0225
737,candidate_1,candidate_2,candidate_3,candidate_4,4,0.0225
738,candidate_1,candidate_2,candidate_3,candidate_4,4,0.0225
739,candidate_1,candidate_2,candidate_3,candidate_4,4,0.0225
740,candidate_1,candidate_2,candidate_3,candidate_4,4,0.0225
741,candidate_1,candidate_2,candidate_3,candidate_4,4,0.0225
742,candidate_1,candidate_2,candidate_3,candidate_4,4,0.0225
743,candidate_1,candidate_2,candidate_3,candidate_4,4,0.0225
744,candidate_1,candidate_2,candidate_3,candidate_4,4,0.0225
745,candidate_1,candidate_2,candidate_3,candidate_4,4,0.0225
746,candidate_1,candidate_2,candidate_3,candidate_4,4,0.0225
747,candidate_1,candidate_2,candidate_3,candidate_4,4,0.0225
748,candidate_1,candidate_2,candidate_3,candidate_4,4,0.0225
749,candidate_1,candidate_2,candidate_3,candidate_4,4,0.0225
750,candidate_1,candidate_2,candidate_3,candidate_4,4,0.0225
751,candidate_1,candidate_2,candidate_3,candidate_4,4,0.0225
752,candidate_1,candidate_2,candidate_3,candidate_4,4,0.0225
753,candidate_1,candidate_2,candidate_3,candidate_4,4,0.0225
754,candidate_1,candidate_2,candidate_3,candidate_4,4,0.0225
755,candidate_1,candidate_2,candidate_3,candidate_4,4,0.0225
756,candidate_1,candidate_2,candidate_3,candidate_4,4,0.0225
757,candidate_1,0,candidate_3,0,4,0.0225
758,candidate_1,candidate_2,candidate_3,candidate_4,4,0.0225
759,candidate_1,candidate_2,candidate_3,candidate_4,4,0.0225
760,candidate_1,candidate_2,candidate_3,candidate_4,4,0.0225
761,candidate_1,candidate_2,candidate_3,candidate_4,4,0.0225
762,candidate_1,candidate_2,candidate_3,candidate_4,4,0.0225
763,candidate_1,candidate_2,candidate_3,candidate_4,4,0.0225
764,candidate_1,candidate_2,candidate_3,candidate_4,4,0.0225
765,candidate_1,candidate_2,candidate_3,candidate_4,4,0.0225
766,candidate_1,candidate_2,candidate_3,candidate_4,4,0.0225
767,candidate_1,candidate_2,candidate_3,candidate_4,4,0.0225
768,candidate_1,candidate_2,candidate_3,candidate_4,4,0.0225
769,candidate_1,candidate_2,candidate_3,candidate_4,4,0.0225
770,candidate_1,candidate_2,candidate_3,0,4,0.0225
771,candidate_1,candidate_2,candidate_3,0,4,0.0225
772,candidate_1,candidate_2,candidate_3,candidate_4,4,0.0225
773,candidate_1,candidate_2,candidate_3,candidate_4,4,0.0225
774,candidate_1,candidate_2,candidate_3,candidate_4,4,0.0225
775,candidate_1,candidate_2,candidate_3,candidate_4,4,0.0225
776,candidate_1,candidate_2,candidate_3,candidate_4,4,0.0225
777,candidate_1,candidate_2,candidate_3,candidate_4,4,0.0225
778,candidate_1,candidate_2,candidate_3,candidate_4,4,0.0225
779,candidate_1,candidate_2,candidate_3,candidate_4,4,0.0225
780,candidate_1,candidate_2,candidate_3,candidate_4,4,0.0225
781,candidate_1,candidate_2,candidate_3,candidate_4,4,0.0225
782,candidate_1,candidate_2,candidate_3,candidate_4,4,0.0225
783,candidate_1,candidate_2,candidate_3,candidate_4,4,0.0225
784,candidate_1,candidate_2,candidate_3,candidate_4,4,0.0225
785,candidate_1,candidate_2,candidate_3,candidate_4,4,0.0225
786,candidate_1,candidate_2,candidate_3,candidate_4,4,0.0225
787,candidate_1,candidate_2,candidate_3,candidate_4,4,0.0225
788,candidate_1,candidate_2,candidate_3,candidate_4,4,0.0225
789,candidate_1,candidate_2,candidate_3,candidate_4,4,0.0225
790,candidate_1,candidate_2,0,candidate_4,4,0.0225
791,candidate_1,candidate_2,candidate_3,candidate_4,4,0.0225
792,candidate_1,candidate_2,candidate_3,candidate_4,4,0.0225
793,candidate_1,candidate_2,candidate_3,candidate_4,4,0.0225
794,candidate_1,candidate_2,candidate_3,candidate_4,4,0.0225
795,candidate_1,candidate_2,candidate_3,candidate_4,4,0.0225
796,candidate_1,candidate_2,candidate_3,candidate_4,4,0.0225
797,candidate_1,candidate_2,candidate_3,candidate_4,4,0.0225
798,candidate_1,candidate_2,candidate_3,candidate_4,4,0.0225
799,candidate_1,candidate_2,candidate_3,candidate_4,4,0.0225
800,candidate_1,candidate_2,candidate_3,candidate_4,4,0.0225
801,candidate_1,candidate_2,candidate_3,candidate_4,4,0.0225
802,candidate_1,candidate_2,candidate_3,0,4,0.0225
803,candidate_1,candidate_2,candidate_3,candidate_4,4,0.0225
804,0,candidate_2,candidate_3,candidate_4,4,0.0225
805,candidate_1,candidate_2,candidate_3,candidate_4,4,0.0225
806,candidate_1,candidate_2,candidate_3,candidate_4,4,0.0225
807,candidate_1,candidate_2,candidate_3,candidate_4,4,0.0225
808,candidate_1,candidate_2,candidate_3,candidate_4,4,0.0225
809,candidate_1,candidate_2,candidate_3,candidate_4,4,0.0225
810,candidate_1,candidate_2,candidate_3,candidate_4,4,0.0225
811,candidate_1,candidate_2,candidate_3,candidate_4,4,0.0225
812,candidate_1,candidate_2,candidate_3,candidate_4,4,0.0225
813,candidate_1,candidate_2,candidate_3,candidate_4,4,0.0225
814,candidate_1,candidate_2,candidate_3,candidate_4,4,0.0225
815,candidate_1,candidate_2,candidate_3,candidate_4,4,0.0225
816,candidate_1,candidate_2,candidate_3,candidate_4,4,0.0225
817,candidate_1,candidate_2,candidate_3,candidate_4,4,0.0225
818,candidate_1,candidate_2,candidate_3,candidate_4,4,0.0225
819,candidate_1,candidate_2,candidate_3,candidate_4,4,0.0225
820,candidate_1,candidate_2,candidate_3,candidate_4,4,0.0225
821,candidate_1,candidate_2,candidate_3,candidate_4,4,0.0225
822,candidate_1,candidate_2,candidate_3,candidate_4,4,0.0225
823,0,candidate_2,candidate_3,candidate_4,4,0.0225
824,candidate_1,candidate_2,candidate_3,candidate_4,4,0.0225
825,candidate_1,candidate_2,0,candidate_4,4,0.0225
826,candidate_1,candidate_2,candidate_3,candidate_4,4,0.0225
827,candidate_1,candidate_2,candidate_3,candidate_4,4,0.0225
828,candidate_1,candidate_2,candidate_3,candidate_4,4,0.0225
829,candidate_1,candidate_2,candidate_3,candidate_4,4,0.0225
830,candidate_1,candidate_2,candidate_3,candidate_4,4,0.0225
831,candidate_1,candidate_2,candidate_3,candidate_4,4,0.0225
832,candidate_1,candidate_2,candidate_3,candidate_4,4,0.0225
833,candidate_1,candidate_2,candidate_3,candidate_4,4,0.0225
834,candidate_1,candidate_2,candidate_3,candidate_4,4,0.0225
835,candidate_1,candidate_2,candidate_3,candidate_4,4,0.0225
836,candidate_1,candidate_2,candidate_3,candidate_4,4,0.0225
837,candidate_1,candidate_2,candidate_3,candidate_4,4,0.0225
838,candidate_1,candidate_2,candidate_3,candidate_4,4,0.0225
839,candidate_1,candidate_2,candidate_3,candidate_4,4,0.0225
840,candidate_1,candidate_2,candidate_3,candidate_4,4,0.0225
841,candidate_1,candidate_2,candidate_3,candidate_4,4,0.0225
842,candidate_1,candidate_2,candidate_3,candidate_4,4,0.0225
843,candidate_1,candidate_2,candidate_3,candidate_4,4,0.0225
844,candidate_1,candidate_2,candidate_3,candidate_4,4,0.0225
845,candidate_1,candidate_2,candidate_3,candidate_4,4,0.0225
846,candidate_1,candidate_2,candidate_3,candidate_4,4,0.0225
847,candidate_1,candidate_2,candidate_3,candidate_4,4,0.0225
848,candidate_1,candidate_2,candidate_3,candidate_4,4,0.0225
849,candidate_1,candidate_2,candidate_3,candidate_4,4,0.0225
850,candidate_1,candidate_2,candidate_3,candidate_4,4,0.0225
851,candidate_1,candidate_2,candidate_3,candidate_4,4,0.0225
852,candidate_1,candidate_2,candidate_3,candidate_4,4,0.0225
853,candidate_1,candidate_2,candidate_3,candidate_4,4,0.0225
854,candidate_1,candidate_2,candidate_3,candidate_4,4,0.0225
855,candidate_1,candidate_2,candidate_3,candidate_4,4,0.0225
856,candidate_1,candidate_2,candidate_3,candidate_4,4,0.0225
857,candidate_1,candidate_2,candidate_3,candidate_4,4,0.0225
858,candidate_1,candidate_2,candidate_3,candidate_4,4,0.0225
859,candidate_1,candidate_2,candidate_3,candidate_4,4,0.0225
860,candidate_1,candidate_2,candidate_3,candidate_4,4,0.0225
861,candidate_1,candidate_2,candidate_3,candidate_4,4,0.0225
862,candidate_1,candidate_2,candidate_3,candidate_4,4,0.0225
863,0,candidate_2,candidate_3,candidate_4,4,0.0225
864,candidate_1,candidate_2,candidate_3,candidate_4,4,0.0225
865,0,candidate_2,candidate_3,candidate_4,4,0.0225
866,candidate_1,candidate_2,candidate_3,candidate_4,4,0.0225
867,candidate_1,candidate_2,candidate_3,candidate_4,4,0.0225
868,candidate_1,candidate_2,candidate_3,candidate_4,4,0.0225
869,candidate_1,candidate_2,candidate_3,candidate_4,4,0.0225
870,candidate_1,candidate_2,candidate_3,candidate_4,4,0.0225
871,candidate_1,candidate_2,candidate_3,candidate_4,4,0.0225
872,candidate_1,candidate_2,candidate_3,candidate_4,4,0.0225
873,candidate_1,candidate_2,candidate_3,candidate_4,4,0.0225
874,candidate_1,candidate_2,candidate_3,candidate_4,4,0.0225
875,candidate_1,candidate_2,candidate_3,candidate_4,4,0.0225
876,candidate_1,0,candidate_3,candidate_4,4,0.0225
877,candidate_1,candidate_2,candidate_3,candidate_4,4,0.0225
878,candidate_1,candidate_2,0,candidate_4,4,0.0225
879,candidate_1,candidate_2,candidate_3,candidate_4,4,0.0225
880,candidate_1,candidate_2,candidate_3,candidate_4,4,0.0225
881,candidate_1,candidate_2,candidate_3,candidate_4,4,0.0225
882,candidate_1,candidate_2,candidate_3,candidate_4,4,0.0225
883,candidate_1,candidate_2,candidate_3,candidate_4,4,0.0225
884,candidate_1,candidate_2,candidate_3,candidate_4,4,0.0225
885,candidate_1,candidate_2,candidate_3,candidate_4,4,0.0225
886,candidate_1,candidate_2,candidate_3,candidate_4,4,0.0225
887,candidate_1,candidate_2,candidate_3,candidate_4,4,0.0225
888,candidate_1,candidate_2,candidate_3,candidate_4,4,0.0225
889,candidate_1,candidate_2,candidate_3,candidate_4,4,0.0225
890,candidate_1,candidate_2,candidate_3,candidate_4,4,0.0225
891,candidate_1,candidate_2,candidate_3,candidate_4,4,0.0225
892,candidate_1,candidate_2,candidate_3,candidate_4,4,0.0225
893,candidate_1,candidate_2,candidate_3,candidate_4,4,0.0225
894,candidate_1,candidate_2,candidate_3,0,4,0.0225
895,candidate_1,candidate_2,candidate_3,candidate_4,4,0.0225
896,candidate_1,candidate_2,candidate_3,candidate_4,4,0.0225
897,candidate_1,candidate_2,candidate_3,candidate_4,4,0.0225
898,candidate_1,candidate_2,candidate_3,candidate_4,4,0.0225
899,candidate_1,candidate_2,candidate_3,candidate_4,4,0.0225
900,candidate_1,candidate_2,candidate_3,candidate_4,4,0.0225
901,candidate_1,0,candidate_3,candidate_4,4,0.0225
902,candidate_1,candidate_2,candidate_3,candidate_4,4,0.0225
903,candidate_1,candidate_2,candidate_3,candidate_4,4,0.0225
904,candidate_1,candidate_2,candidate_3,candidate_4,4,0.0225
905,candidate_1,candidate_2,candidate_3,candidate_4,4,0.0225
906,candidate_1,candidate_2,candidate_3,candidate_4,4,0.0225
907,candidate_1,candidate_2,candidate_3,candidate_4,4,0.0225
908,candidate_1,candidate_2,candidate_3,candidate_4,4,0.0225
909,candidate_1,candidate_2,candidate_3,candidate_4,4,0.0225
910,0,0,candidate_3,candidate_4,4,0.0225
911,candidate_1,candidate_2,candidate_3,candidate_4,4,0.0225
912,candidate_1,candidate_2,candidate_3,candidate_4,4,0.0225
913,candidate_1,candidate_2,candidate_3,candidate_4,4,0.0225
914,candidate_1,candidate_2,candidate_3,candidate_4,4,0.0225
915,candidate_1,0,candidate_3,candidate_4,4,0.0225
916,candidate_1,candidate_2,candidate_3,candidate_4,4,0.0225
917,candidate_1,candidate_2,candidate_3,candidate_4,4,0.0225
918,candidate_1,candidate_2,candidate_3,candidate_4,4,0.0225
919,candidate_1,candidate_2,candidate_3,candidate_4,4,0.0225
920,candidate_1,candidate_2,0,candidate_4,4,0.0225
921,candidate_1,candidate_2,0,candidate_4,4,0.0225
922,candidate_1,candidate_2,candidate_3,candidate_4,4,0.0225
923,candidate_1,candidate_2,candidate_3,candidate_4,4,0.0225
924,candidate_1,candidate_2,candidate_3,candidate_4,4,0.0225
925,candidate_1,candidate_2,candidate_3,candidate_4,4,0.0225
926,candidate_1,candidate_2,candidate_3,candidate_4,4,0.0225
927,candidate_1,candidate_2,candidate_3,candidate_4,4,0.0225
928,candidate_1,candidate_2,candidate_3,candidate_4,4,0.0225
929,0,candidate_2,candidate_3,candidate_4,4,0.0225
930,candidate_1,candidate_2,candidate_3,candidate_4,4,0.0225
931,candidate_1,candidate_2,candidate_3,candidate_4,4,0.0225
932,candidate_1,candidate_2,candidate_3,candidate_4,4,0.0225
933,candidate_1,candidate_2,candidate_3,candidate_4,4,0.0225
934,candidate_1,candidate_2,candidate_3,candidate_4,4,0.0225
935,candidate_1,candidate_2,candidate_3,candidate_4,4,0.0225
936,candidate_1,candidate_2,candidate_3,candidate_4,4,0.0225
937,candidate_1,candidate_2,candidate_3,candidate_4,4,0.0225
938,candidate_1,candidate_2,candidate_3,candidate_4,4,0.0225
939,candidate_1,candidate_2,candidate_3,candidate_4,4,0.0225
940,candidate_1,candidate_2,candidate_3,0,4,0.0225
941,candidate_1,candidate_2,candidate_3,candidate_4,4,0.0225
942,candidate_1,candidate_2,candidate_3,candidate_4,4,0.0225
0,candidate_1,candidate_2,candidate_4,candidate_3,4,0.0225
1,candidate_1,candidate_2,candidate_4,candidate_3,4,0.0225
2,candidate_1,candidate_2,candidate_4,candidate_3,4,0.0225
3,0,candidate_2,candidate_4,candidate_3,4,0.0225
4,candidate_1,candidate_2,candidate_4,candidate_3,4,0.0225
5,candidate_1,candidate_2,candidate_4,candidate_3,4,0.0225
6,candidate_1,candidate_2,candidate_4,candidate_3,4,0.0225
7,candidate_1,candidate_2,candidate_4,candidate_3,4,0.0225
8,candidate_1,candidate_2,candidate_4,candidate_3,4,0.0225
9,0,candidate_2,candidate_4,candidate_3,4,0.0225
10,candidate_1,candidate_2,candidate_4,candidate_3,4,0.0225
11,candidate_1,candidate_2,candidate_4,candidate_3,4,0.0225
12,candidate_1,candidate_2,candidate_4,candidate_3,4,0.0225
13,candidate_1,candidate_2,candidate_4,candidate_3,4,0.0225
14,candidate_1,candidate_2,candidate_4,candidate_3,4,0.0225
15,candidate_1,candidate_2,candidate_4,candidate_3,4,0.0225
16,candidate_1,candidate_2,candidate_4,candidate_3,4,0.0225
17,candidate_1,candidate_2,candidate_4,candidate_3,4,0.0225
18,candidate_1,candidate_2,candidate_4,candidate_3,4,0.0225
19,candidate_1,candidate_2,candidate_4,candidate_3,4,0.0225
20,candidate_1,candidate_2,candidate_4,candidate_3,4,0.0225
21,candidate_1,candidate_2,candidate_4,candidate_3,4,0.0225
22,candidate_1,candidate_2,candidate_4,candidate_3,4,0.0225
23,candidate_1,candidate_2,candidate_4,candidate_3,4,0.0225
24,candidate_1,candidate_2,candidate_4,candidate_3,4,0.0225
25,candidate_1,candidate_2,candidate_4,candidate_3,4,0.0225
26,candidate_1,candidate_2,candidate_4,candidate_3,4,0.0225
27,candidate_1,candidate_2,candidate_4,candidate_3,4,0.0225
28,candidate_1,candidate_2,candidate_4,candidate_3,4,0.0225
29,candidate_1,candidate_2,candidate_4,candidate_3,4,0.0225
30,candidate_1,0,candidate_4,candidate_3,4,0.0225
31,candidate_1,candidate_2,candidate_4,candidate_3,4,0.0225
32,candidate_1,candidate_2,candidate_4,candidate_3,4,0.0225
33,candidate_1,candidate_2,candidate_4,candidate_3,4,0.0225
34,candidate_1,candidate_2,candidate_4,candidate_3,4,0.0225
35,candidate_1,candidate_2,candidate_4,candidate_3,4,0.0225
36,candidate_1,candidate_2,candidate_4,candidate_3,4,0.0225
37,candidate_1,candidate_2,candidate_4,candidate_3,4,0.0225
38,candidate_1,candidate_2,candidate_4,candidate_3,4,0.0225
39,candidate_1,candidate_2,candidate_4,candidate_3,4,0.0225
40,candidate_1,candidate_2,candidate_4,candidate_3,4,0.0225
41,candidate_1,candidate_2,candidate_4,candidate_3,4,0.0225
42,candidate_1,candidate_2,candidate_4,candidate_3,4,0.0225
43,candidate_1,candidate_2,candidate_4,candidate_3,4,0.0225
44,candidate_1,candidate_2,candidate_4,candidate_3,4,0.0225
45,candidate_1,candidate_2,candidate_4,candidate_3,4,0.0225
46,candidate_1,candidate_2,candidate_4,candidate_3,4,0.0225
47,0,candidate_2,candidate_4,candidate_3,4,0.0225
48,candidate_1,candidate_2,candidate_4,candidate_3,4,0.0225
49,candidate_1,candidate_2,0,candidate_3,4,0.0225
50,candidate_1,candidate_2,candidate_4,candidate_3,4,0.0225
51,candidate_1,candidate_2,candidate_4,candidate_3,4,0.0225
52,candidate_1,candidate_2,candidate_4,candidate_3,4,0.0225
53,candidate_1,candidate_2,0,candidate_3,4,0.0225
54,candidate_1,candidate_2,candidate_4,candidate_3,4,0.0225
55,candidate_1,candidate_2,candidate_4,candidate_3,4,0.0225
56,candidate_1,candidate_2,candidate_4,candidate_3,4,0.0225
57,candidate_1,candidate_2,candidate_4,candidate_3,4,0.0225
58,candidate_1,candidate_2,candidate_4,candidate_3,4,0.0225
59,candidate_1,candidate_2,candidate_4,candidate_3,4,0.0225
60,candidate_1,candidate_2,candidate_4,candidate_3,4,0.0225
61,candidate_1,candidate_2,candidate_4,candidate_3,4,0.0225
62,candidate_1,candidate_2,candidate_4,candidate_3,4,0.0225
63,candidate_1,candidate_2,candidate_4,candidate_3,4,0.0225
64,candidate_1,candidate_2,candidate_4,candidate_3,4,0.0225
65,candidate_1,candidate_2,candidate_4,candidate_3,4,0.0225
66,candidate_1,0,candidate_4,candidate_3,4,0.0225
67,candidate_1,candidate_2,candidate_4,candidate_3,4,0.0225
68,candidate_1,candidate_2,candidate_4,candidate_3,4,0.0225
69,candidate_1,candidate_2,candidate_4,0,4,0.0225
70,candidate_1,candidate_2,candidate_4,candidate_3,4,0.0225
71,candidate_1,candidate_2,candidate_4,candidate_3,4,0.0225
72,candidate_1,candidate_2,candidate_4,0,4,0.0225
73,candidate_1,candidate_2,candidate_4,candidate_3,4,0.0225
74,candidate_1,candidate_2,candidate_4,candidate_3,4,0.0225
75,candidate_1,candidate_2,candidate_4,candidate_3,4,0.0225
76,candidate_1,candidate_2,candidate_4,candidate_3,4,0.0225
77,candidate_1,candidate_2,candidate_4,candidate_3,4,0.0225
78,candidate_1,candidate_2,candidate_4,candidate_3,4,0.0225
79,candidate_1,candidate_2,candidate_4,candidate_3,4,0.0225
80,candidate_1,candidate_2,candidate_4,candidate_3,4,0.0225
81,candidate_1,candidate_2,candidate_4,candidate_3,4,0.0225
82,candidate_1,candidate_2,0,candidate_3,4,0.0225
83,candidate_1,candidate_2,candidate_4,candidate_3,4,0.0225
84,candidate_1,candidate_2,candidate_4,candidate_3,4,0.0225
85,candidate_1,candidate_2,candidate_4,candidate_3,4,0.0225
86,candidate_1,candidate_2,candidate_4,candidate_3,4,0.0225
87,candidate_1,candidate_2,candidate_4,candidate_3,4,0.0225
88,candidate_1,candidate_2,candidate_4,candidate_3,4,0.0225
89,candidate_1,candidate_2,candidate_4,candidate_3,4,0.0225
90,candidate_1,candidate_2,candidate_4,candidate_3,4,0.0225
91,candidate_1,candidate_2,candidate_4,candidate_3,4,0.0225
92,0,candidate_2,candidate_4,0,4,0.0225
93,candidate_1,candidate_2,candidate_4,candidate_3,4,0.0225
94,candidate_1,candidate_2,candidate_4,candidate_3,4,0.0225
95,candidate_1,candidate_2,candidate_4,candidate_3,4,0.0225
96,candidate_1,candidate_2,candidate_4,candidate_3,4,0.0225
97,candidate_1,candidate_2,candidate_4,candidate_3,4,0.0225
98,candidate_1,candidate_2,candidate_4,candidate_3,4,0.0225
99,candidate_1,candidate_2,candidate_4,candidate_3,4,0.0225
100,candidate_1,candidate_2,candidate_4,candidate_3,4,0.0225
101,candidate_1,candidate_2,candidate_4,candidate_3,4,0.0225
102,candidate_1,candidate_2,candidate_4,candidate_3,4,0.0225
103,candidate_1,candidate_2,candidate_4,candidate_3,4,0.0225
104,candidate_1,candidate_2,candidate_4,candidate_3,4,0.0225
105,candidate_1,candidate_2,candidate_4,candidate_3,4,0.0225
106,candidate_1,candidate_2,candidate_4,candidate_3,4,0.0225
107,candidate_1,candidate_2,candidate_4,candidate_3,4,0.0225
108,candidate_1,candidate_2,0,candidate_3,4,0.0225
109,candidate_1,candidate_2,candidate_4,candidate_3,4,0.0225
110,candidate_1,candidate_2,candidate_4,candidate_3,4,0.0225
111,candidate_1,candidate_2,candidate_4,candidate_3,4,0.0225
112,candidate_1,candidate_2,candidate_4,candidate_3,4,0.0225
113,candidate_1,candidate_2,candidate_4,candidate_3,4,0.0225
114,candidate_1,candidate_2,candidate_4,candidate_3,4,0.0225
115,candidate_1,candidate_2,candidate_4,candidate_3,4,0.0225
116,candidate_1,candidate_2,candidate_4,candidate_3,4,0.0225
117,candidate_1,candidate_2,candidate_4,candidate_3,4,0.0225
118,candidate_1,candidate_2,candidate_4,candidate_3,4,0.0225
119,candidate_1,candidate_2,candidate_4,candidate_3,4,0.0225
120,candidate_1,candidate_2,candidate_4,candidate_3,4,0.0225
121,candidate_1,candidate_2,candidate_4,candidate_3,4,0.0225
122,candidate_1,candidate_2,candidate_4,candidate_3,4,0.0225
123,candidate_1,candidate_2,candidate_4,candidate_3,4,0.0225
124,candidate_1,candidate_2,candidate_4,candidate_3,4,0.0225
125,candidate_1,candidate_2,candidate_4,candidate_3,4,0.0225
126,candidate_1,candidate_2,candidate_4,candidate_3,4,0.0225
127,candidate_1,candidate_2,candidate_4,candidate_3,4,0.0225
128,candidate_1,candidate_2,candidate_4,candidate_3,4,0.0225
129,candidate_1,candidate_2,candidate_4,candidate_3,4,0.0225
130,candidate_1,candidate_2,candidate_4,candidate_3,4,0.0225
131,candidate_1,candidate_2,candidate_4,candidate_3,4,0.0225
132,candidate_1,candidate_2,candidate_4,candidate_3,4,0.0225
133,candidate_1,candidate_2,candidate_4,candidate_3,4,0.0225
134,candidate_1,candidate_2,candidate_4,candidate_3,4,0.0225
135,candidate_1,candidate_2,candidate_4,candidate_3,4,0.0225
136,candidate_1,candidate_2,candidate_4,candidate_3,4,0.0225
137,candidate_1,candidate_2,candidate_4,candidate_3,4,0.0225
138,candidate_1,candidate_2,candidate_4,candidate_3,4,0.0225
139,candidate_1,candidate_2,candidate_4,candidate_3,4,0.0225
140,candidate_1,candidate_2,candidate_4,candidate_3,4,0.0225
141,candidate_1,candidate_2,candidate_4,candidate_3,4,0.0225
142,candidate_1,candidate_2,candidate_4,candidate_3,4,0.0225
143,candidate_1,candidate_2,0,candidate_3,4,0.0225
144,candidate_1,candidate_2,candidate_4,candidate_3,4,0.0225
145,candidate_1,candidate_2,candidate_4,candidate_3,4,0.0225
146,candidate_1,candidate_2,candidate_4,candidate_3,4,0.0225
147,candidate_1,candidate_2,candidate_4,candidate_3,4,0.0225
148,candidate_1,candidate_2,candidate_4,candidate_3,4,0.0225
149,candidate_1,candidate_2,candidate_4,candidate_3,4,0.0225
150,candidate_1,candidate_2,candidate_4,candidate_3,4,0.0225
151,candidate_1,candidate_2,candidate_4,candidate_3,4,0.0225
152,candidate_1,candidate_2,candidate_4,candidate_3,4,0.0225
153,candidate_1,candidate_2,candidate_4,candidate_3,4,0.0225
154,candidate_1,candidate_2,0,candidate_3,4,0.0225
155,candidate_1,candidate_2,candidate_4,candidate_3,4,0.0225
156,candidate_1,candidate_2,candidate_4,candidate_3,4,0.0225
157,candidate_1,candidate_2,candidate_4,candidate_3,4,0.0225
158,candidate_1,candidate_2,candidate_4,candidate_3,4,0.0225
159,candidate_1,candidate_2,candidate_4,candidate_3,4,0.0225
160,candidate_1,candidate_2,candidate_4,candidate_3,4,0.0225
161,candidate_1,candidate_2,candidate_4,candidate_3,4,0.0225
162,candidate_1,candidate_2,candidate_4,0,4,0.0225
163,candidate_1,candidate_2,candidate_4,candidate_3,4,0.0225
164,candidate_1,candidate_2,candidate_4,candidate_3,4,0.0225
165,candidate_1,candidate_2,candidate_4,candidate_3,4,0.0225
166,candidate_1,candidate_2,candidate_4,candidate_3,4,0.0225
167,candidate_1,candidate_2,candidate_4,candidate_3,4,0.0225
168,candidate_1,candidate_2,candidate_4,candidate_3,4,0.0225
169,candidate_1,candidate_2,candidate_4,candidate_3,4,0.0225
170,candidate_1,candidate_2,candidate_4,candidate_3,4,0.0225
171,candidate_1,candidate_2,candidate_4,candidate_3,4,0.0225
172,candidate_1,candidate_2,candidate_4,candidate_3,4,0.0225
173,candidate_1,candidate_2,candidate_4,candidate_3,4,0.0225
174,candidate_1,candidate_2,candidate_4,candidate_3,4,0.0225
175,candidate_1,candidate_2,candidate_4,candidate_3,4,0.0225
176,candidate_1,candidate_2,candidate_4,candidate_3,4,0.0225
177,candidate_1,candidate_2,candidate_4,candidate_3,4,0.0225
178,candidate_1,candidate_2,candidate_4,candidate_3,4,0.0225
179,candidate_1,candidate_2,candidate_4,candidate_3,4,0.0225
180,candidate_1,candidate_2,candidate_4,candidate_3,4,0.0225
181,candidate_1,candidate_2,candidate_4,candidate_3,4,0.0225
182,candidate_1,candidate_2,candidate_4,candidate_3,4,0.0225
183,candidate_1,candidate_2,candidate_4,candidate_3,4,0.0225
184,candidate_1,candidate_2,candidate_4,candidate_3,4,0.0225
185,candidate_1,candidate_2,candidate_4,candidate_3,4,0.0225
186,candidate_1,candidate_2,candidate_4,candidate_3,4,0.0225
187,candidate_1,candidate_2,candidate_4,candidate_3,4,0.0225
188,candidate_1,candidate_2,candidate_4,candidate_3,4,0.0225
189,candidate_1,candidate_2,candidate_4,candidate_3,4,0.0225
190,candidate_1,candidate_2,candidate_4,candidate_3,4,0.0225
191,candidate_1,candidate_2,candidate_4,candidate_3,4,0.0225
192,candidate_1,candidate_2,candidate_4,candidate_3,4,0.0225
193,candidate_1,candidate_2,candidate_4,candidate_3,4,0.0225
194,candidate_1,candidate_2,candidate_4,candidate_3,4,0.0225
195,candidate_1,candidate_2,candidate_4,candidate_3,4,0.0225
196,candidate_1,candidate_2,candidate_4,candidate_3,4,0.0225
197,candidate_1,candidate_2,candidate_4,candidate_3,4,0.0225
198,candidate_1,candidate_2,candidate_4,candidate_3,4,0.0225
199,candidate_1,candidate_2,candidate_4,0,4,0.0225
200,candidate_1,candidate_2,candidate_4,candidate_3,4,0.0225
201,candidate_1,candidate_2,candidate_4,candidate_3,4,0.0225
202,candidate_1,candidate_2,candidate_4,candidate_3,4,0.0225
203,candidate_1,candidate_2,candidate_4,candidate_3,4,0.0225
204,candidate_1,candidate_2,candidate_4,candidate_3,4,0.0225
205,candidate_1,candidate_2,candidate_4,candidate_3,4,0.0225
206,candidate_1,candidate_2,candidate_4,candidate_3,4,0.0225
207,candidate_1,candidate_2,candidate_4,candidate_3,4,0.0225
208,candidate_1,candidate_2,candidate_4,candidate_3,4,0.0225
209,candidate_1,candidate_2,candidate_4,candidate_3,4,0.0225
210,candidate_1,candidate_2,candidate_4,candidate_3,4,0.0225
211,candidate_1,candidate_2,candidate_4,candidate_3,4,0.0225
212,candidate_1,candidate_2,candidate_4,candidate_3,4,0.0225
213,candidate_1,candidate_2,candidate_4,candidate_3,4,0.0225
214,candidate_1,candidate_2,candidate_4,candidate_3,4,0.0225
215,candidate_1,candidate_2,candidate_4,candidate_3,4,0.0225
216,candidate_1,candidate_2,candidate_4,candidate_3,4,0.0225
217,candidate_1,candidate_2,candidate_4,candidate_3,4,0.0225
218,candidate_1,candidate_2,candidate_4,candidate_3,4,0.0225
219,candidate_1,candidate_2,candidate_4,candidate_3,4,0.0225
220,candidate_1,candidate_2,candidate_4,candidate_3,4,0.0225
221,candidate_1,candidate_2,0,candidate_3,4,0.0225
222,candidate_1,candidate_2,candidate_4,candidate_3,4,0.0225
223,candidate_1,candidate_2,candidate_4,candidate_3,4,0.0225
224,candidate_1,candidate_2,candidate_4,candidate_3,4,0.0225
225,candidate_1,candidate_2,candidate_4,candidate_3,4,0.0225
226,candidate_1,candidate_2,candidate_4,candidate_3,4,0.0225
227,candidate_1,candidate_2,candidate_4,candidate_3,4,0.0225
228,candidate_1,candidate_2,candidate_4,candidate_3,4,0.0225
229,candidate_1,candidate_2,candidate_4,candidate_3,4,0.0225
230,candidate_1,candidate_2,candidate_4,candidate_3,4,0.0225
231,candidate_1,candidate_2,candidate_4,candidate_3,4,0.0225
232,candidate_1,candidate_2,candidate_4,candidate_3,4,0.0225
233,candidate_1,candidate_2,candidate_4,candidate_3,4,0.0225
234,candidate_1,candidate_2,candidate_4,candidate_3,4,0.0225
235,candidate_1,candidate_2,candidate_4,candidate_3,4,0.0225
236,candidate_1,candidate_2,candidate_4,candidate_3,4,0.0225
237,candidate_1,candidate_2,candidate_4,candidate_3,4,0.0225
238,candidate_1,candidate_2,candidate_4,candidate_3,4,0.0225
239,candidate_1,candidate_2,candidate_4,candidate_3,4,0.0225
240,candidate_1,candidate_2,candidate_4,candidate_3,4,0.0225
241,candidate_1,candidate_2,candidate_4,candidate_3,4,0.0225
242,candidate_1,candidate_2,candidate_4,candidate_3,4,0.0225
243,candidate_1,candidate_2,candidate_4,candidate_3,4,0.0225
244,candidate_1,candidate_2,candidate_4,candidate_3,4,0.0225
245,candidate_1,candidate_2,candidate_4,candidate_3,4,0.0225
246,candidate_1,candidate_2,candidate_4,candidate_3,4,0.0225
247,candidate_1,candidate_2,candidate_4,candidate_3,4,0.0225
248,candidate_1,candidate_2,candidate_4,candidate_3,4,0.0225
249,candidate_1,candidate_2,candidate_4,candidate_3,4,0.0225
250,candidate_1,candidate_2,0,candidate_3,4,0.0225
251,candidate_1,candidate_2,0,candidate_3,4,0.0225
252,candidate_1,candidate_2,candidate_4,candidate_3,4,0.0225
253,candidate_1,candidate_2,candidate_4,candidate_3,4,0.0225
254,candidate_1,candidate_2,candidate_4,candidate_3,4,0.0225
255,candidate_1,candidate_2,candidate_4,candidate_3,4,0.0225
256,candidate_1,candidate_2,candidate_4,candidate_3,4,0.0225
257,candidate_1,candidate_2,candidate_4,candidate_3,4,0.0225
258,candidate_1,candidate_2,candidate_4,candidate_3,4,0.0225
259,candidate_1,candidate_2,candidate_4,candidate_3,4,0.0225
260,candidate_1,candidate_2,candidate_4,candidate_3,4,0.0225
261,candidate_1,candidate_2,candidate_4,candidate_3,4,0.0225
262,candidate_1,candidate_2,candidate_4,candidate_3,4,0.0225
263,candidate_1,candidate_2,candidate_4,candidate_3,4,0.0225
264,candidate_1,candidate_2,candidate_4,candidate_3,4,0.0225
265,candidate_1,candidate_2,candidate_4,candidate_3,4,0.0225
266,candidate_1,candidate_2,candidate_4,candidate_3,4,0.0225
267,candidate_1,candidate_2,candidate_4,candidate_3,4,0.0225
268,candidate_1,candidate_2,candidate_4,candidate_3,4,0.0225
269,candidate_1,candidate_2,candidate_4,candidate_3,4,0.0225
270,candidate_1,candidate_2,candidate_4,candidate_3,4,0.0225
271,candidate_1,candidate_2,candidate_4,candidate_3,4,0.0225
272,candidate_1,candidate_2,candidate_4,candidate_3,4,0.0225
273,candidate_1,candidate_2,candidate_4,candidate_3,4,0.0225
274,candidate_1,candidate_2,0,candidate_3,4,0.0225
275,candidate_1,candidate_2,candidate_4,candidate_3,4,0.0225
276,candidate_1,candidate_2,candidate_4,candidate_3,4,0.0225
277,candidate_1,candidate_2,candidate_4,candidate_3,4,0.0225
278,candidate_1,candidate_2,candidate_4,candidate_3,4,0.0225
279,candidate_1,candidate_2,candidate_4,candidate_3,4,0.0225
280,candidate_1,candidate_2,candidate_4,candidate_3,4,0.0225
281,candidate_1,candidate_2,candidate_4,candidate_3,4,0.0225
282,candidate_1,candidate_2,candidate_4,candidate_3,4,0.0225
283,candidate_1,candidate_2,candidate_4,candidate_3,4,0.0225
284,candidate_1,0,candidate_4,candidate_3,4,0.0225
285,candidate_1,candidate_2,candidate_4,candidate_3,4,0.0225
286,candidate_1,candidate_2,candidate_4,candidate_3,4,0.0225
287,candidate_1,candidate_2,candidate_4,candidate_3,4,0.0225
288,candidate_1,candidate_2,candidate_4,candidate_3,4,0.0225
289,candidate_1,candidate_2,candidate_4,candidate_3,4,0.0225
290,candidate_1,candidate_2,candidate_4,candidate_3,4,0.0225
291,candidate_1,candidate_2,candidate_4,candidate_3,4,0.0225
292,candidate_1,candidate_2,candidate_4,candidate_3,4,0.0225
293,candidate_1,candidate_2,candidate_4,0,4,0.0225
294,candidate_1,candidate_2,candidate_4,candidate_3,4,0.0225
295,0,candidate_2,candidate_4,candidate_3,4,0.0225
296,candidate_1,0,candidate_4,candidate_3,4,0.0225
297,candidate_1,candidate_2,candidate_4,candidate_3,4,0.0225
298,candidate_1,candidate_2,candidate_4,candidate_3,4,0.0225
299,candidate_1,candidate_2,candidate_4,candidate_3,4,0.0225
300,0,candidate_2,candidate_4,candidate_3,4,0.0225
301,candidate_1,candidate_2,candidate_4,candidate_3,4,0.0225
302,candidate_1,candidate_2,candidate_4,candidate_3,4,0.0225
303,candidate_1,candidate_2,candidate_4,candidate_3,4,0.0225
304,candidate_1,candidate_2,candidate_4,candidate_3,4,0.0225
305,candidate_1,candidate_2,candidate_4,candidate_3,4,0.0225
306,candidate_1,candidate_2,0,candidate_3,4,0.0225
307,candidate_1,candidate_2,candidate_4,candidate_3,4,0.0225
308,candidate_1,candidate_2,candidate_4,candidate_3,4,0.0225
309,candidate_1,candidate_2,candidate_4,candidate_3,4,0.0225
310,candidate_1,candidate_2,candidate_4,candidate_3,4,0.0225
311,candidate_1,candidate_2,candidate_4,candidate_3,4,0.0225
312,candidate_1,candidate_2,candidate_4,candidate_3,4,0.0225
313,candidate_1,candidate_2,candidate_4,candidate_3,4,0.0225
314,candidate_1,candidate_2,candidate_4,candidate_3,4,0.0225
315,candidate_1,candidate_2,candidate_4,candidate_3,4,0.0225
316,candidate_1,candidate_2,candidate_4,candidate_3,4,0.0225
317,candidate_1,candidate_2,candidate_4,candidate_3,4,0.0225
318,candidate_1,candidate_2,candidate_4,candidate_3,4,0.0225
319,candidate_1,candidate_2,candidate_4,candidate_3,4,0.0225
320,candidate_1,candidate_2,candidate_4,candidate_3,4,0.0225
321,0,candidate_2,candidate_4,candidate_3,4,0.0225
322,candidate_1,candidate_2,candidate_4,candidate_3,4,0.0225
323,0,candidate_2,candidate_4,candidate_3,4,0.0225
324,candidate_1,candidate_2,candidate_4,candidate_3,4,0.0225
325,candidate_1,candidate_2,candidate_4,candidate_3,4,0.0225
326,0,candidate_2,candidate_4,candidate_3,4,0.0225
327,candidate_1,candidate_2,candidate_4,candidate_3,4,0.0225
328,candidate_1,candidate_2,candidate_4,candidate_3,4,0.0225
329,candidate_1,candidate_2,candidate_4,candidate_3,4,0.0225
330,candidate_1,candidate_2,candidate_4,candidate_3,4,0.0225
331,candidate_1,candidate_2,0,candidate_3,4,0.0225
332,candidate_1,candidate_2,candidate_4,candidate_3,4,0.0225
333,candidate_1,candidate_2,candidate_4,candidate_3,4,0.0225
334,candidate_1,candidate_2,candidate_4,candidate_3,4,0.0225
335,candidate_1,candidate_2,candidate_4,candidate_3,4,0.0225
336,candidate_1,candidate_2,candidate_4,candidate_3,4,0.0225
337,candidate_1,candidate_2,candidate_4,candidate_3,4,0.0225
338,candidate_1,candidate_2,candidate_4,candidate_3,4,0.0225
339,candidate_1,candidate_2,candidate_4,candidate_3,4,0.0225
340,candidate_1,candidate_2,candidate_4,candidate_3,4,0.0225
341,candidate_1,candidate_2,candidate_4,candidate_3,4,0.0225
342,candidate_1,candidate_2,candidate_4,candidate_3,4,0.0225
343,candidate_1,candidate_2,candidate_4,candidate_3,4,0.0225
344,candidate_1,candidate_2,candidate_4,candidate_3,4,0.0225
345,candidate_1,candidate_2,candidate_4,0,4,0.0225
346,candidate_1,candidate_2,candidate_4,candidate_3,4,0.0225
347,candidate_1,candidate_2,candidate_4,candidate_3,4,0.0225
348,candidate_1,candidate_2,candidate_4,candidate_3,4,0.0225
349,candidate_1,candidate_2,candidate_4,candidate_3,4,0.0225
350,candidate_1,candidate_2,candidate_4,candidate_3,4,0.0225
351,candidate_1,candidate_2,candidate_4,candidate_3,4,0.0225
352,candidate_1,candidate_2,candidate_4,candidate_3,4,0.0225
353,candidate_1,candidate_2,candidate_4,candidate_3,4,0.0225
354,candidate_1,candidate_2,candidate_4,candidate_3,4,0.0225
355,candidate_1,candidate_2,0,candidate_3,4,0.0225
356,candidate_1,candidate_2,candidate_4,candidate_3,4,0.0225
357,candidate_1,candidate_2,candidate_4,candidate_3,4,0.0225
358,candidate_1,candidate_2,candidate_4,candidate_3,4,0.0225
359,candidate_1,candidate_2,candidate_4,candidate_3,4,0.0225
360,candidate_1,candidate_2,candidate_4,candidate_3,4,0.0225
361,candidate_1,candidate_2,candidate_4,candidate_3,4,0.0225
362,candidate_1,candidate_2,candidate_4,candidate_3,4,0.0225
363,candidate_1,candidate_2,candidate_4,candidate_3,4,0.0225
364,candidate_1,candidate_2,candidate_4,candidate_3,4,0.0225
365,candidate_1,candidate_2,candidate_4,candidate_3,4,0.0225
366,candidate_1,candidate_2,candidate_4,candidate_3,4,0.0225
367,candidate_1,candidate_2,candidate_4,candidate_3,4,0.0225
368,candidate_1,candidate_2,candidate_4,candidate_3,4,0.0225
369,candidate_1,candidate_2,candidate_4,candidate_3,4,0.0225
370,candidate_1,candidate_2,candidate_4,candidate_3,4,0.0225
371,candidate_1,candidate_2,candidate_4,candidate_3,4,0.0225
372,candidate_1,candidate_2,candidate_4,candidate_3,4,0.0225
373,candidate_1,candidate_2,candidate_4,candidate_3,4,0.0225
374,candidate_1,candidate_2,candidate_4,candidate_3,4,0.0225
375,candidate_1,candidate_2,candidate_4,candidate_3,4,0.0225
376,candidate_1,candidate_2,candidate_4,candidate_3,4,0.0225
377,candidate_1,candidate_2,candidate_4,candidate_3,4,0.0225
378,candidate_1,candidate_2,candidate_4,candidate_3,4,0.0225
379,candidate_1,candidate_2,candidate_4,candidate_3,4,0.0225
380,candidate_1,candidate_2,candidate_4,candidate_3,4,0.0225
381,candidate_1,candidate_2,candidate_4,candidate_3,4,0.0225
382,candidate_1,0,candidate_4,candidate_3,4,0.0225
383,candidate_1,candidate_2,candidate_4,candidate_3,4,0.0225
384,candidate_1,candidate_2,candidate_4,candidate_3,4,0.0225
385,candidate_1,candidate_2,candidate_4,candidate_3,4,0.0225
386,candidate_1,candidate_2,candidate_4,candidate_3,4,0.0225
387,candidate_1,candidate_2,candidate_4,candidate_3,4,0.0225
388,candidate_1,candidate_2,candidate_4,candidate_3,4,0.0225
389,candidate_1,candidate_2,candidate_4,candidate_3,4,0.0225
390,candidate_1,candidate_2,candidate_4,candidate_3,4,0.0225
391,candidate_1,candidate_2,candidate_4,candidate_3,4,0.0225
392,candidate_1,candidate_2,candidate_4,candidate_3,4,0.0225
393,candidate_1,candidate_2,candidate_4,candidate_3,4,0.0225
394,candidate_1,candidate_2,candidate_4,candidate_3,4,0.0225
395,candidate_1,candidate_2,candidate_4,candidate_3,4,0.0225
396,candidate_1,0,candidate_4,candidate_3,4,0.0225
397,candidate_1,candidate_2,candidate_4,candidate_3,4,0.0225
398,candidate_1,candidate_2,candidate_4,candidate_3,4,0.0225
399,candidate_1,candidate_2,candidate_4,candidate_3,4,0.0225
400,candidate_1,0,candidate_4,candidate_3,4,0.0225
401,candidate_1,candidate_2,candidate_4,0,4,0.0225
402,candidate_1,candidate_2,candidate_4,candidate_3,4,0.0225
403,candidate_1,candidate_2,candidate_4,candidate_3,4,0.0225
404,candidate_1,candidate_2,candidate_4,candidate_3,4,0.0225
405,candidate_1,candidate_2,candidate_4,candidate_3,4,0.0225
406,candidate_1,candidate_2,candidate_4,candidate_3,4,0.0225
407,candidate_1,candidate_2,candidate_4,candidate_3,4,0.0225
408,candidate_1,candidate_2,candidate_4,candidate_3,4,0.0225
409,candidate_1,candidate_2,candidate_4,candidate_3,4,0.0225
410,candidate_1,candidate_2,candidate_4,candidate_3,4,0.0225
411,candidate_1,candidate_2,candidate_4,candidate_3,4,0.0225
412,candidate_1,candidate_2,candidate_4,candidate_3,4,0.0225
413,candidate_1,candidate_2,candidate_4,candidate_3,4,0.0225
414,candidate_1,candidate_2,candidate_4,candidate_3,4,0.0225
415,candidate_1,candidate_2,candidate_4,candidate_3,4,0.0225
416,candidate_1,candidate_2,candidate_4,candidate_3,4,0.0225
417,candidate_1,candidate_2,candidate_4,candidate_3,4,0.0225
418,candidate_1,candidate_2,candidate_4,candidate_3,4,0.0225
419,candidate_1,candidate_2,candidate_4,candidate_3,4,0.0225
420,candidate_1,candidate_2,candidate_4,candidate_3,4,0.0225
421,candidate_1,candidate_2,candidate_4,candidate_3,4,0.0225
422,candidate_1,candidate_2,candidate_4,0,4,0.0225
423,0,candidate_2,candidate_4,candidate_3,4,0.0225
424,candidate_1,candidate_2,candidate_4,candidate_3,4,0.0225
425,candidate_1,candidate_2,candidate_4,candidate_3,4,0.0225
426,candidate_1,candidate_2,candidate_4,candidate_3,4,0.0225
427,candidate_1,candidate_2,candidate_4,candidate_3,4,0.0225
428,candidate_1,candidate_2,candidate_4,candidate_3,4,0.0225
429,candidate_1,candidate_2,candidate_4,candidate_3,4,0.0225
430,candidate_1,0,candidate_4,candidate_3,4,0.0225
431,candidate_1,candidate_2,candidate_4,candidate_3,4,0.0225
432,candidate_1,candidate_2,candidate_4,candidate_3,4,0.0225
433,candidate_1,candidate_2,candidate_4,candidate_3,4,0.0225
434,candidate_1,candidate_2,candidate_4,candidate_3,4,0.0225
435,candidate_1,candidate_2,candidate_4,candidate_3,4,0.0225
436,candidate_1,candidate_2,candidate_4,candidate_3,4,0.0225
437,candidate_1,candidate_2,candidate_4,candidate_3,4,0.0225
438,candidate_1,candidate_2,candidate_4,candidate_3,4,0.0225
439,candidate_1,candidate_2,candidate_4,candidate_3,4,0.0225
440,candidate_1,candidate_2,candidate_4,candidate_3,4,0.0225
441,candidate_1,candidate_2,candidate_4,candidate_3,4,0.0225
442,candidate_1,candidate_2,candidate_4,candidate_3,4,0.0225
443,candidate_1,candidate_2,candidate_4,candidate_3,4,0.0225
444,candidate_1,candidate_2,candidate_4,candidate_3,4,0.0225
445,candidate_1,candidate_2,candidate_4,candidate_3,4,0.0225
446,candidate_1,candidate_2,candidate_4,candidate_3,4,0.0225
447,candidate_1,candidate_2,candidate_4,candidate_3,4,0.0225
448,candidate_1,candidate_2,candidate_4,candidate_3,4,0.0225
449,candidate_1,candidate_2,candidate_4,candidate_3,4,0.0225
450,candidate_1,candidate_2,candidate_4,candidate_3,4,0.0225
451,candidate_1,candidate_2,candidate_4,candidate_3,4,0.0225
452,candidate_1,candidate_2,candidate_4,candidate_3,4,0.0225
453,candidate_1,candidate_2,candidate_4,candidate_3,4,0.0225
454,candidate_1,candidate_2,candidate_4,candidate_3,4,0.0225
455,candidate_1,candidate_2,candidate_4,candidate_3,4,0.0225
456,candidate_1,candidate_2,candidate_4,candidate_3,4,0.0225
457,candidate_1,candidate_2,candidate_4,candidate_3,4,0.0225
458,candidate_1,candidate_2,candidate_4,candidate_3,4,0.0225
459,candidate_1,candidate_2,candidate_4,candidate_3,4,0.0225
460,candidate_1,candidate_2,candidate_4,candidate_3,4,0.0225
461,candidate_1,candidate_2,candidate_4,candidate_3,4,0.0225
462,candidate_1,candidate_2,candidate_4,candidate_3,4,0.0225
463,candidate_1,candidate_2,candidate_4,candidate_3,4,0.0225
464,candidate_1,candidate_2,candidate_4,candidate_3,4,0.0225
465,candidate_1,candidate_2,candidate_4,candidate_3,4,0.0225
466,candidate_1,candidate_2,candidate_4,candidate_3,4,0.0225
467,0,candidate_2,candidate_4,candidate_3,4,0.0225
468,candidate_1,candidate_2,candidate_4,candidate_3,4,0.0225
469,candidate_1,candidate_2,candidate_4,candidate_3,4,0.0225
470,candidate_1,candidate_2,candidate_4,candidate_3,4,0.0225
471,candidate_1,candidate_2,candidate_4,candidate_3,4,0.0225
472,candidate_1,candidate_2,candidate_4,candidate_3,4,0.0225
473,candidate_1,candidate_2,candidate_4,candidate_3,4,0.0225
474,candidate_1,candidate_2,candidate_4,candidate_3,4,0.0225
475,candidate_1,candidate_2,candidate_4,candidate_3,4,0.0225
476,candidate_1,candidate_2,candidate_4,candidate_3,4,0.0225
477,candidate_1,candidate_2,candidate_4,candidate_3,4,0.0225
478,candidate_1,candidate_2,candidate_4,candidate_3,4,0.0225
479,candidate_1,candidate_2,candidate_4,candidate_3,4,0.0225
480,candidate_1,0,candidate_4,candidate_3,4,0.0225
481,candidate_1,candidate_2,candidate_4,candidate_3,4,0.0225
482,candidate_1,candidate_2,candidate_4,candidate_3,4,0.0225
483,candidate_1,0,candidate_4,candidate_3,4,0.0225
484,candidate_1,candidate_2,candidate_4,candidate_3,4,0.0225
485,0,candidate_2,candidate_4,candidate_3,4,0.0225
486,candidate_1,candidate_2,candidate_4,candidate_3,4,0.0225
487,candidate_1,candidate_2,candidate_4,candidate_3,4,0.0225
488,candidate_1,candidate_2,candidate_4,candidate_3,4,0.0225
489,candidate_1,candidate_2,candidate_4,candidate_3,4,0.0225
490,candidate_1,candidate_2,candidate_4,candidate_3,4,0.0225
491,candidate_1,candidate_2,candidate_4,candidate_3,4,0.0225
492,candidate_1,candidate_2,candidate_4,candidate_3,4,0.0225
493,candidate_1,candidate_2,candidate_4,candidate_3,4,0.0225
494,candidate_1,candidate_2,0,candidate_3,4,0.0225
495,candidate_1,candidate_2,candidate_4,candidate_3,4,0.0225
496,candidate_1,candidate_2,candidate_4,candidate_3,4,0.0225
497,candidate_1,candidate_2,candidate_4,candidate_3,4,0.0225
498,candidate_1,candidate_2,candidate_4,candidate_3,4,0.0225
499,candidate_1,candidate_2,candidate_4,candidate_3,4,0.0225
500,candidate_1,candidate_2,candidate_4,candidate_3,4,0.0225
501,candidate_1,candidate_2,candidate_4,candidate_3,4,0.0225
502,candidate_1,candidate_2,candidate_4,candidate_3,4,0.0225
503,candidate_1,candidate_2,candidate_4,candidate_3,4,0.0225
504,candidate_1,candidate_2,candidate_4,candidate_3,4,0.0225
505,candidate_1,candidate_2,candidate_4,candidate_3,4,0.0225
506,candidate_1,candidate_2,candidate_4,candidate_3,4,0.0225
507,candidate_1,candidate_2,candidate_4,candidate_3,4,0.0225
508,candidate_1,candidate_2,candidate_4,candidate_3,4,0.0225
509,candidate_1,candidate_2,candidate_4,candidate_3,4,0.0225
510,candidate_1,candidate_2,candidate_4,candidate_3,4,0.0225
511,candidate_1,candidate_2,candidate_4,candidate_3,4,0.0225
512,candidate_1,candidate_2,candidate_4,candidate_3,4,0.0225
513,candidate_1,candidate_2,candidate_4,candidate_3,4,0.0225
514,candidate_1,candidate_2,candidate_4,candidate_3,4,0.0225
515,candidate_1,candidate_2,candidate_4,candidate_3,4,0.0225
516,candidate_1,candidate_2,candidate_4,candidate_3,4,0.0225
517,candidate_1,candidate_2,candidate_4,candidate_3,4,0.0225
518,candidate_1,candidate_2,candidate_4,candidate_3,4,0.0225
519,candidate_1,candidate_2,candidate_4,candidate_3,4,0.0225
520,candidate_1,candidate_2,candidate_4,candidate_3,4,0.0225
521,candidate_1,candidate_2,candidate_4,candidate_3,4,0.0225
522,candidate_1,candidate_2,0,candidate_3,4,0.0225
523,0,candidate_2,candidate_4,candidate_3,4,0.0225
524,candidate_1,candidate_2,candidate_4,candidate_3,4,0.0225
525,candidate_1,candidate_2,candidate_4,candidate_3,4,0.0225
526,candidate_1,candidate_2,candidate_4,candidate_3,4,0.0225
527,candidate_1,0,candidate_4,candidate_3,4,0.0225
528,candidate_1,candidate_2,candidate_4,0,4,0.0225
529,candidate_1,candidate_2,candidate_4,candidate_3,4,0.0225
530,candidate_1,candidate_2,0,candidate_3,4,0.0225
531,candidate_1,candidate_2,candidate_4,candidate_3,4,0.0225
532,candidate_1,candidate_2,candidate_4,candidate_3,4,0.0225
533,candidate_1,candidate_2,candidate_4,candidate_3,4,0.0225
534,candidate_1,candidate_2,candidate_4,candidate_3,4,0.0225
535,candidate_1,candidate_2,candidate_4,candidate_3,4,0.0225
536,candidate_1,candidate_2,candidate_4,candidate_3,4,0.0225
537,candidate_1,candidate_2,candidate_4,candidate_3,4,0.0225
538,candidate_1,candidate_2,candidate_4,candidate_3,4,0.0225
539,candidate_1,candidate_2,candidate_4,0,4,0.0225
540,candidate_1,candidate_2,candidate_4,candidate_3,4,0.0225
541,candidate_1,candidate_2,candidate_4,candidate_3,4,0.0225
542,candidate_1,0,candidate_4,candidate_3,4,0.0225
543,candidate_1,candidate_2,candidate_4,candidate_3,4,0.0225
544,candidate_1,candidate_2,candidate_4,candidate_3,4,0.0225
545,candidate_1,candidate_2,candidate_4,candidate_3,4,0.0225
546,candidate_1,candidate_2,candidate_4,candidate_3,4,0.0225
547,candidate_1,candidate_2,candidate_4,candidate_3,4,0.0225
548,candidate_1,candidate_2,candidate_4,candidate_3,4,0.0225
549,candidate_1,candidate_2,candidate_4,candidate_3,4,0.0225
550,candidate_1,candidate_2,candidate_4,candidate_3,4,0.0225
551,candidate_1,candidate_2,candidate_4,candidate_3,4,0.0225
552,candidate_1,candidate_2,candidate_4,candidate_3,4,0.0225
553,candidate_1,candidate_2,candidate_4,candidate_3,4,0.0225
554,candidate_1,candidate_2,candidate_4,candidate_3,4,0.0225
555,candidate_1,candidate_2,candidate_4,candidate_3,4,0.0225
556,candidate_1,candidate_2,candidate_4,candidate_3,4,0.0225
557,candidate_1,candidate_2,candidate_4,candidate_3,4,0.0225
558,candidate_1,candidate_2,candidate_4,candidate_3,4,0.0225
559,candidate_1,candidate_2,candidate_4,candidate_3,4,0.0225
560,candidate_1,candidate_2,0,candidate_3,4,0.0225
561,candidate_1,candidate_2,candidate_4,candidate_3,4,0.0225
562,candidate_1,candidate_2,candidate_4,candidate_3,4,0.0225
563,candidate_1,candidate_2,candidate_4,candidate_3,4,0.0225
564,candidate_1,candidate_2,candidate_4,candidate_3,4,0.0225
565,candidate_1,candidate_2,candidate_4,candidate_3,4,0.0225
566,candidate_1,candidate_2,candidate_4,candidate_3,4,0.0225
567,candidate_1,candidate_2,candidate_4,candidate_3,4,0.0225
568,candidate_1,candidate_2,candidate_4,candidate_3,4,0.0225
569,candidate_1,candidate_2,candidate_4,candidate_3,4,0.0225
570,candidate_1,candidate_2,candidate_4,candidate_3,4,0.0225
571,candidate_1,candidate_2,candidate_4,candidate_3,4,0.0225
572,candidate_1,candidate_2,candidate_4,candidate_3,4,0.0225
573,candidate_1,candidate_2,candidate_4,candidate_3,4,0.0225
574,candidate_1,candidate_2,candidate_4,candidate_3,4,0.0225
575,candidate_1,candidate_2,candidate_4,candidate_3,4,0.0225
576,candidate_1,candidate_2,candidate_4,candidate_3,4,0.0225
577,candidate_1,candidate_2,candidate_4,candidate_3,4,0.0225
578,candidate_1,candidate_2,0,candidate_3,4,0.0225
579,candidate_1,candidate_2,candidate_4,candidate_3,4,0.0225
580,candidate_1,candidate_2,candidate_4,candidate_3,4,0.0225
581,candidate_1,candidate_2,candidate_4,candidate_3,4,0.0225
582,candidate_1,candidate_2,candidate_4,candidate_3,4,0.0225
583,candidate_1,candidate_2,0,candidate_3,4,0.0225
584,candidate_1,candidate_2,candidate_4,candidate_3,4,0.0225
585,candidate_1,candidate_2,candidate_4,candidate_3,4,0.0225
586,candidate_1,candidate_2,candidate_4,candidate_3,4,0.0225
587,candidate_1,candidate_2,candidate_4,candidate_3,4,0.0225
588,candidate_1,candidate_2,candidate_4,candidate_3,4,0.0225
589,candidate_1,candidate_2,candidate_4,candidate_3,4,0.0225
590,candidate_1,candidate_2,candidate_4,candidate_3,4,0.0225
591,candidate_1,candidate_2,candidate_4,candidate_3,4,0.0225
592,candidate_1,candidate_2,candidate_4,candidate_3,4,0.0225
593,candidate_1,candidate_2,candidate_4,candidate_3,4,0.0225
594,0,candidate_2,candidate_4,candidate_3,4,0.0225
595,candidate_1,0,candidate_4,candidate_3,4,0.0225
596,candidate_1,candidate_2,candidate_4,candidate_3,4,0.0225
597,candidate_1,candidate_2,candidate_4,0,4,0.0225
598,candidate_1,candidate_2,candidate_4,candidate_3,4,0.0225
599,candidate_1,0,candidate_4,candidate_3,4,0.0225
600,candidate_1,candidate_2,candidate_4,candidate_3,4,0.0225
601,candidate_1,candidate_2,candidate_4,candidate_3,4,0.0225
602,0,candidate_2,candidate_4,candidate_3,4,0.0225
603,candidate_1,candidate_2,candidate_4,candidate_3,4,0.0225
604,candidate_1,candidate_2,candidate_4,candidate_3,4,0.0225
605,candidate_1,candidate_2,candidate_4,candidate_3,4,0.0225
606,candidate_1,candidate_2,candidate_4,candidate_3,4,0.0225
607,candidate_1,candidate_2,candidate_4,candidate_3,4,0.0225
608,candidate_1,candidate_2,candidate_4,candidate_3,4,0.0225
609,candidate_1,candidate_2,candidate_4,candidate_3,4,0.0225
610,candidate_1,candidate_2,candidate_4,candidate_3,4,0.0225
611,candidate_1,candidate_2,candidate_4,candidate_3,4,0.0225
612,candidate_1,candidate_2,candidate_4,candidate_3,4,0.0225
613,candidate_1,candidate_2,candidate_4,candidate_3,4,0.0225
614,candidate_1,candidate_2,candidate_4,candidate_3,4,0.0225
615,candidate_1,candidate_2,candidate_4,candidate_3,4,0.0225
616,candidate_1,candidate_2,candidate_4,candidate_3,4,0.0225
617,candidate_1,candidate_2,candidate_4,candidate_3,4,0.0225
618,candidate_1,candidate_2,candidate_4,candidate_3,4,0.0225
619,candidate_1,candidate_2,candidate_4,candidate_3,4,0.0225
620,candidate_1,candidate_2,candidate_4,candidate_3,4,0.0225
621,candidate_1,candidate_2,candidate_4,candidate_3,4,0.0225
622,candidate_1,candidate_2,candidate_4,candidate_3,4,0.0225
623,candidate_1,0,candidate_4,candidate_3,4,0.0225
624,candidate_1,candidate_2,candidate_4,candidate_3,4,0.0225
625,candidate_1,candidate_2,candidate_4,candidate_3,4,0.0225
626,candidate_1,candidate_2,candidate_4,candidate_3,4,0.0225
627,candidate_1,candidate_2,candidate_4,candidate_3,4,0.0225
628,candidate_1,candidate_2,candidate_4,candidate_3,4,0.0225
629,candidate_1,candidate_2,candidate_4,candidate_3,4,0.0225
630,candidate_1,candidate_2,candidate_4,candidate_3,4,0.0225
631,candidate_1,candidate_2,candidate_4,candidate_3,4,0.0225
632,candidate_1,candidate_2,candidate_4,candidate_3,4,0.0225
633,candidate_1,candidate_2,candidate_4,candidate_3,4,0.0225
634,candidate_1,candidate_2,candidate_4,candidate_3,4,0.0225
635,candidate_1,candidate_2,candidate_4,candidate_3,4,0.0225
636,candidate_1,candidate_2,candidate_4,candidate_3,4,0.0225
637,candidate_1,candidate_2,candidate_4,candidate_3,4,0.0225
638,candidate_1,candidate_2,0,candidate_3,4,0.0225
639,candidate_1,candidate_2,candidate_4,candidate_3,4,0.0225
640,0,candidate_2,candidate_4,candidate_3,4,0.0225
641,candidate_1,candidate_2,candidate_4,candidate_3,4,0.0225
642,candidate_1,candidate_2,candidate_4,candidate_3,4,0.0225
643,candidate_1,candidate_2,candidate_4,candidate_3,4,0.0225
644,candidate_1,candidate_2,candidate_4,candidate_3,4,0.0225
645,candidate_1,candidate_2,candidate_4,candidate_3,4,0.0225
646,candidate_1,candidate_2,candidate_4,candidate_3,4,0.0225
647,candidate_1,candidate_2,candidate_4,candidate_3,4,0.0225
648,candidate_1,candidate_2,candidate_4,candidate_3,4,0.0225
649,0,candidate_2,candidate_4,candidate_3,4,0.0225
650,candidate_1,candidate_2,candidate_4,candidate_3,4,0.0225
651,candidate_1,candidate_2,candidate_4,candidate_3,4,0.0225
652,candidate_1,0,candidate_4,candidate_3,4,0.0225
653,candidate_1,candidate_2,candidate_4,candidate_3,4,0.0225
654,candidate_1,candidate_2,candidate_4,candidate_3,4,0.0225
655,candidate_1,candidate_2,candidate_4,candidate_3,4,0.0225
656,candidate_1,candidate_2,candidate_4,candidate_3,4,0.0225
657,candidate_1,candidate_2,candidate_4,candidate_3,4,0.0225
658,candidate_1,candidate_2,candidate_4,candidate_3,4,0.0225
659,candidate_1,candidate_2,candidate_4,candidate_3,4,0.0225
660,candidate_1,candidate_2,candidate_4,candidate_3,4,0.0225
661,candidate_1,candidate_2,candidate_4,candidate_3,4,0.0225
662,candidate_1,candidate_2,candidate_4,candidate_3,4,0.0225
663,candidate_1,candidate_2,candidate_4,candidate_3,4,0.0225
664,candidate_1,0,candidate_4,candidate_3,4,0.0225
665,candidate_1,candidate_2,candidate_4,candidate_3,4,0.0225
666,candidate_1,candidate_2,0,candidate_3,4,0.0225
667,candidate_1,candidate_2,candidate_4,candidate_3,4,0.0225
668,candidate_1,candidate_2,0,candidate_3,4,0.0225
669,candidate_1,candidate_2,candidate_4,candidate_3,4,0.0225
670,candidate_1,candidate_2,candidate_4,candidate_3,4,0.0225
671,candidate_1,candidate_2,candidate_4,candidate_3,4,0.0225
672,candidate_1,candidate_2,candidate_4,candidate_3,4,0.0225
673,candidate_1,candidate_2,candidate_4,0,4,0.0225
674,candidate_1,candidate_2,candidate_4,candidate_3,4,0.0225
675,candidate_1,candidate_2,candidate_4,candidate_3,4,0.0225
676,candidate_1,candidate_2,candidate_4,candidate_3,4,0.0225
677,candidate_1,candidate_2,candidate_4,candidate_3,4,0.0225
678,candidate_1,candidate_2,candidate_4,candidate_3,4,0.0225
679,candidate_1,candidate_2,candidate_4,candidate_3,4,0.0225
680,candidate_1,candidate_2,candidate_4,candidate_3,4,0.0225
681,candidate_1,candidate_2,candidate_4,candidate_3,4,0.0225
682,candidate_1,candidate_2,candidate_4,candidate_3,4,0.0225
683,candidate_1,candidate_2,candidate_4,candidate_3,4,0.0225
684,candidate_1,candidate_2,candidate_4,candidate_3,4,0.0225
685,candidate_1,candidate_2,candidate_4,candidate_3,4,0.0225
686,candidate_1,candidate_2,candidate_4,0,4,0.0225
687,candidate_1,candidate_2,candidate_4,candidate_3,4,0.0225
688,candidate_1,candidate_2,candidate_4,candidate_3,4,0.0225
689,candidate_1,candidate_2,candidate_4,candidate_3,4,0.0225
690,candidate_1,candidate_2,candidate_4,candidate_3,4,0.0225
691,candidate_1,candidate_2,candidate_4,candidate_3,4,0.0225
692,candidate_1,candidate_2,candidate_4,candidate_3,4,0.0225
693,candidate_1,candidate_2,candidate_4,candidate_3,4,0.0225
694,candidate_1,candidate_2,candidate_4,candidate_3,4,0.0225
695,candidate_1,candidate_2,candidate_4,candidate_3,4,0.0225
696,candidate_1,candidate_2,candidate_4,candidate_3,4,0.0225
697,candidate_1,candidate_2,candidate_4,candidate_3,4,0.0225
698,candidate_1,candidate_2,candidate_4,candidate_3,4,0.0225
699,candidate_1,candidate_2,candidate_4,candidate_3,4,0.0225
700,candidate_1,candidate_2,0,candidate_3,4,0.0225
701,candidate_1,candidate_2,candidate_4,candidate_3,4,0.0225
702,candidate_1,candidate_2,candidate_4,candidate_3,4,0.0225
703,candidate_1,candidate_2,candidate_4,candidate_3,4,0.0225
704,candidate_1,0,candidate_4,candidate_3,4,0.0225
705,candidate_1,candidate_2,candidate_4,candidate_3,4,0.0225
706,candidate_1,candidate_2,candidate_4,candidate_3,4,0.0225
707,candidate_1,candidate_2,candidate_4,candidate_3,4,0.0225
708,candidate_1,candidate_2,candidate_4,candidate_3,4,0.0225
709,candidate_1,candidate_2,candidate_4,candidate_3,4,0.0225
710,candidate_1,candidate_2,candidate_4,0,4,0.0225
711,candidate_1,candidate_2,candidate_4,candidate_3,4,0.0225
712,candidate_1,candidate_2,candidate_4,candidate_3,4,0.0225
713,candidate_1,candidate_2,candidate_4,candidate_3,4,0.0225
714,candidate_1,candidate_2,candidate_4,candidate_3,4,0.0225
715,candidate_1,candidate_2,candidate_4,candidate_3,4,0.0225
716,candidate_1,candidate_2,candidate_4,candidate_3,4,0.0225
717,candidate_1,candidate_2,candidate_4,candidate_3,4,0.0225
718,candidate_1,candidate_2,candidate_4,candidate_3,4,0.0225
719,candidate_1,candidate_2,candidate_4,candidate_3,4,0.0225
720,candidate_1,candidate_2,candidate_4,candidate_3,4,0.0225
721,candidate_1,candidate_2,candidate_4,candidate_3,4,0.0225
722,candidate_1,candidate_2,candidate_4,candidate_3,4,0.0225
723,candidate_1,candidate_2,candidate_4,candidate_3,4,0.0225
724,candidate_1,candidate_2,candidate_4,candidate_3,4,0.0225
725,candidate_1,candidate_2,candidate_4,candidate_3,4,0.0225
726,candidate_1,candidate_2,candidate_4,candidate_3,4,0.0225
727,candidate_1,candidate_2,candidate_4,candidate_3,4,0.0225
728,candidate_1,candidate_2,candidate_4,candidate_3,4,0.0225
729,candidate_1,candidate_2,candidate_4,candidate_3,4,0.0225
730,candidate_1,candidate_2,candidate_4,candidate_3,4,0.0225
731,candidate_1,candidate_2,candidate_4,candidate_3,4,0.0225
732,candidate_1,candidate_2,candidate_4,candidate_3,4,0.0225
733,candidate_1,candidate_2,candidate_4,candidate_3,4,0.0225
734,candidate_1,candidate_2,candidate_4,candidate_3,4,0.0225
735,candidate_1,candidate_2,candidate_4,candidate_3,4,0.0225
736,candidate_1,candidate_2,candidate_4,candidate_3,4,0.0225
737,candidate_1,candidate_2,candidate_4,candidate_3,4,0.0225
738,candidate_1,candidate_2,candidate_4,candidate_3,4,0.0225
739,candidate_1,candidate_2,candidate_4,candidate_3,4,0.0225
740,candidate_1,candidate_2,candidate_4,candidate_3,4,0.0225
741,candidate_1,candidate_2,candidate_4,candidate_3,4,0.0225
742,candidate_1,candidate_2,candidate_4,candidate_3,4,0.0225
743,candidate_1,candidate_2,candidate_4,candidate_3,4,0.0225
744,candidate_1,candidate_2,candidate_4,candidate_3,4,0.0225
745,0,candidate_2,candidate_4,candidate_3,4,0.0225
746,candidate_1,candidate_2,candidate_4,candidate_3,4,0.0225
747,candidate_1,0,candidate_4,candidate_3,4,0.0225
748,candidate_1,candidate_2,candidate_4,candidate_3,4,0.0225
749,candidate_1,candidate_2,candidate_4,candidate_3,4,0.0225
750,candidate_1,candidate_2,candidate_4,candidate_3,4,0.0225
751,candidate_1,candidate_2,candidate_4,candidate_3,4,0.0225
752,candidate_1,candidate_2,candidate_4,candidate_3,4,0.0225
753,candidate_1,candidate_2,candidate_4,candidate_3,4,0.0225
754,candidate_1,candidate_2,candidate_4,candidate_3,4,0.0225
755,candidate_1,candidate_2,candidate_4,candidate_3,4,0.0225
756,candidate_1,candidate_2,candidate_4,candidate_3,4,0.0225
757,candidate_1,candidate_2,candidate_4,candidate_3,4,0.0225
758,candidate_1,candidate_2,candidate_4,candidate_3,4,0.0225
759,candidate_1,candidate_2,candidate_4,candidate_3,4,0.0225
760,candidate_1,candidate_2,0,candidate_3,4,0.0225
761,candidate_1,candidate_2,candidate_4,candidate_3,4,0.0225
762,candidate_1,candidate_2,candidate_4,candidate_3,4,0.0225
763,candidate_1,candidate_2,candidate_4,candidate_3,4,0.0225
764,candidate_1,candidate_2,candidate_4,candidate_3,4,0.0225
765,candidate_1,candidate_2,candidate_4,candidate_3,4,0.0225
766,candidate_1,candidate_2,candidate_4,candidate_3,4,0.0225
767,candidate_1,candidate_2,candidate_4,candidate_3,4,0.0225
768,candidate_1,candidate_2,candidate_4,candidate_3,4,0.0225
769,candidate_1,candidate_2,candidate_4,candidate_3,4,0.0225
770,candidate_1,candidate_2,candidate_4,candidate_3,4,0.0225
771,candidate_1,candidate_2,candidate_4,candidate_3,4,0.0225
772,candidate_1,candidate_2,candidate_4,candidate_3,4,0.0225
773,candidate_1,candidate_2,candidate_4,candidate_3,4,0.0225
774,candidate_1,candidate_2,candidate_4,candidate_3,4,0.0225
775,candidate_1,candidate_2,candidate_4,candidate_3,4,0.0225
776,candidate_1,candidate_2,candidate_4,candidate_3,4,0.0225
777,candidate_1,candidate_2,candidate_4,candidate_3,4,0.0225
778,candidate_1,0,candidate_4,candidate_3,4,0.0225
779,candidate_1,candidate_2,0,candidate_3,4,0.0225
780,candidate_1,candidate_2,candidate_4,candidate_3,4,0.0225
781,candidate_1,candidate_2,candidate_4,candidate_3,4,0.0225
782,candidate_1,candidate_2,candidate_4,candidate_3,4,0.0225
783,candidate_1,candidate_2,candidate_4,candidate_3,4,0.0225
784,candidate_1,candidate_2,candidate_4,candidate_3,4,0.0225
785,candidate_1,candidate_2,candidate_4,candidate_3,4,0.0225
786,candidate_1,candidate_2,candidate_4,candidate_3,4,0.0225
787,candidate_1,candidate_2,candidate_4,candidate_3,4,0.0225
788,candidate_1,candidate_2,candidate_4,candidate_3,4,0.0225
789,candidate_1,candidate_2,candidate_4,candidate_3,4,0.0225
790,candidate_1,candidate_2,candidate_4,candidate_3,4,0.0225
791,candidate_1,candidate_2,candidate_4,candidate_3,4,0.0225
792,candidate_1,candidate_2,candidate_4,candidate_3,4,0.0225
793,candidate_1,candidate_2,candidate_4,candidate_3,4,0.0225
794,candidate_1,candidate_2,candidate_4,candidate_3,4,0.0225
795,candidate_1,candidate_2,candidate_4,candidate_3,4,0.0225
796,candidate_1,candidate_2,candidate_4,candidate_3,4,0.0225
797,candidate_1,candidate_2,candidate_4,candidate_3,4,0.0225
798,candidate_1,candidate_2,candidate_4,candidate_3,4,0.0225
799,candidate_1,candidate_2,candidate_4,candidate_3,4,0.0225
800,candidate_1,candidate_2,candidate_4,candidate_3,4,0.0225
801,candidate_1,candidate_2,candidate_4,candidate_3,4,0.0225
802,candidate_1,candidate_2,candidate_4,candidate_3,4,0.0225
803,candidate_1,candidate_2,candidate_4,candidate_3,4,0.0225
804,candidate_1,candidate_2,candidate_4,candidate_3,4,0.0225
805,candidate_1,candidate_2,candidate_4,candidate_3,4,0.0225
806,candidate_1,candidate_2,candidate_4,candidate_3,4,0.0225
807,candidate_1,candidate_2,candidate_4,candidate_3,4,0.0225
808,candidate_1,candidate_2,candidate_4,candidate_3,4,0.0225
809,candidate_1,candidate_2,candidate_4,candidate_3,4,0.0225
810,candidate_1,candidate_2,candidate_4,candidate_3,4,0.0225
811,candidate_1,candidate_2,candidate_4,candidate_3,4,0.0225
812,candidate_1,candidate_2,candidate_4,candidate_3,4,0.0225
813,candidate_1,candidate_2,candidate_4,candidate_3,4,0.0225
814,candidate_1,candidate_2,candidate_4,candidate_3,4,0.0225
815,candidate_1,candidate_2,candidate_4,candidate_3,4,0.0225
816,candidate_1,candidate_2,candidate_4,candidate_3,4,0.0225
817,candidate_1,candidate_2,candidate_4,candidate_3,4,0.0225
818,candidate_1,candidate_2,candidate_4,candidate_3,4,0.0225
0,candidate_1,candidate_3,candidate_2,candidate_4,4,0.0225
1,candidate_1,candidate_3,candidate_2,candidate_4,4,0.0225
2,candidate_1,candidate_3,candidate_2,candidate_4,4,0.0225
3,candidate_1,candidate_3,candidate_2,candidate_4,4,0.0225
4,candidate_1,candidate_3,candidate_2,candidate_4,4,0.0225
5,candidate_1,candidate_3,candidate_2,candidate_4,4,0.0225
6,candidate_1,candidate_3,candidate_2,candidate_4,4,0.0225
7,candidate_1,candidate_3,candidate_2,candidate_4,4,0.0225
8,candidate_1,candidate_3,candidate_2,candidate_4,4,0.0225
9,candidate_1,candidate_3,candidate_2,candidate_4,4,0.0225
10,candidate_1,candidate_3,candidate_2,candidate_4,4,0.0225
11,candidate_1,candidate_3,candidate_2,candidate_4,4,0.0225
12,candidate_1,candidate_3,0,candidate_4,4,0.0225
13,candidate_1,candidate_3,candidate_2,candidate_4,4,0.0225
14,candidate_1,candidate_3,candidate_2,candidate_4,4,0.0225
15,candidate_1,candidate_3,candidate_2,candidate_4,4,0.0225
16,candidate_1,0,candidate_2,candidate_4,4,0.0225
17,candidate_1,candidate_3,candidate_2,candidate_4,4,0.0225
18,candidate_1,candidate_3,candidate_2,candidate_4,4,0.0225
19,0,candidate_3,candidate_2,candidate_4,4,0.0225
20,candidate_1,candidate_3,candidate_2,candidate_4,4,0.0225
21,candidate_1,candidate_3,candidate_2,candidate_4,4,0.0225
22,candidate_1,candidate_3,candidate_2,candidate_4,4,0.0225
23,candidate_1,candidate_3,0,candidate_4,4,0.0225
24,candidate_1,candidate_3,candidate_2,candidate_4,4,0.0225
25,candidate_1,candidate_3,candidate_2,candidate_4,4,0.0225
26,candidate_1,candidate_3,candidate_2,candidate_4,4,0.0225
27,candidate_1,candidate_3,candidate_2,candidate_4,4,0.0225
28,candidate_1,candidate_3,candidate_2,candidate_4,4,0.0225
29,candidate_1,candidate_3,candidate_2,candidate_4,4,0.0225
30,candidate_1,candidate_3,candidate_2,candidate_4,4,0.0225
31,candidate_1,candidate_3,candidate_2,candidate_4,4,0.0225
32,candidate_1,candidate_3,candidate_2,candidate_4,4,0.0225
33,candidate_1,candidate_3,candidate_2,candidate_4,4,0.0225
34,candidate_1,candidate_3,candidate_2,candidate_4,4,0.0225
35,candidate_1,candidate_3,candidate_2,candidate_4,4,0.0225
36,candidate_1,candidate_3,candidate_2,candidate_4,4,0.0225
37,candidate_1,candidate_3,candidate_2,candidate_4,4,0.0225
38,candidate_1,candidate_3,candidate_2,candidate_4,4,0.0225
39,candidate_1,candidate_3,candidate_2,candidate_4,4,0.0225
40,candidate_1,candidate_3,candidate_2,candidate_4,4,0.0225
41,candidate_1,candidate_3,candidate_2,candidate_4,4,0.0225
42,candidate_1,candidate_3,candidate_2,candidate_4,4,0.0225
43,candidate_1,candidate_3,candidate_2,candidate_4,4,0.0225
44,candidate_1,candidate_3,candidate_2,candidate_4,4,0.0225
45,candidate_1,candidate_3,candidate_2,candidate_4,4,0.0225
46,candidate_1,candidate_3,candidate_2,candidate_4,4,0.0225
47,candidate_1,candidate_3,candidate_2,candidate_4,4,0.0225
48,candidate_1,candidate_3,candidate_2,candidate_4,4,0.0225
49,candidate_1,candidate_3,candidate_2,candidate_4,4,0.0225
50,candidate_1,candidate_3,candidate_2,candidate_4,4,0.0225
51,candidate_1,candidate_3,candidate_2,candidate_4,4,0.0225
52,candidate_1,candidate_3,candidate_2,candidate_4,4,0.0225
53,candidate_1,candidate_3,candidate_2,candidate_4,4,0.0225
54,candidate_1,candidate_3,candidate_2,candidate_4,4,0.0225
55,candidate_1,candidate_3,candidate_2,candidate_4,4,0.0225
56,candidate_1,candidate_3,candidate_2,candidate_4,4,0.0225
57,candidate_1,candidate_3,candidate_2,candidate_4,4,0.0225
58,candidate_1,candidate_3,candidate_2,candidate_4,4,0.0225
59,candidate_1,candidate_3,candidate_2,candidate_4,4,0.0225
60,candidate_1,candidate_3,candidate_2,candidate_4,4,0.0225
61,candidate_1,candidate_3,candidate_2,candidate_4,4,0.0225
62,candidate_1,candidate_3,candidate_2,candidate_4,4,0.0225
63,candidate_1,candidate_3,candidate_2,candidate_4,4,0.0225
64,candidate_1,candidate_3,candidate_2,candidate_4,4,0.0225
65,candidate_1,candidate_3,candidate_2,candidate_4,4,0.0225
66,candidate_1,candidate_3,candidate_2,candidate_4,4,0.0225
67,candidate_1,candidate_3,candidate_2,candidate_4,4,0.0225
68,candidate_1,candidate_3,candidate_2,candidate_4,4,0.0225
69,candidate_1,candidate_3,candidate_2,candidate_4,4,0.0225
70,candidate_1,candidate_3,candidate_2,candidate_4,4,0.0225
71,candidate_1,candidate_3,candidate_2,candidate_4,4,0.0225
72,candidate_1,candidate_3,candidate_2,candidate_4,4,0.0225
73,candidate_1,candidate_3,candidate_2,candidate_4,4,0.0225
74,candidate_1,candidate_3,candidate_2,candidate_4,4,0.0225
75,candidate_1,candidate_3,candidate_2,candidate_4,4,0.0225
76,candidate_1,candidate_3,candidate_2,candidate_4,4,0.0225
77,candidate_1,candidate_3,candidate_2,candidate_4,4,0.0225
78,candidate_1,candidate_3,candidate_2,candidate_4,4,0.0225
79,candidate_1,candidate_3,candidate_2,0,4,0.0225
80,candidate_1,candidate_3,candidate_2,candidate_4,4,0.0225
81,candidate_1,candidate_3,candidate_2,candidate_4,4,0.0225
82,candidate_1,candidate_3,candidate_2,candidate_4,4,0.0225
83,candidate_1,candidate_3,candidate_2,candidate_4,4,0.0225
84,candidate_1,candidate_3,candidate_2,candidate_4,4,0.0225
85,candidate_1,candidate_3,candidate_2,candidate_4,4,0.0225
86,candidate_1,candidate_3,candidate_2,candidate_4,4,0.0225
87,candidate_1,candidate_3,candidate_2,candidate_4,4,0.0225
88,candidate_1,candidate_3,candidate_2,0,4,0.0225
89,candidate_1,candidate_3,candidate_2,candidate_4,4,0.0225
90,candidate_1,candidate_3,candidate_2,candidate_4,4,0.0225
91,candidate_1,candidate_3,candidate_2,candidate_4,4,0.0225
92,candidate_1,candidate_3,candidate_2,candidate_4,4,0.0225
93,candidate_1,candidate_3,candidate_2,candidate_4,4,0.0225
94,candidate_1,candidate_3,candidate_2,candidate_4,4,0.0225
95,candidate_1,candidate_3,0,candidate_4,4,0.0225
96,candidate_1,candidate_3,candidate_2,candidate_4,4,0.0225
97,candidate_1,candidate_3,candidate_2,candidate_4,4,0.0225
98,candidate_1,candidate_3,candidate_2,candidate_4,4,0.0225
99,candidate_1,candidate_3,candidate_2,candidate_4,4,0.0225
100,candidate_1,candidate_3,candidate_2,candidate_4,4,0.0225
101,candidate_1,candidate_3,candidate_2,candidate_4,4,0.0225
102,candidate_1,candidate_3,candidate_2,candidate_4,4,0.0225
103,candidate_1,candidate_3,candidate_2,candidate_4,4,0.0225
104,candidate_1,candidate_3,candidate_2,candidate_4,4,0.0225
105,candidate_1,candidate_3,candidate_2,candidate_4,4,0.0225
106,candidate_1,candidate_3,candidate_2,candidate_4,4,0.0225
107,candidate_1,candidate_3,candidate_2,candidate_4,4,0.0225
108,candidate_1,candidate_3,candidate_2,candidate_4,4,0.0225
109,candidate_1,candidate_3,candidate_2,candidate_4,4,0.0225
110,candidate_1,candidate_3,candidate_2,candidate_4,4,0.0225
111,candidate_1,candidate_3,candidate_2,candidate_4,4,0.0225
112,candidate_1,candidate_3,candidate_2,candidate_4,4,0.0225
113,candidate_1,candidate_3,candidate_2,candidate_4,4,0.0225
114,candidate_1,candidate_3,candidate_2,candidate_4,4,0.0225
115,candidate_1,candidate_3,candidate_2,candidate_4,4,0.0225
116,candidate_1,candidate_3,candidate_2,candidate_4,4,0.0225
117,candidate_1,candidate_3,candidate_2,candidate_4,4,0.0225
118,candidate_1,candidate_3,candidate_2,candidate_4,4,0.0225
119,candidate_1,candidate_3,0,candidate_4,4,0.0225
120,candidate_1,candidate_3,candidate_2,candidate_4,4,0.0225
121,candidate_1,candidate_3,candidate_2,candidate_4,4,0.0225
122,candidate_1,candidate_3,candidate_2,candidate_4,4,0.0225
123,candidate_1,candidate_3,candidate_2,candidate_4,4,0.0225
124,candidate_1,candidate_3,candidate_2,candidate_4,4,0.0225
125,candidate_1,candidate_3,candidate_2,candidate_4,4,0.0225
126,candidate_1,0,candidate_2,candidate_4,4,0.0225
127,candidate_1,candidate_3,candidate_2,candidate_4,4,0.0225
128,candidate_1,candidate_3,candidate_2,candidate_4,4,0.0225
129,candidate_1,candidate_3,candidate_2,candidate_4,4,0.0225
130,0,candidate_3,candidate_2,candidate_4,4,0.0225
131,candidate_1,candidate_3,candidate_2,candidate_4,4,0.0225
132,candidate_1,candidate_3,candidate_2,candidate_4,4,0.0225
133,candidate_1,candidate_3,candidate_2,candidate_4,4,0.0225
134,candidate_1,candidate_3,candidate_2,candidate_4,4,0.0225
135,candidate_1,candidate_3,candidate_2,0,4,0.0225
136,candidate_1,candidate_3,candidate_2,candidate_4,4,0.0225
137,candidate_1,candidate_3,candidate_2,candidate_4,4,0.0225
138,candidate_1,candidate_3,candidate_2,candidate_4,4,0.0225
139,candidate_1,candidate_3,candidate_2,candidate_4,4,0.0225
140,candidate_1,candidate_3,candidate_2,candidate_4,4,0.0225
141,candidate_1,candidate_3,candidate_2,candidate_4,4,0.0225
142,candidate_1,candidate_3,candidate_2,candidate_4,4,0.0225
143,candidate_1,candidate_3,candidate_2,candidate_4,4,0.0225
144,candidate_1,candidate_3,candidate_2,candidate_4,4,0.0225
145,candidate_1,candidate_3,candidate_2,candidate_4,4,0.0225
146,candidate_1,candidate_3,candidate_2,candidate_4,4,0.0225
147,candidate_1,candidate_3,candidate_2,candidate_4,4,0.0225
148,candidate_1,candidate_3,0,candidate_4,4,0.0225
149,candidate_1,candidate_3,candidate_2,candidate_4,4,0.0225
150,candidate_1,candidate_3,candidate_2,candidate_4,4,0.0225
151,candidate_1,candidate_3,candidate_2,candidate_4,4,0.0225
152,candidate_1,candidate_3,candidate_2,candidate_4,4,0.0225
153,candidate_1,candidate_3,candidate_2,candidate_4,4,0.0225
154,candidate_1,candidate_3,candidate_2,candidate_4,4,0.0225
155,candidate_1,candidate_3,candidate_2,candidate_4,4,0.0225
156,candidate_1,candidate_3,candidate_2,candidate_4,4,0.0225
157,candidate_1,candidate_3,candidate_2,candidate_4,4,0.0225
158,candidate_1,candidate_3,candidate_2,candidate_4,4,0.0225
159,candidate_1,candidate_3,candidate_2,candidate_4,4,0.0225
160,candidate_1,candidate_3,candidate_2,candidate_4,4,0.0225
161,candidate_1,candidate_3,candidate_2,candidate_4,4,0.0225
162,candidate_1,0,candidate_2,candidate_4,4,0.0225
163,candidate_1,candidate_3,candidate_2,candidate_4,4,0.0225
164,candidate_1,candidate_3,candidate_2,candidate_4,4,0.0225
165,candidate_1,candidate_3,candidate_2,candidate_4,4,0.0225
166,candidate_1,candidate_3,candidate_2,candidate_4,4,0.0225
167,candidate_1,candidate_3,candidate_2,candidate_4,4,0.0225
168,candidate_1,candidate_3,candidate_2,candidate_4,4,0.0225
169,candidate_1,candidate_3,candidate_2,candidate_4,4,0.0225
170,candidate_1,candidate_3,candidate_2,candidate_4,4,0.0225
171,candidate_1,candidate_3,candidate_2,candidate_4,4,0.0225
172,candidate_1,candidate_3,candidate_2,candidate_4,4,0.0225
173,candidate_1,candidate_3,candidate_2,candidate_4,4,0.0225
174,candidate_1,candidate_3,candidate_2,candidate_4,4,0.0225
175,candidate_1,candidate_3,candidate_2,candidate_4,4,0.0225
176,candidate_1,candidate_3,candidate_2,candidate_4,4,0.0225
177,candidate_1,candidate_3,candidate_2,candidate_4,4,0.0225
178,candidate_1,candidate_3,candidate_2,candidate_4,4,0.0225
179,candidate_1,candidate_3,0,candidate_4,4,0.0225
180,candidate_1,candidate_3,candidate_2,candidate_4,4,0.0225
181,candidate_1,candidate_3,candidate_2,candidate_4,4,0.0225
182,candidate_1,candidate_3,candidate_2,candidate_4,4,0.0225
183,candidate_1,candidate_3,candidate_2,candidate_4,4,0.0225
184,candidate_1,candidate_3,candidate_2,candidate_4,4,0.0225
185,candidate_1,candidate_3,candidate_2,candidate_4,4,0.0225
186,candidate_1,candidate_3,candidate_2,candidate_4,4,0.0225
187,candidate_1,candidate_3,candidate_2,candidate_4,4,0.0225
188,candidate_1,candidate_3,candidate_2,candidate_4,4,0.0225
189,candidate_1,candidate_3,candidate_2,candidate_4,4,0.0225
190,candidate_1,candidate_3,candidate_2,candidate_4,4,0.0225
191,candidate_1,candidate_3,candidate_2,candidate_4,4,0.0225
192,candidate_1,candidate_3,candidate_2,candidate_4,4,0.0225
193,candidate_1,candidate_3,candidate_2,candidate_4,4,0.0225
194,candidate_1,candidate_3,candidate_2,candidate_4,4,0.0225
195,candidate_1,candidate_3,candidate_2,candidate_4,4,0.0225
196,candidate_1,candidate_3,candidate_2,candidate_4,4,0.0225
0,candidate_1,candidate_3,candidate_4,candidate_2,4,0.0225
1,candidate_1,candidate_3,candidate_4,candidate_2,4,0.0225
2,candidate_1,candidate_3,candidate_4,candidate_2,4,0.0225
3,candidate_1,candidate_3,candidate_4,candidate_2,4,0.0225
4,candidate_1,candidate_3,candidate_4,candidate_2,4,0.0225
5,candidate_1,candidate_3,candidate_4,candidate_2,4,0.0225
6,candidate_1,candidate_3,candidate_4,candidate_2,4,0.0225
7,candidate_1,candidate_3,candidate_4,candidate_2,4,0.0225
8,candidate_1,candidate_3,candidate_4,candidate_2,4,0.0225
9,candidate_1,candidate_3,candidate_4,candidate_2,4,0.0225
10,candidate_1,candidate_3,candidate_4,candidate_2,4,0.0225
11,candidate_1,candidate_3,candidate_4,candidate_2,4,0.0225
12,candidate_1,candidate_3,candidate_4,candidate_2,4,0.0225
13,candidate_1,candidate_3,candidate_4,candidate_2,4,0.0225
14,candidate_1,candidate_3,candidate_4,candidate_2,4,0.0225
15,candidate_1,candidate_3,candidate_4,candidate_2,4,0.0225
16,candidate_1,candidate_3,candidate_4,candidate_2,4,0.0225
17,candidate_1,candidate_3,candidate_4,candidate_2,4,0.0225
18,candidate_1,candidate_3,candidate_4,candidate_2,4,0.0225
19,candidate_1,candidate_3,candidate_4,candidate_2,4,0.0225
20,candidate_1,candidate_3,candidate_4,candidate_2,4,0.0225
21,candidate_1,candidate_3,candidate_4,candidate_2,4,0.0225
22,candidate_1,candidate_3,candidate_4,candidate_2,4,0.0225
23,candidate_1,candidate_3,candidate_4,candidate_2,4,0.0225
24,candidate_1,candidate_3,candidate_4,candidate_2,4,0.0225
25,candidate_1,candidate_3,candidate_4,candidate_2,4,0.0225
26,candidate_1,candidate_3,candidate_4,candidate_2,4,0.0225
27,candidate_1,candidate_3,candidate_4,candidate_2,4,0.0225
28,candidate_1,candidate_3,candidate_4,candidate_2,4,0.0225
29,candidate_1,candidate_3,candidate_4,candidate_2,4,0.0225
30,candidate_1,candidate_3,candidate_4,candidate_2,4,0.0225
31,candidate_1,candidate_3,candidate_4,candidate_2,4,0.0225
32,candidate_1,candidate_3,candidate_4,candidate_2,4,0.0225
33,candidate_1,candidate_3,candidate_4,candidate_2,4,0.0225
34,candidate_1,candidate_3,candidate_4,candidate_2,4,0.0225
35,candidate_1,candidate_3,candidate_4,candidate_2,4,0.0225
36,candidate_1,candidate_3,candidate_4,candidate_2,4,0.0225
37,candidate_1,candidate_3,candidate_4,candidate_2,4,0.0225
38,candidate_1,candidate_3,candidate_4,candidate_2,4,0.0225
39,candidate_1,candidate_3,0,candidate_2,4,0.0225
40,candidate_1,candidate_3,candidate_4,candidate_2,4,0.0225
41,candidate_1,candidate_3,candidate_4,candidate_2,4,0.0225
42,candidate_1,candidate_3,candidate_4,candidate_2,4,0.0225
43,candidate_1,candidate_3,candidate_4,candidate_2,4,0.0225
44,candidate_1,candidate_3,candidate_4,candidate_2,4,0.0225
45,candidate_1,candidate_3,candidate_4,candidate_2,4,0.0225
46,candidate_1,candidate_3,candidate_4,candidate_2,4,0.0225
47,candidate_1,candidate_3,candidate_4,candidate_2,4,0.0225
48,candidate_1,candidate_3,candidate_4,candidate_2,4,0.0225
49,candidate_1,candidate_3,candidate_4,candidate_2,4,0.0225
50,candidate_1,candidate_3,candidate_4,candidate_2,4,0.0225
51,candidate_1,candidate_3,candidate_4,candidate_2,4,0.0225
52,candidate_1,candidate_3,candidate_4,candidate_2,4,0.0225
53,candidate_1,candidate_3,candidate_4,candidate_2,4,0.0225
54,candidate_1,candidate_3,candidate_4,candidate_2,4,0.0225
55,candidate_1,candidate_3,candidate_4,candidate_2,4,0.0225
56,candidate_1,candidate_3,candidate_4,candidate_2,4,0.0225
57,candidate_1,candidate_3,candidate_4,candidate_2,4,0.0225
58,candidate_1,candidate_3,candidate_4,candidate_2,4,0.0225
59,candidate_1,candidate_3,candidate_4,candidate_2,4,0.0225
60,candidate_1,candidate_3,candidate_4,candidate_2,4,0.0225
61,candidate_1,candidate_3,candidate_4,candidate_2,4,0.0225
62,candidate_1,candidate_3,candidate_4,candidate_2,4,0.0225
63,candidate_1,candidate_3,candidate_4,candidate_2,4,0.0225
64,candidate_1,candidate_3,candidate_4,candidate_2,4,0.0225
65,candidate_1,candidate_3,candidate_4,candidate_2,4,0.0225
66,candidate_1,0,candidate_4,candidate_2,4,0.0225
67,candidate_1,candidate_3,candidate_4,candidate_2,4,0.0225
68,candidate_1,0,candidate_4,candidate_2,4,0.0225
69,candidate_1,candidate_3,candidate_4,candidate_2,4,0.0225
70,candidate_1,candidate_3,candidate_4,candidate_2,4,0.0225
71,candidate_1,candidate_3,candidate_4,candidate_2,4,0.0225
72,candidate_1,candidate_3,candidate_4,candidate_2,4,0.0225
73,candidate_1,candidate_3,candidate_4,candidate_2,4,0.0225
74,candidate_1,candidate_3,candidate_4,candidate_2,4,0.0225
75,candidate_1,candidate_3,candidate_4,candidate_2,4,0.0225
76,candidate_1,candidate_3,candidate_4,candidate_2,4,0.0225
77,candidate_1,candidate_3,candidate_4,candidate_2,4,0.0225
78,candidate_1,candidate_3,candidate_4,candidate_2,4,0.0225
79,candidate_1,candidate_3,candidate_4,candidate_2,4,0.0225
80,candidate_1,candidate_3,candidate_4,candidate_2,4,0.0225
81,candidate_1,candidate_3,candidate_4,candidate_2,4,0.0225
82,candidate_1,candidate_3,candidate_4,candidate_2,4,0.0225
83,candidate_1,candidate_3,candidate_4,candidate_2,4,0.0225
84,candidate_1,candidate_3,candidate_4,candidate_2,4,0.0225
85,candidate_1,candidate_3,candidate_4,candidate_2,4,0.0225
86,candidate_1,candidate_3,candidate_4,candidate_2,4,0.0225
87,candidate_1,candidate_3,candidate_4,candidate_2,4,0.0225
88,candidate_1,candidate_3,candidate_4,candidate_2,4,0.0225
89,candidate_1,candidate_3,candidate_4,candidate_2,4,0.0225
90,candidate_1,candidate_3,candidate_4,candidate_2,4,0.0225
91,candidate_1,candidate_3,candidate_4,candidate_2,4,0.0225
92,candidate_1,candidate_3,candidate_4,candidate_2,4,0.0225
93,0,candidate_3,candidate_4,candidate_2,4,0.0225
94,candidate_1,candidate_3,candidate_4,candidate_2,4,0.0225
95,candidate_1,candidate_3,candidate_4,candidate_2,4,0.0225
96,candidate_1,candidate_3,candidate_4,candidate_2,4,0.0225
97,candidate_1,candidate_3,candidate_4,candidate_2,4,0.0225
98,candidate_1,candidate_3,candidate_4,candidate_2,4,0.0225
99,candidate_1,candidate_3,candidate_4,candidate_2,4,0.0225
100,candidate_1,candidate_3,candidate_4,candidate_2,4,0.0225
101,candidate_1,candidate_3,candidate_4,candidate_2,4,0.0225
102,candidate_1,candidate_3,candidate_4,candidate_2,4,0.0225
103,candidate_1,candidate_3,candidate_4,candidate_2,4,0.0225
104,candidate_1,candidate_3,candidate_4,candidate_2,4,0.0225
105,candidate_1,candidate_3,candidate_4,candidate_2,4,0.0225
106,candidate_1,candidate_3,candidate_4,candidate_2,4,0.0225
107,candidate_1,candidate_3,candidate_4,candidate_2,4,0.0225
108,candidate_1,0,candidate_4,candidate_2,4,0.0225
109,candidate_1,candidate_3,candidate_4,candidate_2,4,0.0225
110,candidate_1,candidate_3,candidate_4,candidate_2,4,0.0225
111,candidate_1,candidate_3,candidate_4,candidate_2,4,0.0225
112,candidate_1,0,candidate_4,candidate_2,4,0.0225
113,candidate_1,candidate_3,candidate_4,candidate_2,4,0.0225
114,candidate_1,candidate_3,candidate_4,candidate_2,4,0.0225
115,candidate_1,candidate_3,candidate_4,0,4,0.0225
116,candidate_1,candidate_3,candidate_4,candidate_2,4,0.0225
117,candidate_1,candidate_3,candidate_4,candidate_2,4,0.0225
118,candidate_1,candidate_3,candidate_4,candidate_2,4,0.0225
119,candidate_1,candidate_3,candidate_4,candidate_2,4,0.0225
120,candidate_1,candidate_3,candidate_4,candidate_2,4,0.0225
121,candidate_1,candidate_3,candidate_4,candidate_2,4,0.0225
122,candidate_1,candidate_3,candidate_4,candidate_2,4,0.0225
123,candidate_1,candidate_3,candidate_4,candidate_2,4,0.0225
124,candidate_1,candidate_3,candidate_4,candidate_2,4,0.0225
125,candidate_1,candidate_3,candidate_4,candidate_2,4,0.0225
126,candidate_1,candidate_3,candidate_4,candidate_2,4,0.0225
127,candidate_1,candidate_3,candidate_4,candidate_2,4,0.0225
128,candidate_1,0,candidate_4,candidate_2,4,0.0225
129,candidate_1,candidate_3,candidate_4,candidate_2,4,0.0225
130,candidate_1,candidate_3,candidate_4,candidate_2,4,0.0225
131,candidate_1,candidate_3,candidate_4,candidate_2,4,0.0225
132,candidate_1,candidate_3,candidate_4,candidate_2,4,0.0225
133,candidate_1,candidate_3,candidate_4,candidate_2,4,0.0225
134,candidate_1,candidate_3,candidate_4,candidate_2,4,0.0225
135,candidate_1,candidate_3,candidate_4,candidate_2,4,0.0225
136,candidate_1,candidate_3,candidate_4,candidate_2,4,0.0225
137,candidate_1,candidate_3,candidate_4,candidate_2,4,0.0225
138,candidate_1,candidate_3,candidate_4,candidate_2,4,0.0225
139,candidate_1,candidate_3,candidate_4,candidate_2,4,0.0225
140,candidate_1,candidate_3,0,candidate_2,4,0.0225
141,candidate_1,candidate_3,candidate_4,candidate_2,4,0.0225
142,candidate_1,candidate_3,candidate_4,candidate_2,4,0.0225
143,candidate_1,candidate_3,candidate_4,candidate_2,4,0.0225
144,candidate_1,candidate_3,candidate_4,candidate_2,4,0.0225
145,candidate_1,candidate_3,candidate_4,candidate_2,4,0.0225
146,candidate_1,candidate_3,candidate_4,candidate_2,4,0.0225
147,candidate_1,candidate_3,candidate_4,candidate_2,4,0.0225
148,candidate_1,candidate_3,candidate_4,candidate_2,4,0.0225
149,candidate_1,candidate_3,candidate_4,candidate_2,4,0.0225
150,candidate_1,candidate_3,candidate_4,candidate_2,4,0.0225
151,candidate_1,candidate_3,candidate_4,candidate_2,4,0.0225
152,candidate_1,candidate_3,candidate_4,candidate_2,4,0.0225
153,candidate_1,candidate_3,candidate_4,candidate_2,4,0.0225
154,candidate_1,candidate_3,candidate_4,candidate_2,4,0.0225
155,candidate_1,candidate_3,candidate_4,candidate_2,4,0.0225
156,candidate_1,candidate_3,candidate_4,candidate_2,4,0.0225
157,candidate_1,candidate_3,candidate_4,candidate_2,4,0.0225
158,candidate_1,candidate_3,candidate_4,candidate_2,4,0.0225
159,candidate_1,candidate_3,candidate_4,candidate_2,4,0.0225
160,candidate_1,candidate_3,candidate_4,candidate_2,4,0.0225
161,candidate_1,candidate_3,candidate_4,candidate_2,4,0.0225
162,candidate_1,candidate_3,candidate_4,candidate_2,4,0.0225
163,candidate_1,candidate_3,candidate_4,candidate_2,4,0.0225
164,candidate_1,candidate_3,candidate_4,candidate_2,4,0.0225
165,candidate_1,candidate_3,candidate_4,candidate_2,4,0.0225
166,candidate_1,candidate_3,candidate_4,candidate_2,4,0.0225
167,candidate_1,candidate_3,candidate_4,candidate_2,4,0.0225
168,candidate_1,candidate_3,candidate_4,candidate_2,4,0.0225
169,candidate_1,candidate_3,candidate_4,candidate_2,4,0.0225
170,candidate_1,candidate_3,candidate_4,candidate_2,4,0.0225
171,candidate_1,candidate_3,candidate_4,candidate_2,4,0.0225
172,candidate_1,candidate_3,candidate_4,candidate_2,4,0.0225
173,candidate_1,candidate_3,candidate_4,candidate_2,4,0.0225
174,candidate_1,candidate_3,candidate_4,candidate_2,4,0.0225
175,candidate_1,candidate_3,candidate_4,candidate_2,4,0.0225
176,candidate_1,candidate_3,candidate_4,0,4,0.0225
177,candidate_1,candidate_3,candidate_4,candidate_2,4,0.0225
178,candidate_1,candidate_3,candidate_4,candidate_2,4,0.0225
179,0,candidate_3,candidate_4,candidate_2,4,0.0225
180,candidate_1,candidate_3,candidate_4,candidate_2,4,0.0225
181,candidate_1,candidate_3,candidate_4,candidate_2,4,0.0225
182,candidate_1,candidate_3,candidate_4,candidate_2,4,0.0225
183,candidate_1,candidate_3,candidate_4,candidate_2,4,0.0225
184,candidate_1,candidate_3,candidate_4,candidate_2,4,0.0225
185,candidate_1,candidate_3,candidate_4,candidate_2,4,0.0225
186,candidate_1,candidate_3,candidate_4,candidate_2,4,0.0225
187,candidate_1,candidate_3,candidate_4,candidate_2,4,0.0225
188,candidate_1,candidate_3,candidate_4,candidate_2,4,0.0225
189,candidate_1,candidate_3,candidate_4,candidate_2,4,0.0225
190,candidate_1,candidate_3,candidate_4,candidate_2,4,0.0225
191,candidate_1,candidate_3,candidate_4,candidate_2,4,0.0225
192,candidate_1,candidate_3,candidate_4,candidate_2,4,0.0225
193,candidate_1,candidate_3,candidate_4,candidate_2,4,0.0225
194,candidate_1,candidate_3,candidate_4,candidate_2,4,0.0225
195,candidate_1,candidate_3,candidate_4,candidate_2,4,0.0225
196,candidate_1,candidate_3,candidate_4,candidate_2,4,0.0225
197,candidate_1,candidate_3,candidate_4,candidate_2,4,0.0225
198,candidate_1,candidate_3,candidate_4,candidate_2,4,0.0225
199,candidate_1,candidate_3,candidate_4,candidate_2,4,0.0225
200,candidate_1,candidate_3,candidate_4,candidate_2,4,0.0225
201,candidate_1,candidate_3,candidate_4,candidate_2,4,0.0225
202,candidate_1,0,candidate_4,candidate_2,4,0.0225
203,candidate_1,candidate_3,candidate_4,candidate_2,4,0.0225
204,candidate_1,candidate_3,candidate_4,candidate_2,4,0.0225
205,candidate_1,candidate_3,candidate_4,candidate_2,4,0.0225
206,candidate_1,candidate_3,candidate_4,candidate_2,4,0.0225
207,candidate_1,candidate_3,candidate_4,candidate_2,4,0.0225
208,candidate_1,candidate_3,candidate_4,candidate_2,4,0.0225
209,candidate_1,candidate_3,candidate_4,candidate_2,4,0.0225
210,candidate_1,candidate_3,candidate_4,candidate_2,4,0.0225
211,candidate_1,candidate_3,candidate_4,candidate_2,4,0.0225
212,candidate_1,0,candidate_4,candidate_2,4,0.0225
213,candidate_1,candidate_3,candidate_4,candidate_2,4,0.0225
214,candidate_1,candidate_3,candidate_4,candidate_2,4,0.0225
215,candidate_1,candidate_3,candidate_4,candidate_2,4,0.0225
216,candidate_1,candidate_3,candidate_4,candidate_2,4,0.0225
217,candidate_1,candidate_3,candidate_4,candidate_2,4,0.0225
218,candidate_1,candidate_3,candidate_4,candidate_2,4,0.0225
219,candidate_1,candidate_3,candidate_4,candidate_2,4,0.0225
220,candidate_1,candidate_3,candidate_4,candidate_2,4,0.0225
221,candidate_1,candidate_3,candidate_4,candidate_2,4,0.0225
222,candidate_1,candidate_3,candidate_4,candidate_2,4,0.0225
223,candidate_1,candidate_3,candidate_4,candidate_2,4,0.0225
224,candidate_1,candidate_3,candidate_4,candidate_2,4,0.0225
225,candidate_1,candidate_3,candidate_4,candidate_2,4,0.0225
226,candidate_1,candidate_3,candidate_4,candidate_2,4,0.0225
227,candidate_1,candidate_3,candidate_4,candidate_2,4,0.0225
228,candidate_1,candidate_3,candidate_4,candidate_2,4,0.0225
229,0,candidate_3,candidate_4,candidate_2,4,0.0225
230,candidate_1,candidate_3,candidate_4,candidate_2,4,0.0225
231,candidate_1,candidate_3,candidate_4,candidate_2,4,0.0225
232,candidate_1,candidate_3,candidate_4,candidate_2,4,0.0225
233,candidate_1,candidate_3,candidate_4,candidate_2,4,0.0225
234,candidate_1,candidate_3,candidate_4,candidate_2,4,0.0225
235,candidate_1,candidate_3,candidate_4,candidate_2,4,0.0225
236,candidate_1,candidate_3,candidate_4,candidate_2,4,0.0225
237,candidate_1,candidate_3,candidate_4,candidate_2,4,0.0225
238,candidate_1,candidate_3,candidate_4,candidate_2,4,0.0225
239,candidate_1,candidate_3,candidate_4,candidate_2,4,0.0225
240,candidate_1,candidate_3,candidate_4,candidate_2,4,0.0225
241,candidate_1,candidate_3,candidate_4,candidate_2,4,0.0225
242,candidate_1,candidate_3,candidate_4,candidate_2,4,0.0225
243,candidate_1,candidate_3,candidate_4,0,4,0.0225
244,candidate_1,candidate_3,candidate_4,candidate_2,4,0.0225
245,candidate_1,candidate_3,candidate_4,candidate_2,4,0.0225
246,candidate_1,candidate_3,candidate_4,candidate_2,4,0.0225
247,candidate_1,candidate_3,candidate_4,candidate_2,4,0.0225
248,candidate_1,candidate_3,candidate_4,candidate_2,4,0.0225
249,candidate_1,candidate_3,candidate_4,candidate_2,4,0.0225
250,candidate_1,candidate_3,candidate_4,candidate_2,4,0.0225
251,0,candidate_3,candidate_4,0,4,0.0225
252,candidate_1,candidate_3,candidate_4,candidate_2,4,0.0225
253,candidate_1,candidate_3,candidate_4,candidate_2,4,0.0225
254,candidate_1,candidate_3,candidate_4,candidate_2,4,0.0225
255,candidate_1,candidate_3,candidate_4,candidate_2,4,0.0225
256,candidate_1,candidate_3,candidate_4,candidate_2,4,0.0225
257,candidate_1,candidate_3,candidate_4,candidate_2,4,0.0225
258,candidate_1,candidate_3,candidate_4,candidate_2,4,0.0225
259,candidate_1,candidate_3,candidate_4,candidate_2,4,0.0225
260,candidate_1,candidate_3,candidate_4,candidate_2,4,0.0225
261,candidate_1,candidate_3,candidate_4,candidate_2,4,0.0225
262,candidate_1,candidate_3,candidate_4,candidate_2,4,0.0225
263,candidate_1,candidate_3,0,candidate_2,4,0.0225
264,candidate_1,candidate_3,candidate_4,candidate_2,4,0.0225
265,candidate_1,candidate_3,candidate_4,candidate_2,4,0.0225
266,candidate_1,candidate_3,candidate_4,candidate_2,4,0.0225
267,candidate_1,candidate_3,candidate_4,candidate_2,4,0.0225
268,candidate_1,candidate_3,candidate_4,candidate_2,4,0.0225
269,candidate_1,candidate_3,candidate_4,candidate_2,4,0.0225
270,candidate_1,candidate_3,candidate_4,candidate_2,4,0.0225
271,candidate_1,candidate_3,0,candidate_2,4,0.0225
272,candidate_1,candidate_3,candidate_4,candidate_2,4,0.0225
273,candidate_1,candidate_3,candidate_4,candidate_2,4,0.0225
274,candidate_1,candidate_3,candidate_4,candidate_2,4,0.0225
275,candidate_1,candidate_3,candidate_4,candidate_2,4,0.0225
276,candidate_1,candidate_3,candidate_4,candidate_2,4,0.0225
277,candidate_1,candidate_3,candidate_4,candidate_2,4,0.0225
278,candidate_1,candidate_3,candidate_4,candidate_2,4,0.0225
279,candidate_1,candidate_3,candidate_4,candidate_2,4,0.0225
280,candidate_1,candidate_3,candidate_4,candidate_2,4,0.0225
281,candidate_1,candidate_3,candidate_4,candidate_2,4,0.0225
282,candidate_1,candidate_3,candidate_4,candidate_2,4,0.0225
283,candidate_1,candidate_3,candidate_4,candidate_2,4,0.0225
284,candidate_1,candidate_3,candidate_4,candidate_2,4,0.0225
285,candidate_1,candidate_3,candidate_4,0,4,0.0225
286,candidate_1,candidate_3,0,candidate_2,4,0.0225
287,candidate_1,candidate_3,candidate_4,candidate_2,4,0.0225
288,candidate_1,candidate_3,candidate_4,candidate_2,4,0.0225
289,candidate_1,candidate_3,candidate_4,candidate_2,4,0.0225
290,candidate_1,candidate_3,candidate_4,candidate_2,4,0.0225
291,candidate_1,candidate_3,candidate_4,candidate_2,4,0.0225
292,candidate_1,candidate_3,candidate_4,candidate_2,4,0.0225
293,candidate_1,candidate_3,candidate_4,candidate_2,4,0.0225
294,candidate_1,candidate_3,candidate_4,candidate_2,4,0.0225
295,candidate_1,candidate_3,candidate_4,candidate_2,4,0.0225
296,candidate_1,candidate_3,candidate_4,candidate_2,4,0.0225
297,candidate_1,candidate_3,candidate_4,candidate_2,4,0.0225
298,candidate_1,candidate_3,candidate_4,candidate_2,4,0.0225
299,candidate_1,candidate_3,candidate_4,candidate_2,4,0.0225
300,candidate_1,candidate_3,candidate_4,candidate_2,4,0.0225
301,candidate_1,candidate_3,candidate_4,candidate_2,4,0.0225
302,candidate_1,candidate_3,candidate_4,candidate_2,4,0.0225
303,candidate_1,candidate_3,candidate_4,candidate_2,4,0.0225
304,candidate_1,candidate_3,candidate_4,candidate_2,4,0.0225
305,candidate_1,candidate_3,candidate_4,candidate_2,4,0.0225
306,candidate_1,candidate_3,candidate_4,candidate_2,4,0.0225
307,candidate_1,candidate_3,candidate_4,candidate_2,4,0.0225
308,candidate_1,candidate_3,candidate_4,candidate_2,4,0.0225
309,candidate_1,candidate_3,candidate_4,candidate_2,4,0.0225
310,candidate_1,candidate_3,candidate_4,candidate_2,4,0.0225
311,candidate_1,candidate_3,candidate_4,candidate_2,4,0.0225
312,candidate_1,candidate_3,candidate_4,candidate_2,4,0.0225
313,candidate_1,candidate_3,candidate_4,candidate_2,4,0.0225
314,candidate_1,candidate_3,candidate_4,candidate_2,4,0.0225
315,candidate_1,candidate_3,candidate_4,candidate_2,4,0.0225
316,candidate_1,candidate_3,candidate_4,candidate_2,4,0.0225
317,candidate_1,candidate_3,candidate_4,candidate_2,4,0.0225
318,candidate_1,candidate_3,candidate_4,candidate_2,4,0.0225
319,candidate_1,candidate_3,candidate_4,candidate_2,4,0.0225
320,candidate_1,candidate_3,candidate_4,candidate_2,4,0.0225
321,candidate_1,candidate_3,candidate_4,candidate_2,4,0.0225
322,candidate_1,0,candidate_4,candidate_2,4,0.0225
323,candidate_1,candidate_3,candidate_4,candidate_2,4,0.0225
324,candidate_1,candidate_3,candidate_4,candidate_2,4,0.0225
325,candidate_1,candidate_3,candidate_4,candidate_2,4,0.0225
326,candidate_1,candidate_3,candidate_4,candidate_2,4,0.0225
327,candidate_1,candidate_3,candidate_4,candidate_2,4,0.0225
328,candidate_1,candidate_3,candidate_4,candidate_2,4,0.0225
329,candidate_1,candidate_3,candidate_4,candidate_2,4,0.0225
330,candidate_1,candidate_3,0,candidate_2,4,0.0225
331,candidate_1,candidate_3,candidate_4,candidate_2,4,0.0225
332,candidate_1,candidate_3,candidate_4,candidate_2,4,0.0225
333,candidate_1,candidate_3,candidate_4,candidate_2,4,0.0225
334,candidate_1,candidate_3,candidate_4,candidate_2,4,0.0225
335,candidate_1,candidate_3,candidate_4,candidate_2,4,0.0225
336,candidate_1,candidate_3,candidate_4,candidate_2,4,0.0225
337,candidate_1,candidate_3,candidate_4,candidate_2,4,0.0225
338,candidate_1,candidate_3,candidate_4,candidate_2,4,0.0225
339,candidate_1,candidate_3,candidate_4,candidate_2,4,0.0225
340,candidate_1,candidate_3,candidate_4,candidate_2,4,0.0225
341,candidate_1,0,candidate_4,candidate_2,4,0.0225
342,candidate_1,candidate_3,candidate_4,candidate_2,4,0.0225
343,candidate_1,candidate_3,candidate_4,candidate_2,4,0.0225
344,candidate_1,candidate_3,candidate_4,candidate_2,4,0.0225
345,candidate_1,candidate_3,candidate_4,candidate_2,4,0.0225
346,candidate_1,candidate_3,candidate_4,candidate_2,4,0.0225
347,candidate_1,candidate_3,candidate_4,candidate_2,4,0.0225
348,candidate_1,candidate_3,candidate_4,candidate_2,4,0.0225
349,candidate_1,candidate_3,candidate_4,candidate_2,4,0.0225
350,candidate_1,candidate_3,candidate_4,candidate_2,4,0.0225
351,candidate_1,candidate_3,candidate_4,candidate_2,4,0.0225
352,candidate_1,candidate_3,candidate_4,candidate_2,4,0.0225
353,candidate_1,candidate_3,candidate_4,candidate_2,4,0.0225
354,candidate_1,candidate_3,candidate_4,candidate_2,4,0.0225
355,candidate_1,candidate_3,candidate_4,candidate_2,4,0.0225
356,candidate_1,candidate_3,candidate_4,candidate_2,4,0.0225
357,candidate_1,candidate_3,candidate_4,candidate_2,4,0.0225
358,candidate_1,candidate_3,candidate_4,candidate_2,4,0.0225
359,candidate_1,candidate_3,candidate_4,candidate_2,4,0.0225
360,candidate_1,candidate_3,candidate_4,candidate_2,4,0.0225
361,candidate_1,candidate_3,candidate_4,candidate_2,4,0.0225
362,candidate_1,candidate_3,candidate_4,candidate_2,4,0.0225
363,candidate_1,candidate_3,candidate_4,candidate_2,4,0.0225
364,candidate_1,candidate_3,candidate_4,candidate_2,4,0.0225
365,candidate_1,candidate_3,candidate_4,candidate_2,4,0.0225
366,candidate_1,candidate_3,candidate_4,candidate_2,4,0.0225
367,candidate_1,candidate_3,candidate_4,candidate_2,4,0.0225
368,candidate_1,candidate_3,candidate_4,candidate_2,4,0.0225
369,candidate_1,candidate_3,candidate_4,candidate_2,4,0.0225
370,0,candidate_3,candidate_4,candidate_2,4,0.0225
371,candidate_1,candidate_3,candidate_4,candidate_2,4,0.0225
372,candidate_1,candidate_3,candidate_4,candidate_2,4,0.0225
373,candidate_1,candidate_3,candidate_4,candidate_2,4,0.0225
374,candidate_1,candidate_3,candidate_4,candidate_2,4,0.0225
375,candidate_1,candidate_3,candidate_4,candidate_2,4,0.0225
376,candidate_1,candidate_3,candidate_4,candidate_2,4,0.0225
377,candidate_1,candidate_3,candidate_4,candidate_2,4,0.0225
378,candidate_1,candidate_3,candidate_4,candidate_2,4,0.0225
379,candidate_1,candidate_3,candidate_4,candidate_2,4,0.0225
380,candidate_1,candidate_3,candidate_4,candidate_2,4,0.0225
381,candidate_1,candidate_3,candidate_4,candidate_2,4,0.0225
382,candidate_1,candidate_3,candidate_4,candidate_2,4,0.0225
383,candidate_1,candidate_3,candidate_4,candidate_2,4,0.0225
384,candidate_1,candidate_3,candidate_4,candidate_2,4,0.0225
385,candidate_1,candidate_3,candidate_4,candidate_2,4,0.0225
386,candidate_1,candidate_3,candidate_4,candidate_2,4,0.0225
387,candidate_1,candidate_3,candidate_4,candidate_2,4,0.0225
388,candidate_1,candidate_3,candidate_4,candidate_2,4,0.0225
389,candidate_1,candidate_3,candidate_4,candidate_2,4,0.0225
390,candidate_1,candidate_3,candidate_4,candidate_2,4,0.0225
391,candidate_1,candidate_3,candidate_4,candidate_2,4,0.0225
392,candidate_1,candidate_3,candidate_4,candidate_2,4,0.0225
393,candidate_1,candidate_3,candidate_4,candidate_2,4,0.0225
394,candidate_1,candidate_3,candidate_4,candidate_2,4,0.0225
395,candidate_1,candidate_3,candidate_4,candidate_2,4,0.0225
396,candidate_1,candidate_3,candidate_4,candidate_2,4,0.0225
397,candidate_1,candidate_3,0,candidate_2,4,0.0225
398,candidate_1,candidate_3,candidate_4,candidate_2,4,0.0225
399,candidate_1,candidate_3,candidate_4,candidate_2,4,0.0225
400,candidate_1,candidate_3,candidate_4,candidate_2,4,0.0225
401,candidate_1,candidate_3,candidate_4,candidate_2,4,0.0225
402,candidate_1,candidate_3,candidate_4,candidate_2,4,0.0225
403,candidate_1,candidate_3,candidate_4,candidate_2,4,0.0225
404,candidate_1,candidate_3,candidate_4,candidate_2,4,0.0225
405,candidate_1,candidate_3,candidate_4,candidate_2,4,0.0225
406,candidate_1,candidate_3,candidate_4,candidate_2,4,0.0225
407,candidate_1,candidate_3,candidate_4,candidate_2,4,0.0225
408,candidate_1,candidate_3,candidate_4,candidate_2,4,0.0225
409,candidate_1,candidate_3,candidate_4,candidate_2,4,0.0225
410,candidate_1,candidate_3,candidate_4,candidate_2,4,0.0225
411,candidate_1,candidate_3,candidate_4,candidate_2,4,0.0225
412,candidate_1,candidate_3,0,candidate_2,4,0.0225
413,candidate_1,0,candidate_4,candidate_2,4,0.0225
414,candidate_1,candidate_3,candidate_4,candidate_2,4,0.0225
415,candidate_1,candidate_3,candidate_4,0,4,0.0225
416,candidate_1,candidate_3,candidate_4,candidate_2,4,0.0225
417,candidate_1,candidate_3,candidate_4,candidate_2,4,0.0225
418,candidate_1,candidate_3,candidate_4,candidate_2,4,0.0225
419,candidate_1,candidate_3,candidate_4,candidate_2,4,0.0225
420,candidate_1,candidate_3,candidate_4,candidate_2,4,0.0225
421,candidate_1,candidate_3,candidate_4,candidate_2,4,0.0225
422,candidate_1,candidate_3,candidate_4,candidate_2,4,0.0225
423,candidate_1,candidate_3,candidate_4,candidate_2,4,0.0225
424,candidate_1,0,candidate_4,candidate_2,4,0.0225
425,candidate_1,candidate_3,candidate_4,candidate_2,4,0.0225
426,candidate_1,candidate_3,candidate_4,candidate_2,4,0.0225
427,candidate_1,candidate_3,candidate_4,candidate_2,4,0.0225
428,candidate_1,candidate_3,candidate_4,candidate_2,4,0.0225
429,candidate_1,candidate_3,candidate_4,candidate_2,4,0.0225
430,candidate_1,candidate_3,candidate_4,candidate_2,4,0.0225
431,candidate_1,candidate_3,candidate_4,candidate_2,4,0.0225
432,candidate_1,candidate_3,candidate_4,candidate_2,4,0.0225
433,candidate_1,candidate_3,candidate_4,candidate_2,4,0.0225
434,0,candidate_3,candidate_4,candidate_2,4,0.0225
435,candidate_1,candidate_3,candidate_4,candidate_2,4,0.0225
436,candidate_1,candidate_3,candidate_4,candidate_2,4,0.0225
437,candidate_1,candidate_3,candidate_4,candidate_2,4,0.0225
438,candidate_1,0,candidate_4,candidate_2,4,0.0225
439,candidate_1,candidate_3,candidate_4,candidate_2,4,0.0225
440,candidate_1,candidate_3,candidate_4,candidate_2,4,0.0225
441,candidate_1,candidate_3,candidate_4,candidate_2,4,0.0225
442,candidate_1,candidate_3,candidate_4,candidate_2,4,0.0225
443,candidate_1,candidate_3,candidate_4,candidate_2,4,0.0225
444,candidate_1,candidate_3,candidate_4,candidate_2,4,0.0225
445,candidate_1,candidate_3,candidate_4,candidate_2,4,0.0225
446,candidate_1,candidate_3,candidate_4,candidate_2,4,0.0225
447,candidate_1,candidate_3,candidate_4,candidate_2,4,0.0225
448,candidate_1,candidate_3,candidate_4,candidate_2,4,0.0225
449,candidate_1,candidate_3,candidate_4,candidate_2,4,0.0225
450,candidate_1,candidate_3,candidate_4,candidate_2,4,0.0225
451,candidate_1,candidate_3,candidate_4,candidate_2,4,0.0225
452,candidate_1,candidate_3,candidate_4,candidate_2,4,0.0225
453,candidate_1,candidate_3,candidate_4,candidate_2,4,0.0225
454,candidate_1,candidate_3,candidate_4,candidate_2,4,0.0225
455,candidate_1,candidate_3,candidate_4,candidate_2,4,0.0225
456,candidate_1,candidate_3,candidate_4,candidate_2,4,0.0225
457,candidate_1,candidate_3,candidate_4,candidate_2,4,0.0225
458,candidate_1,candidate_3,candidate_4,candidate_2,4,0.0225
459,candidate_1,candidate_3,candidate_4,candidate_2,4,0.0225
460,candidate_1,candidate_3,candidate_4,candidate_2,4,0.0225
461,candidate_1,candidate_3,candidate_4,candidate_2,4,0.0225
462,candidate_1,candidate_3,candidate_4,0,4,0.0225
463,candidate_1,candidate_3,candidate_4,candidate_2,4,0.0225
464,candidate_1,candidate_3,candidate_4,candidate_2,4,0.0225
465,candidate_1,candidate_3,candidate_4,candidate_2,4,0.0225
466,candidate_1,candidate_3,candidate_4,candidate_2,4,0.0225
467,candidate_1,candidate_3,candidate_4,candidate_2,4,0.0225
468,candidate_1,candidate_3,candidate_4,candidate_2,4,0.0225
469,candidate_1,candidate_3,candidate_4,candidate_2,4,0.0225
470,candidate_1,candidate_3,candidate_4,candidate_2,4,0.0225
471,candidate_1,candidate_3,candidate_4,candidate_2,4,0.0225
472,candidate_1,candidate_3,candidate_4,candidate_2,4,0.0225
473,candidate_1,candidate_3,candidate_4,candidate_2,4,0.0225
474,candidate_1,candidate_3,0,candidate_2,4,0.0225
475,candidate_1,candidate_3,candidate_4,candidate_2,4,0.0225
476,candidate_1,candidate_3,candidate_4,candidate_2,4,0.0225
477,candidate_1,candidate_3,candidate_4,candidate_2,4,0.0225
478,candidate_1,candidate_3,candidate_4,candidate_2,4,0.0225
479,candidate_1,candidate_3,candidate_4,candidate_2,4,0.0225
480,candidate_1,candidate_3,candidate_4,candidate_2,4,0.0225
481,candidate_1,candidate_3,candidate_4,candidate_2,4,0.0225
482,candidate_1,candidate_3,candidate_4,0,4,0.0225
483,candidate_1,candidate_3,candidate_4,candidate_2,4,0.0225
484,candidate_1,candidate_3,candidate_4,candidate_2,4,0.0225
485,candidate_1,candidate_3,candidate_4,candidate_2,4,0.0225
486,candidate_1,candidate_3,candidate_4,candidate_2,4,0.0225
487,candidate_1,candidate_3,candidate_4,candidate_2,4,0.0225
488,candidate_1,candidate_3,candidate_4,candidate_2,4,0.0225
489,candidate_1,candidate_3,candidate_4,candidate_2,4,0.0225
490,candidate_1,candidate_3,candidate_4,candidate_2,4,0.0225
491,candidate_1,candidate_3,candidate_4,candidate_2,4,0.0225
492,candidate_1,candidate_3,0,candidate_2,4,0.0225
493,candidate_1,candidate_3,candidate_4,candidate_2,4,0.0225
494,candidate_1,candidate_3,candidate_4,candidate_2,4,0.0225
495,candidate_1,candidate_3,candidate_4,candidate_2,4,0.0225
496,candidate_1,candidate_3,candidate_4,candidate_2,4,0.0225
497,candidate_1,candidate_3,candidate_4,candidate_2,4,0.0225
498,candidate_1,candidate_3,candidate_4,candidate_2,4,0.0225
499,candidate_1,candidate_3,candidate_4,candidate_2,4,0.0225
500,candidate_1,candidate_3,candidate_4,candidate_2,4,0.0225
501,candidate_1,candidate_3,candidate_4,candidate_2,4,0.0225
502,candidate_1,candidate_3,candidate_4,candidate_2,4,0.0225
503,candidate_1,candidate_3,candidate_4,candidate_2,4,0.0225
504,candidate_1,candidate_3,candidate_4,candidate_2,4,0.0225
505,candidate_1,candidate_3,candidate_4,candidate_2,4,0.0225
506,candidate_1,candidate_3,candidate_4,candidate_2,4,0.0225
507,candidate_1,candidate_3,candidate_4,candidate_2,4,0.0225
508,candidate_1,candidate_3,candidate_4,candidate_2,4,0.0225
509,candidate_1,candidate_3,candidate_4,candidate_2,4,0.0225
510,candidate_1,candidate_3,candidate_4,candidate_2,4,0.0225
511,candidate_1,candidate_3,candidate_4,candidate_2,4,0.0225
512,candidate_1,candidate_3,candidate_4,candidate_2,4,0.0225
513,candidate_1,candidate_3,candidate_4,0,4,0.0225
514,candidate_1,candidate_3,candidate_4,candidate_2,4,0.0225
515,candidate_1,candidate_3,candidate_4,candidate_2,4,0.0225
516,candidate_1,candidate_3,candidate_4,candidate_2,4,0.0225
517,candidate_1,candidate_3,candidate_4,candidate_2,4,0.0225
518,candidate_1,candidate_3,candidate_4,candidate_2,4,0.0225
519,candidate_1,candidate_3,candidate_4,candidate_2,4,0.0225
520,candidate_1,candidate_3,candidate_4,candidate_2,4,0.0225
521,candidate_1,candidate_3,candidate_4,candidate_2,4,0.0225
522,candidate_1,candidate_3,candidate_4,candidate_2,4,0.0225
523,candidate_1,candidate_3,candidate_4,candidate_2,4,0.0225
524,candidate_1,candidate_3,candidate_4,candidate_2,4,0.0225
525,candidate_1,candidate_3,candidate_4,candidate_2,4,0.0225
526,candidate_1,candidate_3,candidate_4,candidate_2,4,0.0225
527,candidate_1,candidate_3,candidate_4,candidate_2,4,0.0225
528,candidate_1,candidate_3,candidate_4,candidate_2,4,0.0225
529,candidate_1,candidate_3,candidate_4,candidate_2,4,0.0225
530,candidate_1,candidate_3,candidate_4,candidate_2,4,0.0225
531,candidate_1,candidate_3,candidate_4,candidate_2,4,0.0225
532,candidate_1,candidate_3,candidate_4,candidate_2,4,0.0225
533,candidate_1,candidate_3,candidate_4,candidate_2,4,0.0225
534,candidate_1,candidate_3,candidate_4,candidate_2,4,0.0225
535,candidate_1,candidate_3,candidate_4,candidate_2,4,0.0225
536,candidate_1,candidate_3,candidate_4,candidate_2,4,0.0225
537,candidate_1,candidate_3,candidate_4,candidate_2,4,0.0225
538,candidate_1,candidate_3,candidate_4,candidate_2,4,0.0225
539,candidate_1,candidate_3,candidate_4,candidate_2,4,0.0225
540,candidate_1,candidate_3,candidate_4,candidate_2,4,0.0225
541,candidate_1,candidate_3,candidate_4,candidate_2,4,0.0225
542,candidate_1,candidate_3,candidate_4,candidate_2,4,0.0225
543,candidate_1,candidate_3,candidate_4,candidate_2,4,0.0225
544,candidate_1,candidate_3,candidate_4,candidate_2,4,0.0225
545,candidate_1,candidate_3,candidate_4,candidate_2,4,0.0225
546,candidate_1,candidate_3,candidate_4,candidate_2,4,0.0225
547,0,candidate_3,candidate_4,candidate_2,4,0.0225
548,candidate_1,candidate_3,candidate_4,candidate_2,4,0.0225
549,candidate_1,candidate_3,candidate_4,candidate_2,4,0.0225
550,candidate_1,candidate_3,candidate_4,candidate_2,4,0.0225
551,candidate_1,candidate_3,candidate_4,candidate_2,4,0.0225
552,candidate_1,candidate_3,candidate_4,candidate_2,4,0.0225
553,candidate_1,candidate_3,candidate_4,candidate_2,4,0.0225
554,candidate_1,candidate_3,candidate_4,candidate_2,4,0.0225
555,candidate_1,candidate_3,candidate_4,candidate_2,4,0.0225
556,candidate_1,candidate_3,candidate_4,candidate_2,4,0.0225
557,candidate_1,candidate_3,candidate_4,candidate_2,4,0.0225
558,candidate_1,candidate_3,candidate_4,candidate_2,4,0.0225
559,candidate_1,candidate_3,candidate_4,candidate_2,4,0.0225
560,candidate_1,candidate_3,candidate_4,candidate_2,4,0.0225
561,candidate_1,candidate_3,candidate_4,candidate_2,4,0.0225
562,candidate_1,candidate_3,candidate_4,candidate_2,4,0.0225
563,candidate_1,candidate_3,candidate_4,0,4,0.0225
564,candidate_1,candidate_3,candidate_4,candidate_2,4,0.0225
565,candidate_1,candidate_3,candidate_4,0,4,0.0225
566,candidate_1,candidate_3,candidate_4,candidate_2,4,0.0225
567,candidate_1,candidate_3,candidate_4,candidate_2,4,0.0225
568,candidate_1,candidate_3,candidate_4,candidate_2,4,0.0225
569,candidate_1,candidate_3,candidate_4,candidate_2,4,0.0225
570,candidate_1,candidate_3,candidate_4,candidate_2,4,0.0225
571,candidate_1,candidate_3,candidate_4,candidate_2,4,0.0225
572,candidate_1,candidate_3,candidate_4,candidate_2,4,0.0225
573,candidate_1,candidate_3,candidate_4,candidate_2,4,0.0225
574,candidate_1,0,candidate_4,candidate_2,4,0.0225
575,candidate_1,candidate_3,candidate_4,candidate_2,4,0.0225
576,candidate_1,candidate_3,candidate_4,candidate_2,4,0.0225
577,candidate_1,candidate_3,candidate_4,candidate_2,4,0.0225
578,candidate_1,candidate_3,candidate_4,candidate_2,4,0.0225
579,candidate_1,candidate_3,candidate_4,candidate_2,4,0.0225
580,candidate_1,candidate_3,candidate_4,candidate_2,4,0.0225
581,candidate_1,candidate_3,candidate_4,candidate_2,4,0.0225
582,candidate_1,candidate_3,candidate_4,candidate_2,4,0.0225
583,candidate_1,candidate_3,0,candidate_2,4,0.0225
584,candidate_1,candidate_3,candidate_4,candidate_2,4,0.0225
585,candidate_1,candidate_3,candidate_4,candidate_2,4,0.0225
586,candidate_1,candidate_3,candidate_4,candidate_2,4,0.0225
587,candidate_1,0,candidate_4,candidate_2,4,0.0225
588,candidate_1,candidate_3,candidate_4,candidate_2,4,0.0225
589,candidate_1,candidate_3,candidate_4,candidate_2,4,0.0225
590,candidate_1,candidate_3,candidate_4,candidate_2,4,0.0225
591,candidate_1,candidate_3,candidate_4,candidate_2,4,0.0225
592,candidate_1,candidate_3,candidate_4,candidate_2,4,0.0225
593,candidate_1,candidate_3,candidate_4,candidate_2,4,0.0225
594,candidate_1,candidate_3,candidate_4,candidate_2,4,0.0225
595,candidate_1,candidate_3,candidate_4,candidate_2,4,0.0225
596,candidate_1,candidate_3,candidate_4,candidate_2,4,0.0225
597,candidate_1,candidate_3,candidate_4,0,4,0.0225
598,candidate_1,candidate_3,candidate_4,candidate_2,4,0.0225
599,candidate_1,candidate_3,candidate_4,candidate_2,4,0.0225
600,candidate_1,candidate_3,candidate_4,candidate_2,4,0.0225
601,candidate_1,candidate_3,candidate_4,candidate_2,4,0.0225
602,candidate_1,candidate_3,candidate_4,candidate_2,4,0.0225
603,candidate_1,candidate_3,candidate_4,candidate_2,4,0.0225
604,candidate_1,candidate_3,candidate_4,0,4,0.0225
605,candidate_1,candidate_3,candidate_4,candidate_2,4,0.0225
606,candidate_1,candidate_3,candidate_4,candidate_2,4,0.0225
607,0,candidate_3,candidate_4,candidate_2,4,0.0225
608,candidate_1,candidate_3,candidate_4,candidate_2,4,0.0225
609,candidate_1,candidate_3,candidate_4,candidate_2,4,0.0225
610,candidate_1,candidate_3,candidate_4,candidate_2,4,0.0225
611,candidate_1,candidate_3,candidate_4,candidate_2,4,0.0225
612,candidate_1,candidate_3,candidate_4,candidate_2,4,0.0225
613,candidate_1,candidate_3,candidate_4,candidate_2,4,0.0225
614,candidate_1,candidate_3,candidate_4,candidate_2,4,0.0225
615,candidate_1,candidate_3,candidate_4,candidate_2,4,0.0225
616,candidate_1,candidate_3,candidate_4,0,4,0.0225
617,candidate_1,candidate_3,candidate_4,candidate_2,4,0.0225
618,candidate_1,candidate_3,candidate_4,candidate_2,4,0.0225
619,candidate_1,candidate_3,candidate_4,candidate_2,4,0.0225
620,candidate_1,candidate_3,0,candidate_2,4,0.0225
621,candidate_1,candidate_3,candidate_4,candidate_2,4,0.0225
622,candidate_1,candidate_3,candidate_4,candidate_2,4,0.0225
623,candidate_1,candidate_3,candidate_4,candidate_2,4,0.0225
624,candidate_1,candidate_3,candidate_4,candidate_2,4,0.0225
625,candidate_1,candidate_3,candidate_4,candidate_2,4,0.0225
626,candidate_1,candidate_3,candidate_4,candidate_2,4,0.0225
627,candidate_1,candidate_3,candidate_4,candidate_2,4,0.0225
628,candidate_1,candidate_3,candidate_4,candidate_2,4,0.0225
629,candidate_1,candidate_3,candidate_4,candidate_2,4,0.0225
630,candidate_1,candidate_3,candidate_4,candidate_2,4,0.0225
631,candidate_1,candidate_3,candidate_4,candidate_2,4,0.0225
632,candidate_1,candidate_3,candidate_4,candidate_2,4,0.0225
633,0,candidate_3,candidate_4,candidate_2,4,0.0225
634,candidate_1,candidate_3,candidate_4,candidate_2,4,0.0225
635,candidate_1,candidate_3,candidate_4,candidate_2,4,0.0225
636,candidate_1,candidate_3,candidate_4,candidate_2,4,0.0225
637,candidate_1,candidate_3,candidate_4,0,4,0.0225
638,candidate_1,candidate_3,candidate_4,candidate_2,4,0.0225
639,candidate_1,candidate_3,candidate_4,candidate_2,4,0.0225
640,candidate_1,candidate_3,candidate_4,candidate_2,4,0.0225
641,candidate_1,candidate_3,candidate_4,candidate_2,4,0.0225
0,candidate_1,candidate_4,candidate_2,candidate_3,4,0.0225
1,candidate_1,candidate_4,candidate_2,candidate_3,4,0.0225
2,candidate_1,candidate_4,candidate_2,candidate_3,4,0.0225
3,candidate_1,candidate_4,candidate_2,candidate_3,4,0.0225
4,candidate_1,candidate_4,candidate_2,candidate_3,4,0.0225
5,candidate_1,candidate_4,candidate_2,candidate_3,4,0.0225
6,candidate_1,0,candidate_2,candidate_3,4,0.0225
7,candidate_1,candidate_4,candidate_2,candidate_3,4,0.0225
8,candidate_1,candidate_4,candidate_2,candidate_3,4,0.0225
9,candidate_1,candidate_4,candidate_2,candidate_3,4,0.0225
10,candidate_1,candidate_4,candidate_2,candidate_3,4,0.0225
11,candidate_1,candidate_4,candidate_2,candidate_3,4,0.0225
12,candidate_1,candidate_4,candidate_2,candidate_3,4,0.0225
13,candidate_1,candidate_4,candidate_2,candidate_3,4,0.0225
14,candidate_1,candidate_4,candidate_2,candidate_3,4,0.0225
15,candidate_1,candidate_4,candidate_2,candidate_3,4,0.0225
16,candidate_1,candidate_4,candidate_2,candidate_3,4,0.0225
17,candidate_1,candidate_4,candidate_2,candidate_3,4,0.0225
18,candidate_1,candidate_4,candidate_2,candidate_3,4,0.0225
19,candidate_1,candidate_4,candidate_2,candidate_3,4,0.0225
20,candidate_1,candidate_4,candidate_2,candidate_3,4,0.0225
21,candidate_1,0,candidate_2,candidate_3,4,0.0225
22,candidate_1,candidate_4,candidate_2,candidate_3,4,0.0225
23,candidate_1,candidate_4,candidate_2,candidate_3,4,0.0225
24,candidate_1,candidate_4,candidate_2,candidate_3,4,0.0225
25,candidate_1,candidate_4,candidate_2,candidate_3,4,0.0225
26,candidate_1,candidate_4,candidate_2,candidate_3,4,0.0225
27,candidate_1,candidate_4,candidate_2,candidate_3,4,0.0225
28,candidate_1,candidate_4,candidate_2,candidate_3,4,0.0225
29,candidate_1,candidate_4,candidate_2,candidate_3,4,0.0225
30,0,candidate_4,candidate_2,candidate_3,4,0.0225
31,candidate_1,candidate_4,candidate_2,0,4,0.0225
32,candidate_1,candidate_4,candidate_2,candidate_3,4,0.0225
33,candidate_1,candidate_4,candidate_2,candidate_3,4,0.0225
34,candidate_1,candidate_4,candidate_2,candidate_3,4,0.0225
35,candidate_1,candidate_4,candidate_2,candidate_3,4,0.0225
36,candidate_1,candidate_4,candidate_2,candidate_3,4,0.0225
37,candidate_1,candidate_4,candidate_2,candidate_3,4,0.0225
38,candidate_1,candidate_4,candidate_2,candidate_3,4,0.0225
39,candidate_1,candidate_4,candidate_2,candidate_3,4,0.0225
40,candidate_1,candidate_4,candidate_2,candidate_3,4,0.0225
41,candidate_1,candidate_4,candidate_2,candidate_3,4,0.0225
42,candidate_1,candidate_4,candidate_2,candidate_3,4,0.0225
43,candidate_1,candidate_4,candidate_2,candidate_3,4,0.0225
44,candidate_1,candidate_4,candidate_2,candidate_3,4,0.0225
45,candidate_1,candidate_4,candidate_2,candidate_3,4,0.0225
46,candidate_1,candidate_4,candidate_2,candidate_3,4,0.0225
47,candidate_1,candidate_4,candidate_2,candidate_3,4,0.0225
48,candidate_1,candidate_4,candidate_2,candidate_3,4,0.0225
49,candidate_1,candidate_4,0,candidate_3,4,0.0225
50,candidate_1,0,candidate_2,candidate_3,4,0.0225
51,candidate_1,candidate_4,candidate_2,candidate_3,4,0.0225
52,candidate_1,candidate_4,candidate_2,candidate_3,4,0.0225
53,candidate_1,candidate_4,candidate_2,candidate_3,4,0.0225
54,candidate_1,candidate_4,candidate_2,candidate_3,4,0.0225
55,candidate_1,candidate_4,candidate_2,candidate_3,4,0.0225
56,candidate_1,candidate_4,candidate_2,candidate_3,4,0.0225
57,candidate_1,candidate_4,candidate_2,candidate_3,4,0.0225
58,candidate_1,candidate_4,candidate_2,candidate_3,4,0.0225
59,candidate_1,candidate_4,candidate_2,candidate_3,4,0.0225
60,candidate_1,candidate_4,candidate_2,candidate_3,4,0.0225
61,candidate_1,candidate_4,candidate_2,candidate_3,4,0.0225
62,candidate_1,candidate_4,candidate_2,candidate_3,4,0.0225
63,candidate_1,candidate_4,candidate_2,candidate_3,4,0.0225
64,candidate_1,candidate_4,candidate_2,candidate_3,4,0.0225
65,candidate_1,candidate_4,candidate_2,candidate_3,4,0.0225
66,candidate_1,candidate_4,candidate_2,candidate_3,4,0.0225
67,candidate_1,candidate_4,candidate_2,candidate_3,4,0.0225
68,candidate_1,candidate_4,candidate_2,candidate_3,4,0.0225
69,candidate_1,candidate_4,candidate_2,candidate_3,4,0.0225
70,candidate_1,candidate_4,candidate_2,candidate_3,4,0.0225
71,candidate_1,candidate_4,candidate_2,candidate_3,4,0.0225
72,candidate_1,candidate_4,candidate_2,candidate_3,4,0.0225
73,candidate_1,candidate_4,candidate_2,candidate_3,4,0.0225
74,candidate_1,candidate_4,candidate_2,candidate_3,4,0.0225
75,candidate_1,candidate_4,candidate_2,candidate_3,4,0.0225
76,candidate_1,candidate_4,candidate_2,candidate_3,4,0.0225
77,candidate_1,candidate_4,candidate_2,candidate_3,4,0.0225
78,candidate_1,candidate_4,candidate_2,candidate_3,4,0.0225
79,candidate_1,candidate_4,candidate_2,0,4,0.0225
80,candidate_1,candidate_4,candidate_2,candidate_3,4,0.0225
81,candidate_1,candidate_4,candidate_2,candidate_3,4,0.0225
82,candidate_1,candidate_4,candidate_2,0,4,0.0225
83,candidate_1,candidate_4,candidate_2,candidate_3,4,0.0225
84,candidate_1,candidate_4,candidate_2,candidate_3,4,0.0225
85,candidate_1,candidate_4,candidate_2,candidate_3,4,0.0225
86,candidate_1,candidate_4,candidate_2,candidate_3,4,0.0225
87,candidate_1,candidate_4,candidate_2,candidate_3,4,0.0225
88,candidate_1,candidate_4,candidate_2,candidate_3,4,0.0225
89,candidate_1,candidate_4,candidate_2,candidate_3,4,0.0225
90,candidate_1,candidate_4,candidate_2,candidate_3,4,0.0225
91,candidate_1,candidate_4,candidate_2,candidate_3,4,0.0225
92,candidate_1,candidate_4,candidate_2,candidate_3,4,0.0225
93,candidate_1,candidate_4,candidate_2,candidate_3,4,0.0225
94,candidate_1,candidate_4,candidate_2,candidate_3,4,0.0225
95,candidate_1,candidate_4,candidate_2,candidate_3,4,0.0225
96,candidate_1,candidate_4,candidate_2,0,4,0.0225
97,candidate_1,candidate_4,candidate_2,candidate_3,4,0.0225
98,candidate_1,candidate_4,candidate_2,candidate_3,4,0.0225
99,candidate_1,candidate_4,candidate_2,candidate_3,4,0.0225
100,candidate_1,candidate_4,candidate_2,candidate_3,4,0.0225
101,candidate_1,candidate_4,candidate_2,candidate_3,4,0.0225
102,candidate_1,candidate_4,candidate_2,candidate_3,4,0.0225
103,candidate_1,candidate_4,candidate_2,candidate_3,4,0.0225
104,candidate_1,candidate_4,candidate_2,candidate_3,4,0.0225
105,candidate_1,candidate_4,candidate_2,candidate_3,4,0.0225
106,candidate_1,candidate_4,candidate_2,candidate_3,4,0.0225
107,candidate_1,candidate_4,candidate_2,candidate_3,4,0.0225
108,candidate_1,candidate_4,candidate_2,candidate_3,4,0.0225
109,candidate_1,candidate_4,candidate_2,candidate_3,4,0.0225
110,candidate_1,candidate_4,candidate_2,candidate_3,4,0.0225
111,candidate_1,candidate_4,candidate_2,candidate_3,4,0.0225
112,candidate_1,candidate_4,candidate_2,candidate_3,4,0.0225
113,candidate_1,candidate_4,candidate_2,candidate_3,4,0.0225
114,candidate_1,candidate_4,candidate_2,candidate_3,4,0.0225
115,candidate_1,candidate_4,candidate_2,candidate_3,4,0.0225
116,candidate_1,candidate_4,candidate_2,candidate_3,4,0.0225
117,candidate_1,candidate_4,candidate_2,candidate_3,4,0.0225
118,candidate_1,candidate_4,candidate_2,candidate_3,4,0.0225
119,candidate_1,candidate_4,candidate_2,candidate_3,4,0.0225
120,candidate_1,candidate_4,candidate_2,candidate_3,4,0.0225
121,candidate_1,candidate_4,candidate_2,candidate_3,4,0.0225
122,candidate_1,candidate_4,candidate_2,candidate_3,4,0.0225
123,candidate_1,candidate_4,candidate_2,candidate_3,4,0.0225
124,candidate_1,candidate_4,candidate_2,candidate_3,4,0.0225
125,candidate_1,candidate_4,candidate_2,candidate_3,4,0.0225
126,candidate_1,candidate_4,candidate_2,candidate_3,4,0.0225
127,candidate_1,candidate_4,candidate_2,candidate_3,4,0.0225
128,candidate_1,candidate_4,candidate_2,candidate_3,4,0.0225
129,candidate_1,candidate_4,candidate_2,candidate_3,4,0.0225
130,candidate_1,candidate_4,candidate_2,candidate_3,4,0.0225
131,candidate_1,candidate_4,candidate_2,candidate_3,4,0.0225
132,candidate_1,candidate_4,candidate_2,candidate_3,4,0.0225
133,candidate_1,candidate_4,candidate_2,candidate_3,4,0.0225
134,candidate_1,candidate_4,candidate_2,candidate_3,4,0.0225
135,candidate_1,candidate_4,candidate_2,candidate_3,4,0.0225
136,candidate_1,candidate_4,candidate_2,candidate_3,4,0.0225
137,candidate_1,candidate_4,candidate_2,candidate_3,4,0.0225
138,candidate_1,candidate_4,candidate_2,candidate_3,4,0.0225
139,candidate_1,candidate_4,candidate_2,candidate_3,4,0.0225
140,candidate_1,candidate_4,candidate_2,candidate_3,4,0.0225
141,candidate_1,candidate_4,candidate_2,candidate_3,4,0.0225
142,candidate_1,candidate_4,candidate_2,candidate_3,4,0.0225
143,candidate_1,candidate_4,candidate_2,candidate_3,4,0.0225
144,candidate_1,candidate_4,candidate_2,candidate_3,4,0.0225
145,candidate_1,candidate_4,candidate_2,candidate_3,4,0.0225
146,candidate_1,candidate_4,candidate_2,candidate_3,4,0.0225
147,candidate_1,candidate_4,candidate_2,candidate_3,4,0.0225
148,candidate_1,candidate_4,candidate_2,candidate_3,4,0.0225
149,candidate_1,candidate_4,candidate_2,candidate_3,4,0.0225
150,candidate_1,candidate_4,candidate_2,candidate_3,4,0.0225
151,candidate_1,candidate_4,candidate_2,candidate_3,4,0.0225
152,candidate_1,candidate_4,candidate_2,candidate_3,4,0.0225
153,candidate_1,candidate_4,candidate_2,candidate_3,4,0.0225
154,candidate_1,candidate_4,candidate_2,candidate_3,4,0.0225
155,candidate_1,candidate_4,candidate_2,candidate_3,4,0.0225
156,candidate_1,candidate_4,candidate_2,candidate_3,4,0.0225
157,candidate_1,0,candidate_2,candidate_3,4,0.0225
158,candidate_1,candidate_4,candidate_2,candidate_3,4,0.0225
159,candidate_1,candidate_4,candidate_2,candidate_3,4,0.0225
160,candidate_1,candidate_4,candidate_2,candidate_3,4,0.0225
161,candidate_1,candidate_4,candidate_2,candidate_3,4,0.0225
162,candidate_1,candidate_4,candidate_2,candidate_3,4,0.0225
163,0,candidate_4,0,candidate_3,4,0.0225
164,candidate_1,candidate_4,candidate_2,candidate_3,4,0.0225
165,candidate_1,candidate_4,candidate_2,candidate_3,4,0.0225
166,candidate_1,candidate_4,candidate_2,candidate_3,4,0.0225
167,candidate_1,candidate_4,candidate_2,candidate_3,4,0.0225
168,candidate_1,candidate_4,candidate_2,candidate_3,4,0.0225
169,candidate_1,candidate_4,candidate_2,candidate_3,4,0.0225
170,candidate_1,candidate_4,candidate_2,candidate_3,4,0.0225
171,candidate_1,candidate_4,candidate_2,candidate_3,4,0.0225
172,candidate_1,candidate_4,candidate_2,candidate_3,4,0.0225
173,candidate_1,candidate_4,candidate_2,candidate_3,4,0.0225
174,candidate_1,candidate_4,candidate_2,candidate_3,4,0.0225
175,candidate_1,candidate_4,candidate_2,0,4,0.0225
176,candidate_1,candidate_4,candidate_2,candidate_3,4,0.0225
177,candidate_1,candidate_4,candidate_2,candidate_3,4,0.0225
178,candidate_1,candidate_4,candidate_2,candidate_3,4,0.0225
179,candidate_1,candidate_4,candidate_2,candidate_3,4,0.0225
180,candidate_1,candidate_4,candidate_2,candidate_3,4,0.0225
181,candidate_1,candidate_4,candidate_2,candidate_3,4,0.0225
182,candidate_1,0,candidate_2,candidate_3,4,0.0225
183,candidate_1,candidate_4,candidate_2,candidate_3,4,0.0225
184,candidate_1,candidate_4,candidate_2,candidate_3,4,0.0225
185,0,candidate_4,candidate_2,candidate_3,4,0.0225
186,candidate_1,candidate_4,candidate_2,candidate_3,4,0.0225
187,candidate_1,candidate_4,candidate_2,candidate_3,4,0.0225
188,candidate_1,candidate_4,candidate_2,candidate_3,4,0.0225
189,candidate_1,candidate_4,candidate_2,candidate_3,4,0.0225
190,candidate_1,candidate_4,candidate_2,candidate_3,4,0.0225
191,candidate_1,candidate_4,candidate_2,candidate_3,4,0.0225
192,candidate_1,candidate_4,candidate_2,candidate_3,4,0.0225
193,candidate_1,candidate_4,candidate_2,candidate_3,4,0.0225
194,candidate_1,candidate_4,candidate_2,candidate_3,4,0.0225
195,candidate_1,candidate_4,candidate_2,candidate_3,4,0.0225
196,0,candidate_4,candidate_2,candidate_3,4,0.0225
197,candidate_1,candidate_4,candidate_2,candidate_3,4,0.0225
198,candidate_1,candidate_4,candidate_2,candidate_3,4,0.0225
199,candidate_1,candidate_4,candidate_2,candidate_3,4,0.0225
200,candidate_1,candidate_4,candidate_2,candidate_3,4,0.0225
201,candidate_1,0,candidate_2,candidate_3,4,0.0225
202,candidate_1,candidate_4,candidate_2,candidate_3,4,0.0225
203,candidate_1,candidate_4,candidate_2,candidate_3,4,0.0225
204,candidate_1,candidate_4,candidate_2,candidate_3,4,0.0225
205,candidate_1,candidate_4,candidate_2,candidate_3,4,0.0225
206,candidate_1,candidate_4,candidate_2,candidate_3,4,0.0225
207,candidate_1,candidate_4,candidate_2,candidate_3,4,0.0225
208,candidate_1,candidate_4,candidate_2,candidate_3,4,0.0225
209,0,candidate_4,candidate_2,candidate_3,4,0.0225
210,candidate_1,candidate_4,candidate_2,candidate_3,4,0.0225
211,candidate_1,candidate_4,candidate_2,candidate_3,4,0.0225
212,candidate_1,candidate_4,candidate_2,candidate_3,4,0.0225
213,candidate_1,candidate_4,candidate_2,candidate_3,4,0.0225
214,candidate_1,candidate_4,candidate_2,candidate_3,4,0.0225
215,candidate_1,candidate_4,candidate_2,candidate_3,4,0.0225
216,candidate_1,candidate_4,candidate_2,candidate_3,4,0.0225
217,candidate_1,candidate_4,candidate_2,candidate_3,4,0.0225
218,candidate_1,candidate_4,candidate_2,candidate_3,4,0.0225
219,candidate_1,candidate_4,candidate_2,candidate_3,4,0.0225
220,candidate_1,candidate_4,candidate_2,candidate_3,4,0.0225
221,candidate_1,candidate_4,candidate_2,candidate_3,4,0.0225
222,candidate_1,candidate_4,candidate_2,candidate_3,4,0.0225
223,candidate_1,candidate_4,candidate_2,candidate_3,4,0.0225
224,candidate_1,candidate_4,candidate_2,candidate_3,4,0.0225
225,candidate_1,candidate_4,candidate_2,candidate_3,4,0.0225
226,candidate_1,candidate_4,candidate_2,candidate_3,4,0.0225
227,candidate_1,candidate_4,candidate_2,candidate_3,4,0.0225
228,candidate_1,candidate_4,candidate_2,candidate_3,4,0.0225
229,candidate_1,candidate_4,candidate_2,candidate_3,4,0.0225
230,candidate_1,candidate_4,candidate_2,candidate_3,4,0.0225
231,candidate_1,candidate_4,candidate_2,candidate_3,4,0.0225
232,candidate_1,candidate_4,candidate_2,candidate_3,4,0.0225
233,candidate_1,candidate_4,candidate_2,candidate_3,4,0.0225
234,candidate_1,candidate_4,candidate_2,candidate_3,4,0.0225
235,candidate_1,candidate_4,candidate_2,candidate_3,4,0.0225
236,candidate_1,candidate_4,candidate_2,candidate_3,4,0.0225
237,candidate_1,candidate_4,candidate_2,candidate_3,4,0.0225
238,candidate_1,candidate_4,candidate_2,candidate_3,4,0.0225
239,candidate_1,candidate_4,candidate_2,candidate_3,4,0.0225
240,candidate_1,candidate_4,candidate_2,candidate_3,4,0.0225
241,candidate_1,candidate_4,candidate_2,candidate_3,4,0.0225
242,candidate_1,candidate_4,candidate_2,candidate_3,4,0.0225
243,candidate_1,candidate_4,candidate_2,candidate_3,4,0.0225
244,candidate_1,candidate_4,candidate_2,candidate_3,4,0.0225
245,candidate_1,candidate_4,candidate_2,candidate_3,4,0.0225
246,candidate_1,candidate_4,candidate_2,candidate_3,4,0.0225
247,candidate_1,candidate_4,candidate_2,candidate_3,4,0.0225
248,candidate_1,candidate_4,candidate_2,candidate_3,4,0.0225
249,candidate_1,candidate_4,candidate_2,candidate_3,4,0.0225
250,candidate_1,candidate_4,candidate_2,candidate_3,4,0.0225
251,candidate_1,candidate_4,candidate_2,candidate_3,4,0.0225
252,candidate_1,candidate_4,candidate_2,candidate_3,4,0.0225
253,candidate_1,candidate_4,candidate_2,candidate_3,4,0.0225
254,candidate_1,candidate_4,candidate_2,candidate_3,4,0.0225
255,candidate_1,candidate_4,candidate_2,candidate_3,4,0.0225
256,candidate_1,candidate_4,candidate_2,candidate_3,4,0.0225
257,candidate_1,candidate_4,candidate_2,candidate_3,4,0.0225
258,candidate_1,candidate_4,0,candidate_3,4,0.0225
259,candidate_1,candidate_4,candidate_2,candidate_3,4,0.0225
260,candidate_1,candidate_4,candidate_2,candidate_3,4,0.0225
261,candidate_1,candidate_4,candidate_2,candidate_3,4,0.0225
262,candidate_1,candidate_4,candidate_2,candidate_3,4,0.0225
263,candidate_1,candidate_4,candidate_2,candidate_3,4,0.0225
264,candidate_1,candidate_4,candidate_2,candidate_3,4,0.0225
265,candidate_1,candidate_4,candidate_2,candidate_3,4,0.0225
266,candidate_1,candidate_4,candidate_2,candidate_3,4,0.0225
267,candidate_1,candidate_4,candidate_2,candidate_3,4,0.0225
268,candidate_1,candidate_4,candidate_2,candidate_3,4,0.0225
269,candidate_1,candidate_4,candidate_2,candidate_3,4,0.0225
270,candidate_1,candidate_4,0,candidate_3,4,0.0225
271,candidate_1,candidate_4,candidate_2,candidate_3,4,0.0225
272,candidate_1,candidate_4,candidate_2,candidate_3,4,0.0225
273,candidate_1,candidate_4,candidate_2,candidate_3,4,0.0225
274,candidate_1,candidate_4,candidate_2,candidate_3,4,0.0225
275,candidate_1,candidate_4,candidate_2,candidate_3,4,0.0225
276,candidate_1,candidate_4,candidate_2,candidate_3,4,0.0225
277,candidate_1,candidate_4,candidate_2,candidate_3,4,0.0225
278,candidate_1,candidate_4,candidate_2,candidate_3,4,0.0225
279,candidate_1,candidate_4,candidate_2,candidate_3,4,0.0225
280,candidate_1,candidate_4,candidate_2,candidate_3,4,0.0225
281,candidate_1,candidate_4,candidate_2,candidate_3,4,0.0225
282,candidate_1,candidate_4,candidate_2,candidate_3,4,0.0225
283,candidate_1,candidate_4,candidate_2,candidate_3,4,0.0225
284,candidate_1,candidate_4,candidate_2,candidate_3,4,0.0225
285,candidate_1,0,candidate_2,candidate_3,4,0.0225
286,candidate_1,candidate_4,candidate_2,candidate_3,4,0.0225
287,candidate_1,candidate_4,candidate_2,candidate_3,4,0.0225
288,candidate_1,0,candidate_2,candidate_3,4,0.0225
289,candidate_1,candidate_4,candidate_2,candidate_3,4,0.0225
290,candidate_1,candidate_4,candidate_2,candidate_3,4,0.0225
291,candidate_1,candidate_4,candidate_2,candidate_3,4,0.0225
292,candidate_1,candidate_4,candidate_2,candidate_3,4,0.0225
293,candidate_1,candidate_4,candidate_2,candidate_3,4,0.0225
294,candidate_1,candidate_4,candidate_2,candidate_3,4,0.0225
295,candidate_1,candidate_4,candidate_2,candidate_3,4,0.0225
296,candidate_1,candidate_4,0,candidate_3,4,0.0225
297,candidate_1,candidate_4,candidate_2,candidate_3,4,0.0225
298,candidate_1,candidate_4,candidate_2,candidate_3,4,0.0225
299,candidate_1,candidate_4,candidate_2,candidate_3,4,0.0225
300,candidate_1,candidate_4,candidate_2,candidate_3,4,0.0225
301,candidate_1,candidate_4,candidate_2,candidate_3,4,0.0225
302,candidate_1,candidate_4,candidate_2,candidate_3,4,0.0225
303,candidate_1,candidate_4,0,candidate_3,4,0.0225
304,candidate_1,candidate_4,candidate_2,candidate_3,4,0.0225
305,candidate_1,candidate_4,candidate_2,candidate_3,4,0.0225
306,0,candidate_4,candidate_2,candidate_3,4,0.0225
307,candidate_1,candidate_4,candidate_2,candidate_3,4,0.0225
308,candidate_1,candidate_4,candidate_2,candidate_3,4,0.0225
309,candidate_1,candidate_4,candidate_2,candidate_3,4,0.0225
310,0,candidate_4,candidate_2,candidate_3,4,0.0225
311,candidate_1,candidate_4,candidate_2,candidate_3,4,0.0225
312,candidate_1,candidate_4,candidate_2,candidate_3,4,0.0225
313,candidate_1,candidate_4,candidate_2,candidate_3,4,0.0225
314,candidate_1,candidate_4,candidate_2,candidate_3,4,0.0225
315,candidate_1,candidate_4,candidate_2,candidate_3,4,0.0225
316,candidate_1,candidate_4,candidate_2,candidate_3,4,0.0225
317,candidate_1,candidate_4,candidate_2,candidate_3,4,0.0225
318,candidate_1,candidate_4,candidate_2,candidate_3,4,0.0225
319,candidate_1,candidate_4,candidate_2,0,4,0.0225
320,candidate_1,candidate_4,candidate_2,candidate_3,4,0.0225
321,candidate_1,candidate_4,candidate_2,candidate_3,4,0.0225
322,candidate_1,candidate_4,candidate_2,candidate_3,4,0.0225
323,candidate_1,candidate_4,candidate_2,candidate_3,4,0.0225
324,candidate_1,candidate_4,candidate_2,candidate_3,4,0.0225
325,candidate_1,candidate_4,candidate_2,candidate_3,4,0.0225
326,candidate_1,candidate_4,candidate_2,candidate_3,4,0.0225
327,candidate_1,candidate_4,candidate_2,candidate_3,4,0.0225
328,candidate_1,candidate_4,candidate_2,candidate_3,4,0.0225
329,candidate_1,candidate_4,candidate_2,candidate_3,4,0.0225
330,candidate_1,candidate_4,candidate_2,candidate_3,4,0.0225
331,candidate_1,candidate_4,candidate_2,candidate_3,4,0.0225
332,candidate_1,candidate_4,candidate_2,candidate_3,4,0.0225
333,candidate_1,candidate_4,candidate_2,candidate_3,4,0.0225
334,candidate_1,candidate_4,candidate_2,candidate_3,4,0.0225
335,candidate_1,candidate_4,candidate_2,candidate_3,4,0.0225
336,candidate_1,candidate_4,candidate_2,candidate_3,4,0.0225
337,candidate_1,candidate_4,candidate_2,candidate_3,4,0.0225
338,candidate_1,candidate_4,candidate_2,candidate_3,4,0.0225
339,candidate_1,candidate_4,candidate_2,candidate_3,4,0.0225
340,candidate_1,candidate_4,candidate_2,candidate_3,4,0.0225
341,candidate_1,candidate_4,candidate_2,candidate_3,4,0.0225
342,candidate_1,candidate_4,candidate_2,candidate_3,4,0.0225
343,0,candidate_4,candidate_2,candidate_3,4,0.0225
344,candidate_1,candidate_4,candidate_2,candidate_3,4,0.0225
345,candidate_1,candidate_4,candidate_2,candidate_3,4,0.0225
346,candidate_1,candidate_4,candidate_2,candidate_3,4,0.0225
347,candidate_1,candidate_4,candidate_2,candidate_3,4,0.0225
348,candidate_1,candidate_4,candidate_2,candidate_3,4,0.0225
349,candidate_1,candidate_4,candidate_2,candidate_3,4,0.0225
350,candidate_1,candidate_4,candidate_2,candidate_3,4,0.0225
351,candidate_1,candidate_4,candidate_2,candidate_3,4,0.0225
352,candidate_1,candidate_4,0,candidate_3,4,0.0225
353,candidate_1,candidate_4,candidate_2,candidate_3,4,0.0225
354,candidate_1,candidate_4,0,candidate_3,4,0.0225
355,candidate_1,candidate_4,candidate_2,0,4,0.0225
356,candidate_1,candidate_4,candidate_2,candidate_3,4,0.0225
357,candidate_1,candidate_4,candidate_2,candidate_3,4,0.0225
358,candidate_1,candidate_4,candidate_2,candidate_3,4,0.0225
359,candidate_1,candidate_4,candidate_2,candidate_3,4,0.0225
360,candidate_1,candidate_4,candidate_2,candidate_3,4,0.0225
361,candidate_1,candidate_4,candidate_2,candidate_3,4,0.0225
362,candidate_1,candidate_4,candidate_2,candidate_3,4,0.0225
363,candidate_1,candidate_4,candidate_2,candidate_3,4,0.0225
364,candidate_1,0,candidate_2,candidate_3,4,0.0225
365,candidate_1,candidate_4,candidate_2,candidate_3,4,0.0225
366,candidate_1,0,candidate_2,candidate_3,4,0.0225
367,candidate_1,candidate_4,candidate_2,candidate_3,4,0.0225
368,candidate_1,candidate_4,candidate_2,0,4,0.0225
369,candidate_1,candidate_4,candidate_2,candidate_3,4,0.0225
370,candidate_1,candidate_4,candidate_2,candidate_3,4,0.0225
371,candidate_1,candidate_4,0,candidate_3,4,0.0225
372,candidate_1,candidate_4,candidate_2,candidate_3,4,0.0225
373,candidate_1,candidate_4,candidate_2,candidate_3,4,0.0225
374,candidate_1,candidate_4,candidate_2,candidate_3,4,0.0225
375,candidate_1,candidate_4,candidate_2,candidate_3,4,0.0225
376,candidate_1,candidate_4,candidate_2,candidate_3,4,0.0225
377,candidate_1,candidate_4,candidate_2,candidate_3,4,0.0225
378,candidate_1,candidate_4,candidate_2,candidate_3,4,0.0225
379,candidate_1,candidate_4,candidate_2,candidate_3,4,0.0225
380,candidate_1,candidate_4,candidate_2,candidate_3,4,0.0225
381,candidate_1,candidate_4,candidate_2,candidate_3,4,0.0225
382,candidate_1,candidate_4,candidate_2,candidate_3,4,0.0225
383,candidate_1,candidate_4,candidate_2,candidate_3,4,0.0225
384,candidate_1,candidate_4,candidate_2,candidate_3,4,0.0225
385,candidate_1,candidate_4,candidate_2,candidate_3,4,0.0225
386,candidate_1,candidate_4,candidate_2,candidate_3,4,0.0225
387,candidate_1,candidate_4,candidate_2,candidate_3,4,0.0225
388,candidate_1,candidate_4,candidate_2,candidate_3,4,0.0225
389,candidate_1,candidate_4,candidate_2,candidate_3,4,0.0225
390,candidate_1,candidate_4,candidate_2,candidate_3,4,0.0225
391,candidate_1,candidate_4,candidate_2,candidate_3,4,0.0225
392,candidate_1,candidate_4,candidate_2,candidate_3,4,0.0225
393,candidate_1,candidate_4,candidate_2,candidate_3,4,0.0225
394,candidate_1,candidate_4,candidate_2,candidate_3,4,0.0225
395,candidate_1,candidate_4,candidate_2,candidate_3,4,0.0225
396,candidate_1,candidate_4,candidate_2,candidate_3,4,0.0225
397,candidate_1,candidate_4,candidate_2,candidate_3,4,0.0225
398,candidate_1,candidate_4,candidate_2,candidate_3,4,0.0225
399,candidate_1,candidate_4,candidate_2,candidate_3,4,0.0225
400,candidate_1,candidate_4,candidate_2,candidate_3,4,0.0225
401,candidate_1,candidate_4,candidate_2,0,4,0.0225
402,candidate_1,0,candidate_2,candidate_3,4,0.0225
403,candidate_1,candidate_4,candidate_2,candidate_3,4,0.0225
404,candidate_1,candidate_4,candidate_2,candidate_3,4,0.0225
405,candidate_1,candidate_4,candidate_2,0,4,0.0225
406,candidate_1,candidate_4,candidate_2,candidate_3,4,0.0225
407,candidate_1,candidate_4,candidate_2,candidate_3,4,0.0225
408,candidate_1,candidate_4,candidate_2,candidate_3,4,0.0225
409,candidate_1,candidate_4,candidate_2,candidate_3,4,0.0225
410,candidate_1,candidate_4,candidate_2,candidate_3,4,0.0225
411,candidate_1,candidate_4,candidate_2,candidate_3,4,0.0225
412,candidate_1,candidate_4,candidate_2,candidate_3,4,0.0225
413,candidate_1,candidate_4,candidate_2,candidate_3,4,0.0225
414,candidate_1,candidate_4,candidate_2,candidate_3,4,0.0225
415,candidate_1,candidate_4,candidate_2,0,4,0.0225
416,candidate_1,candidate_4,candidate_2,candidate_3,4,0.0225
417,candidate_1,candidate_4,candidate_2,candidate_3,4,0.0225
418,candidate_1,candidate_4,candidate_2,candidate_3,4,0.0225
419,candidate_1,candidate_4,candidate_2,candidate_3,4,0.0225
420,candidate_1,candidate_4,candidate_2,candidate_3,4,0.0225
421,candidate_1,candidate_4,candidate_2,candidate_3,4,0.0225
422,candidate_1,candidate_4,candidate_2,candidate_3,4,0.0225
423,candidate_1,candidate_4,candidate_2,candidate_3,4,0.0225
424,0,candidate_4,candidate_2,candidate_3,4,0.0225
425,candidate_1,candidate_4,candidate_2,candidate_3,4,0.0225
426,candidate_1,candidate_4,candidate_2,candidate_3,4,0.0225
427,candidate_1,candidate_4,candidate_2,candidate_3,4,0.0225
428,candidate_1,candidate_4,candidate_2,candidate_3,4,0.0225
429,candidate_1,candidate_4,candidate_2,candidate_3,4,0.0225
430,candidate_1,candidate_4,candidate_2,candidate_3,4,0.0225
431,candidate_1,candidate_4,candidate_2,candidate_3,4,0.0225
432,candidate_1,candidate_4,candidate_2,candidate_3,4,0.0225
433,candidate_1,candidate_4,candidate_2,candidate_3,4,0.0225
434,candidate_1,candidate_4,candidate_2,candidate_3,4,0.0225
435,candidate_1,candidate_4,candidate_2,candidate_3,4,0.0225
436,candidate_1,candidate_4,candidate_2,candidate_3,4,0.0225
437,candidate_1,candidate_4,candidate_2,candidate_3,4,0.0225
438,candidate_1,candidate_4,candidate_2,candidate_3,4,0.0225
439,candidate_1,candidate_4,candidate_2,candidate_3,4,0.0225
440,candidate_1,candidate_4,candidate_2,candidate_3,4,0.0225
441,candidate_1,candidate_4,candidate_2,candidate_3,4,0.0225
442,candidate_1,candidate_4,candidate_2,candidate_3,4,0.0225
443,candidate_1,candidate_4,candidate_2,candidate_3,4,0.0225
444,candidate_1,candidate_4,candidate_2,candidate_3,4,0.0225
445,candidate_1,candidate_4,candidate_2,candidate_3,4,0.0225
446,candidate_1,candidate_4,candidate_2,0,4,0.0225
447,candidate_1,candidate_4,candidate_2,candidate_3,4,0.0225
448,candidate_1,candidate_4,candidate_2,candidate_3,4,0.0225
449,candidate_1,candidate_4,candidate_2,candidate_3,4,0.0225
450,candidate_1,candidate_4,candidate_2,candidate_3,4,0.0225
451,0,candidate_4,candidate_2,candidate_3,4,0.0225
452,candidate_1,candidate_4,candidate_2,candidate_3,4,0.0225
453,candidate_1,candidate_4,candidate_2,candidate_3,4,0.0225
454,candidate_1,candidate_4,candidate_2,candidate_3,4,0.0225
455,candidate_1,candidate_4,candidate_2,candidate_3,4,0.0225
456,candidate_1,candidate_4,candidate_2,candidate_3,4,0.0225
457,candidate_1,candidate_4,candidate_2,candidate_3,4,0.0225
458,candidate_1,candidate_4,candidate_2,candidate_3,4,0.0225
459,candidate_1,candidate_4,candidate_2,candidate_3,4,0.0225
460,candidate_1,candidate_4,candidate_2,candidate_3,4,0.0225
461,candidate_1,candidate_4,candidate_2,candidate_3,4,0.0225
462,candidate_1,candidate_4,candidate_2,candidate_3,4,0.0225
463,candidate_1,0,candidate_2,candidate_3,4,0.0225
464,candidate_1,candidate_4,candidate_2,candidate_3,4,0.0225
465,candidate_1,candidate_4,candidate_2,candidate_3,4,0.0225
466,candidate_1,candidate_4,candidate_2,candidate_3,4,0.0225
467,candidate_1,candidate_4,candidate_2,candidate_3,4,0.0225
468,candidate_1,candidate_4,candidate_2,candidate_3,4,0.0225
469,candidate_1,0,candidate_2,candidate_3,4,0.0225
470,candidate_1,candidate_4,candidate_2,candidate_3,4,0.0225
471,candidate_1,candidate_4,candidate_2,candidate_3,4,0.0225
472,candidate_1,candidate_4,candidate_2,candidate_3,4,0.0225
473,candidate_1,candidate_4,candidate_2,candidate_3,4,0.0225
474,candidate_1,candidate_4,candidate_2,candidate_3,4,0.0225
475,candidate_1,candidate_4,candidate_2,candidate_3,4,0.0225
476,candidate_1,candidate_4,candidate_2,candidate_3,4,0.0225
477,candidate_1,candidate_4,candidate_2,candidate_3,4,0.0225
478,candidate_1,candidate_4,candidate_2,0,4,0.0225
479,candidate_1,candidate_4,candidate_2,candidate_3,4,0.0225
480,candidate_1,candidate_4,candidate_2,candidate_3,4,0.0225
481,candidate_1,candidate_4,candidate_2,candidate_3,4,0.0225
482,candidate_1,candidate_4,candidate_2,candidate_3,4,0.0225
483,candidate_1,candidate_4,0,candidate_3,4,0.0225
484,candidate_1,candidate_4,candidate_2,candidate_3,4,0.0225
485,candidate_1,candidate_4,candidate_2,candidate_3,4,0.0225
486,candidate_1,candidate_4,candidate_2,candidate_3,4,0.0225
487,candidate_1,candidate_4,0,candidate_3,4,0.0225
488,candidate_1,candidate_4,candidate_2,candidate_3,4,0.0225
489,candidate_1,candidate_4,candidate_2,candidate_3,4,0.0225
490,candidate_1,candidate_4,candidate_2,candidate_3,4,0.0225
491,candidate_1,candidate_4,candidate_2,candidate_3,4,0.0225
492,candidate_1,candidate_4,candidate_2,candidate_3,4,0.0225
493,candidate_1,candidate_4,candidate_2,candidate_3,4,0.0225
494,candidate_1,candidate_4,candidate_2,candidate_3,4,0.0225
495,candidate_1,candidate_4,0,0,4,0.0225
496,candidate_1,candidate_4,candidate_2,candidate_3,4,0.0225
497,candidate_1,candidate_4,candidate_2,candidate_3,4,0.0225
498,candidate_1,candidate_4,candidate_2,candidate_3,4,0.0225
499,candidate_1,0,candidate_2,candidate_3,4,0.0225
500,0,candidate_4,candidate_2,candidate_3,4,0.0225
501,candidate_1,candidate_4,candidate_2,candidate_3,4,0.0225
502,candidate_1,candidate_4,candidate_2,candidate_3,4,0.0225
503,candidate_1,candidate_4,candidate_2,candidate_3,4,0.0225
504,candidate_1,candidate_4,candidate_2,candidate_3,4,0.0225
505,candidate_1,candidate_4,candidate_2,candidate_3,4,0.0225
506,candidate_1,candidate_4,candidate_2,candidate_3,4,0.0225
507,candidate_1,candidate_4,candidate_2,candidate_3,4,0.0225
508,candidate_1,candidate_4,candidate_2,candidate_3,4,0.0225
509,candidate_1,candidate_4,candidate_2,candidate_3,4,0.0225
510,candidate_1,candidate_4,candidate_2,candidate_3,4,0.0225
511,candidate_1,candidate_4,candidate_2,candidate_3,4,0.0225
512,candidate_1,candidate_4,candidate_2,candidate_3,4,0.0225
513,candidate_1,candidate_4,candidate_2,candidate_3,4,0.0225
514,candidate_1,candidate_4,candidate_2,candidate_3,4,0.0225
515,candidate_1,candidate_4,candidate_2,candidate_3,4,0.0225
516,candidate_1,candidate_4,candidate_2,candidate_3,4,0.0225
517,candidate_1,0,candidate_2,candidate_3,4,0.0225
518,candidate_1,candidate_4,candidate_2,candidate_3,4,0.0225
519,candidate_1,candidate_4,candidate_2,candidate_3,4,0.0225
520,candidate_1,candidate_4,candidate_2,0,4,0.0225
521,candidate_1,candidate_4,candidate_2,candidate_3,4,0.0225
522,candidate_1,candidate_4,candidate_2,candidate_3,4,0.0225
523,candidate_1,candidate_4,candidate_2,candidate_3,4,0.0225
524,candidate_1,candidate_4,candidate_2,candidate_3,4,0.0225
525,candidate_1,candidate_4,candidate_2,candidate_3,4,0.0225
526,candidate_1,candidate_4,candidate_2,candidate_3,4,0.0225
527,candidate_1,candidate_4,candidate_2,candidate_3,4,0.0225
528,0,candidate_4,0,candidate_3,4,0.0225
529,candidate_1,candidate_4,candidate_2,candidate_3,4,0.0225
530,candidate_1,candidate_4,0,candidate_3,4,0.0225
531,candidate_1,candidate_4,candidate_2,candidate_3,4,0.0225
532,candidate_1,candidate_4,candidate_2,candidate_3,4,0.0225
533,candidate_1,0,candidate_2,candidate_3,4,0.0225
534,candidate_1,candidate_4,candidate_2,candidate_3,4,0.0225
535,candidate_1,candidate_4,candidate_2,candidate_3,4,0.0225
536,candidate_1,candidate_4,candidate_2,candidate_3,4,0.0225
537,candidate_1,candidate_4,candidate_2,candidate_3,4,0.0225
538,candidate_1,candidate_4,candidate_2,candidate_3,4,0.0225
539,candidate_1,candidate_4,candidate_2,candidate_3,4,0.0225
540,candidate_1,candidate_4,candidate_2,candidate_3,4,0.0225
541,candidate_1,candidate_4,candidate_2,candidate_3,4,0.0225
542,candidate_1,candidate_4,candidate_2,candidate_3,4,0.0225
543,candidate_1,candidate_4,candidate_2,candidate_3,4,0.0225
544,candidate_1,candidate_4,candidate_2,candidate_3,4,0.0225
545,candidate_1,candidate_4,candidate_2,candidate_3,4,0.0225
546,candidate_1,candidate_4,candidate_2,candidate_3,4,0.0225
547,candidate_1,candidate_4,candidate_2,candidate_3,4,0.0225
548,candidate_1,candidate_4,candidate_2,candidate_3,4,0.0225
549,candidate_1,candidate_4,candidate_2,candidate_3,4,0.0225
550,candidate_1,candidate_4,candidate_2,candidate_3,4,0.0225
551,candidate_1,candidate_4,candidate_2,candidate_3,4,0.0225
552,candidate_1,candidate_4,candidate_2,candidate_3,4,0.0225
553,candidate_1,candidate_4,candidate_2,candidate_3,4,0.0225
554,candidate_1,candidate_4,candidate_2,candidate_3,4,0.0225
555,candidate_1,candidate_4,candidate_2,candidate_3,4,0.0225
556,candidate_1,candidate_4,candidate_2,candidate_3,4,0.0225
557,candidate_1,candidate_4,candidate_2,0,4,0.0225
558,candidate_1,candidate_4,candidate_2,candidate_3,4,0.0225
559,candidate_1,candidate_4,candidate_2,candidate_3,4,0.0225
560,candidate_1,candidate_4,candidate_2,candidate_3,4,0.0225
561,candidate_1,candidate_4,candidate_2,candidate_3,4,0.0225
562,candidate_1,candidate_4,candidate_2,candidate_3,4,0.0225
563,candidate_1,candidate_4,candidate_2,candidate_3,4,0.0225
564,candidate_1,candidate_4,candidate_2,candidate_3,4,0.0225
565,candidate_1,candidate_4,candidate_2,candidate_3,4,0.0225
566,candidate_1,candidate_4,candidate_2,candidate_3,4,0.0225
567,candidate_1,candidate_4,candidate_2,candidate_3,4,0.0225
568,candidate_1,candidate_4,candidate_2,candidate_3,4,0.0225
569,candidate_1,candidate_4,candidate_2,candidate_3,4,0.0225
570,candidate_1,0,candidate_2,candidate_3,4,0.0225
571,candidate_1,candidate_4,candidate_2,candidate_3,4,0.0225
572,candidate_1,candidate_4,candidate_2,candidate_3,4,0.0225
573,candidate_1,candidate_4,candidate_2,candidate_3,4,0.0225
574,candidate_1,candidate_4,candidate_2,candidate_3,4,0.0225
575,candidate_1,candidate_4,candidate_2,candidate_3,4,0.0225
576,candidate_1,0,candidate_2,candidate_3,4,0.0225
577,candidate_1,candidate_4,candidate_2,candidate_3,4,0.0225
578,candidate_1,candidate_4,candidate_2,candidate_3,4,0.0225
579,candidate_1,candidate_4,candidate_2,candidate_3,4,0.0225
580,candidate_1,candidate_4,candidate_2,candidate_3,4,0.0225
581,candidate_1,candidate_4,candidate_2,candidate_3,4,0.0225
582,candidate_1,candidate_4,candidate_2,candidate_3,4,0.0225
583,candidate_1,candidate_4,candidate_2,candidate_3,4,0.0225
584,candidate_1,candidate_4,candidate_2,candidate_3,4,0.0225
585,candidate_1,candidate_4,candidate_2,candidate_3,4,0.0225
586,candidate_1,candidate_4,candidate_2,candidate_3,4,0.0225
587,candidate_1,candidate_4,candidate_2,candidate_3,4,0.0225
588,candidate_1,candidate_4,candidate_2,candidate_3,4,0.0225
589,candidate_1,candidate_4,candidate_2,candidate_3,4,0.0225
590,candidate_1,candidate_4,candidate_2,candidate_3,4,0.0225
591,candidate_1,candidate_4,candidate_2,candidate_3,4,0.0225
592,candidate_1,candidate_4,candidate_2,candidate_3,4,0.0225
593,candidate_1,candidate_4,candidate_2,candidate_3,4,0.0225
594,candidate_1,candidate_4,candidate_2,candidate_3,4,0.0225
595,candidate_1,candidate_4,candidate_2,candidate_3,4,0.0225
596,candidate_1,candidate_4,candidate_2,candidate_3,4,0.0225
597,candidate_1,candidate_4,candidate_2,candidate_3,4,0.0225
598,candidate_1,candidate_4,candidate_2,candidate_3,4,0.0225
599,candidate_1,candidate_4,candidate_2,candidate_3,4,0.0225
600,candidate_1,candidate_4,candidate_2,candidate_3,4,0.0225
601,candidate_1,candidate_4,candidate_2,candidate_3,4,0.0225
602,candidate_1,candidate_4,candidate_2,candidate_3,4,0.0225
603,candidate_1,candidate_4,0,candidate_3,4,0.0225
604,0,candidate_4,candidate_2,candidate_3,4,0.0225
605,candidate_1,0,candidate_2,candidate_3,4,0.0225
606,candidate_1,candidate_4,candidate_2,candidate_3,4,0.0225
607,candidate_1,candidate_4,candidate_2,candidate_3,4,0.0225
608,candidate_1,candidate_4,candidate_2,candidate_3,4,0.0225
609,candidate_1,candidate_4,candidate_2,candidate_3,4,0.0225
610,candidate_1,candidate_4,candidate_2,candidate_3,4,0.0225
611,candidate_1,candidate_4,candidate_2,candidate_3,4,0.0225
612,candidate_1,candidate_4,candidate_2,candidate_3,4,0.0225
613,candidate_1,candidate_4,candidate_2,candidate_3,4,0.0225
614,candidate_1,candidate_4,candidate_2,candidate_3,4,0.0225
615,candidate_1,candidate_4,candidate_2,candidate_3,4,0.0225
616,candidate_1,candidate_4,candidate_2,candidate_3,4,0.0225
617,candidate_1,candidate_4,candidate_2,candidate_3,4,0.0225
618,candidate_1,candidate_4,candidate_2,candidate_3,4,0.0225
619,candidate_1,candidate_4,candidate_2,candidate_3,4,0.0225
620,candidate_1,candidate_4,candidate_2,candidate_3,4,0.0225
621,candidate_1,candidate_4,candidate_2,candidate_3,4,0.0225
622,candidate_1,0,candidate_2,candidate_3,4,0.0225
623,candidate_1,candidate_4,candidate_2,candidate_3,4,0.0225
624,candidate_1,candidate_4,candidate_2,candidate_3,4,0.0225
625,candidate_1,candidate_4,candidate_2,candidate_3,4,0.0225
626,candidate_1,candidate_4,candidate_2,candidate_3,4,0.0225
627,candidate_1,candidate_4,candidate_2,candidate_3,4,0.0225
628,candidate_1,candidate_4,candidate_2,candidate_3,4,0.0225
629,candidate_1,candidate_4,candidate_2,candidate_3,4,0.0225
630,candidate_1,candidate_4,candidate_2,candidate_3,4,0.0225
631,candidate_1,candidate_4,candidate_2,candidate_3,4,0.0225
632,candidate_1,candidate_4,candidate_2,candidate_3,4,0.0225
633,candidate_1,candidate_4,candidate_2,candidate_3,4,0.0225
634,candidate_1,candidate_4,candidate_2,candidate_3,4,0.0225
635,0,candidate_4,candidate_2,candidate_3,4,0.0225
636,0,candidate_4,candidate_2,candidate_3,4,0.0225
637,candidate_1,candidate_4,candidate_2,candidate_3,4,0.0225
638,candidate_1,candidate_4,candidate_2,candidate_3,4,0.0225
639,candidate_1,candidate_4,candidate_2,candidate_3,4,0.0225
640,candidate_1,candidate_4,candidate_2,candidate_3,4,0.0225
641,candidate_1,candidate_4,candidate_2,candidate_3,4,0.0225
642,candidate_1,candidate_4,candidate_2,candidate_3,4,0.0225
643,candidate_1,candidate_4,candidate_2,candidate_3,4,0.0225
644,candidate_1,candidate_4,candidate_2,candidate_3,4,0.0225
645,candidate_1,candidate_4,candidate_2,candidate_3,4,0.0225
646,candidate_1,candidate_4,candidate_2,candidate_3,4,0.0225
647,candidate_1,candidate_4,candidate_2,candidate_3,4,0.0225
648,candidate_1,candidate_4,candidate_2,candidate_3,4,0.0225
649,candidate_1,candidate_4,candidate_2,candidate_3,4,0.0225
650,candidate_1,candidate_4,candidate_2,candidate_3,4,0.0225
651,candidate_1,candidate_4,candidate_2,candidate_3,4,0.0225
652,candidate_1,candidate_4,candidate_2,candidate_3,4,0.0225
653,candidate_1,candidate_4,candidate_2,candidate_3,4,0.0225
654,candidate_1,candidate_4,candidate_2,candidate_3,4,0.0225
655,candidate_1,candidate_4,candidate_2,candidate_3,4,0.0225
656,candidate_1,candidate_4,candidate_2,candidate_3,4,0.0225
657,candidate_1,candidate_4,candidate_2,candidate_3,4,0.0225
658,candidate_1,candidate_4,candidate_2,candidate_3,4,0.0225
659,candidate_1,candidate_4,candidate_2,candidate_3,4,0.0225
660,candidate_1,candidate_4,candidate_2,candidate_3,4,0.0225
661,candidate_1,candidate_4,candidate_2,candidate_3,4,0.0225
662,candidate_1,candidate_4,candidate_2,candidate_3,4,0.0225
663,candidate_1,candidate_4,candidate_2,candidate_3,4,0.0225
664,candidate_1,candidate_4,candidate_2,candidate_3,4,0.0225
665,candidate_1,candidate_4,candidate_2,candidate_3,4,0.0225
666,candidate_1,0,candidate_2,candidate_3,4,0.0225
667,candidate_1,candidate_4,candidate_2,candidate_3,4,0.0225
668,candidate_1,candidate_4,candidate_2,candidate_3,4,0.0225
669,candidate_1,candidate_4,candidate_2,candidate_3,4,0.0225
670,candidate_1,candidate_4,candidate_2,candidate_3,4,0.0225
671,candidate_1,candidate_4,candidate_2,candidate_3,4,0.0225
672,candidate_1,candidate_4,candidate_2,candidate_3,4,0.0225
673,candidate_1,candidate_4,candidate_2,candidate_3,4,0.0225
674,candidate_1,candidate_4,candidate_2,candidate_3,4,0.0225
675,candidate_1,candidate_4,candidate_2,candidate_3,4,0.0225
676,candidate_1,candidate_4,candidate_2,candidate_3,4,0.0225
677,candidate_1,candidate_4,candidate_2,candidate_3,4,0.0225
678,candidate_1,candidate_4,candidate_2,candidate_3,4,0.0225
679,candidate_1,candidate_4,0,candidate_3,4,0.0225
680,candidate_1,candidate_4,candidate_2,candidate_3,4,0.0225
681,candidate_1,candidate_4,candidate_2,candidate_3,4,0.0225
682,candidate_1,candidate_4,candidate_2,candidate_3,4,0.0225
683,candidate_1,candidate_4,candidate_2,candidate_3,4,0.0225
684,candidate_1,candidate_4,candidate_2,candidate_3,4,0.0225
685,candidate_1,candidate_4,candidate_2,candidate_3,4,0.0225
686,candidate_1,candidate_4,candidate_2,candidate_3,4,0.0225
687,0,candidate_4,candidate_2,candidate_3,4,0.0225
688,candidate_1,candidate_4,candidate_2,candidate_3,4,0.0225
689,candidate_1,candidate_4,candidate_2,candidate_3,4,0.0225
690,candidate_1,candidate_4,candidate_2,candidate_3,4,0.0225
691,candidate_1,candidate_4,candidate_2,candidate_3,4,0.0225
692,candidate_1,candidate_4,candidate_2,candidate_3,4,0.0225
693,candidate_1,candidate_4,candidate_2,candidate_3,4,0.0225
694,candidate_1,candidate_4,candidate_2,candidate_3,4,0.0225
695,candidate_1,candidate_4,candidate_2,candidate_3,4,0.0225
696,candidate_1,candidate_4,candidate_2,candidate_3,4,0.0225
697,candidate_1,candidate_4,candidate_2,candidate_3,4,0.0225
698,candidate_1,candidate_4,candidate_2,candidate_3,4,0.0225
699,candidate_1,candidate_4,candidate_2,0,4,0.0225
700,candidate_1,candidate_4,candidate_2,candidate_3,4,0.0225
701,candidate_1,candidate_4,candidate_2,candidate_3,4,0.0225
702,candidate_1,candidate_4,candidate_2,candidate_3,4,0.0225
703,candidate_1,candidate_4,candidate_2,candidate_3,4,0.0225
704,candidate_1,candidate_4,candidate_2,candidate_3,4,0.0225
705,candidate_1,candidate_4,candidate_2,candidate_3,4,0.0225
706,candidate_1,candidate_4,candidate_2,candidate_3,4,0.0225
707,candidate_1,candidate_4,candidate_2,candidate_3,4,0.0225
708,candidate_1,candidate_4,candidate_2,candidate_3,4,0.0225
709,candidate_1,candidate_4,candidate_2,candidate_3,4,0.0225
710,candidate_1,candidate_4,candidate_2,candidate_3,4,0.0225
711,candidate_1,candidate_4,candidate_2,candidate_3,4,0.0225
712,candidate_1,candidate_4,candidate_2,candidate_3,4,0.0225
713,candidate_1,candidate_4,candidate_2,candidate_3,4,0.0225
714,candidate_1,candidate_4,candidate_2,candidate_3,4,0.0225
715,candidate_1,candidate_4,candidate_2,candidate_3,4,0.0225
716,candidate_1,candidate_4,candidate_2,candidate_3,4,0.0225
717,candidate_1,candidate_4,candidate_2,candidate_3,4,0.0225
718,candidate_1,candidate_4,0,candidate_3,4,0.0225
719,candidate_1,0,candidate_2,candidate_3,4,0.0225
720,candidate_1,candidate_4,candidate_2,candidate_3,4,0.0225
721,candidate_1,candidate_4,candidate_2,candidate_3,4,0.0225
722,candidate_1,candidate_4,candidate_2,candidate_3,4,0.0225
723,candidate_1,candidate_4,candidate_2,candidate_3,4,0.0225
724,candidate_1,candidate_4,candidate_2,candidate_3,4,0.0225
725,candidate_1,candidate_4,candidate_2,candidate_3,4,0.0225
726,candidate_1,candidate_4,candidate_2,candidate_3,4,0.0225
727,candidate_1,candidate_4,candidate_2,candidate_3,4,0.0225
728,candidate_1,candidate_4,candidate_2,candidate_3,4,0.0225
729,candidate_1,candidate_4,candidate_2,candidate_3,4,0.0225
730,candidate_1,candidate_4,0,candidate_3,4,0.0225
731,candidate_1,candidate_4,candidate_2,candidate_3,4,0.0225
732,candidate_1,candidate_4,candidate_2,candidate_3,4,0.0225
733,candidate_1,candidate_4,candidate_2,candidate_3,4,0.0225
734,candidate_1,candidate_4,candidate_2,candidate_3,4,0.0225
735,0,candidate_4,candidate_2,candidate_3,4,0.0225
736,candidate_1,candidate_4,candidate_2,candidate_3,4,0.0225
737,candidate_1,candidate_4,candidate_2,candidate_3,4,0.0225
738,candidate_1,candidate_4,candidate_2,candidate_3,4,0.0225
739,candidate_1,candidate_4,candidate_2,candidate_3,4,0.0225
740,candidate_1,candidate_4,candidate_2,candidate_3,4,0.0225
741,candidate_1,candidate_4,candidate_2,candidate_3,4,0.0225
742,candidate_1,candidate_4,candidate_2,candidate_3,4,0.0225
743,candidate_1,candidate_4,candidate_2,candidate_3,4,0.0225
744,candidate_1,candidate_4,candidate_2,candidate_3,4,0.0225
745,candidate_1,candidate_4,candidate_2,candidate_3,4,0.0225
746,candidate_1,candidate_4,candidate_2,candidate_3,4,0.0225
747,candidate_1,candidate_4,candidate_2,candidate_3,4,0.0225
748,candidate_1,candidate_4,candidate_2,candidate_3,4,0.0225
749,candidate_1,candidate_4,candidate_2,candidate_3,4,0.0225
750,candidate_1,candidate_4,candidate_2,candidate_3,4,0.0225
751,candidate_1,candidate_4,candidate_2,0,4,0.0225
752,candidate_1,candidate_4,candidate_2,candidate_3,4,0.0225
753,candidate_1,candidate_4,candidate_2,candidate_3,4,0.0225
754,0,candidate_4,candidate_2,candidate_3,4,0.0225
755,candidate_1,candidate_4,candidate_2,candidate_3,4,0.0225
756,candidate_1,candidate_4,candidate_2,candidate_3,4,0.0225
757,candidate_1,candidate_4,candidate_2,candidate_3,4,0.0225
758,candidate_1,candidate_4,candidate_2,candidate_3,4,0.0225
759,candidate_1,candidate_4,candidate_2,candidate_3,4,0.0225
760,candidate_1,candidate_4,candidate_2,candidate_3,4,0.0225
761,candidate_1,candidate_4,candidate_2,candidate_3,4,0.0225
762,candidate_1,candidate_4,candidate_2,candidate_3,4,0.0225
763,candidate_1,candidate_4,0,candidate_3,4,0.0225
764,candidate_1,candidate_4,candidate_2,candidate_3,4,0.0225
765,candidate_1,candidate_4,candidate_2,candidate_3,4,0.0225
766,candidate_1,candidate_4,candidate_2,candidate_3,4,0.0225
767,candidate_1,candidate_4,candidate_2,candidate_3,4,0.0225
768,candidate_1,0,candidate_2,candidate_3,4,0.0225
769,candidate_1,candidate_4,candidate_2,candidate_3,4,0.0225
770,candidate_1,candidate_4,candidate_2,candidate_3,4,0.0225
771,candidate_1,candidate_4,candidate_2,candidate_3,4,0.0225
772,candidate_1,candidate_4,0,candidate_3,4,0.0225
773,candidate_1,candidate_4,candidate_2,candidate_3,4,0.0225
774,candidate_1,candidate_4,candidate_2,candidate_3,4,0.0225
775,candidate_1,candidate_4,candidate_2,candidate_3,4,0.0225
776,candidate_1,candidate_4,candidate_2,candidate_3,4,0.0225
777,candidate_1,candidate_4,candidate_2,candidate_3,4,0.0225
778,candidate_1,candidate_4,candidate_2,candidate_3,4,0.0225
779,candidate_1,candidate_4,candidate_2,candidate_3,4,0.0225
780,candidate_1,candidate_4,candidate_2,candidate_3,4,0.0225
781,candidate_1,candidate_4,candidate_2,candidate_3,4,0.0225
782,candidate_1,candidate_4,candidate_2,candidate_3,4,0.0225
783,candidate_1,candidate_4,candidate_2,candidate_3,4,0.0225
784,candidate_1,candidate_4,candidate_2,candidate_3,4,0.0225
785,candidate_1,candidate_4,candidate_2,candidate_3,4,0.0225
786,candidate_1,candidate_4,candidate_2,candidate_3,4,0.0225
787,candidate_1,candidate_4,candidate_2,candidate_3,4,0.0225
788,candidate_1,candidate_4,candidate_2,candidate_3,4,0.0225
789,candidate_1,candidate_4,candidate_2,0,4,0.0225
790,candidate_1,candidate_4,candidate_2,candidate_3,4,0.0225
791,candidate_1,candidate_4,candidate_2,candidate_3,4,0.0225
792,candidate_1,candidate_4,candidate_2,candidate_3,4,0.0225
793,candidate_1,candidate_4,candidate_2,candidate_3,4,0.0225
794,candidate_1,0,candidate_2,candidate_3,4,0.0225
795,candidate_1,candidate_4,candidate_2,candidate_3,4,0.0225
796,candidate_1,0,candidate_2,candidate_3,4,0.0225
797,candidate_1,candidate_4,candidate_2,candidate_3,4,0.0225
798,candidate_1,candidate_4,candidate_2,candidate_3,4,0.0225
799,candidate_1,candidate_4,candidate_2,candidate_3,4,0.0225
800,candidate_1,candidate_4,candidate_2,candidate_3,4,0.0225
801,candidate_1,candidate_4,candidate_2,0,4,0.0225
802,candidate_1,candidate_4,candidate_2,candidate_3,4,0.0225
803,candidate_1,candidate_4,candidate_2,candidate_3,4,0.0225
804,candidate_1,candidate_4,candidate_2,candidate_3,4,0.0225
805,candidate_1,candidate_4,candidate_2,candidate_3,4,0.0225
806,candidate_1,candidate_4,candidate_2,candidate_3,4,0.0225
807,candidate_1,candidate_4,candidate_2,candidate_3,4,0.0225
0,candidate_1,candidate_4,candidate_3,candidate_2,4,0.0225
1,candidate_1,0,candidate_3,candidate_2,4,0.0225
2,candidate_1,candidate_4,candidate_3,candidate_2,4,0.0225
3,candidate_1,candidate_4,candidate_3,candidate_2,4,0.0225
4,candidate_1,candidate_4,candidate_3,candidate_2,4,0.0225
5,candidate_1,candidate_4,candidate_3,candidate_2,4,0.0225
6,0,candidate_4,candidate_3,candidate_2,4,0.0225
7,candidate_1,candidate_4,candidate_3,candidate_2,4,0.0225
8,candidate_1,candidate_4,candidate_3,candidate_2,4,0.0225
9,candidate_1,candidate_4,candidate_3,0,4,0.0225
10,candidate_1,candidate_4,candidate_3,candidate_2,4,0.0225
11,candidate_1,candidate_4,candidate_3,candidate_2,4,0.0225
12,0,candidate_4,candidate_3,candidate_2,4,0.0225
13,candidate_1,0,candidate_3,candidate_2,4,0.0225
14,candidate_1,candidate_4,candidate_3,candidate_2,4,0.0225
15,candidate_1,candidate_4,candidate_3,candidate_2,4,0.0225
16,candidate_1,candidate_4,candidate_3,candidate_2,4,0.0225
17,candidate_1,candidate_4,candidate_3,candidate_2,4,0.0225
18,candidate_1,candidate_4,candidate_3,candidate_2,4,0.0225
19,candidate_1,candidate_4,candidate_3,candidate_2,4,0.0225
20,0,candidate_4,candidate_3,candidate_2,4,0.0225
21,candidate_1,candidate_4,candidate_3,candidate_2,4,0.0225
22,candidate_1,candidate_4,candidate_3,candidate_2,4,0.0225
23,candidate_1,candidate_4,candidate_3,candidate_2,4,0.0225
24,candidate_1,candidate_4,candidate_3,candidate_2,4,0.0225
25,candidate_1,candidate_4,candidate_3,candidate_2,4,0.0225
26,candidate_1,candidate_4,candidate_3,candidate_2,4,0.0225
27,candidate_1,0,candidate_3,candidate_2,4,0.0225
28,candidate_1,candidate_4,candidate_3,candidate_2,4,0.0225
29,candidate_1,candidate_4,candidate_3,candidate_2,4,0.0225
30,candidate_1,candidate_4,candidate_3,candidate_2,4,0.0225
31,candidate_1,candidate_4,candidate_3,candidate_2,4,0.0225
32,candidate_1,candidate_4,candidate_3,candidate_2,4,0.0225
33,candidate_1,candidate_4,candidate_3,candidate_2,4,0.0225
34,candidate_1,candidate_4,candidate_3,candidate_2,4,0.0225
35,candidate_1,candidate_4,candidate_3,candidate_2,4,0.0225
36,candidate_1,candidate_4,candidate_3,candidate_2,4,0.0225
37,candidate_1,candidate_4,candidate_3,candidate_2,4,0.0225
38,candidate_1,candidate_4,candidate_3,candidate_2,4,0.0225
39,candidate_1,candidate_4,candidate_3,candidate_2,4,0.0225
40,candidate_1,candidate_4,candidate_3,candidate_2,4,0.0225
41,candidate_1,candidate_4,candidate_3,candidate_2,4,0.0225
42,candidate_1,candidate_4,candidate_3,candidate_2,4,0.0225
43,candidate_1,candidate_4,candidate_3,candidate_2,4,0.0225
44,candidate_1,candidate_4,candidate_3,candidate_2,4,0.0225
45,candidate_1,candidate_4,candidate_3,candidate_2,4,0.0225
46,candidate_1,candidate_4,candidate_3,candidate_2,4,0.0225
47,0,candidate_4,candidate_3,candidate_2,4,0.0225
48,candidate_1,candidate_4,candidate_3,0,4,0.0225
49,candidate_1,candidate_4,candidate_3,candidate_2,4,0.0225
50,candidate_1,candidate_4,candidate_3,candidate_2,4,0.0225
51,candidate_1,candidate_4,candidate_3,candidate_2,4,0.0225
52,candidate_1,candidate_4,candidate_3,candidate_2,4,0.0225
53,candidate_1,candidate_4,candidate_3,candidate_2,4,0.0225
54,candidate_1,candidate_4,candidate_3,candidate_2,4,0.0225
55,candidate_1,candidate_4,candidate_3,candidate_2,4,0.0225
56,candidate_1,0,candidate_3,candidate_2,4,0.0225
57,candidate_1,0,candidate_3,candidate_2,4,0.0225
58,candidate_1,candidate_4,candidate_3,candidate_2,4,0.0225
59,candidate_1,candidate_4,candidate_3,candidate_2,4,0.0225
60,candidate_1,candidate_4,candidate_3,candidate_2,4,0.0225
61,candidate_1,candidate_4,candidate_3,candidate_2,4,0.0225
62,candidate_1,candidate_4,candidate_3,candidate_2,4,0.0225
63,candidate_1,candidate_4,candidate_3,candidate_2,4,0.0225
64,candidate_1,candidate_4,candidate_3,candidate_2,4,0.0225
65,candidate_1,candidate_4,candidate_3,candidate_2,4,0.0225
66,candidate_1,candidate_4,candidate_3,candidate_2,4,0.0225
67,candidate_1,candidate_4,candidate_3,0,4,0.0225
68,candidate_1,candidate_4,candidate_3,candidate_2,4,0.0225
69,candidate_1,candidate_4,candidate_3,candidate_2,4,0.0225
70,candidate_1,candidate_4,0,candidate_2,4,0.0225
71,candidate_1,candidate_4,candidate_3,candidate_2,4,0.0225
72,candidate_1,candidate_4,candidate_3,candidate_2,4,0.0225
73,candidate_1,candidate_4,candidate_3,candidate_2,4,0.0225
74,candidate_1,candidate_4,candidate_3,candidate_2,4,0.0225
75,candidate_1,candidate_4,candidate_3,candidate_2,4,0.0225
76,candidate_1,candidate_4,candidate_3,candidate_2,4,0.0225
77,candidate_1,candidate_4,candidate_3,candidate_2,4,0.0225
78,candidate_1,candidate_4,candidate_3,candidate_2,4,0.0225
79,candidate_1,candidate_4,candidate_3,candidate_2,4,0.0225
80,candidate_1,candidate_4,candidate_3,candidate_2,4,0.0225
81,candidate_1,candidate_4,candidate_3,candidate_2,4,0.0225
82,candidate_1,candidate_4,candidate_3,candidate_2,4,0.0225
83,candidate_1,candidate_4,candidate_3,candidate_2,4,0.0225
84,candidate_1,candidate_4,candidate_3,candidate_2,4,0.0225
85,candidate_1,candidate_4,candidate_3,candidate_2,4,0.0225
86,candidate_1,candidate_4,candidate_3,candidate_2,4,0.0225
87,candidate_1,candidate_4,candidate_3,candidate_2,4,0.0225
88,candidate_1,candidate_4,candidate_3,candidate_2,4,0.0225
89,candidate_1,candidate_4,candidate_3,candidate_2,4,0.0225
90,candidate_1,candidate_4,candidate_3,candidate_2,4,0.0225
91,candidate_1,candidate_4,candidate_3,candidate_2,4,0.0225
92,candidate_1,candidate_4,candidate_3,candidate_2,4,0.0225
93,candidate_1,candidate_4,candidate_3,candidate_2,4,0.0225
94,candidate_1,candidate_4,candidate_3,candidate_2,4,0.0225
95,candidate_1,candidate_4,candidate_3,candidate_2,4,0.0225
96,candidate_1,candidate_4,candidate_3,candidate_2,4,0.0225
97,candidate_1,candidate_4,candidate_3,candidate_2,4,0.0225
98,candidate_1,candidate_4,candidate_3,candidate_2,4,0.0225
99,candidate_1,candidate_4,candidate_3,candidate_2,4,0.0225
100,candidate_1,candidate_4,candidate_3,candidate_2,4,0.0225
101,candidate_1,candidate_4,candidate_3,candidate_2,4,0.0225
102,candidate_1,candidate_4,candidate_3,candidate_2,4,0.0225
103,candidate_1,candidate_4,candidate_3,candidate_2,4,0.0225
104,candidate_1,candidate_4,candidate_3,candidate_2,4,0.0225
105,candidate_1,candidate_4,candidate_3,candidate_2,4,0.0225
106,candidate_1,candidate_4,candidate_3,candidate_2,4,0.0225
107,candidate_1,candidate_4,candidate_3,candidate_2,4,0.0225
108,candidate_1,candidate_4,candidate_3,candidate_2,4,0.0225
109,candidate_1,0,candidate_3,candidate_2,4,0.0225
110,candidate_1,candidate_4,candidate_3,candidate_2,4,0.0225
111,candidate_1,candidate_4,candidate_3,candidate_2,4,0.0225
112,candidate_1,candidate_4,candidate_3,candidate_2,4,0.0225
113,candidate_1,candidate_4,candidate_3,candidate_2,4,0.0225
114,candidate_1,candidate_4,candidate_3,candidate_2,4,0.0225
115,candidate_1,candidate_4,candidate_3,candidate_2,4,0.0225
116,candidate_1,candidate_4,candidate_3,candidate_2,4,0.0225
117,candidate_1,candidate_4,candidate_3,candidate_2,4,0.0225
118,candidate_1,candidate_4,candidate_3,candidate_2,4,0.0225
119,candidate_1,candidate_4,candidate_3,candidate_2,4,0.0225
120,candidate_1,candidate_4,candidate_3,candidate_2,4,0.0225
121,candidate_1,candidate_4,candidate_3,candidate_2,4,0.0225
122,candidate_1,candidate_4,candidate_3,candidate_2,4,0.0225
123,candidate_1,candidate_4,candidate_3,candidate_2,4,0.0225
124,candidate_1,candidate_4,candidate_3,candidate_2,4,0.0225
125,candidate_1,candidate_4,candidate_3,candidate_2,4,0.0225
126,candidate_1,candidate_4,candidate_3,candidate_2,4,0.0225
127,candidate_1,candidate_4,candidate_3,candidate_2,4,0.0225
128,candidate_1,candidate_4,candidate_3,candidate_2,4,0.0225
129,candidate_1,candidate_4,candidate_3,candidate_2,4,0.0225
130,candidate_1,candidate_4,candidate_3,candidate_2,4,0.0225
131,0,candidate_4,candidate_3,candidate_2,4,0.0225
132,candidate_1,candidate_4,candidate_3,candidate_2,4,0.0225
133,candidate_1,candidate_4,candidate_3,candidate_2,4,0.0225
134,candidate_1,candidate_4,candidate_3,candidate_2,4,0.0225
135,candidate_1,candidate_4,0,candidate_2,4,0.0225
136,candidate_1,candidate_4,candidate_3,candidate_2,4,0.0225
137,candidate_1,candidate_4,candidate_3,candidate_2,4,0.0225
138,candidate_1,candidate_4,candidate_3,candidate_2,4,0.0225
139,candidate_1,candidate_4,candidate_3,candidate_2,4,0.0225
140,candidate_1,candidate_4,candidate_3,candidate_2,4,0.0225
141,candidate_1,candidate_4,candidate_3,candidate_2,4,0.0225
142,candidate_1,candidate_4,candidate_3,candidate_2,4,0.0225
143,candidate_1,candidate_4,0,candidate_2,4,0.0225
144,candidate_1,candidate_4,candidate_3,candidate_2,4,0.0225
145,candidate_1,0,candidate_3,candidate_2,4,0.0225
146,candidate_1,candidate_4,candidate_3,candidate_2,4,0.0225
147,candidate_1,candidate_4,candidate_3,candidate_2,4,0.0225
148,candidate_1,candidate_4,candidate_3,candidate_2,4,0.0225
149,candidate_1,candidate_4,candidate_3,candidate_2,4,0.0225
150,candidate_1,candidate_4,candidate_3,candidate_2,4,0.0225
151,candidate_1,candidate_4,candidate_3,candidate_2,4,0.0225
152,0,candidate_4,candidate_3,candidate_2,4,0.0225
153,candidate_1,candidate_4,candidate_3,candidate_2,4,0.0225
154,candidate_1,candidate_4,candidate_3,candidate_2,4,0.0225
155,candidate_1,candidate_4,candidate_3,candidate_2,4,0.0225
156,candidate_1,candidate_4,candidate_3,candidate_2,4,0.0225
157,candidate_1,candidate_4,candidate_3,candidate_2,4,0.0225
158,candidate_1,candidate_4,candidate_3,candidate_2,4,0.0225
159,candidate_1,candidate_4,candidate_3,candidate_2,4,0.0225
160,candidate_1,candidate_4,candidate_3,candidate_2,4,0.0225
161,candidate_1,candidate_4,candidate_3,candidate_2,4,0.0225
162,candidate_1,candidate_4,candidate_3,candidate_2,4,0.0225
163,candidate_1,candidate_4,candidate_3,candidate_2,4,0.0225
164,candidate_1,candidate_4,candidate_3,candidate_2,4,0.0225
165,candidate_1,candidate_4,candidate_3,candidate_2,4,0.0225
166,candidate_1,candidate_4,candidate_3,candidate_2,4,0.0225
167,candidate_1,candidate_4,candidate_3,candidate_2,4,0.0225
168,candidate_1,candidate_4,candidate_3,candidate_2,4,0.0225
169,candidate_1,candidate_4,candidate_3,candidate_2,4,0.0225
170,candidate_1,candidate_4,candidate_3,candidate_2,4,0.0225
171,candidate_1,candidate_4,candidate_3,candidate_2,4,0.0225
172,candidate_1,candidate_4,candidate_3,candidate_2,4,0.0225
173,candidate_1,candidate_4,candidate_3,candidate_2,4,0.0225
174,candidate_1,candidate_4,candidate_3,candidate_2,4,0.0225
175,candidate_1,candidate_4,candidate_3,candidate_2,4,0.0225
176,candidate_1,candidate_4,candidate_3,candidate_2,4,0.0225
177,candidate_1,candidate_4,candidate_3,candidate_2,4,0.0225
178,candidate_1,candidate_4,candidate_3,candidate_2,4,0.0225
179,candidate_1,candidate_4,candidate_3,candidate_2,4,0.0225
180,candidate_1,candidate_4,candidate_3,candidate_2,4,0.0225
181,candidate_1,candidate_4,candidate_3,candidate_2,4,0.0225
182,candidate_1,candidate_4,candidate_3,candidate_2,4,0.0225
183,candidate_1,candidate_4,candidate_3,candidate_2,4,0.0225
184,candidate_1,candidate_4,candidate_3,candidate_2,4,0.0225
185,candidate_1,candidate_4,candidate_3,candidate_2,4,0.0225
186,candidate_1,candidate_4,candidate_3,candidate_2,4,0.0225
187,candidate_1,candidate_4,candidate_3,candidate_2,4,0.0225
188,candidate_1,candidate_4,candidate_3,candidate_2,4,0.0225
189,candidate_1,candidate_4,candidate_3,candidate_2,4,0.0225
190,candidate_1,candidate_4,candidate_3,candidate_2,4,0.0225
191,candidate_1,candidate_4,candidate_3,candidate_2,4,0.0225
192,candidate_1,candidate_4,candidate_3,candidate_2,4,0.0225
193,candidate_1,candidate_4,candidate_3,candidate_2,4,0.0225
194,candidate_1,candidate_4,candidate_3,candidate_2,4,0.0225
195,0,candidate_4,candidate_3,candidate_2,4,0.0225
196,candidate_1,candidate_4,candidate_3,candidate_2,4,0.0225
197,candidate_1,candidate_4,candidate_3,candidate_2,4,0.0225
198,candidate_1,candidate_4,candidate_3,candidate_2,4,0.0225
199,candidate_1,candidate_4,candidate_3,candidate_2,4,0.0225
200,candidate_1,candidate_4,candidate_3,candidate_2,4,0.0225
201,candidate_1,candidate_4,candidate_3,candidate_2,4,0.0225
202,candidate_1,candidate_4,candidate_3,candidate_2,4,0.0225
203,candidate_1,candidate_4,candidate_3,candidate_2,4,0.0225
204,candidate_1,candidate_4,candidate_3,candidate_2,4,0.0225
205,candidate_1,candidate_4,candidate_3,candidate_2,4,0.0225
206,candidate_1,candidate_4,candidate_3,candidate_2,4,0.0225
207,candidate_1,candidate_4,candidate_3,candidate_2,4,0.0225
208,candidate_1,candidate_4,candidate_3,candidate_2,4,0.0225
209,candidate_1,candidate_4,candidate_3,candidate_2,4,0.0225
210,candidate_1,candidate_4,candidate_3,candidate_2,4,0.0225
211,candidate_1,candidate_4,candidate_3,candidate_2,4,0.0225
212,candidate_1,candidate_4,candidate_3,candidate_2,4,0.0225
213,candidate_1,candidate_4,candidate_3,candidate_2,4,0.0225
214,candidate_1,candidate_4,candidate_3,candidate_2,4,0.0225
215,candidate_1,candidate_4,candidate_3,candidate_2,4,0.0225
216,candidate_1,candidate_4,candidate_3,candidate_2,4,0.0225
217,candidate_1,0,candidate_3,candidate_2,4,0.0225
218,candidate_1,candidate_4,candidate_3,candidate_2,4,0.0225
219,candidate_1,candidate_4,candidate_3,candidate_2,4,0.0225
220,candidate_1,candidate_4,candidate_3,candidate_2,4,0.0225
221,candidate_1,candidate_4,candidate_3,candidate_2,4,0.0225
222,candidate_1,candidate_4,candidate_3,candidate_2,4,0.0225
223,candidate_1,candidate_4,candidate_3,candidate_2,4,0.0225
224,0,candidate_4,candidate_3,candidate_2,4,0.0225
225,candidate_1,candidate_4,candidate_3,candidate_2,4,0.0225
226,candidate_1,candidate_4,candidate_3,candidate_2,4,0.0225
227,candidate_1,candidate_4,candidate_3,candidate_2,4,0.0225
228,candidate_1,candidate_4,candidate_3,candidate_2,4,0.0225
229,candidate_1,candidate_4,candidate_3,candidate_2,4,0.0225
230,candidate_1,candidate_4,candidate_3,candidate_2,4,0.0225
231,candidate_1,candidate_4,candidate_3,candidate_2,4,0.0225
232,candidate_1,candidate_4,candidate_3,candidate_2,4,0.0225
233,candidate_1,candidate_4,candidate_3,0,4,0.0225
234,candidate_1,candidate_4,candidate_3,candidate_2,4,0.0225
235,candidate_1,candidate_4,candidate_3,candidate_2,4,0.0225
236,candidate_1,candidate_4,candidate_3,candidate_2,4,0.0225
237,candidate_1,candidate_4,candidate_3,candidate_2,4,0.0225
238,candidate_1,candidate_4,candidate_3,candidate_2,4,0.0225
239,candidate_1,candidate_4,candidate_3,candidate_2,4,0.0225
240,candidate_1,candidate_4,candidate_3,candidate_2,4,0.0225
241,candidate_1,candidate_4,candidate_3,candidate_2,4,0.0225
242,candidate_1,candidate_4,candidate_3,candidate_2,4,0.0225
243,candidate_1,candidate_4,candidate_3,candidate_2,4,0.0225
244,candidate_1,candidate_4,candidate_3,candidate_2,4,0.0225
245,candidate_1,candidate_4,candidate_3,candidate_2,4,0.0225
246,candidate_1,candidate_4,candidate_3,candidate_2,4,0.0225
247,candidate_1,candidate_4,candidate_3,candidate_2,4,0.0225
248,candidate_1,candidate_4,candidate_3,candidate_2,4,0.0225
249,candidate_1,candidate_4,candidate_3,candidate_2,4,0.0225
250,candidate_1,candidate_4,candidate_3,candidate_2,4,0.0225
251,candidate_1,candidate_4,candidate_3,candidate_2,4,0.0225
252,candidate_1,candidate_4,candidate_3,candidate_2,4,0.0225
253,candidate_1,candidate_4,candidate_3,candidate_2,4,0.0225
254,candidate_1,candidate_4,candidate_3,candidate_2,4,0.0225
255,candidate_1,candidate_4,candidate_3,candidate_2,4,0.0225
256,candidate_1,candidate_4,candidate_3,candidate_2,4,0.0225
257,candidate_1,candidate_4,candidate_3,candidate_2,4,0.0225
258,candidate_1,candidate_4,candidate_3,candidate_2,4,0.0225
259,candidate_1,candidate_4,candidate_3,candidate_2,4,0.0225
260,candidate_1,candidate_4,candidate_3,candidate_2,4,0.0225
261,candidate_1,candidate_4,candidate_3,candidate_2,4,0.0225
262,candidate_1,candidate_4,candidate_3,candidate_2,4,0.0225
263,candidate_1,candidate_4,candidate_3,candidate_2,4,0.0225
264,candidate_1,candidate_4,candidate_3,candidate_2,4,0.0225
265,candidate_1,candidate_4,candidate_3,candidate_2,4,0.0225
266,candidate_1,candidate_4,candidate_3,candidate_2,4,0.0225
267,candidate_1,candidate_4,candidate_3,candidate_2,4,0.0225
268,candidate_1,candidate_4,candidate_3,candidate_2,4,0.0225
269,candidate_1,candidate_4,candidate_3,candidate_2,4,0.0225
270,candidate_1,candidate_4,candidate_3,candidate_2,4,0.0225
271,candidate_1,candidate_4,candidate_3,candidate_2,4,0.0225
272,candidate_1,candidate_4,candidate_3,candidate_2,4,0.0225
273,candidate_1,candidate_4,candidate_3,candidate_2,4,0.0225
274,candidate_1,candidate_4,candidate_3,candidate_2,4,0.0225
275,candidate_1,candidate_4,candidate_3,candidate_2,4,0.0225
276,candidate_1,candidate_4,candidate_3,candidate_2,4,0.0225
277,candidate_1,candidate_4,candidate_3,candidate_2,4,0.0225
278,candidate_1,0,candidate_3,candidate_2,4,0.0225
279,candidate_1,candidate_4,candidate_3,candidate_2,4,0.0225
280,0,candidate_4,candidate_3,candidate_2,4,0.0225
281,candidate_1,candidate_4,candidate_3,candidate_2,4,0.0225
282,candidate_1,candidate_4,candidate_3,candidate_2,4,0.0225
283,candidate_1,candidate_4,candidate_3,candidate_2,4,0.0225
284,candidate_1,candidate_4,candidate_3,candidate_2,4,0.0225
285,candidate_1,candidate_4,candidate_3,candidate_2,4,0.0225
286,candidate_1,candidate_4,candidate_3,candidate_2,4,0.0225
287,candidate_1,candidate_4,candidate_3,candidate_2,4,0.0225
288,candidate_1,candidate_4,candidate_3,candidate_2,4,0.0225
289,candidate_1,candidate_4,candidate_3,candidate_2,4,0.0225
290,candidate_1,candidate_4,0,candidate_2,4,0.0225
291,candidate_1,candidate_4,candidate_3,candidate_2,4,0.0225
292,candidate_1,candidate_4,candidate_3,candidate_2,4,0.0225
293,candidate_1,candidate_4,candidate_3,candidate_2,4,0.0225
294,candidate_1,candidate_4,0,candidate_2,4,0.0225
295,candidate_1,candidate_4,candidate_3,0,4,0.0225
296,candidate_1,candidate_4,candidate_3,candidate_2,4,0.0225
297,candidate_1,candidate_4,candidate_3,candidate_2,4,0.0225
298,candidate_1,candidate_4,candidate_3,candidate_2,4,0.0225
299,candidate_1,candidate_4,candidate_3,candidate_2,4,0.0225
300,candidate_1,candidate_4,candidate_3,candidate_2,4,0.0225
301,0,candidate_4,candidate_3,candidate_2,4,0.0225
302,candidate_1,candidate_4,candidate_3,candidate_2,4,0.0225
303,candidate_1,candidate_4,candidate_3,candidate_2,4,0.0225
304,candidate_1,candidate_4,candidate_3,candidate_2,4,0.0225
305,candidate_1,candidate_4,candidate_3,candidate_2,4,0.0225
306,candidate_1,candidate_4,candidate_3,candidate_2,4,0.0225
307,candidate_1,candidate_4,candidate_3,candidate_2,4,0.0225
308,candidate_1,candidate_4,candidate_3,candidate_2,4,0.0225
309,candidate_1,candidate_4,candidate_3,candidate_2,4,0.0225
310,candidate_1,candidate_4,candidate_3,candidate_2,4,0.0225
311,candidate_1,candidate_4,candidate_3,candidate_2,4,0.0225
312,candidate_1,candidate_4,candidate_3,candidate_2,4,0.0225
313,candidate_1,candidate_4,candidate_3,candidate_2,4,0.0225
314,candidate_1,candidate_4,candidate_3,candidate_2,4,0.0225
315,candidate_1,candidate_4,candidate_3,candidate_2,4,0.0225
316,candidate_1,candidate_4,0,candidate_2,4,0.0225
317,candidate_1,candidate_4,candidate_3,candidate_2,4,0.0225
318,candidate_1,candidate_4,candidate_3,candidate_2,4,0.0225
319,candidate_1,candidate_4,candidate_3,candidate_2,4,0.0225
320,candidate_1,0,candidate_3,candidate_2,4,0.0225
321,candidate_1,candidate_4,candidate_3,candidate_2,4,0.0225
322,candidate_1,candidate_4,candidate_3,candidate_2,4,0.0225
323,candidate_1,candidate_4,candidate_3,candidate_2,4,0.0225
324,candidate_1,candidate_4,candidate_3,candidate_2,4,0.0225
325,0,candidate_4,candidate_3,candidate_2,4,0.0225
326,candidate_1,candidate_4,candidate_3,candidate_2,4,0.0225
327,candidate_1,candidate_4,candidate_3,candidate_2,4,0.0225
328,candidate_1,candidate_4,candidate_3,candidate_2,4,0.0225
329,candidate_1,candidate_4,candidate_3,candidate_2,4,0.0225
330,candidate_1,candidate_4,candidate_3,candidate_2,4,0.0225
331,candidate_1,0,candidate_3,candidate_2,4,0.0225
332,candidate_1,candidate_4,candidate_3,candidate_2,4,0.0225
333,candidate_1,candidate_4,candidate_3,candidate_2,4,0.0225
334,candidate_1,candidate_4,candidate_3,candidate_2,4,0.0225
335,candidate_1,candidate_4,candidate_3,candidate_2,4,0.0225
336,candidate_1,candidate_4,candidate_3,candidate_2,4,0.0225
337,candidate_1,candidate_4,candidate_3,candidate_2,4,0.0225
338,candidate_1,candidate_4,candidate_3,candidate_2,4,0.0225
339,candidate_1,candidate_4,candidate_3,candidate_2,4,0.0225
340,candidate_1,candidate_4,candidate_3,candidate_2,4,0.0225
341,0,candidate_4,candidate_3,candidate_2,4,0.0225
342,candidate_1,candidate_4,candidate_3,candidate_2,4,0.0225
343,candidate_1,candidate_4,candidate_3,candidate_2,4,0.0225
344,0,candidate_4,candidate_3,candidate_2,4,0.0225
345,candidate_1,candidate_4,candidate_3,candidate_2,4,0.0225
346,candidate_1,candidate_4,candidate_3,candidate_2,4,0.0225
347,candidate_1,candidate_4,candidate_3,candidate_2,4,0.0225
348,candidate_1,candidate_4,candidate_3,candidate_2,4,0.0225
349,candidate_1,candidate_4,candidate_3,candidate_2,4,0.0225
350,candidate_1,candidate_4,candidate_3,candidate_2,4,0.0225
351,candidate_1,candidate_4,candidate_3,candidate_2,4,0.0225
352,candidate_1,candidate_4,candidate_3,candidate_2,4,0.0225
353,candidate_1,candidate_4,candidate_3,candidate_2,4,0.0225
354,candidate_1,candidate_4,0,candidate_2,4,0.0225
355,candidate_1,candidate_4,candidate_3,candidate_2,4,0.0225
356,candidate_1,candidate_4,candidate_3,candidate_2,4,0.0225
357,candidate_1,candidate_4,candidate_3,candidate_2,4,0.0225
358,candidate_1,candidate_4,candidate_3,candidate_2,4,0.0225
359,candidate_1,candidate_4,candidate_3,candidate_2,4,0.0225
360,0,candidate_4,candidate_3,candidate_2,4,0.0225
361,candidate_1,candidate_4,candidate_3,candidate_2,4,0.0225
362,candidate_1,candidate_4,candidate_3,candidate_2,4,0.0225
363,candidate_1,candidate_4,candidate_3,candidate_2,4,0.0225
364,candidate_1,candidate_4,candidate_3,candidate_2,4,0.0225
365,candidate_1,candidate_4,candidate_3,candidate_2,4,0.0225
366,candidate_1,candidate_4,candidate_3,0,4,0.0225
367,candidate_1,candidate_4,candidate_3,candidate_2,4,0.0225
368,candidate_1,candidate_4,candidate_3,candidate_2,4,0.0225
369,candidate_1,candidate_4,candidate_3,candidate_2,4,0.0225
370,candidate_1,candidate_4,candidate_3,candidate_2,4,0.0225
371,candidate_1,0,candidate_3,candidate_2,4,0.0225
372,candidate_1,candidate_4,candidate_3,candidate_2,4,0.0225
373,candidate_1,candidate_4,candidate_3,candidate_2,4,0.0225
374,candidate_1,candidate_4,candidate_3,candidate_2,4,0.0225
375,candidate_1,candidate_4,candidate_3,candidate_2,4,0.0225
376,candidate_1,candidate_4,candidate_3,candidate_2,4,0.0225
377,candidate_1,candidate_4,candidate_3,candidate_2,4,0.0225
378,candidate_1,candidate_4,candidate_3,candidate_2,4,0.0225
379,candidate_1,candidate_4,candidate_3,candidate_2,4,0.0225
380,candidate_1,candidate_4,candidate_3,candidate_2,4,0.0225
381,candidate_1,candidate_4,candidate_3,candidate_2,4,0.0225
382,candidate_1,candidate_4,candidate_3,candidate_2,4,0.0225
383,candidate_1,candidate_4,candidate_3,candidate_2,4,0.0225
384,candidate_1,candidate_4,candidate_3,candidate_2,4,0.0225
385,candidate_1,candidate_4,candidate_3,candidate_2,4,0.0225
386,candidate_1,candidate_4,candidate_3,candidate_2,4,0.0225
387,candidate_1,candidate_4,candidate_3,candidate_2,4,0.0225
388,candidate_1,candidate_4,candidate_3,candidate_2,4,0.0225
389,candidate_1,candidate_4,candidate_3,candidate_2,4,0.0225
390,candidate_1,0,candidate_3,candidate_2,4,0.0225
391,candidate_1,candidate_4,candidate_3,candidate_2,4,0.0225
392,candidate_1,candidate_4,candidate_3,candidate_2,4,0.0225
393,candidate_1,candidate_4,candidate_3,candidate_2,4,0.0225
394,0,candidate_4,candidate_3,candidate_2,4,0.0225
395,candidate_1,candidate_4,candidate_3,candidate_2,4,0.0225
396,candidate_1,candidate_4,candidate_3,candidate_2,4,0.0225
397,candidate_1,candidate_4,candidate_3,candidate_2,4,0.0225
398,candidate_1,candidate_4,candidate_3,candidate_2,4,0.0225
399,candidate_1,candidate_4,candidate_3,candidate_2,4,0.0225
400,candidate_1,candidate_4,candidate_3,candidate_2,4,0.0225
401,candidate_1,0,candidate_3,candidate_2,4,0.0225
402,candidate_1,candidate_4,candidate_3,candidate_2,4,0.0225
403,candidate_1,candidate_4,candidate_3,candidate_2,4,0.0225
404,candidate_1,candidate_4,candidate_3,candidate_2,4,0.0225
405,candidate_1,candidate_4,candidate_3,candidate_2,4,0.0225
406,candidate_1,candidate_4,candidate_3,candidate_2,4,0.0225
407,candidate_1,candidate_4,candidate_3,candidate_2,4,0.0225
408,candidate_1,candidate_4,candidate_3,candidate_2,4,0.0225
409,candidate_1,candidate_4,candidate_3,0,4,0.0225
410,candidate_1,candidate_4,candidate_3,candidate_2,4,0.0225
411,candidate_1,candidate_4,candidate_3,candidate_2,4,0.0225
412,candidate_1,candidate_4,candidate_3,candidate_2,4,0.0225
413,candidate_1,candidate_4,candidate_3,candidate_2,4,0.0225
414,candidate_1,candidate_4,candidate_3,candidate_2,4,0.0225
415,candidate_1,candidate_4,candidate_3,candidate_2,4,0.0225
416,candidate_1,candidate_4,candidate_3,candidate_2,4,0.0225
417,candidate_1,candidate_4,candidate_3,candidate_2,4,0.0225
418,candidate_1,candidate_4,candidate_3,candidate_2,4,0.0225
419,candidate_1,candidate_4,candidate_3,candidate_2,4,0.0225
420,candidate_1,candidate_4,candidate_3,candidate_2,4,0.0225
421,candidate_1,candidate_4,candidate_3,candidate_2,4,0.0225
422,candidate_1,candidate_4,0,candidate_2,4,0.0225
423,candidate_1,candidate_4,candidate_3,candidate_2,4,0.0225
424,candidate_1,candidate_4,candidate_3,candidate_2,4,0.0225
425,candidate_1,candidate_4,candidate_3,candidate_2,4,0.0225
426,candidate_1,candidate_4,candidate_3,0,4,0.0225
427,candidate_1,candidate_4,candidate_3,candidate_2,4,0.0225
428,candidate_1,candidate_4,candidate_3,candidate_2,4,0.0225
429,candidate_1,candidate_4,candidate_3,0,4,0.0225
430,candidate_1,candidate_4,candidate_3,candidate_2,4,0.0225
431,candidate_1,candidate_4,candidate_3,candidate_2,4,0.0225
432,candidate_1,candidate_4,candidate_3,candidate_2,4,0.0225
433,candidate_1,candidate_4,candidate_3,candidate_2,4,0.0225
434,candidate_1,candidate_4,candidate_3,candidate_2,4,0.0225
435,candidate_1,candidate_4,candidate_3,candidate_2,4,0.0225
436,candidate_1,candidate_4,candidate_3,candidate_2,4,0.0225
437,candidate_1,candidate_4,candidate_3,candidate_2,4,0.0225
438,candidate_1,candidate_4,candidate_3,candidate_2,4,0.0225
439,candidate_1,candidate_4,candidate_3,candidate_2,4,0.0225
440,candidate_1,candidate_4,candidate_3,candidate_2,4,0.0225
441,candidate_1,candidate_4,candidate_3,candidate_2,4,0.0225
442,candidate_1,candidate_4,candidate_3,candidate_2,4,0.0225
443,candidate_1,candidate_4,candidate_3,candidate_2,4,0.0225
444,candidate_1,candidate_4,candidate_3,candidate_2,4,0.0225
445,candidate_1,candidate_4,candidate_3,candidate_2,4,0.0225
446,candidate_1,candidate_4,candidate_3,candidate_2,4,0.0225
447,candidate_1,candidate_4,candidate_3,candidate_2,4,0.0225
448,candidate_1,candidate_4,candidate_3,candidate_2,4,0.0225
449,candidate_1,candidate_4,candidate_3,candidate_2,4,0.0225
450,candidate_1,candidate_4,candidate_3,candidate_2,4,0.0225
451,candidate_1,candidate_4,candidate_3,candidate_2,4,0.0225
452,candidate_1,candidate_4,candidate_3,candidate_2,4,0.0225
453,candidate_1,candidate_4,candidate_3,candidate_2,4,0.0225
454,candidate_1,candidate_4,candidate_3,candidate_2,4,0.0225
455,candidate_1,candidate_4,candidate_3,candidate_2,4,0.0225
456,candidate_1,candidate_4,candidate_3,candidate_2,4,0.0225
457,candidate_1,candidate_4,candidate_3,candidate_2,4,0.0225
458,candidate_1,candidate_4,candidate_3,candidate_2,4,0.0225
459,candidate_1,candidate_4,candidate_3,candidate_2,4,0.0225
460,candidate_1,candidate_4,candidate_3,candidate_2,4,0.0225
461,candidate_1,candidate_4,candidate_3,candidate_2,4,0.0225
462,candidate_1,candidate_4,candidate_3,candidate_2,4,0.0225
463,candidate_1,candidate_4,candidate_3,candidate_2,4,0.0225
464,candidate_1,candidate_4,candidate_3,candidate_2,4,0.0225
465,candidate_1,0,candidate_3,candidate_2,4,0.0225
466,candidate_1,candidate_4,candidate_3,candidate_2,4,0.0225
467,candidate_1,candidate_4,candidate_3,candidate_2,4,0.0225
468,candidate_1,candidate_4,candidate_3,candidate_2,4,0.0225
469,candidate_1,candidate_4,candidate_3,candidate_2,4,0.0225
470,candidate_1,candidate_4,candidate_3,candidate_2,4,0.0225
471,candidate_1,candidate_4,candidate_3,candidate_2,4,0.0225
472,candidate_1,candidate_4,candidate_3,candidate_2,4,0.0225
473,candidate_1,candidate_4,candidate_3,candidate_2,4,0.0225
474,candidate_1,candidate_4,candidate_3,candidate_2,4,0.0225
475,candidate_1,candidate_4,candidate_3,candidate_2,4,0.0225
476,candidate_1,candidate_4,candidate_3,candidate_2,4,0.0225
477,candidate_1,candidate_4,candidate_3,candidate_2,4,0.0225
478,candidate_1,candidate_4,candidate_3,candidate_2,4,0.0225
479,candidate_1,candidate_4,candidate_3,candidate_2,4,0.0225
480,candidate_1,candidate_4,candidate_3,candidate_2,4,0.0225
481,candidate_1,candidate_4,candidate_3,candidate_2,4,0.0225
482,candidate_1,candidate_4,candidate_3,candidate_2,4,0.0225
483,candidate_1,candidate_4,candidate_3,candidate_2,4,0.0225
484,candidate_1,candidate_4,candidate_3,candidate_2,4,0.0225
485,candidate_1,candidate_4,candidate_3,candidate_2,4,0.0225
486,candidate_1,candidate_4,candidate_3,candidate_2,4,0.0225
487,candidate_1,candidate_4,candidate_3,candidate_2,4,0.0225
488,candidate_1,candidate_4,candidate_3,candidate_2,4,0.0225
489,candidate_1,candidate_4,candidate_3,candidate_2,4,0.0225
490,0,candidate_4,candidate_3,candidate_2,4,0.0225
491,candidate_1,candidate_4,candidate_3,candidate_2,4,0.0225
492,candidate_1,candidate_4,candidate_3,candidate_2,4,0.0225
493,candidate_1,candidate_4,candidate_3,candidate_2,4,0.0225
494,candidate_1,candidate_4,candidate_3,candidate_2,4,0.0225
495,candidate_1,candidate_4,candidate_3,candidate_2,4,0.0225
496,candidate_1,candidate_4,candidate_3,candidate_2,4,0.0225
497,candidate_1,candidate_4,0,candidate_2,4,0.0225
498,candidate_1,candidate_4,candidate_3,candidate_2,4,0.0225
499,candidate_1,candidate_4,candidate_3,candidate_2,4,0.0225
500,candidate_1,candidate_4,candidate_3,candidate_2,4,0.0225
501,candidate_1,candidate_4,candidate_3,candidate_2,4,0.0225
502,0,candidate_4,candidate_3,candidate_2,4,0.0225
503,candidate_1,candidate_4,candidate_3,candidate_2,4,0.0225
504,candidate_1,candidate_4,candidate_3,candidate_2,4,0.0225
505,candidate_1,candidate_4,candidate_3,candidate_2,4,0.0225
506,candidate_1,candidate_4,candidate_3,candidate_2,4,0.0225
507,candidate_1,candidate_4,candidate_3,candidate_2,4,0.0225
508,candidate_1,candidate_4,candidate_3,candidate_2,4,0.0225
509,candidate_1,candidate_4,candidate_3,candidate_2,4,0.0225
510,candidate_1,candidate_4,candidate_3,candidate_2,4,0.0225
511,candidate_1,candidate_4,candidate_3,candidate_2,4,0.0225
512,candidate_1,candidate_4,candidate_3,candidate_2,4,0.0225
513,candidate_1,candidate_4,candidate_3,candidate_2,4,0.0225
514,candidate_1,candidate_4,candidate_3,candidate_2,4,0.0225
515,candidate_1,candidate_4,candidate_3,candidate_2,4,0.0225
516,candidate_1,candidate_4,candidate_3,candidate_2,4,0.0225
517,candidate_1,candidate_4,candidate_3,candidate_2,4,0.0225
518,0,candidate_4,candidate_3,candidate_2,4,0.0225
519,candidate_1,candidate_4,candidate_3,candidate_2,4,0.0225
520,candidate_1,candidate_4,candidate_3,candidate_2,4,0.0225
521,candidate_1,candidate_4,candidate_3,candidate_2,4,0.0225
522,candidate_1,candidate_4,candidate_3,candidate_2,4,0.0225
523,candidate_1,candidate_4,candidate_3,candidate_2,4,0.0225
524,candidate_1,candidate_4,candidate_3,candidate_2,4,0.0225
525,candidate_1,candidate_4,candidate_3,candidate_2,4,0.0225
526,candidate_1,candidate_4,candidate_3,0,4,0.0225
527,candidate_1,candidate_4,candidate_3,candidate_2,4,0.0225
528,candidate_1,candidate_4,candidate_3,candidate_2,4,0.0225
529,candidate_1,candidate_4,candidate_3,candidate_2,4,0.0225
530,candidate_1,candidate_4,candidate_3,candidate_2,4,0.0225
531,candidate_1,candidate_4,candidate_3,candidate_2,4,0.0225
532,candidate_1,candidate_4,candidate_3,candidate_2,4,0.0225
533,candidate_1,candidate_4,candidate_3,candidate_2,4,0.0225
534,candidate_1,candidate_4,candidate_3,candidate_2,4,0.0225
535,candidate_1,candidate_4,candidate_3,candidate_2,4,0.0225
536,candidate_1,candidate_4,candidate_3,candidate_2,4,0.0225
537,candidate_1,candidate_4,candidate_3,candidate_2,4,0.0225
538,candidate_1,0,candidate_3,candidate_2,4,0.0225
539,candidate_1,candidate_4,candidate_3,candidate_2,4,0.0225
540,candidate_1,candidate_4,candidate_3,candidate_2,4,0.0225
541,candidate_1,candidate_4,candidate_3,candidate_2,4,0.0225
542,candidate_1,candidate_4,candidate_3,candidate_2,4,0.0225
543,candidate_1,candidate_4,candidate_3,candidate_2,4,0.0225
544,candidate_1,candidate_4,candidate_3,candidate_2,4,0.0225
545,candidate_1,candidate_4,candidate_3,candidate_2,4,0.0225
546,candidate_1,candidate_4,candidate_3,candidate_2,4,0.0225
547,candidate_1,candidate_4,candidate_3,candidate_2,4,0.0225
548,candidate_1,candidate_4,candidate_3,candidate_2,4,0.0225
549,candidate_1,candidate_4,candidate_3,candidate_2,4,0.0225
550,candidate_1,candidate_4,candidate_3,candidate_2,4,0.0225
551,candidate_1,candidate_4,candidate_3,candidate_2,4,0.0225
552,candidate_1,candidate_4,candidate_3,candidate_2,4,0.0225
553,candidate_1,candidate_4,candidate_3,candidate_2,4,0.0225
554,candidate_1,0,candidate_3,candidate_2,4,0.0225
555,candidate_1,candidate_4,candidate_3,candidate_2,4,0.0225
556,candidate_1,candidate_4,candidate_3,candidate_2,4,0.0225
557,candidate_1,candidate_4,candidate_3,candidate_2,4,0.0225
558,candidate_1,candidate_4,candidate_3,candidate_2,4,0.0225
559,candidate_1,candidate_4,candidate_3,candidate_2,4,0.0225
560,candidate_1,candidate_4,candidate_3,candidate_2,4,0.0225
561,candidate_1,candidate_4,candidate_3,candidate_2,4,0.0225
562,candidate_1,candidate_4,candidate_3,candidate_2,4,0.0225
563,candidate_1,candidate_4,candidate_3,candidate_2,4,0.0225
564,candidate_1,candidate_4,candidate_3,0,4,0.0225
565,candidate_1,candidate_4,candidate_3,candidate_2,4,0.0225
566,candidate_1,candidate_4,candidate_3,candidate_2,4,0.0225
567,candidate_1,candidate_4,candidate_3,candidate_2,4,0.0225
568,candidate_1,candidate_4,candidate_3,candidate_2,4,0.0225
569,candidate_1,candidate_4,candidate_3,candidate_2,4,0.0225
570,candidate_1,candidate_4,candidate_3,candidate_2,4,0.0225
571,candidate_1,candidate_4,candidate_3,candidate_2,4,0.0225
572,candidate_1,candidate_4,candidate_3,candidate_2,4,0.0225
573,candidate_1,candidate_4,candidate_3,candidate_2,4,0.0225
574,candidate_1,candidate_4,candidate_3,candidate_2,4,0.0225
575,candidate_1,candidate_4,candidate_3,candidate_2,4,0.0225
576,candidate_1,candidate_4,candidate_3,candidate_2,4,0.0225
577,candidate_1,candidate_4,candidate_3,candidate_2,4,0.0225
578,candidate_1,candidate_4,candidate_3,candidate_2,4,0.0225
579,candidate_1,candidate_4,candidate_3,candidate_2,4,0.0225
580,candidate_1,candidate_4,candidate_3,candidate_2,4,0.0225
581,candidate_1,candidate_4,candidate_3,candidate_2,4,0.0225
582,candidate_1,candidate_4,candidate_3,candidate_2,4,0.0225
583,candidate_1,candidate_4,0,candidate_2,4,0.0225
584,candidate_1,candidate_4,candidate_3,candidate_2,4,0.0225
585,candidate_1,candidate_4,candidate_3,candidate_2,4,0.0225
586,candidate_1,candidate_4,candidate_3,candidate_2,4,0.0225
587,candidate_1,candidate_4,candidate_3,candidate_2,4,0.0225
588,candidate_1,candidate_4,candidate_3,candidate_2,4,0.0225
589,candidate_1,candidate_4,candidate_3,candidate_2,4,0.0225
590,candidate_1,candidate_4,candidate_3,candidate_2,4,0.0225
591,candidate_1,candidate_4,candidate_3,candidate_2,4,0.0225
592,candidate_1,candidate_4,candidate_3,candidate_2,4,0.0225
593,candidate_1,0,candidate_3,candidate_2,4,0.0225
594,candidate_1,candidate_4,candidate_3,candidate_2,4,0.0225
595,candidate_1,candidate_4,candidate_3,candidate_2,4,0.0225
596,candidate_1,candidate_4,candidate_3,candidate_2,4,0.0225
597,candidate_1,candidate_4,candidate_3,candidate_2,4,0.0225
598,candidate_1,candidate_4,candidate_3,candidate_2,4,0.0225
599,candidate_1,candidate_4,candidate_3,candidate_2,4,0.0225
600,candidate_1,candidate_4,0,candidate_2,4,0.0225
601,candidate_1,candidate_4,candidate_3,candidate_2,4,0.0225
602,candidate_1,candidate_4,candidate_3,candidate_2,4,0.0225
603,candidate_1,candidate_4,candidate_3,candidate_2,4,0.0225
604,candidate_1,candidate_4,candidate_3,candidate_2,4,0.0225
605,candidate_1,candidate_4,candidate_3,candidate_2,4,0.0225
606,candidate_1,candidate_4,candidate_3,candidate_2,4,0.0225
607,candidate_1,candidate_4,candidate_3,candidate_2,4,0.0225
608,candidate_1,candidate_4,candidate_3,candidate_2,4,0.0225
609,candidate_1,candidate_4,candidate_3,candidate_2,4,0.0225
610,candidate_1,candidate_4,candidate_3,candidate_2,4,0.0225
611,candidate_1,candidate_4,candidate_3,candidate_2,4,0.0225
612,candidate_1,candidate_4,candidate_3,candidate_2,4,0.0225
613,candidate_1,candidate_4,candidate_3,candidate_2,4,0.0225
614,0,candidate_4,candidate_3,candidate_2,4,0.0225
615,candidate_1,candidate_4,candidate_3,candidate_2,4,0.0225
616,candidate_1,candidate_4,candidate_3,candidate_2,4,0.0225
617,candidate_1,candidate_4,candidate_3,candidate_2,4,0.0225
618,candidate_1,candidate_4,candidate_3,candidate_2,4,0.0225
619,candidate_1,0,candidate_3,candidate_2,4,0.0225
620,candidate_1,candidate_4,candidate_3,candidate_2,4,0.0225
621,candidate_1,candidate_4,candidate_3,candidate_2,4,0.0225
0,candidate_2,candidate_1,candidate_3,candidate_4,4,0.0225
1,candidate_2,candidate_1,candidate_3,candidate_4,4,0.0225
2,candidate_2,candidate_1,candidate_3,candidate_4,4,0.0225
3,candidate_2,candidate_1,candidate_3,candidate_4,4,0.0225
4,candidate_2,candidate_1,candidate_3,candidate_4,4,0.0225
5,candidate_2,candidate_1,candidate_3,candidate_4,4,0.0225
6,candidate_2,candidate_1,candidate_3,candidate_4,4,0.0225
7,candidate_2,candidate_1,candidate_3,candidate_4,4,0.0225
8,candidate_2,candidate_1,candidate_3,candidate_4,4,0.0225
9,candidate_2,candidate_1,candidate_3,candidate_4,4,0.0225
10,candidate_2,candidate_1,candidate_3,candidate_4,4,0.0225
11,candidate_2,candidate_1,candidate_3,candidate_4,4,0.0225
12,candidate_2,candidate_1,candidate_3,candidate_4,4,0.0225
13,candidate_2,candidate_1,candidate_3,candidate_4,4,0.0225
14,candidate_2,candidate_1,candidate_3,candidate_4,4,0.0225
15,candidate_2,candidate_1,candidate_3,candidate_4,4,0.0225
16,0,candidate_1,candidate_3,candidate_4,4,0.0225
17,candidate_2,candidate_1,candidate_3,candidate_4,4,0.0225
18,candidate_2,candidate_1,candidate_3,candidate_4,4,0.0225
19,candidate_2,candidate_1,candidate_3,candidate_4,4,0.0225
20,candidate_2,candidate_1,candidate_3,candidate_4,4,0.0225
21,candidate_2,candidate_1,candidate_3,candidate_4,4,0.0225
22,candidate_2,candidate_1,candidate_3,candidate_4,4,0.0225
23,candidate_2,candidate_1,candidate_3,candidate_4,4,0.0225
24,candidate_2,candidate_1,candidate_3,candidate_4,4,0.0225
25,candidate_2,candidate_1,candidate_3,candidate_4,4,0.0225
26,candidate_2,candidate_1,candidate_3,candidate_4,4,0.0225
27,candidate_2,candidate_1,candidate_3,candidate_4,4,0.0225
28,candidate_2,candidate_1,candidate_3,candidate_4,4,0.0225
29,candidate_2,candidate_1,candidate_3,candidate_4,4,0.0225
30,candidate_2,candidate_1,candidate_3,candidate_4,4,0.0225
31,candidate_2,candidate_1,candidate_3,candidate_4,4,0.0225
32,candidate_2,candidate_1,candidate_3,candidate_4,4,0.0225
33,candidate_2,candidate_1,candidate_3,candidate_4,4,0.0225
34,candidate_2,candidate_1,candidate_3,candidate_4,4,0.0225
35,candidate_2,candidate_1,candidate_3,candidate_4,4,0.0225
36,candidate_2,candidate_1,candidate_3,candidate_4,4,0.0225
37,candidate_2,candidate_1,candidate_3,candidate_4,4,0.0225
38,candidate_2,candidate_1,candidate_3,candidate_4,4,0.0225
39,candidate_2,candidate_1,candidate_3,candidate_4,4,0.0225
40,candidate_2,candidate_1,candidate_3,candidate_4,4,0.0225
41,candidate_2,candidate_1,candidate_3,candidate_4,4,0.0225
42,candidate_2,candidate_1,candidate_3,candidate_4,4,0.0225
43,candidate_2,candidate_1,candidate_3,candidate_4,4,0.0225
44,candidate_2,candidate_1,candidate_3,candidate_4,4,0.0225
45,candidate_2,candidate_1,candidate_3,candidate_4,4,0.0225
46,candidate_2,candidate_1,candidate_3,candidate_4,4,0.0225
47,candidate_2,candidate_1,candidate_3,candidate_4,4,0.0225
48,candidate_2,candidate_1,candidate_3,candidate_4,4,0.0225
49,candidate_2,candidate_1,candidate_3,0,4,0.0225
50,candidate_2,candidate_1,candidate_3,candidate_4,4,0.0225
51,candidate_2,candidate_1,candidate_3,candidate_4,4,0.0225
52,candidate_2,candidate_1,candidate_3,candidate_4,4,0.0225
53,candidate_2,candidate_1,candidate_3,candidate_4,4,0.0225
54,candidate_2,candidate_1,candidate_3,candidate_4,4,0.0225
55,candidate_2,candidate_1,candidate_3,candidate_4,4,0.0225
56,candidate_2,candidate_1,candidate_3,candidate_4,4,0.0225
57,candidate_2,candidate_1,candidate_3,candidate_4,4,0.0225
58,candidate_2,candidate_1,candidate_3,candidate_4,4,0.0225
59,candidate_2,candidate_1,candidate_3,candidate_4,4,0.0225
60,candidate_2,candidate_1,candidate_3,candidate_4,4,0.0225
61,candidate_2,candidate_1,candidate_3,candidate_4,4,0.0225
62,candidate_2,candidate_1,candidate_3,candidate_4,4,0.0225
63,candidate_2,candidate_1,candidate_3,candidate_4,4,0.0225
64,candidate_2,candidate_1,candidate_3,candidate_4,4,0.0225
65,candidate_2,candidate_1,candidate_3,candidate_4,4,0.0225
66,candidate_2,candidate_1,candidate_3,candidate_4,4,0.0225
67,candidate_2,candidate_1,candidate_3,candidate_4,4,0.0225
68,candidate_2,candidate_1,candidate_3,candidate_4,4,0.0225
69,candidate_2,candidate_1,candidate_3,candidate_4,4,0.0225
70,candidate_2,candidate_1,candidate_3,candidate_4,4,0.0225
71,candidate_2,0,candidate_3,candidate_4,4,0.0225
72,candidate_2,candidate_1,candidate_3,candidate_4,4,0.0225
73,candidate_2,candidate_1,0,candidate_4,4,0.0225
74,candidate_2,candidate_1,candidate_3,candidate_4,4,0.0225
75,candidate_2,candidate_1,candidate_3,candidate_4,4,0.0225
76,candidate_2,candidate_1,candidate_3,candidate_4,4,0.0225
77,candidate_2,candidate_1,candidate_3,candidate_4,4,0.0225
78,candidate_2,candidate_1,candidate_3,candidate_4,4,0.0225
79,candidate_2,candidate_1,candidate_3,candidate_4,4,0.0225
80,candidate_2,candidate_1,candidate_3,candidate_4,4,0.0225
81,candidate_2,candidate_1,candidate_3,candidate_4,4,0.0225
82,candidate_2,candidate_1,candidate_3,candidate_4,4,0.0225
83,candidate_2,candidate_1,candidate_3,0,4,0.0225
84,candidate_2,candidate_1,candidate_3,candidate_4,4,0.0225
85,candidate_2,candidate_1,candidate_3,candidate_4,4,0.0225
86,candidate_2,candidate_1,candidate_3,candidate_4,4,0.0225
87,candidate_2,candidate_1,candidate_3,candidate_4,4,0.0225
88,candidate_2,candidate_1,candidate_3,candidate_4,4,0.0225
89,candidate_2,candidate_1,candidate_3,candidate_4,4,0.0225
90,candidate_2,candidate_1,candidate_3,candidate_4,4,0.0225
91,candidate_2,candidate_1,candidate_3,candidate_4,4,0.0225
92,candidate_2,candidate_1,candidate_3,candidate_4,4,0.0225
93,candidate_2,candidate_1,candidate_3,candidate_4,4,0.0225
94,candidate_2,candidate_1,candidate_3,candidate_4,4,0.0225
95,candidate_2,candidate_1,candidate_3,candidate_4,4,0.0225
96,candidate_2,candidate_1,candidate_3,candidate_4,4,0.0225
97,candidate_2,0,candidate_3,candidate_4,4,0.0225
98,candidate_2,candidate_1,candidate_3,candidate_4,4,0.0225
99,candidate_2,candidate_1,candidate_3,candidate_4,4,0.0225
100,candidate_2,candidate_1,candidate_3,candidate_4,4,0.0225
101,candidate_2,candidate_1,0,candidate_4,4,0.0225
102,0,candidate_1,candidate_3,candidate_4,4,0.0225
103,candidate_2,candidate_1,candidate_3,candidate_4,4,0.0225
104,candidate_2,candidate_1,candidate_3,candidate_4,4,0.0225
105,candidate_2,candidate_1,candidate_3,candidate_4,4,0.0225
106,candidate_2,candidate_1,candidate_3,candidate_4,4,0.0225
107,candidate_2,candidate_1,candidate_3,candidate_4,4,0.0225
108,candidate_2,candidate_1,candidate_3,candidate_4,4,0.0225
109,candidate_2,candidate_1,candidate_3,candidate_4,4,0.0225
110,candidate_2,candidate_1,candidate_3,candidate_4,4,0.0225
111,0,candidate_1,candidate_3,candidate_4,4,0.0225
112,candidate_2,candidate_1,candidate_3,candidate_4,4,0.0225
113,candidate_2,candidate_1,0,candidate_4,4,0.0225
114,candidate_2,candidate_1,candidate_3,candidate_4,4,0.0225
115,candidate_2,candidate_1,candidate_3,candidate_4,4,0.0225
116,candidate_2,candidate_1,candidate_3,candidate_4,4,0.0225
117,candidate_2,candidate_1,candidate_3,candidate_4,4,0.0225
118,candidate_2,candidate_1,candidate_3,candidate_4,4,0.0225
119,candidate_2,candidate_1,candidate_3,candidate_4,4,0.0225
120,candidate_2,candidate_1,candidate_3,candidate_4,4,0.0225
121,candidate_2,candidate_1,candidate_3,candidate_4,4,0.0225
122,candidate_2,candidate_1,candidate_3,candidate_4,4,0.0225
123,candidate_2,candidate_1,candidate_3,candidate_4,4,0.0225
124,candidate_2,candidate_1,candidate_3,candidate_4,4,0.0225
125,candidate_2,candidate_1,candidate_3,candidate_4,4,0.0225
126,candidate_2,candidate_1,candidate_3,candidate_4,4,0.0225
127,candidate_2,candidate_1,candidate_3,candidate_4,4,0.0225
128,candidate_2,candidate_1,candidate_3,candidate_4,4,0.0225
129,candidate_2,candidate_1,candidate_3,candidate_4,4,0.0225
130,candidate_2,candidate_1,candidate_3,candidate_4,4,0.0225
131,candidate_2,candidate_1,candidate_3,candidate_4,4,0.0225
132,candidate_2,candidate_1,candidate_3,candidate_4,4,0.0225
133,candidate_2,candidate_1,candidate_3,candidate_4,4,0.0225
134,candidate_2,candidate_1,candidate_3,candidate_4,4,0.0225
135,candidate_2,candidate_1,candidate_3,candidate_4,4,0.0225
136,candidate_2,candidate_1,candidate_3,candidate_4,4,0.0225
137,candidate_2,candidate_1,candidate_3,candidate_4,4,0.0225
138,candidate_2,candidate_1,candidate_3,candidate_4,4,0.0225
139,candidate_2,candidate_1,candidate_3,candidate_4,4,0.0225
140,candidate_2,candidate_1,candidate_3,candidate_4,4,0.0225
141,candidate_2,0,candidate_3,candidate_4,4,0.0225
142,candidate_2,candidate_1,candidate_3,candidate_4,4,0.0225
143,candidate_2,candidate_1,candidate_3,candidate_4,4,0.0225
144,candidate_2,candidate_1,candidate_3,candidate_4,4,0.0225
145,candidate_2,candidate_1,candidate_3,candidate_4,4,0.0225
146,candidate_2,candidate_1,candidate_3,candidate_4,4,0.0225
147,candidate_2,candidate_1,candidate_3,candidate_4,4,0.0225
148,candidate_2,candidate_1,0,candidate_4,4,0.0225
149,candidate_2,candidate_1,candidate_3,candidate_4,4,0.0225
150,candidate_2,candidate_1,candidate_3,candidate_4,4,0.0225
151,candidate_2,candidate_1,candidate_3,candidate_4,4,0.0225
152,candidate_2,0,candidate_3,candidate_4,4,0.0225
153,candidate_2,candidate_1,candidate_3,candidate_4,4,0.0225
154,candidate_2,candidate_1,candidate_3,candidate_4,4,0.0225
155,candidate_2,candidate_1,candidate_3,candidate_4,4,0.0225
156,candidate_2,candidate_1,0,candidate_4,4,0.0225
157,candidate_2,candidate_1,candidate_3,candidate_4,4,0.0225
158,candidate_2,candidate_1,candidate_3,candidate_4,4,0.0225
159,candidate_2,candidate_1,candidate_3,candidate_4,4,0.0225
160,candidate_2,candidate_1,candidate_3,candidate_4,4,0.0225
161,candidate_2,0,candidate_3,candidate_4,4,0.0225
162,candidate_2,candidate_1,candidate_3,candidate_4,4,0.0225
163,candidate_2,candidate_1,candidate_3,candidate_4,4,0.0225
164,candidate_2,candidate_1,candidate_3,0,4,0.0225
165,candidate_2,candidate_1,candidate_3,candidate_4,4,0.0225
166,candidate_2,candidate_1,candidate_3,candidate_4,4,0.0225
167,candidate_2,candidate_1,candidate_3,candidate_4,4,0.0225
168,candidate_2,candidate_1,candidate_3,0,4,0.0225
169,candidate_2,candidate_1,candidate_3,candidate_4,4,0.0225
170,candidate_2,candidate_1,candidate_3,candidate_4,4,0.0225
171,candidate_2,candidate_1,candidate_3,candidate_4,4,0.0225
172,candidate_2,candidate_1,candidate_3,candidate_4,4,0.0225
173,candidate_2,candidate_1,candidate_3,candidate_4,4,0.0225
174,candidate_2,candidate_1,candidate_3,candidate_4,4,0.0225
175,candidate_2,candidate_1,candidate_3,candidate_4,4,0.0225
176,candidate_2,candidate_1,candidate_3,candidate_4,4,0.0225
177,candidate_2,candidate_1,candidate_3,candidate_4,4,0.0225
178,candidate_2,candidate_1,candidate_3,candidate_4,4,0.0225
179,candidate_2,candidate_1,candidate_3,candidate_4,4,0.0225
180,candidate_2,0,candidate_3,candidate_4,4,0.0225
181,candidate_2,candidate_1,candidate_3,candidate_4,4,0.0225
182,candidate_2,candidate_1,candidate_3,candidate_4,4,0.0225
183,candidate_2,candidate_1,candidate_3,0,4,0.0225
184,candidate_2,candidate_1,candidate_3,candidate_4,4,0.0225
185,candidate_2,candidate_1,candidate_3,candidate_4,4,0.0225
186,candidate_2,candidate_1,candidate_3,candidate_4,4,0.0225
187,candidate_2,candidate_1,candidate_3,candidate_4,4,0.0225
188,candidate_2,candidate_1,candidate_3,candidate_4,4,0.0225
189,candidate_2,candidate_1,candidate_3,candidate_4,4,0.0225
190,candidate_2,0,candidate_3,candidate_4,4,0.0225
191,candidate_2,candidate_1,candidate_3,candidate_4,4,0.0225
192,candidate_2,candidate_1,candidate_3,candidate_4,4,0.0225
193,candidate_2,candidate_1,candidate_3,candidate_4,4,0.0225
194,candidate_2,candidate_1,candidate_3,candidate_4,4,0.0225
195,candidate_2,candidate_1,candidate_3,candidate_4,4,0.0225
196,candidate_2,candidate_1,candidate_3,candidate_4,4,0.0225
197,candidate_2,candidate_1,candidate_3,candidate_4,4,0.0225
198,candidate_2,candidate_1,candidate_3,candidate_4,4,0.0225
199,candidate_2,candidate_1,candidate_3,candidate_4,4,0.0225
200,candidate_2,candidate_1,candidate_3,candidate_4,4,0.0225
201,candidate_2,candidate_1,candidate_3,candidate_4,4,0.0225
202,candidate_2,candidate_1,candidate_3,candidate_4,4,0.0225
203,candidate_2,candidate_1,candidate_3,candidate_4,4,0.0225
204,candidate_2,candidate_1,candidate_3,candidate_4,4,0.0225
205,candidate_2,candidate_1,candidate_3,candidate_4,4,0.0225
206,candidate_2,candidate_1,candidate_3,candidate_4,4,0.0225
207,candidate_2,candidate_1,candidate_3,0,4,0.0225
208,candidate_2,candidate_1,candidate_3,candidate_4,4,0.0225
209,candidate_2,candidate_1,candidate_3,candidate_4,4,0.0225
210,candidate_2,candidate_1,candidate_3,candidate_4,4,0.0225
211,candidate_2,candidate_1,candidate_3,candidate_4,4,0.0225
212,candidate_2,candidate_1,candidate_3,candidate_4,4,0.0225
213,candidate_2,candidate_1,candidate_3,candidate_4,4,0.0225
214,candidate_2,candidate_1,candidate_3,candidate_4,4,0.0225
215,candidate_2,candidate_1,candidate_3,candidate_4,4,0.0225
216,candidate_2,candidate_1,candidate_3,candidate_4,4,0.0225
217,0,candidate_1,candidate_3,candidate_4,4,0.0225
218,candidate_2,candidate_1,candidate_3,candidate_4,4,0.0225
219,candidate_2,candidate_1,candidate_3,candidate_4,4,0.0225
220,candidate_2,candidate_1,candidate_3,candidate_4,4,0.0225
221,candidate_2,candidate_1,candidate_3,candidate_4,4,0.0225
222,candidate_2,candidate_1,candidate_3,candidate_4,4,0.0225
223,candidate_2,candidate_1,candidate_3,candidate_4,4,0.0225
224,candidate_2,candidate_1,candidate_3,candidate_4,4,0.0225
225,candidate_2,candidate_1,candidate_3,candidate_4,4,0.0225
226,candidate_2,candidate_1,candidate_3,candidate_4,4,0.0225
227,candidate_2,candidate_1,candidate_3,candidate_4,4,0.0225
228,candidate_2,candidate_1,candidate_3,candidate_4,4,0.0225
229,candidate_2,candidate_1,candidate_3,candidate_4,4,0.0225
230,candidate_2,candidate_1,candidate_3,candidate_4,4,0.0225
231,candidate_2,candidate_1,candidate_3,candidate_4,4,0.0225
232,candidate_2,candidate_1,candidate_3,candidate_4,4,0.0225
233,candidate_2,candidate_1,candidate_3,0,4,0.0225
234,candidate_2,candidate_1,candidate_3,candidate_4,4,0.0225
235,candidate_2,candidate_1,candidate_3,candidate_4,4,0.0225
236,candidate_2,candidate_1,candidate_3,candidate_4,4,0.0225
237,candidate_2,candidate_1,candidate_3,candidate_4,4,0.0225
238,candidate_2,candidate_1,candidate_3,candidate_4,4,0.0225
239,candidate_2,candidate_1,candidate_3,candidate_4,4,0.0225
240,candidate_2,candidate_1,candidate_3,candidate_4,4,0.0225
241,candidate_2,candidate_1,candidate_3,candidate_4,4,0.0225
242,candidate_2,candidate_1,candidate_3,candidate_4,4,0.0225
243,candidate_2,candidate_1,candidate_3,candidate_4,4,0.0225
244,candidate_2,candidate_1,candidate_3,candidate_4,4,0.0225
245,candidate_2,candidate_1,candidate_3,candidate_4,4,0.0225
246,candidate_2,candidate_1,candidate_3,candidate_4,4,0.0225
247,candidate_2,candidate_1,candidate_3,candidate_4,4,0.0225
248,candidate_2,candidate_1,candidate_3,candidate_4,4,0.0225
249,candidate_2,candidate_1,candidate_3,candidate_4,4,0.0225
250,candidate_2,candidate_1,candidate_3,candidate_4,4,0.0225
251,candidate_2,candidate_1,candidate_3,candidate_4,4,0.0225
252,candidate_2,candidate_1,candidate_3,candidate_4,4,0.0225
253,candidate_2,candidate_1,candidate_3,candidate_4,4,0.0225
254,candidate_2,candidate_1,candidate_3,candidate_4,4,0.0225
255,candidate_2,0,candidate_3,candidate_4,4,0.0225
256,candidate_2,candidate_1,candidate_3,candidate_4,4,0.0225
257,candidate_2,candidate_1,candidate_3,candidate_4,4,0.0225
258,candidate_2,candidate_1,candidate_3,candidate_4,4,0.0225
259,candidate_2,candidate_1,candidate_3,candidate_4,4,0.0225
260,candidate_2,candidate_1,candidate_3,candidate_4,4,0.0225
261,candidate_2,candidate_1,candidate_3,candidate_4,4,0.0225
262,candidate_2,candidate_1,candidate_3,candidate_4,4,0.0225
263,candidate_2,candidate_1,candidate_3,candidate_4,4,0.0225
264,candidate_2,candidate_1,candidate_3,candidate_4,4,0.0225
265,candidate_2,candidate_1,candidate_3,candidate_4,4,0.0225
266,candidate_2,candidate_1,candidate_3,candidate_4,4,0.0225
267,candidate_2,candidate_1,candidate_3,candidate_4,4,0.0225
268,0,candidate_1,candidate_3,candidate_4,4,0.0225
269,candidate_2,candidate_1,candidate_3,candidate_4,4,0.0225
270,candidate_2,candidate_1,candidate_3,candidate_4,4,0.0225
271,candidate_2,candidate_1,candidate_3,candidate_4,4,0.0225
272,candidate_2,candidate_1,candidate_3,candidate_4,4,0.0225
273,candidate_2,candidate_1,candidate_3,candidate_4,4,0.0225
274,candidate_2,candidate_1,candidate_3,candidate_4,4,0.0225
275,candidate_2,candidate_1,candidate_3,candidate_4,4,0.0225
276,candidate_2,candidate_1,candidate_3,candidate_4,4,0.0225
277,candidate_2,candidate_1,candidate_3,candidate_4,4,0.0225
278,candidate_2,candidate_1,candidate_3,candidate_4,4,0.0225
279,candidate_2,candidate_1,candidate_3,candidate_4,4,0.0225
280,candidate_2,candidate_1,candidate_3,candidate_4,4,0.0225
281,candidate_2,candidate_1,candidate_3,candidate_4,4,0.0225
282,candidate_2,candidate_1,candidate_3,candidate_4,4,0.0225
283,candidate_2,candidate_1,candidate_3,candidate_4,4,0.0225
284,candidate_2,candidate_1,candidate_3,candidate_4,4,0.0225
285,candidate_2,candidate_1,candidate_3,candidate_4,4,0.0225
286,candidate_2,candidate_1,candidate_3,candidate_4,4,0.0225
287,candidate_2,candidate_1,candidate_3,candidate_4,4,0.0225
288,candidate_2,candidate_1,candidate_3,candidate_4,4,0.0225
289,candidate_2,candidate_1,candidate_3,candidate_4,4,0.0225
290,candidate_2,candidate_1,candidate_3,candidate_4,4,0.0225
291,candidate_2,candidate_1,candidate_3,candidate_4,4,0.0225
292,candidate_2,candidate_1,candidate_3,candidate_4,4,0.0225
293,candidate_2,candidate_1,0,candidate_4,4,0.0225
294,candidate_2,candidate_1,candidate_3,candidate_4,4,0.0225
295,candidate_2,candidate_1,candidate_3,candidate_4,4,0.0225
296,candidate_2,candidate_1,candidate_3,candidate_4,4,0.0225
297,candidate_2,candidate_1,candidate_3,candidate_4,4,0.0225
298,candidate_2,candidate_1,candidate_3,candidate_4,4,0.0225
299,candidate_2,candidate_1,candidate_3,candidate_4,4,0.0225
300,candidate_2,candidate_1,candidate_3,candidate_4,4,0.0225
301,candidate_2,candidate_1,candidate_3,candidate_4,4,0.0225
302,candidate_2,candidate_1,candidate_3,candidate_4,4,0.0225
303,0,candidate_1,candidate_3,candidate_4,4,0.0225
304,candidate_2,candidate_1,candidate_3,candidate_4,4,0.0225
305,candidate_2,candidate_1,candidate_3,candidate_4,4,0.0225
306,candidate_2,candidate_1,candidate_3,candidate_4,4,0.0225
307,candidate_2,candidate_1,candidate_3,candidate_4,4,0.0225
308,candidate_2,candidate_1,candidate_3,candidate_4,4,0.0225
309,candidate_2,candidate_1,candidate_3,candidate_4,4,0.0225
310,candidate_2,candidate_1,candidate_3,candidate_4,4,0.0225
311,candidate_2,candidate_1,candidate_3,candidate_4,4,0.0225
312,candidate_2,candidate_1,candidate_3,candidate_4,4,0.0225
313,candidate_2,candidate_1,candidate_3,candidate_4,4,0.0225
314,candidate_2,candidate_1,candidate_3,candidate_4,4,0.0225
315,candidate_2,candidate_1,candidate_3,candidate_4,4,0.0225
316,candidate_2,candidate_1,candidate_3,candidate_4,4,0.0225
317,candidate_2,candidate_1,candidate_3,0,4,0.0225
318,candidate_2,candidate_1,candidate_3,candidate_4,4,0.0225
319,candidate_2,candidate_1,candidate_3,candidate_4,4,0.0225
320,candidate_2,candidate_1,candidate_3,candidate_4,4,0.0225
321,candidate_2,candidate_1,candidate_3,candidate_4,4,0.0225
322,candidate_2,candidate_1,candidate_3,candidate_4,4,0.0225
323,candidate_2,candidate_1,candidate_3,candidate_4,4,0.0225
324,0,candidate_1,candidate_3,candidate_4,4,0.0225
325,candidate_2,candidate_1,candidate_3,candidate_4,4,0.0225
326,candidate_2,candidate_1,candidate_3,candidate_4,4,0.0225
327,candidate_2,candidate_1,candidate_3,candidate_4,4,0.0225
328,candidate_2,candidate_1,candidate_3,candidate_4,4,0.0225
329,candidate_2,candidate_1,candidate_3,candidate_4,4,0.0225
330,candidate_2,candidate_1,candidate_3,candidate_4,4,0.0225
331,candidate_2,candidate_1,candidate_3,candidate_4,4,0.0225
332,candidate_2,candidate_1,candidate_3,candidate_4,4,0.0225
333,candidate_2,candidate_1,candidate_3,candidate_4,4,0.0225
334,candidate_2,candidate_1,candidate_3,candidate_4,4,0.0225
335,candidate_2,candidate_1,candidate_3,candidate_4,4,0.0225
336,candidate_2,candidate_1,candidate_3,candidate_4,4,0.0225
337,candidate_2,candidate_1,candidate_3,candidate_4,4,0.0225
338,candidate_2,candidate_1,candidate_3,candidate_4,4,0.0225
339,candidate_2,candidate_1,candidate_3,candidate_4,4,0.0225
340,candidate_2,candidate_1,0,candidate_4,4,0.0225
341,candidate_2,0,candidate_3,candidate_4,4,0.0225
342,candidate_2,candidate_1,candidate_3,candidate_4,4,0.0225
343,candidate_2,candidate_1,candidate_3,candidate_4,4,0.0225
344,candidate_2,candidate_1,candidate_3,candidate_4,4,0.0225
345,candidate_2,candidate_1,candidate_3,candidate_4,4,0.0225
346,candidate_2,candidate_1,candidate_3,candidate_4,4,0.0225
347,candidate_2,candidate_1,candidate_3,candidate_4,4,0.0225
348,candidate_2,candidate_1,candidate_3,candidate_4,4,0.0225
349,candidate_2,candidate_1,candidate_3,candidate_4,4,0.0225
350,candidate_2,candidate_1,candidate_3,candidate_4,4,0.0225
351,candidate_2,candidate_1,candidate_3,candidate_4,4,0.0225
352,candidate_2,candidate_1,candidate_3,candidate_4,4,0.0225
353,candidate_2,candidate_1,candidate_3,candidate_4,4,0.0225
354,candidate_2,candidate_1,candidate_3,candidate_4,4,0.0225
355,candidate_2,candidate_1,candidate_3,candidate_4,4,0.0225
356,candidate_2,candidate_1,candidate_3,candidate_4,4,0.0225
357,candidate_2,candidate_1,candidate_3,candidate_4,4,0.0225
358,candidate_2,candidate_1,candidate_3,candidate_4,4,0.0225
359,candidate_2,candidate_1,candidate_3,candidate_4,4,0.0225
360,candidate_2,candidate_1,candidate_3,candidate_4,4,0.0225
361,candidate_2,candidate_1,candidate_3,candidate_4,4,0.0225
362,candidate_2,candidate_1,candidate_3,candidate_4,4,0.0225
363,candidate_2,candidate_1,candidate_3,candidate_4,4,0.0225
364,candidate_2,candidate_1,candidate_3,candidate_4,4,0.0225
365,candidate_2,candidate_1,candidate_3,candidate_4,4,0.0225
366,candidate_2,candidate_1,candidate_3,candidate_4,4,0.0225
367,candidate_2,candidate_1,candidate_3,candidate_4,4,0.0225
368,candidate_2,candidate_1,candidate_3,candidate_4,4,0.0225
369,0,candidate_1,candidate_3,candidate_4,4,0.0225
370,candidate_2,candidate_1,candidate_3,candidate_4,4,0.0225
371,candidate_2,candidate_1,candidate_3,candidate_4,4,0.0225
372,candidate_2,candidate_1,candidate_3,candidate_4,4,0.0225
373,candidate_2,candidate_1,candidate_3,candidate_4,4,0.0225
374,candidate_2,candidate_1,candidate_3,candidate_4,4,0.0225
375,candidate_2,candidate_1,candidate_3,candidate_4,4,0.0225
376,candidate_2,candidate_1,candidate_3,candidate_4,4,0.0225
377,candidate_2,candidate_1,candidate_3,candidate_4,4,0.0225
378,candidate_2,candidate_1,candidate_3,candidate_4,4,0.0225
379,candidate_2,candidate_1,candidate_3,candidate_4,4,0.0225
380,candidate_2,candidate_1,candidate_3,candidate_4,4,0.0225
381,candidate_2,candidate_1,0,candidate_4,4,0.0225
382,candidate_2,candidate_1,candidate_3,candidate_4,4,0.0225
383,candidate_2,candidate_1,candidate_3,candidate_4,4,0.0225
384,candidate_2,candidate_1,candidate_3,candidate_4,4,0.0225
385,candidate_2,candidate_1,candidate_3,candidate_4,4,0.0225
386,candidate_2,candidate_1,candidate_3,candidate_4,4,0.0225
387,candidate_2,candidate_1,candidate_3,candidate_4,4,0.0225
388,candidate_2,candidate_1,candidate_3,candidate_4,4,0.0225
389,candidate_2,candidate_1,candidate_3,candidate_4,4,0.0225
390,candidate_2,candidate_1,candidate_3,candidate_4,4,0.0225
391,candidate_2,candidate_1,candidate_3,0,4,0.0225
392,candidate_2,candidate_1,candidate_3,candidate_4,4,0.0225
393,candidate_2,candidate_1,candidate_3,candidate_4,4,0.0225
394,candidate_2,candidate_1,candidate_3,candidate_4,4,0.0225
395,candidate_2,candidate_1,candidate_3,candidate_4,4,0.0225
396,candidate_2,candidate_1,candidate_3,candidate_4,4,0.0225
397,candidate_2,candidate_1,candidate_3,candidate_4,4,0.0225
398,candidate_2,candidate_1,candidate_3,candidate_4,4,0.0225
399,candidate_2,candidate_1,candidate_3,candidate_4,4,0.0225
400,candidate_2,candidate_1,candidate_3,candidate_4,4,0.0225
401,candidate_2,candidate_1,candidate_3,candidate_4,4,0.0225
402,candidate_2,candidate_1,candidate_3,candidate_4,4,0.0225
403,candidate_2,candidate_1,candidate_3,candidate_4,4,0.0225
404,candidate_2,candidate_1,candidate_3,candidate_4,4,0.0225
405,candidate_2,candidate_1,candidate_3,candidate_4,4,0.0225
406,candidate_2,candidate_1,candidate_3,candidate_4,4,0.0225
407,candidate_2,candidate_1,candidate_3,candidate_4,4,0.0225
408,candidate_2,candidate_1,candidate_3,candidate_4,4,0.0225
409,candidate_2,candidate_1,candidate_3,candidate_4,4,0.0225
410,candidate_2,candidate_1,candidate_3,candidate_4,4,0.0225
411,candidate_2,candidate_1,candidate_3,candidate_4,4,0.0225
412,candidate_2,candidate_1,candidate_3,candidate_4,4,0.0225
413,candidate_2,candidate_1,candidate_3,candidate_4,4,0.0225
414,candidate_2,candidate_1,candidate_3,candidate_4,4,0.0225
415,candidate_2,candidate_1,candidate_3,0,4,0.0225
416,candidate_2,candidate_1,candidate_3,candidate_4,4,0.0225
417,candidate_2,candidate_1,candidate_3,candidate_4,4,0.0225
418,candidate_2,candidate_1,candidate_3,candidate_4,4,0.0225
419,candidate_2,candidate_1,candidate_3,candidate_4,4,0.0225
420,candidate_2,candidate_1,candidate_3,candidate_4,4,0.0225
421,0,candidate_1,candidate_3,candidate_4,4,0.0225
422,candidate_2,candidate_1,candidate_3,candidate_4,4,0.0225
423,candidate_2,candidate_1,candidate_3,candidate_4,4,0.0225
424,candidate_2,candidate_1,candidate_3,candidate_4,4,0.0225
425,candidate_2,candidate_1,candidate_3,candidate_4,4,0.0225
426,candidate_2,candidate_1,candidate_3,candidate_4,4,0.0225
427,candidate_2,candidate_1,candidate_3,candidate_4,4,0.0225
428,candidate_2,candidate_1,candidate_3,candidate_4,4,0.0225
429,candidate_2,candidate_1,candidate_3,candidate_4,4,0.0225
430,candidate_2,candidate_1,candidate_3,0,4,0.0225
431,candidate_2,candidate_1,candidate_3,candidate_4,4,0.0225
432,candidate_2,candidate_1,candidate_3,candidate_4,4,0.0225
433,candidate_2,candidate_1,candidate_3,candidate_4,4,0.0225
434,candidate_2,candidate_1,candidate_3,candidate_4,4,0.0225
435,candidate_2,candidate_1,candidate_3,candidate_4,4,0.0225
436,candidate_2,candidate_1,candidate_3,candidate_4,4,0.0225
437,candidate_2,candidate_1,candidate_3,candidate_4,4,0.0225
438,candidate_2,candidate_1,candidate_3,candidate_4,4,0.0225
439,candidate_2,candidate_1,candidate_3,candidate_4,4,0.0225
440,candidate_2,candidate_1,candidate_3,candidate_4,4,0.0225
441,candidate_2,candidate_1,candidate_3,candidate_4,4,0.0225
442,0,candidate_1,candidate_3,candidate_4,4,0.0225
443,candidate_2,candidate_1,candidate_3,candidate_4,4,0.0225
444,candidate_2,candidate_1,candidate_3,candidate_4,4,0.0225
445,candidate_2,candidate_1,candidate_3,candidate_4,4,0.0225
446,candidate_2,candidate_1,candidate_3,candidate_4,4,0.0225
447,candidate_2,candidate_1,candidate_3,candidate_4,4,0.0225
448,candidate_2,candidate_1,candidate_3,candidate_4,4,0.0225
449,candidate_2,candidate_1,candidate_3,candidate_4,4,0.0225
450,candidate_2,candidate_1,candidate_3,candidate_4,4,0.0225
451,candidate_2,candidate_1,candidate_3,candidate_4,4,0.0225
452,candidate_2,candidate_1,candidate_3,candidate_4,4,0.0225
453,candidate_2,candidate_1,candidate_3,candidate_4,4,0.0225
454,candidate_2,candidate_1,candidate_3,candidate_4,4,0.0225
455,candidate_2,candidate_1,candidate_3,candidate_4,4,0.0225
456,candidate_2,candidate_1,candidate_3,candidate_4,4,0.0225
457,candidate_2,candidate_1,candidate_3,candidate_4,4,0.0225
458,candidate_2,candidate_1,candidate_3,candidate_4,4,0.0225
459,candidate_2,candidate_1,candidate_3,candidate_4,4,0.0225
460,candidate_2,candidate_1,candidate_3,candidate_4,4,0.0225
461,candidate_2,candidate_1,candidate_3,candidate_4,4,0.0225
462,0,candidate_1,candidate_3,candidate_4,4,0.0225
463,0,candidate_1,candidate_3,candidate_4,4,0.0225
464,candidate_2,candidate_1,candidate_3,candidate_4,4,0.0225
465,candidate_2,candidate_1,candidate_3,candidate_4,4,0.0225
466,candidate_2,candidate_1,candidate_3,candidate_4,4,0.0225
467,candidate_2,candidate_1,candidate_3,candidate_4,4,0.0225
468,candidate_2,candidate_1,candidate_3,candidate_4,4,0.0225
469,0,candidate_1,candidate_3,candidate_4,4,0.0225
470,candidate_2,candidate_1,candidate_3,candidate_4,4,0.0225
471,candidate_2,candidate_1,candidate_3,candidate_4,4,0.0225
472,candidate_2,candidate_1,candidate_3,candidate_4,4,0.0225
473,candidate_2,candidate_1,candidate_3,candidate_4,4,0.0225
474,candidate_2,candidate_1,candidate_3,candidate_4,4,0.0225
475,candidate_2,candidate_1,0,candidate_4,4,0.0225
476,0,candidate_1,candidate_3,candidate_4,4,0.0225
477,candidate_2,candidate_1,candidate_3,candidate_4,4,0.0225
478,candidate_2,candidate_1,candidate_3,candidate_4,4,0.0225
479,candidate_2,candidate_1,candidate_3,candidate_4,4,0.0225
480,candidate_2,candidate_1,candidate_3,candidate_4,4,0.0225
481,candidate_2,candidate_1,candidate_3,candidate_4,4,0.0225
482,candidate_2,candidate_1,candidate_3,candidate_4,4,0.0225
483,candidate_2,candidate_1,candidate_3,candidate_4,4,0.0225
484,candidate_2,candidate_1,candidate_3,candidate_4,4,0.0225
485,candidate_2,candidate_1,candidate_3,candidate_4,4,0.0225
486,candidate_2,candidate_1,0,candidate_4,4,0.0225
487,candidate_2,candidate_1,candidate_3,candidate_4,4,0.0225
488,candidate_2,candidate_1,candidate_3,candidate_4,4,0.0225
489,candidate_2,candidate_1,candidate_3,candidate_4,4,0.0225
490,candidate_2,candidate_1,candidate_3,candidate_4,4,0.0225
491,candidate_2,candidate_1,candidate_3,candidate_4,4,0.0225
492,candidate_2,candidate_1,candidate_3,candidate_4,4,0.0225
493,candidate_2,candidate_1,candidate_3,candidate_4,4,0.0225
494,candidate_2,candidate_1,candidate_3,candidate_4,4,0.0225
495,candidate_2,candidate_1,candidate_3,candidate_4,4,0.0225
496,candidate_2,candidate_1,candidate_3,candidate_4,4,0.0225
497,candidate_2,candidate_1,candidate_3,candidate_4,4,0.0225
498,candidate_2,candidate_1,candidate_3,candidate_4,4,0.0225
499,candidate_2,candidate_1,candidate_3,candidate_4,4,0.0225
500,candidate_2,candidate_1,candidate_3,candidate_4,4,0.0225
501,candidate_2,candidate_1,candidate_3,candidate_4,4,0.0225
502,candidate_2,candidate_1,candidate_3,candidate_4,4,0.0225
503,candidate_2,candidate_1,candidate_3,0,4,0.0225
504,candidate_2,candidate_1,candidate_3,candidate_4,4,0.0225
505,candidate_2,candidate_1,candidate_3,candidate_4,4,0.0225
506,candidate_2,candidate_1,candidate_3,candidate_4,4,0.0225
507,candidate_2,candidate_1,candidate_3,candidate_4,4,0.0225
508,candidate_2,candidate_1,candidate_3,candidate_4,4,0.0225
509,candidate_2,candidate_1,candidate_3,candidate_4,4,0.0225
510,candidate_2,candidate_1,candidate_3,candidate_4,4,0.0225
511,candidate_2,candidate_1,candidate_3,candidate_4,4,0.0225
512,candidate_2,candidate_1,candidate_3,candidate_4,4,0.0225
513,candidate_2,candidate_1,candidate_3,candidate_4,4,0.0225
514,candidate_2,candidate_1,candidate_3,candidate_4,4,0.0225
515,candidate_2,candidate_1,candidate_3,candidate_4,4,0.0225
516,candidate_2,candidate_1,candidate_3,candidate_4,4,0.0225
517,candidate_2,candidate_1,candidate_3,candidate_4,4,0.0225
518,candidate_2,candidate_1,candidate_3,candidate_4,4,0.0225
519,candidate_2,candidate_1,candidate_3,candidate_4,4,0.0225
520,candidate_2,candidate_1,candidate_3,0,4,0.0225
521,candidate_2,candidate_1,candidate_3,candidate_4,4,0.0225
522,candidate_2,candidate_1,candidate_3,candidate_4,4,0.0225
523,candidate_2,candidate_1,candidate_3,candidate_4,4,0.0225
524,candidate_2,candidate_1,candidate_3,candidate_4,4,0.0225
525,candidate_2,candidate_1,candidate_3,candidate_4,4,0.0225
526,candidate_2,candidate_1,candidate_3,candidate_4,4,0.0225
527,candidate_2,candidate_1,candidate_3,0,4,0.0225
528,candidate_2,candidate_1,candidate_3,candidate_4,4,0.0225
529,candidate_2,candidate_1,candidate_3,candidate_4,4,0.0225
530,candidate_2,candidate_1,candidate_3,candidate_4,4,0.0225
531,candidate_2,candidate_1,candidate_3,candidate_4,4,0.0225
532,candidate_2,candidate_1,candidate_3,candidate_4,4,0.0225
533,candidate_2,candidate_1,candidate_3,candidate_4,4,0.0225
534,candidate_2,candidate_1,candidate_3,candidate_4,4,0.0225
535,candidate_2,candidate_1,candidate_3,candidate_4,4,0.0225
536,candidate_2,candidate_1,candidate_3,candidate_4,4,0.0225
537,candidate_2,candidate_1,candidate_3,candidate_4,4,0.0225
538,candidate_2,candidate_1,candidate_3,candidate_4,4,0.0225
539,candidate_2,candidate_1,candidate_3,candidate_4,4,0.0225
540,candidate_2,candidate_1,candidate_3,candidate_4,4,0.0225
541,candidate_2,candidate_1,candidate_3,candidate_4,4,0.0225
542,candidate_2,candidate_1,candidate_3,candidate_4,4,0.0225
543,candidate_2,candidate_1,candidate_3,candidate_4,4,0.0225
544,candidate_2,candidate_1,candidate_3,candidate_4,4,0.0225
545,candidate_2,candidate_1,candidate_3,candidate_4,4,0.0225
546,candidate_2,candidate_1,candidate_3,candidate_4,4,0.0225
547,candidate_2,candidate_1,candidate_3,candidate_4,4,0.0225
548,candidate_2,candidate_1,candidate_3,candidate_4,4,0.0225
549,candidate_2,candidate_1,candidate_3,candidate_4,4,0.0225
550,candidate_2,candidate_1,candidate_3,candidate_4,4,0.0225
551,candidate_2,candidate_1,0,candidate_4,4,0.0225
552,candidate_2,candidate_1,candidate_3,0,4,0.0225
553,candidate_2,candidate_1,candidate_3,candidate_4,4,0.0225
554,candidate_2,0,candidate_3,candidate_4,4,0.0225
555,candidate_2,candidate_1,candidate_3,candidate_4,4,0.0225
556,candidate_2,candidate_1,candidate_3,candidate_4,4,0.0225
557,candidate_2,candidate_1,candidate_3,candidate_4,4,0.0225
558,candidate_2,candidate_1,candidate_3,candidate_4,4,0.0225
559,candidate_2,candidate_1,candidate_3,candidate_4,4,0.0225
560,candidate_2,candidate_1,candidate_3,candidate_4,4,0.0225
561,candidate_2,candidate_1,candidate_3,candidate_4,4,0.0225
562,candidate_2,candidate_1,candidate_3,candidate_4,4,0.0225
563,candidate_2,candidate_1,candidate_3,candidate_4,4,0.0225
564,candidate_2,candidate_1,candidate_3,candidate_4,4,0.0225
565,candidate_2,candidate_1,candidate_3,candidate_4,4,0.0225
566,candidate_2,candidate_1,candidate_3,candidate_4,4,0.0225
567,candidate_2,0,candidate_3,candidate_4,4,0.0225
568,candidate_2,candidate_1,candidate_3,0,4,0.0225
569,candidate_2,candidate_1,candidate_3,candidate_4,4,0.0225
570,candidate_2,candidate_1,candidate_3,candidate_4,4,0.0225
571,candidate_2,candidate_1,candidate_3,candidate_4,4,0.0225
572,0,candidate_1,candidate_3,candidate_4,4,0.0225
573,candidate_2,candidate_1,candidate_3,candidate_4,4,0.0225
574,candidate_2,candidate_1,candidate_3,candidate_4,4,0.0225
575,candidate_2,candidate_1,candidate_3,candidate_4,4,0.0225
576,candidate_2,candidate_1,candidate_3,candidate_4,4,0.0225
577,candidate_2,candidate_1,candidate_3,candidate_4,4,0.0225
578,candidate_2,candidate_1,candidate_3,candidate_4,4,0.0225
579,candidate_2,candidate_1,0,candidate_4,4,0.0225
580,candidate_2,candidate_1,candidate_3,candidate_4,4,0.0225
581,candidate_2,candidate_1,candidate_3,candidate_4,4,0.0225
582,candidate_2,candidate_1,candidate_3,candidate_4,4,0.0225
583,candidate_2,candidate_1,candidate_3,candidate_4,4,0.0225
584,candidate_2,candidate_1,candidate_3,candidate_4,4,0.0225
585,candidate_2,candidate_1,candidate_3,candidate_4,4,0.0225
586,candidate_2,candidate_1,candidate_3,candidate_4,4,0.0225
587,candidate_2,candidate_1,candidate_3,candidate_4,4,0.0225
588,candidate_2,candidate_1,candidate_3,candidate_4,4,0.0225
589,candidate_2,0,0,candidate_4,4,0.0225
590,candidate_2,candidate_1,candidate_3,candidate_4,4,0.0225
591,candidate_2,candidate_1,candidate_3,candidate_4,4,0.0225
592,candidate_2,candidate_1,candidate_3,candidate_4,4,0.0225
593,candidate_2,candidate_1,candidate_3,candidate_4,4,0.0225
594,candidate_2,candidate_1,candidate_3,candidate_4,4,0.0225
595,candidate_2,candidate_1,candidate_3,candidate_4,4,0.0225
596,candidate_2,candidate_1,candidate_3,candidate_4,4,0.0225
597,candidate_2,candidate_1,candidate_3,candidate_4,4,0.0225
598,candidate_2,candidate_1,candidate_3,candidate_4,4,0.0225
599,candidate_2,candidate_1,candidate_3,candidate_4,4,0.0225
600,candidate_2,candidate_1,candidate_3,candidate_4,4,0.0225
601,candidate_2,candidate_1,candidate_3,candidate_4,4,0.0225
602,candidate_2,candidate_1,candidate_3,candidate_4,4,0.0225
603,candidate_2,candidate_1,0,candidate_4,4,0.0225
604,candidate_2,candidate_1,0,candidate_4,4,0.0225
605,candidate_2,candidate_1,candidate_3,candidate_4,4,0.0225
606,candidate_2,candidate_1,candidate_3,0,4,0.0225
607,candidate_2,candidate_1,candidate_3,candidate_4,4,0.0225
608,candidate_2,candidate_1,candidate_3,candidate_4,4,0.0225
609,candidate_2,candidate_1,candidate_3,candidate_4,4,0.0225
610,candidate_2,candidate_1,candidate_3,candidate_4,4,0.0225
611,candidate_2,candidate_1,candidate_3,candidate_4,4,0.0225
612,candidate_2,candidate_1,candidate_3,candidate_4,4,0.0225
613,candidate_2,candidate_1,candidate_3,candidate_4,4,0.0225
614,candidate_2,candidate_1,candidate_3,candidate_4,4,0.0225
615,candidate_2,candidate_1,candidate_3,candidate_4,4,0.0225
616,candidate_2,candidate_1,candidate_3,candidate_4,4,0.0225
617,candidate_2,candidate_1,candidate_3,candidate_4,4,0.0225
618,candidate_2,candidate_1,candidate_3,candidate_4,4,0.0225
619,candidate_2,candidate_1,candidate_3,candidate_4,4,0.0225
620,candidate_2,candidate_1,candidate_3,candidate_4,4,0.0225
621,candidate_2,candidate_1,candidate_3,candidate_4,4,0.0225
622,candidate_2,candidate_1,candidate_3,candidate_4,4,0.0225
623,candidate_2,candidate_1,candidate_3,candidate_4,4,0.0225
624,candidate_2,candidate_1,candidate_3,candidate_4,4,0.0225
625,candidate_2,candidate_1,candidate_3,candidate_4,4,0.0225
626,candidate_2,candidate_1,candidate_3,candidate_4,4,0.0225
627,candidate_2,candidate_1,candidate_3,candidate_4,4,0.0225
628,candidate_2,candidate_1,candidate_3,candidate_4,4,0.0225
629,candidate_2,candidate_1,candidate_3,candidate_4,4,0.0225
630,candidate_2,candidate_1,candidate_3,candidate_4,4,0.0225
631,candidate_2,candidate_1,candidate_3,0,4,0.0225
632,candidate_2,candidate_1,candidate_3,candidate_4,4,0.0225
633,candidate_2,candidate_1,candidate_3,candidate_4,4,0.0225
634,candidate_2,candidate_1,candidate_3,candidate_4,4,0.0225
635,candidate_2,candidate_1,candidate_3,candidate_4,4,0.0225
636,candidate_2,candidate_1,candidate_3,candidate_4,4,0.0225
637,candidate_2,candidate_1,candidate_3,candidate_4,4,0.0225
638,candidate_2,candidate_1,candidate_3,candidate_4,4,0.0225
639,candidate_2,candidate_1,candidate_3,candidate_4,4,0.0225
640,candidate_2,candidate_1,candidate_3,candidate_4,4,0.0225
641,candidate_2,candidate_1,candidate_3,candidate_4,4,0.0225
0,candidate_2,candidate_1,candidate_4,candidate_3,4,0.0225
1,candidate_2,candidate_1,candidate_4,candidate_3,4,0.0225
2,candidate_2,candidate_1,candidate_4,candidate_3,4,0.0225
3,candidate_2,candidate_1,candidate_4,candidate_3,4,0.0225
4,candidate_2,candidate_1,candidate_4,candidate_3,4,0.0225
5,candidate_2,candidate_1,candidate_4,candidate_3,4,0.0225
6,candidate_2,candidate_1,candidate_4,candidate_3,4,0.0225
7,candidate_2,candidate_1,candidate_4,candidate_3,4,0.0225
8,candidate_2,candidate_1,candidate_4,candidate_3,4,0.0225
9,candidate_2,candidate_1,candidate_4,candidate_3,4,0.0225
10,candidate_2,candidate_1,candidate_4,candidate_3,4,0.0225
11,candidate_2,candidate_1,candidate_4,0,4,0.0225
12,candidate_2,candidate_1,candidate_4,candidate_3,4,0.0225
13,candidate_2,candidate_1,candidate_4,candidate_3,4,0.0225
14,candidate_2,candidate_1,candidate_4,candidate_3,4,0.0225
15,candidate_2,candidate_1,candidate_4,candidate_3,4,0.0225
16,candidate_2,candidate_1,candidate_4,candidate_3,4,0.0225
17,candidate_2,candidate_1,candidate_4,candidate_3,4,0.0225
18,candidate_2,candidate_1,candidate_4,candidate_3,4,0.0225
19,candidate_2,candidate_1,candidate_4,candidate_3,4,0.0225
20,candidate_2,candidate_1,candidate_4,candidate_3,4,0.0225
21,candidate_2,candidate_1,candidate_4,candidate_3,4,0.0225
22,candidate_2,candidate_1,candidate_4,candidate_3,4,0.0225
23,candidate_2,candidate_1,candidate_4,candidate_3,4,0.0225
24,candidate_2,candidate_1,candidate_4,candidate_3,4,0.0225
25,candidate_2,candidate_1,candidate_4,candidate_3,4,0.0225
26,candidate_2,candidate_1,candidate_4,candidate_3,4,0.0225
27,candidate_2,candidate_1,candidate_4,0,4,0.0225
28,candidate_2,candidate_1,candidate_4,candidate_3,4,0.0225
29,candidate_2,candidate_1,candidate_4,candidate_3,4,0.0225
30,candidate_2,candidate_1,candidate_4,candidate_3,4,0.0225
31,candidate_2,candidate_1,candidate_4,0,4,0.0225
32,candidate_2,candidate_1,candidate_4,candidate_3,4,0.0225
33,candidate_2,0,candidate_4,candidate_3,4,0.0225
34,candidate_2,candidate_1,candidate_4,candidate_3,4,0.0225
35,candidate_2,candidate_1,candidate_4,candidate_3,4,0.0225
36,candidate_2,candidate_1,candidate_4,candidate_3,4,0.0225
37,candidate_2,candidate_1,candidate_4,candidate_3,4,0.0225
38,candidate_2,candidate_1,0,candidate_3,4,0.0225
39,candidate_2,candidate_1,candidate_4,0,4,0.0225
40,candidate_2,candidate_1,candidate_4,0,4,0.0225
41,candidate_2,candidate_1,candidate_4,candidate_3,4,0.0225
42,candidate_2,candidate_1,candidate_4,candidate_3,4,0.0225
43,candidate_2,candidate_1,candidate_4,candidate_3,4,0.0225
44,candidate_2,candidate_1,candidate_4,candidate_3,4,0.0225
45,candidate_2,candidate_1,candidate_4,candidate_3,4,0.0225
46,candidate_2,candidate_1,candidate_4,candidate_3,4,0.0225
47,candidate_2,candidate_1,candidate_4,candidate_3,4,0.0225
48,0,candidate_1,candidate_4,candidate_3,4,0.0225
49,candidate_2,candidate_1,candidate_4,candidate_3,4,0.0225
50,candidate_2,candidate_1,candidate_4,candidate_3,4,0.0225
51,candidate_2,candidate_1,candidate_4,candidate_3,4,0.0225
52,candidate_2,candidate_1,candidate_4,candidate_3,4,0.0225
53,candidate_2,candidate_1,candidate_4,candidate_3,4,0.0225
54,candidate_2,candidate_1,candidate_4,candidate_3,4,0.0225
55,candidate_2,candidate_1,candidate_4,candidate_3,4,0.0225
56,candidate_2,candidate_1,candidate_4,candidate_3,4,0.0225
57,candidate_2,candidate_1,candidate_4,candidate_3,4,0.0225
58,candidate_2,candidate_1,candidate_4,candidate_3,4,0.0225
59,candidate_2,candidate_1,candidate_4,candidate_3,4,0.0225
60,candidate_2,candidate_1,candidate_4,candidate_3,4,0.0225
61,candidate_2,candidate_1,candidate_4,candidate_3,4,0.0225
62,candidate_2,candidate_1,candidate_4,candidate_3,4,0.0225
63,candidate_2,candidate_1,candidate_4,candidate_3,4,0.0225
64,candidate_2,candidate_1,candidate_4,candidate_3,4,0.0225
65,candidate_2,candidate_1,candidate_4,candidate_3,4,0.0225
66,candidate_2,candidate_1,candidate_4,candidate_3,4,0.0225
67,candidate_2,candidate_1,candidate_4,candidate_3,4,0.0225
68,candidate_2,candidate_1,candidate_4,candidate_3,4,0.0225
69,candidate_2,candidate_1,candidate_4,candidate_3,4,0.0225
70,candidate_2,candidate_1,candidate_4,candidate_3,4,0.0225
71,candidate_2,candidate_1,candidate_4,candidate_3,4,0.0225
72,candidate_2,candidate_1,candidate_4,candidate_3,4,0.0225
73,candidate_2,candidate_1,candidate_4,candidate_3,4,0.0225
74,candidate_2,candidate_1,candidate_4,candidate_3,4,0.0225
75,candidate_2,candidate_1,candidate_4,candidate_3,4,0.0225
76,candidate_2,candidate_1,candidate_4,candidate_3,4,0.0225
77,candidate_2,candidate_1,candidate_4,candidate_3,4,0.0225
78,candidate_2,candidate_1,candidate_4,candidate_3,4,0.0225
79,candidate_2,candidate_1,candidate_4,candidate_3,4,0.0225
80,candidate_2,candidate_1,candidate_4,candidate_3,4,0.0225
81,candidate_2,candidate_1,candidate_4,candidate_3,4,0.0225
82,candidate_2,candidate_1,candidate_4,candidate_3,4,0.0225
83,candidate_2,candidate_1,candidate_4,candidate_3,4,0.0225
84,candidate_2,candidate_1,candidate_4,candidate_3,4,0.0225
85,candidate_2,candidate_1,candidate_4,candidate_3,4,0.0225
86,candidate_2,candidate_1,0,candidate_3,4,0.0225
87,candidate_2,candidate_1,candidate_4,candidate_3,4,0.0225
88,candidate_2,candidate_1,candidate_4,candidate_3,4,0.0225
89,candidate_2,candidate_1,candidate_4,candidate_3,4,0.0225
90,candidate_2,candidate_1,candidate_4,candidate_3,4,0.0225
91,candidate_2,candidate_1,candidate_4,candidate_3,4,0.0225
92,candidate_2,candidate_1,candidate_4,candidate_3,4,0.0225
93,candidate_2,candidate_1,candidate_4,candidate_3,4,0.0225
94,candidate_2,candidate_1,candidate_4,candidate_3,4,0.0225
95,candidate_2,candidate_1,candidate_4,candidate_3,4,0.0225
96,candidate_2,candidate_1,candidate_4,candidate_3,4,0.0225
97,candidate_2,candidate_1,candidate_4,candidate_3,4,0.0225
98,candidate_2,candidate_1,candidate_4,candidate_3,4,0.0225
99,candidate_2,candidate_1,candidate_4,candidate_3,4,0.0225
100,candidate_2,candidate_1,candidate_4,candidate_3,4,0.0225
101,candidate_2,candidate_1,candidate_4,candidate_3,4,0.0225
102,candidate_2,candidate_1,candidate_4,candidate_3,4,0.0225
103,candidate_2,candidate_1,candidate_4,candidate_3,4,0.0225
104,candidate_2,candidate_1,candidate_4,candidate_3,4,0.0225
105,candidate_2,candidate_1,candidate_4,candidate_3,4,0.0225
106,candidate_2,candidate_1,candidate_4,candidate_3,4,0.0225
107,candidate_2,candidate_1,candidate_4,candidate_3,4,0.0225
108,candidate_2,candidate_1,candidate_4,candidate_3,4,0.0225
109,candidate_2,candidate_1,candidate_4,candidate_3,4,0.0225
110,candidate_2,candidate_1,candidate_4,candidate_3,4,0.0225
111,candidate_2,candidate_1,candidate_4,candidate_3,4,0.0225
112,candidate_2,candidate_1,candidate_4,candidate_3,4,0.0225
113,candidate_2,candidate_1,candidate_4,candidate_3,4,0.0225
114,candidate_2,candidate_1,candidate_4,candidate_3,4,0.0225
115,candidate_2,candidate_1,candidate_4,candidate_3,4,0.0225
116,candidate_2,candidate_1,candidate_4,candidate_3,4,0.0225
117,candidate_2,candidate_1,candidate_4,candidate_3,4,0.0225
118,candidate_2,candidate_1,candidate_4,candidate_3,4,0.0225
119,candidate_2,candidate_1,candidate_4,candidate_3,4,0.0225
120,candidate_2,candidate_1,candidate_4,candidate_3,4,0.0225
121,candidate_2,candidate_1,candidate_4,candidate_3,4,0.0225
122,candidate_2,candidate_1,candidate_4,candidate_3,4,0.0225
123,candidate_2,candidate_1,candidate_4,candidate_3,4,0.0225
124,candidate_2,candidate_1,candidate_4,candidate_3,4,0.0225
125,candidate_2,candidate_1,candidate_4,candidate_3,4,0.0225
126,candidate_2,candidate_1,candidate_4,candidate_3,4,0.0225
127,candidate_2,candidate_1,candidate_4,candidate_3,4,0.0225
128,candidate_2,candidate_1,candidate_4,candidate_3,4,0.0225
129,candidate_2,candidate_1,candidate_4,candidate_3,4,0.0225
130,candidate_2,candidate_1,candidate_4,candidate_3,4,0.0225
131,candidate_2,candidate_1,candidate_4,candidate_3,4,0.0225
132,candidate_2,candidate_1,candidate_4,candidate_3,4,0.0225
133,candidate_2,candidate_1,candidate_4,candidate_3,4,0.0225
134,candidate_2,candidate_1,candidate_4,candidate_3,4,0.0225
135,candidate_2,candidate_1,candidate_4,candidate_3,4,0.0225
136,candidate_2,candidate_1,candidate_4,candidate_3,4,0.0225
137,candidate_2,candidate_1,candidate_4,candidate_3,4,0.0225
138,candidate_2,candidate_1,candidate_4,candidate_3,4,0.0225
139,candidate_2,candidate_1,candidate_4,candidate_3,4,0.0225
140,candidate_2,candidate_1,candidate_4,candidate_3,4,0.0225
141,0,candidate_1,candidate_4,candidate_3,4,0.0225
142,candidate_2,candidate_1,candidate_4,candidate_3,4,0.0225
143,candidate_2,candidate_1,0,candidate_3,4,0.0225
144,candidate_2,candidate_1,candidate_4,candidate_3,4,0.0225
145,candidate_2,candidate_1,candidate_4,candidate_3,4,0.0225
146,candidate_2,candidate_1,candidate_4,0,4,0.0225
147,candidate_2,candidate_1,candidate_4,candidate_3,4,0.0225
148,candidate_2,candidate_1,candidate_4,candidate_3,4,0.0225
149,candidate_2,candidate_1,candidate_4,candidate_3,4,0.0225
150,candidate_2,candidate_1,candidate_4,candidate_3,4,0.0225
151,candidate_2,candidate_1,candidate_4,candidate_3,4,0.0225
152,candidate_2,candidate_1,0,candidate_3,4,0.0225
153,candidate_2,candidate_1,candidate_4,candidate_3,4,0.0225
154,candidate_2,candidate_1,candidate_4,candidate_3,4,0.0225
155,candidate_2,candidate_1,candidate_4,candidate_3,4,0.0225
156,candidate_2,candidate_1,candidate_4,candidate_3,4,0.0225
157,candidate_2,candidate_1,candidate_4,candidate_3,4,0.0225
158,candidate_2,candidate_1,candidate_4,candidate_3,4,0.0225
159,candidate_2,candidate_1,candidate_4,candidate_3,4,0.0225
160,candidate_2,candidate_1,candidate_4,candidate_3,4,0.0225
161,candidate_2,candidate_1,0,candidate_3,4,0.0225
162,candidate_2,candidate_1,candidate_4,candidate_3,4,0.0225
163,candidate_2,candidate_1,candidate_4,candidate_3,4,0.0225
164,candidate_2,candidate_1,candidate_4,candidate_3,4,0.0225
165,candidate_2,candidate_1,candidate_4,candidate_3,4,0.0225
166,candidate_2,candidate_1,candidate_4,candidate_3,4,0.0225
167,candidate_2,candidate_1,candidate_4,candidate_3,4,0.0225
168,candidate_2,candidate_1,candidate_4,candidate_3,4,0.0225
169,candidate_2,candidate_1,candidate_4,candidate_3,4,0.0225
170,candidate_2,candidate_1,candidate_4,candidate_3,4,0.0225
171,candidate_2,candidate_1,candidate_4,candidate_3,4,0.0225
172,candidate_2,candidate_1,candidate_4,candidate_3,4,0.0225
173,candidate_2,candidate_1,candidate_4,0,4,0.0225
174,candidate_2,candidate_1,candidate_4,candidate_3,4,0.0225
175,candidate_2,candidate_1,candidate_4,candidate_3,4,0.0225
176,candidate_2,candidate_1,candidate_4,candidate_3,4,0.0225
177,candidate_2,candidate_1,candidate_4,candidate_3,4,0.0225
178,candidate_2,candidate_1,candidate_4,candidate_3,4,0.0225
179,candidate_2,candidate_1,candidate_4,candidate_3,4,0.0225
180,candidate_2,candidate_1,candidate_4,candidate_3,4,0.0225
181,candidate_2,candidate_1,candidate_4,candidate_3,4,0.0225
182,candidate_2,candidate_1,candidate_4,candidate_3,4,0.0225
183,candidate_2,candidate_1,candidate_4,candidate_3,4,0.0225
184,candidate_2,candidate_1,candidate_4,candidate_3,4,0.0225
185,candidate_2,candidate_1,candidate_4,candidate_3,4,0.0225
186,candidate_2,candidate_1,candidate_4,candidate_3,4,0.0225
187,candidate_2,candidate_1,candidate_4,0,4,0.0225
188,candidate_2,candidate_1,candidate_4,candidate_3,4,0.0225
189,candidate_2,candidate_1,candidate_4,candidate_3,4,0.0225
190,candidate_2,candidate_1,candidate_4,candidate_3,4,0.0225
191,candidate_2,candidate_1,candidate_4,candidate_3,4,0.0225
192,candidate_2,candidate_1,candidate_4,candidate_3,4,0.0225
193,candidate_2,0,candidate_4,candidate_3,4,0.0225
194,candidate_2,candidate_1,candidate_4,candidate_3,4,0.0225
195,candidate_2,candidate_1,candidate_4,candidate_3,4,0.0225
196,candidate_2,candidate_1,candidate_4,candidate_3,4,0.0225
197,candidate_2,candidate_1,candidate_4,candidate_3,4,0.0225
198,candidate_2,candidate_1,candidate_4,candidate_3,4,0.0225
199,candidate_2,candidate_1,candidate_4,candidate_3,4,0.0225
200,candidate_2,candidate_1,candidate_4,candidate_3,4,0.0225
201,candidate_2,candidate_1,candidate_4,candidate_3,4,0.0225
202,candidate_2,candidate_1,candidate_4,candidate_3,4,0.0225
203,candidate_2,candidate_1,candidate_4,candidate_3,4,0.0225
204,candidate_2,candidate_1,candidate_4,candidate_3,4,0.0225
205,candidate_2,candidate_1,candidate_4,candidate_3,4,0.0225
206,candidate_2,candidate_1,candidate_4,candidate_3,4,0.0225
207,candidate_2,candidate_1,candidate_4,candidate_3,4,0.0225
208,candidate_2,candidate_1,candidate_4,0,4,0.0225
209,candidate_2,candidate_1,candidate_4,candidate_3,4,0.0225
210,candidate_2,candidate_1,candidate_4,candidate_3,4,0.0225
211,0,candidate_1,candidate_4,0,4,0.0225
212,candidate_2,candidate_1,candidate_4,candidate_3,4,0.0225
213,candidate_2,candidate_1,candidate_4,candidate_3,4,0.0225
214,candidate_2,candidate_1,candidate_4,candidate_3,4,0.0225
215,candidate_2,candidate_1,candidate_4,candidate_3,4,0.0225
216,candidate_2,candidate_1,candidate_4,candidate_3,4,0.0225
217,candidate_2,candidate_1,candidate_4,candidate_3,4,0.0225
218,candidate_2,candidate_1,candidate_4,candidate_3,4,0.0225
219,candidate_2,candidate_1,candidate_4,candidate_3,4,0.0225
220,candidate_2,candidate_1,0,candidate_3,4,0.0225
221,candidate_2,candidate_1,candidate_4,candidate_3,4,0.0225
222,candidate_2,0,candidate_4,candidate_3,4,0.0225
223,candidate_2,candidate_1,candidate_4,candidate_3,4,0.0225
224,candidate_2,candidate_1,candidate_4,candidate_3,4,0.0225
225,candidate_2,candidate_1,candidate_4,candidate_3,4,0.0225
226,candidate_2,candidate_1,candidate_4,candidate_3,4,0.0225
227,candidate_2,candidate_1,candidate_4,candidate_3,4,0.0225
228,candidate_2,candidate_1,candidate_4,candidate_3,4,0.0225
229,candidate_2,candidate_1,candidate_4,candidate_3,4,0.0225
230,candidate_2,candidate_1,candidate_4,candidate_3,4,0.0225
231,candidate_2,candidate_1,candidate_4,candidate_3,4,0.0225
232,candidate_2,candidate_1,candidate_4,candidate_3,4,0.0225
233,candidate_2,candidate_1,candidate_4,candidate_3,4,0.0225
234,candidate_2,candidate_1,candidate_4,candidate_3,4,0.0225
235,candidate_2,candidate_1,candidate_4,candidate_3,4,0.0225
236,candidate_2,candidate_1,candidate_4,candidate_3,4,0.0225
237,candidate_2,candidate_1,candidate_4,candidate_3,4,0.0225
238,candidate_2,candidate_1,candidate_4,candidate_3,4,0.0225
239,candidate_2,candidate_1,candidate_4,candidate_3,4,0.0225
240,candidate_2,candidate_1,candidate_4,candidate_3,4,0.0225
241,candidate_2,candidate_1,candidate_4,candidate_3,4,0.0225
242,candidate_2,candidate_1,candidate_4,candidate_3,4,0.0225
243,candidate_2,candidate_1,candidate_4,candidate_3,4,0.0225
244,candidate_2,candidate_1,candidate_4,candidate_3,4,0.0225
245,candidate_2,candidate_1,0,candidate_3,4,0.0225
246,candidate_2,candidate_1,candidate_4,candidate_3,4,0.0225
247,candidate_2,candidate_1,candidate_4,candidate_3,4,0.0225
248,candidate_2,candidate_1,candidate_4,candidate_3,4,0.0225
249,candidate_2,candidate_1,candidate_4,candidate_3,4,0.0225
250,0,candidate_1,candidate_4,candidate_3,4,0.0225
251,candidate_2,candidate_1,candidate_4,candidate_3,4,0.0225
252,candidate_2,candidate_1,candidate_4,candidate_3,4,0.0225
253,candidate_2,candidate_1,candidate_4,candidate_3,4,0.0225
254,candidate_2,candidate_1,candidate_4,candidate_3,4,0.0225
255,candidate_2,candidate_1,candidate_4,candidate_3,4,0.0225
256,candidate_2,candidate_1,candidate_4,0,4,0.0225
257,candidate_2,candidate_1,candidate_4,candidate_3,4,0.0225
258,candidate_2,candidate_1,candidate_4,candidate_3,4,0.0225
259,candidate_2,candidate_1,candidate_4,candidate_3,4,0.0225
260,candidate_2,candidate_1,candidate_4,candidate_3,4,0.0225
261,candidate_2,candidate_1,0,candidate_3,4,0.0225
262,candidate_2,candidate_1,candidate_4,candidate_3,4,0.0225
263,0,candidate_1,candidate_4,candidate_3,4,0.0225
264,candidate_2,candidate_1,candidate_4,candidate_3,4,0.0225
265,candidate_2,candidate_1,candidate_4,candidate_3,4,0.0225
266,candidate_2,candidate_1,candidate_4,candidate_3,4,0.0225
267,candidate_2,candidate_1,candidate_4,candidate_3,4,0.0225
268,candidate_2,candidate_1,candidate_4,candidate_3,4,0.0225
269,candidate_2,candidate_1,candidate_4,candidate_3,4,0.0225
270,candidate_2,candidate_1,candidate_4,candidate_3,4,0.0225
271,candidate_2,candidate_1,candidate_4,candidate_3,4,0.0225
272,candidate_2,candidate_1,candidate_4,candidate_3,4,0.0225
273,candidate_2,candidate_1,candidate_4,candidate_3,4,0.0225
274,candidate_2,0,candidate_4,candidate_3,4,0.0225
275,candidate_2,candidate_1,candidate_4,candidate_3,4,0.0225
276,candidate_2,candidate_1,candidate_4,candidate_3,4,0.0225
277,candidate_2,candidate_1,candidate_4,candidate_3,4,0.0225
278,candidate_2,candidate_1,candidate_4,candidate_3,4,0.0225
279,0,candidate_1,candidate_4,candidate_3,4,0.0225
280,0,candidate_1,candidate_4,candidate_3,4,0.0225
281,candidate_2,candidate_1,candidate_4,candidate_3,4,0.0225
282,candidate_2,candidate_1,candidate_4,candidate_3,4,0.0225
283,candidate_2,candidate_1,candidate_4,candidate_3,4,0.0225
284,candidate_2,candidate_1,candidate_4,candidate_3,4,0.0225
285,candidate_2,candidate_1,candidate_4,candidate_3,4,0.0225
286,candidate_2,candidate_1,candidate_4,candidate_3,4,0.0225
287,candidate_2,candidate_1,candidate_4,candidate_3,4,0.0225
288,candidate_2,candidate_1,candidate_4,candidate_3,4,0.0225
289,candidate_2,candidate_1,candidate_4,candidate_3,4,0.0225
290,candidate_2,candidate_1,candidate_4,candidate_3,4,0.0225
291,0,candidate_1,candidate_4,candidate_3,4,0.0225
292,candidate_2,candidate_1,candidate_4,candidate_3,4,0.0225
293,candidate_2,candidate_1,candidate_4,candidate_3,4,0.0225
294,candidate_2,candidate_1,candidate_4,candidate_3,4,0.0225
295,candidate_2,candidate_1,candidate_4,candidate_3,4,0.0225
296,candidate_2,candidate_1,candidate_4,candidate_3,4,0.0225
297,candidate_2,candidate_1,candidate_4,candidate_3,4,0.0225
298,candidate_2,candidate_1,candidate_4,candidate_3,4,0.0225
299,candidate_2,candidate_1,candidate_4,candidate_3,4,0.0225
300,candidate_2,candidate_1,candidate_4,candidate_3,4,0.0225
301,candidate_2,candidate_1,candidate_4,candidate_3,4,0.0225
302,candidate_2,candidate_1,candidate_4,candidate_3,4,0.0225
303,candidate_2,candidate_1,candidate_4,candidate_3,4,0.0225
304,candidate_2,candidate_1,candidate_4,candidate_3,4,0.0225
305,candidate_2,candidate_1,candidate_4,candidate_3,4,0.0225
306,candidate_2,candidate_1,candidate_4,candidate_3,4,0.0225
307,candidate_2,candidate_1,candidate_4,candidate_3,4,0.0225
308,candidate_2,candidate_1,candidate_4,candidate_3,4,0.0225
309,candidate_2,candidate_1,candidate_4,candidate_3,4,0.0225
310,candidate_2,candidate_1,candidate_4,candidate_3,4,0.0225
311,candidate_2,candidate_1,candidate_4,candidate_3,4,0.0225
312,candidate_2,candidate_1,candidate_4,candidate_3,4,0.0225
313,candidate_2,candidate_1,candidate_4,candidate_3,4,0.0225
314,candidate_2,candidate_1,candidate_4,candidate_3,4,0.0225
315,candidate_2,candidate_1,candidate_4,candidate_3,4,0.0225
316,0,candidate_1,0,candidate_3,4,0.0225
317,candidate_2,candidate_1,candidate_4,candidate_3,4,0.0225
318,0,candidate_1,candidate_4,candidate_3,4,0.0225
319,candidate_2,candidate_1,candidate_4,candidate_3,4,0.0225
320,candidate_2,candidate_1,candidate_4,candidate_3,4,0.0225
321,candidate_2,candidate_1,candidate_4,candidate_3,4,0.0225
322,candidate_2,candidate_1,candidate_4,candidate_3,4,0.0225
323,candidate_2,candidate_1,candidate_4,candidate_3,4,0.0225
324,candidate_2,candidate_1,candidate_4,candidate_3,4,0.0225
325,candidate_2,candidate_1,candidate_4,candidate_3,4,0.0225
326,candidate_2,candidate_1,candidate_4,candidate_3,4,0.0225
327,candidate_2,candidate_1,candidate_4,candidate_3,4,0.0225
328,candidate_2,candidate_1,candidate_4,candidate_3,4,0.0225
329,candidate_2,candidate_1,candidate_4,candidate_3,4,0.0225
330,candidate_2,0,candidate_4,candidate_3,4,0.0225
331,candidate_2,candidate_1,candidate_4,candidate_3,4,0.0225
332,candidate_2,candidate_1,candidate_4,candidate_3,4,0.0225
333,candidate_2,candidate_1,candidate_4,candidate_3,4,0.0225
334,candidate_2,candidate_1,candidate_4,candidate_3,4,0.0225
335,candidate_2,candidate_1,candidate_4,candidate_3,4,0.0225
336,candidate_2,candidate_1,candidate_4,candidate_3,4,0.0225
337,candidate_2,candidate_1,candidate_4,candidate_3,4,0.0225
338,candidate_2,candidate_1,candidate_4,candidate_3,4,0.0225
339,candidate_2,0,candidate_4,0,4,0.0225
340,candidate_2,candidate_1,candidate_4,candidate_3,4,0.0225
341,candidate_2,candidate_1,candidate_4,0,4,0.0225
342,candidate_2,candidate_1,candidate_4,candidate_3,4,0.0225
343,0,candidate_1,candidate_4,candidate_3,4,0.0225
344,candidate_2,candidate_1,candidate_4,candidate_3,4,0.0225
345,candidate_2,candidate_1,candidate_4,candidate_3,4,0.0225
346,candidate_2,candidate_1,candidate_4,candidate_3,4,0.0225
347,candidate_2,candidate_1,candidate_4,candidate_3,4,0.0225
348,candidate_2,candidate_1,candidate_4,candidate_3,4,0.0225
349,candidate_2,candidate_1,candidate_4,candidate_3,4,0.0225
350,candidate_2,candidate_1,candidate_4,candidate_3,4,0.0225
351,candidate_2,candidate_1,candidate_4,candidate_3,4,0.0225
352,candidate_2,candidate_1,candidate_4,0,4,0.0225
353,candidate_2,candidate_1,candidate_4,candidate_3,4,0.0225
354,candidate_2,candidate_1,candidate_4,candidate_3,4,0.0225
355,candidate_2,candidate_1,candidate_4,candidate_3,4,0.0225
356,candidate_2,candidate_1,candidate_4,candidate_3,4,0.0225
357,candidate_2,candidate_1,candidate_4,candidate_3,4,0.0225
358,candidate_2,candidate_1,candidate_4,candidate_3,4,0.0225
359,candidate_2,candidate_1,candidate_4,candidate_3,4,0.0225
360,candidate_2,candidate_1,candidate_4,candidate_3,4,0.0225
361,candidate_2,candidate_1,candidate_4,candidate_3,4,0.0225
362,candidate_2,candidate_1,candidate_4,candidate_3,4,0.0225
363,candidate_2,candidate_1,candidate_4,candidate_3,4,0.0225
364,candidate_2,candidate_1,candidate_4,candidate_3,4,0.0225
365,candidate_2,candidate_1,candidate_4,candidate_3,4,0.0225
366,candidate_2,candidate_1,candidate_4,candidate_3,4,0.0225
367,candidate_2,candidate_1,candidate_4,candidate_3,4,0.0225
368,candidate_2,candidate_1,candidate_4,candidate_3,4,0.0225
369,candidate_2,candidate_1,candidate_4,candidate_3,4,0.0225
370,candidate_2,candidate_1,candidate_4,candidate_3,4,0.0225
371,candidate_2,candidate_1,candidate_4,candidate_3,4,0.0225
372,candidate_2,candidate_1,candidate_4,candidate_3,4,0.0225
373,candidate_2,candidate_1,candidate_4,candidate_3,4,0.0225
374,candidate_2,candidate_1,candidate_4,candidate_3,4,0.0225
375,candidate_2,candidate_1,candidate_4,candidate_3,4,0.0225
376,candidate_2,candidate_1,candidate_4,candidate_3,4,0.0225
377,candidate_2,candidate_1,candidate_4,candidate_3,4,0.0225
378,candidate_2,candidate_1,candidate_4,candidate_3,4,0.0225
379,candidate_2,candidate_1,candidate_4,candidate_3,4,0.0225
380,candidate_2,candidate_1,candidate_4,candidate_3,4,0.0225
381,candidate_2,candidate_1,candidate_4,candidate_3,4,0.0225
382,candidate_2,candidate_1,candidate_4,candidate_3,4,0.0225
383,candidate_2,candidate_1,candidate_4,candidate_3,4,0.0225
384,candidate_2,candidate_1,candidate_4,candidate_3,4,0.0225
385,candidate_2,candidate_1,candidate_4,candidate_3,4,0.0225
386,candidate_2,candidate_1,candidate_4,candidate_3,4,0.0225
387,candidate_2,candidate_1,candidate_4,candidate_3,4,0.0225
388,candidate_2,candidate_1,0,candidate_3,4,0.0225
389,candidate_2,candidate_1,candidate_4,candidate_3,4,0.0225
390,candidate_2,candidate_1,candidate_4,candidate_3,4,0.0225
391,candidate_2,candidate_1,candidate_4,candidate_3,4,0.0225
392,candidate_2,candidate_1,candidate_4,candidate_3,4,0.0225
393,candidate_2,candidate_1,candidate_4,candidate_3,4,0.0225
394,candidate_2,candidate_1,candidate_4,candidate_3,4,0.0225
395,candidate_2,candidate_1,candidate_4,candidate_3,4,0.0225
396,candidate_2,candidate_1,candidate_4,candidate_3,4,0.0225
397,candidate_2,candidate_1,candidate_4,candidate_3,4,0.0225
398,candidate_2,candidate_1,candidate_4,candidate_3,4,0.0225
399,candidate_2,candidate_1,candidate_4,candidate_3,4,0.0225
400,candidate_2,candidate_1,candidate_4,candidate_3,4,0.0225
401,candidate_2,candidate_1,candidate_4,candidate_3,4,0.0225
402,candidate_2,candidate_1,candidate_4,candidate_3,4,0.0225
403,candidate_2,candidate_1,candidate_4,candidate_3,4,0.0225
404,candidate_2,candidate_1,candidate_4,candidate_3,4,0.0225
405,candidate_2,candidate_1,0,candidate_3,4,0.0225
406,candidate_2,candidate_1,candidate_4,candidate_3,4,0.0225
407,candidate_2,candidate_1,candidate_4,candidate_3,4,0.0225
408,candidate_2,candidate_1,candidate_4,candidate_3,4,0.0225
409,candidate_2,candidate_1,candidate_4,candidate_3,4,0.0225
410,candidate_2,candidate_1,candidate_4,candidate_3,4,0.0225
411,candidate_2,candidate_1,candidate_4,candidate_3,4,0.0225
412,candidate_2,candidate_1,candidate_4,candidate_3,4,0.0225
413,candidate_2,candidate_1,candidate_4,candidate_3,4,0.0225
414,candidate_2,candidate_1,candidate_4,candidate_3,4,0.0225
415,candidate_2,candidate_1,candidate_4,candidate_3,4,0.0225
416,candidate_2,candidate_1,candidate_4,candidate_3,4,0.0225
417,candidate_2,candidate_1,candidate_4,candidate_3,4,0.0225
418,candidate_2,candidate_1,candidate_4,candidate_3,4,0.0225
419,candidate_2,candidate_1,candidate_4,candidate_3,4,0.0225
420,candidate_2,candidate_1,candidate_4,candidate_3,4,0.0225
421,candidate_2,candidate_1,candidate_4,candidate_3,4,0.0225
422,candidate_2,candidate_1,candidate_4,candidate_3,4,0.0225
423,candidate_2,candidate_1,candidate_4,candidate_3,4,0.0225
424,candidate_2,candidate_1,candidate_4,candidate_3,4,0.0225
425,candidate_2,candidate_1,candidate_4,candidate_3,4,0.0225
426,candidate_2,candidate_1,candidate_4,candidate_3,4,0.0225
427,candidate_2,candidate_1,candidate_4,candidate_3,4,0.0225
428,candidate_2,candidate_1,candidate_4,candidate_3,4,0.0225
429,candidate_2,candidate_1,candidate_4,candidate_3,4,0.0225
430,candidate_2,candidate_1,candidate_4,candidate_3,4,0.0225
431,candidate_2,candidate_1,candidate_4,candidate_3,4,0.0225
432,candidate_2,candidate_1,candidate_4,candidate_3,4,0.0225
433,candidate_2,candidate_1,candidate_4,candidate_3,4,0.0225
434,candidate_2,candidate_1,candidate_4,candidate_3,4,0.0225
435,candidate_2,candidate_1,candidate_4,candidate_3,4,0.0225
436,candidate_2,candidate_1,candidate_4,candidate_3,4,0.0225
437,candidate_2,candidate_1,candidate_4,candidate_3,4,0.0225
438,candidate_2,candidate_1,candidate_4,candidate_3,4,0.0225
439,candidate_2,candidate_1,candidate_4,candidate_3,4,0.0225
440,candidate_2,candidate_1,candidate_4,candidate_3,4,0.0225
441,candidate_2,candidate_1,candidate_4,candidate_3,4,0.0225
442,candidate_2,candidate_1,candidate_4,candidate_3,4,0.0225
443,candidate_2,candidate_1,candidate_4,candidate_3,4,0.0225
444,candidate_2,candidate_1,candidate_4,0,4,0.0225
445,candidate_2,candidate_1,candidate_4,candidate_3,4,0.0225
446,candidate_2,candidate_1,candidate_4,candidate_3,4,0.0225
447,candidate_2,candidate_1,candidate_4,candidate_3,4,0.0225
448,candidate_2,candidate_1,candidate_4,candidate_3,4,0.0225
449,candidate_2,candidate_1,candidate_4,candidate_3,4,0.0225
450,candidate_2,candidate_1,candidate_4,candidate_3,4,0.0225
451,candidate_2,candidate_1,candidate_4,candidate_3,4,0.0225
452,candidate_2,candidate_1,candidate_4,candidate_3,4,0.0225
453,candidate_2,candidate_1,candidate_4,candidate_3,4,0.0225
454,candidate_2,candidate_1,candidate_4,candidate_3,4,0.0225
455,candidate_2,candidate_1,candidate_4,candidate_3,4,0.0225
456,candidate_2,candidate_1,candidate_4,candidate_3,4,0.0225
457,candidate_2,candidate_1,candidate_4,candidate_3,4,0.0225
458,0,candidate_1,candidate_4,candidate_3,4,0.0225
459,candidate_2,candidate_1,candidate_4,candidate_3,4,0.0225
460,candidate_2,candidate_1,candidate_4,candidate_3,4,0.0225
461,candidate_2,candidate_1,candidate_4,candidate_3,4,0.0225
462,candidate_2,candidate_1,candidate_4,candidate_3,4,0.0225
463,candidate_2,candidate_1,candidate_4,candidate_3,4,0.0225
464,candidate_2,candidate_1,candidate_4,candidate_3,4,0.0225
465,candidate_2,candidate_1,candidate_4,candidate_3,4,0.0225
466,candidate_2,candidate_1,candidate_4,candidate_3,4,0.0225
467,candidate_2,candidate_1,candidate_4,candidate_3,4,0.0225
468,candidate_2,0,candidate_4,candidate_3,4,0.0225
469,candidate_2,0,candidate_4,candidate_3,4,0.0225
470,candidate_2,candidate_1,candidate_4,candidate_3,4,0.0225
471,candidate_2,candidate_1,candidate_4,candidate_3,4,0.0225
472,candidate_2,candidate_1,candidate_4,candidate_3,4,0.0225
473,candidate_2,candidate_1,candidate_4,candidate_3,4,0.0225
474,candidate_2,candidate_1,candidate_4,candidate_3,4,0.0225
475,candidate_2,candidate_1,candidate_4,candidate_3,4,0.0225
476,candidate_2,candidate_1,candidate_4,candidate_3,4,0.0225
477,candidate_2,candidate_1,candidate_4,candidate_3,4,0.0225
478,candidate_2,candidate_1,candidate_4,candidate_3,4,0.0225
479,candidate_2,candidate_1,candidate_4,candidate_3,4,0.0225
480,candidate_2,0,candidate_4,candidate_3,4,0.0225
481,candidate_2,candidate_1,candidate_4,candidate_3,4,0.0225
482,candidate_2,candidate_1,candidate_4,candidate_3,4,0.0225
483,candidate_2,candidate_1,candidate_4,candidate_3,4,0.0225
484,candidate_2,candidate_1,candidate_4,candidate_3,4,0.0225
485,candidate_2,candidate_1,candidate_4,candidate_3,4,0.0225
486,candidate_2,0,candidate_4,candidate_3,4,0.0225
487,candidate_2,candidate_1,candidate_4,candidate_3,4,0.0225
488,candidate_2,candidate_1,candidate_4,candidate_3,4,0.0225
489,candidate_2,0,candidate_4,candidate_3,4,0.0225
490,candidate_2,candidate_1,candidate_4,candidate_3,4,0.0225
491,candidate_2,candidate_1,candidate_4,candidate_3,4,0.0225
492,candidate_2,candidate_1,candidate_4,candidate_3,4,0.0225
493,candidate_2,candidate_1,candidate_4,candidate_3,4,0.0225
494,candidate_2,candidate_1,candidate_4,candidate_3,4,0.0225
495,candidate_2,candidate_1,candidate_4,candidate_3,4,0.0225
496,candidate_2,candidate_1,candidate_4,candidate_3,4,0.0225
497,candidate_2,candidate_1,candidate_4,candidate_3,4,0.0225
498,candidate_2,candidate_1,candidate_4,candidate_3,4,0.0225
499,candidate_2,candidate_1,candidate_4,candidate_3,4,0.0225
500,candidate_2,candidate_1,candidate_4,candidate_3,4,0.0225
501,candidate_2,candidate_1,candidate_4,candidate_3,4,0.0225
502,candidate_2,candidate_1,candidate_4,candidate_3,4,0.0225
503,candidate_2,candidate_1,candidate_4,candidate_3,4,0.0225
504,candidate_2,candidate_1,candidate_4,candidate_3,4,0.0225
505,candidate_2,candidate_1,candidate_4,candidate_3,4,0.0225
506,candidate_2,candidate_1,candidate_4,candidate_3,4,0.0225
507,candidate_2,candidate_1,candidate_4,candidate_3,4,0.0225
508,candidate_2,candidate_1,candidate_4,candidate_3,4,0.0225
509,candidate_2,candidate_1,candidate_4,candidate_3,4,0.0225
510,candidate_2,candidate_1,candidate_4,0,4,0.0225
511,candidate_2,candidate_1,candidate_4,candidate_3,4,0.0225
512,candidate_2,candidate_1,candidate_4,candidate_3,4,0.0225
513,candidate_2,candidate_1,candidate_4,candidate_3,4,0.0225
514,candidate_2,candidate_1,candidate_4,candidate_3,4,0.0225
515,candidate_2,candidate_1,candidate_4,candidate_3,4,0.0225
516,candidate_2,candidate_1,candidate_4,candidate_3,4,0.0225
517,candidate_2,candidate_1,candidate_4,candidate_3,4,0.0225
518,candidate_2,candidate_1,candidate_4,candidate_3,4,0.0225
519,candidate_2,candidate_1,candidate_4,candidate_3,4,0.0225
520,candidate_2,candidate_1,candidate_4,candidate_3,4,0.0225
521,candidate_2,candidate_1,candidate_4,candidate_3,4,0.0225
522,candidate_2,candidate_1,candidate_4,candidate_3,4,0.0225
523,candidate_2,candidate_1,candidate_4,candidate_3,4,0.0225
524,candidate_2,candidate_1,candidate_4,candidate_3,4,0.0225
525,candidate_2,candidate_1,candidate_4,candidate_3,4,0.0225
526,candidate_2,candidate_1,candidate_4,candidate_3,4,0.0225
527,candidate_2,candidate_1,candidate_4,candidate_3,4,0.0225
528,candidate_2,candidate_1,candidate_4,candidate_3,4,0.0225
529,0,candidate_1,candidate_4,candidate_3,4,0.0225
530,candidate_2,candidate_1,candidate_4,candidate_3,4,0.0225
531,candidate_2,candidate_1,candidate_4,candidate_3,4,0.0225
532,candidate_2,0,candidate_4,candidate_3,4,0.0225
533,candidate_2,candidate_1,candidate_4,candidate_3,4,0.0225
534,candidate_2,candidate_1,candidate_4,candidate_3,4,0.0225
535,candidate_2,candidate_1,candidate_4,candidate_3,4,0.0225
536,candidate_2,0,candidate_4,candidate_3,4,0.0225
537,candidate_2,candidate_1,candidate_4,candidate_3,4,0.0225
538,candidate_2,candidate_1,candidate_4,candidate_3,4,0.0225
539,candidate_2,candidate_1,candidate_4,candidate_3,4,0.0225
540,candidate_2,candidate_1,candidate_4,candidate_3,4,0.0225
541,candidate_2,candidate_1,candidate_4,candidate_3,4,0.0225
542,0,candidate_1,candidate_4,candidate_3,4,0.0225
543,candidate_2,candidate_1,candidate_4,candidate_3,4,0.0225
544,candidate_2,candidate_1,candidate_4,candidate_3,4,0.0225
545,candidate_2,candidate_1,candidate_4,candidate_3,4,0.0225
546,candidate_2,candidate_1,candidate_4,candidate_3,4,0.0225
547,candidate_2,candidate_1,candidate_4,candidate_3,4,0.0225
548,candidate_2,candidate_1,candidate_4,candidate_3,4,0.0225
549,candidate_2,candidate_1,candidate_4,candidate_3,4,0.0225
550,candidate_2,candidate_1,candidate_4,candidate_3,4,0.0225
551,candidate_2,candidate_1,candidate_4,candidate_3,4,0.0225
552,candidate_2,candidate_1,candidate_4,candidate_3,4,0.0225
553,0,candidate_1,candidate_4,candidate_3,4,0.0225
554,candidate_2,candidate_1,candidate_4,candidate_3,4,0.0225
555,candidate_2,candidate_1,candidate_4,candidate_3,4,0.0225
556,candidate_2,candidate_1,candidate_4,candidate_3,4,0.0225
557,candidate_2,candidate_1,candidate_4,candidate_3,4,0.0225
558,candidate_2,candidate_1,candidate_4,candidate_3,4,0.0225
559,candidate_2,candidate_1,candidate_4,candidate_3,4,0.0225
560,candidate_2,candidate_1,candidate_4,candidate_3,4,0.0225
561,candidate_2,candidate_1,0,candidate_3,4,0.0225
562,candidate_2,candidate_1,candidate_4,candidate_3,4,0.0225
563,candidate_2,candidate_1,candidate_4,candidate_3,4,0.0225
564,candidate_2,candidate_1,candidate_4,candidate_3,4,0.0225
565,0,candidate_1,candidate_4,candidate_3,4,0.0225
566,candidate_2,candidate_1,candidate_4,candidate_3,4,0.0225
567,candidate_2,candidate_1,candidate_4,candidate_3,4,0.0225
568,0,candidate_1,candidate_4,candidate_3,4,0.0225
569,candidate_2,candidate_1,candidate_4,candidate_3,4,0.0225
570,candidate_2,candidate_1,candidate_4,candidate_3,4,0.0225
571,candidate_2,candidate_1,candidate_4,candidate_3,4,0.0225
572,candidate_2,candidate_1,candidate_4,candidate_3,4,0.0225
573,candidate_2,candidate_1,candidate_4,candidate_3,4,0.0225
574,candidate_2,candidate_1,candidate_4,candidate_3,4,0.0225
575,candidate_2,0,candidate_4,candidate_3,4,0.0225
576,candidate_2,candidate_1,candidate_4,candidate_3,4,0.0225
577,candidate_2,candidate_1,candidate_4,candidate_3,4,0.0225
578,candidate_2,candidate_1,candidate_4,candidate_3,4,0.0225
579,candidate_2,candidate_1,candidate_4,candidate_3,4,0.0225
580,candidate_2,candidate_1,candidate_4,candidate_3,4,0.0225
581,candidate_2,candidate_1,candidate_4,candidate_3,4,0.0225
582,candidate_2,candidate_1,candidate_4,candidate_3,4,0.0225
583,candidate_2,candidate_1,candidate_4,candidate_3,4,0.0225
584,candidate_2,0,candidate_4,candidate_3,4,0.0225
585,candidate_2,candidate_1,candidate_4,candidate_3,4,0.0225
586,candidate_2,candidate_1,candidate_4,candidate_3,4,0.0225
587,candidate_2,candidate_1,candidate_4,candidate_3,4,0.0225
588,candidate_2,candidate_1,candidate_4,candidate_3,4,0.0225
589,candidate_2,candidate_1,candidate_4,candidate_3,4,0.0225
590,candidate_2,candidate_1,candidate_4,candidate_3,4,0.0225
591,candidate_2,candidate_1,candidate_4,candidate_3,4,0.0225
592,candidate_2,candidate_1,candidate_4,candidate_3,4,0.0225
593,candidate_2,candidate_1,candidate_4,candidate_3,4,0.0225
594,candidate_2,candidate_1,candidate_4,candidate_3,4,0.0225
595,candidate_2,candidate_1,candidate_4,candidate_3,4,0.0225
596,candidate_2,candidate_1,candidate_4,candidate_3,4,0.0225
597,candidate_2,candidate_1,candidate_4,candidate_3,4,0.0225
598,candidate_2,candidate_1,candidate_4,candidate_3,4,0.0225
599,candidate_2,candidate_1,candidate_4,candidate_3,4,0.0225
600,candidate_2,candidate_1,candidate_4,candidate_3,4,0.0225
601,candidate_2,candidate_1,candidate_4,candidate_3,4,0.0225
602,candidate_2,candidate_1,candidate_4,candidate_3,4,0.0225
603,candidate_2,candidate_1,candidate_4,candidate_3,4,0.0225
604,candidate_2,candidate_1,candidate_4,candidate_3,4,0.0225
605,candidate_2,candidate_1,candidate_4,candidate_3,4,0.0225
606,candidate_2,candidate_1,candidate_4,candidate_3,4,0.0225
607,candidate_2,candidate_1,candidate_4,candidate_3,4,0.0225
608,candidate_2,candidate_1,candidate_4,candidate_3,4,0.0225
609,candidate_2,candidate_1,candidate_4,candidate_3,4,0.0225
610,candidate_2,candidate_1,candidate_4,candidate_3,4,0.0225
611,candidate_2,candidate_1,candidate_4,candidate_3,4,0.0225
612,candidate_2,candidate_1,candidate_4,candidate_3,4,0.0225
613,candidate_2,candidate_1,candidate_4,candidate_3,4,0.0225
614,candidate_2,candidate_1,candidate_4,candidate_3,4,0.0225
615,candidate_2,candidate_1,candidate_4,candidate_3,4,0.0225
616,candidate_2,candidate_1,candidate_4,candidate_3,4,0.0225
617,candidate_2,candidate_1,candidate_4,candidate_3,4,0.0225
618,candidate_2,candidate_1,candidate_4,candidate_3,4,0.0225
619,candidate_2,candidate_1,candidate_4,candidate_3,4,0.0225
620,candidate_2,candidate_1,candidate_4,candidate_3,4,0.0225
621,candidate_2,candidate_1,candidate_4,candidate_3,4,0.0225
622,candidate_2,candidate_1,candidate_4,candidate_3,4,0.0225
623,candidate_2,candidate_1,candidate_4,candidate_3,4,0.0225
624,candidate_2,candidate_1,candidate_4,candidate_3,4,0.0225
625,candidate_2,candidate_1,candidate_4,candidate_3,4,0.0225
626,candidate_2,candidate_1,candidate_4,candidate_3,4,0.0225
627,candidate_2,candidate_1,candidate_4,candidate_3,4,0.0225
628,candidate_2,candidate_1,candidate_4,candidate_3,4,0.0225
629,candidate_2,candidate_1,candidate_4,candidate_3,4,0.0225
630,candidate_2,candidate_1,candidate_4,candidate_3,4,0.0225
631,candidate_2,candidate_1,0,candidate_3,4,0.0225
632,candidate_2,candidate_1,candidate_4,candidate_3,4,0.0225
633,candidate_2,candidate_1,candidate_4,candidate_3,4,0.0225
634,candidate_2,candidate_1,candidate_4,candidate_3,4,0.0225
635,candidate_2,candidate_1,candidate_4,candidate_3,4,0.0225
636,candidate_2,candidate_1,candidate_4,candidate_3,4,0.0225
637,candidate_2,candidate_1,candidate_4,candidate_3,4,0.0225
638,candidate_2,candidate_1,candidate_4,candidate_3,4,0.0225
639,candidate_2,candidate_1,candidate_4,candidate_3,4,0.0225
640,candidate_2,candidate_1,candidate_4,candidate_3,4,0.0225
641,candidate_2,candidate_1,candidate_4,candidate_3,4,0.0225
642,candidate_2,candidate_1,candidate_4,candidate_3,4,0.0225
643,candidate_2,candidate_1,candidate_4,candidate_3,4,0.0225
644,candidate_2,candidate_1,candidate_4,candidate_3,4,0.0225
645,candidate_2,candidate_1,candidate_4,candidate_3,4,0.0225
646,candidate_2,candidate_1,candidate_4,candidate_3,4,0.0225
647,candidate_2,candidate_1,candidate_4,candidate_3,4,0.0225
648,candidate_2,candidate_1,candidate_4,candidate_3,4,0.0225
649,candidate_2,candidate_1,candidate_4,candidate_3,4,0.0225
650,candidate_2,candidate_1,candidate_4,candidate_3,4,0.0225
651,candidate_2,candidate_1,candidate_4,candidate_3,4,0.0225
652,candidate_2,candidate_1,0,candidate_3,4,0.0225
653,candidate_2,candidate_1,candidate_4,candidate_3,4,0.0225
654,candidate_2,candidate_1,candidate_4,candidate_3,4,0.0225
655,candidate_2,candidate_1,candidate_4,candidate_3,4,0.0225
656,candidate_2,0,candidate_4,candidate_3,4,0.0225
657,candidate_2,candidate_1,candidate_4,candidate_3,4,0.0225
658,candidate_2,candidate_1,candidate_4,candidate_3,4,0.0225
659,candidate_2,candidate_1,candidate_4,candidate_3,4,0.0225
660,candidate_2,candidate_1,candidate_4,candidate_3,4,0.0225
661,candidate_2,candidate_1,candidate_4,candidate_3,4,0.0225
662,candidate_2,candidate_1,candidate_4,candidate_3,4,0.0225
663,candidate_2,candidate_1,candidate_4,candidate_3,4,0.0225
664,candidate_2,candidate_1,candidate_4,candidate_3,4,0.0225
665,candidate_2,candidate_1,candidate_4,candidate_3,4,0.0225
666,candidate_2,0,candidate_4,candidate_3,4,0.0225
667,candidate_2,candidate_1,candidate_4,candidate_3,4,0.0225
668,candidate_2,candidate_1,candidate_4,candidate_3,4,0.0225
669,candidate_2,candidate_1,candidate_4,candidate_3,4,0.0225
670,candidate_2,candidate_1,candidate_4,candidate_3,4,0.0225
671,candidate_2,candidate_1,candidate_4,candidate_3,4,0.0225
672,candidate_2,0,candidate_4,0,4,0.0225
673,candidate_2,candidate_1,candidate_4,candidate_3,4,0.0225
674,candidate_2,candidate_1,candidate_4,candidate_3,4,0.0225
675,candidate_2,candidate_1,candidate_4,candidate_3,4,0.0225
676,candidate_2,candidate_1,candidate_4,candidate_3,4,0.0225
677,candidate_2,candidate_1,candidate_4,candidate_3,4,0.0225
678,candidate_2,candidate_1,candidate_4,candidate_3,4,0.0225
679,candidate_2,candidate_1,candidate_4,candidate_3,4,0.0225
680,candidate_2,candidate_1,candidate_4,candidate_3,4,0.0225
681,candidate_2,candidate_1,candidate_4,candidate_3,4,0.0225
682,candidate_2,candidate_1,candidate_4,candidate_3,4,0.0225
683,candidate_2,candidate_1,candidate_4,candidate_3,4,0.0225
684,candidate_2,candidate_1,candidate_4,candidate_3,4,0.0225
685,candidate_2,candidate_1,candidate_4,candidate_3,4,0.0225
686,candidate_2,candidate_1,candidate_4,candidate_3,4,0.0225
687,candidate_2,candidate_1,candidate_4,candidate_3,4,0.0225
688,0,candidate_1,candidate_4,candidate_3,4,0.0225
689,candidate_2,candidate_1,candidate_4,candidate_3,4,0.0225
690,candidate_2,candidate_1,candidate_4,candidate_3,4,0.0225
691,candidate_2,candidate_1,candidate_4,candidate_3,4,0.0225
692,candidate_2,candidate_1,candidate_4,candidate_3,4,0.0225
693,candidate_2,candidate_1,candidate_4,candidate_3,4,0.0225
694,candidate_2,candidate_1,candidate_4,candidate_3,4,0.0225
695,candidate_2,candidate_1,candidate_4,candidate_3,4,0.0225
696,candidate_2,candidate_1,candidate_4,candidate_3,4,0.0225
697,candidate_2,candidate_1,candidate_4,candidate_3,4,0.0225
698,candidate_2,candidate_1,candidate_4,candidate_3,4,0.0225
699,candidate_2,candidate_1,candidate_4,candidate_3,4,0.0225
700,candidate_2,candidate_1,candidate_4,candidate_3,4,0.0225
701,candidate_2,candidate_1,0,candidate_3,4,0.0225
702,candidate_2,candidate_1,candidate_4,candidate_3,4,0.0225
703,candidate_2,candidate_1,candidate_4,candidate_3,4,0.0225
704,candidate_2,candidate_1,candidate_4,candidate_3,4,0.0225
705,candidate_2,candidate_1,candidate_4,candidate_3,4,0.0225
706,candidate_2,candidate_1,candidate_4,candidate_3,4,0.0225
707,candidate_2,candidate_1,candidate_4,candidate_3,4,0.0225
708,candidate_2,candidate_1,candidate_4,candidate_3,4,0.0225
709,candidate_2,candidate_1,candidate_4,candidate_3,4,0.0225
710,candidate_2,candidate_1,candidate_4,candidate_3,4,0.0225
711,candidate_2,candidate_1,candidate_4,candidate_3,4,0.0225
712,candidate_2,candidate_1,candidate_4,candidate_3,4,0.0225
713,candidate_2,candidate_1,candidate_4,candidate_3,4,0.0225
714,candidate_2,candidate_1,candidate_4,candidate_3,4,0.0225
715,candidate_2,candidate_1,candidate_4,candidate_3,4,0.0225
716,candidate_2,candidate_1,candidate_4,candidate_3,4,0.0225
717,candidate_2,candidate_1,candidate_4,candidate_3,4,0.0225
718,candidate_2,candidate_1,candidate_4,candidate_3,4,0.0225
719,candidate_2,candidate_1,candidate_4,candidate_3,4,0.0225
720,candidate_2,candidate_1,candidate_4,candidate_3,4,0.0225
721,candidate_2,candidate_1,candidate_4,candidate_3,4,0.0225
722,candidate_2,candidate_1,candidate_4,candidate_3,4,0.0225
723,candidate_2,candidate_1,candidate_4,candidate_3,4,0.0225
724,candidate_2,candidate_1,candidate_4,candidate_3,4,0.0225
725,candidate_2,candidate_1,candidate_4,candidate_3,4,0.0225
726,candidate_2,candidate_1,candidate_4,candidate_3,4,0.0225
727,candidate_2,candidate_1,candidate_4,candidate_3,4,0.0225
728,candidate_2,candidate_1,candidate_4,candidate_3,4,0.0225
729,candidate_2,candidate_1,candidate_4,candidate_3,4,0.0225
730,candidate_2,candidate_1,candidate_4,candidate_3,4,0.0225
731,candidate_2,candidate_1,candidate_4,candidate_3,4,0.0225
732,candidate_2,candidate_1,candidate_4,candidate_3,4,0.0225
733,candidate_2,candidate_1,candidate_4,candidate_3,4,0.0225
734,candidate_2,candidate_1,candidate_4,candidate_3,4,0.0225
735,candidate_2,candidate_1,candidate_4,candidate_3,4,0.0225
736,candidate_2,candidate_1,candidate_4,candidate_3,4,0.0225
737,candidate_2,candidate_1,candidate_4,candidate_3,4,0.0225
738,candidate_2,candidate_1,candidate_4,candidate_3,4,0.0225
739,candidate_2,candidate_1,candidate_4,candidate_3,4,0.0225
740,candidate_2,candidate_1,candidate_4,candidate_3,4,0.0225
741,candidate_2,candidate_1,candidate_4,candidate_3,4,0.0225
742,candidate_2,candidate_1,candidate_4,candidate_3,4,0.0225
743,candidate_2,candidate_1,candidate_4,candidate_3,4,0.0225
744,candidate_2,candidate_1,candidate_4,candidate_3,4,0.0225
745,candidate_2,candidate_1,candidate_4,candidate_3,4,0.0225
746,candidate_2,candidate_1,candidate_4,candidate_3,4,0.0225
747,candidate_2,candidate_1,candidate_4,candidate_3,4,0.0225
748,candidate_2,candidate_1,candidate_4,candidate_3,4,0.0225
749,candidate_2,candidate_1,candidate_4,candidate_3,4,0.0225
750,candidate_2,candidate_1,candidate_4,candidate_3,4,0.0225
751,candidate_2,candidate_1,candidate_4,candidate_3,4,0.0225
752,candidate_2,candidate_1,candidate_4,candidate_3,4,0.0225
753,candidate_2,candidate_1,candidate_4,candidate_3,4,0.0225
754,candidate_2,candidate_1,candidate_4,candidate_3,4,0.0225
755,candidate_2,0,candidate_4,0,4,0.0225
756,candidate_2,candidate_1,candidate_4,candidate_3,4,0.0225
757,candidate_2,candidate_1,candidate_4,candidate_3,4,0.0225
758,candidate_2,candidate_1,candidate_4,candidate_3,4,0.0225
759,candidate_2,candidate_1,candidate_4,candidate_3,4,0.0225
760,candidate_2,candidate_1,candidate_4,candidate_3,4,0.0225
761,candidate_2,candidate_1,candidate_4,candidate_3,4,0.0225
762,candidate_2,candidate_1,candidate_4,candidate_3,4,0.0225
763,candidate_2,candidate_1,candidate_4,candidate_3,4,0.0225
764,candidate_2,candidate_1,candidate_4,0,4,0.0225
765,candidate_2,candidate_1,candidate_4,candidate_3,4,0.0225
766,0,candidate_1,candidate_4,candidate_3,4,0.0225
767,candidate_2,candidate_1,candidate_4,candidate_3,4,0.0225
768,candidate_2,candidate_1,candidate_4,candidate_3,4,0.0225
769,candidate_2,candidate_1,candidate_4,candidate_3,4,0.0225
770,candidate_2,candidate_1,candidate_4,candidate_3,4,0.0225
771,candidate_2,candidate_1,candidate_4,candidate_3,4,0.0225
772,candidate_2,candidate_1,candidate_4,candidate_3,4,0.0225
773,candidate_2,candidate_1,candidate_4,candidate_3,4,0.0225
774,candidate_2,candidate_1,candidate_4,candidate_3,4,0.0225
775,candidate_2,candidate_1,candidate_4,candidate_3,4,0.0225
776,candidate_2,candidate_1,candidate_4,0,4,0.0225
777,candidate_2,candidate_1,candidate_4,candidate_3,4,0.0225
778,candidate_2,candidate_1,candidate_4,candidate_3,4,0.0225
779,candidate_2,candidate_1,candidate_4,candidate_3,4,0.0225
780,0,candidate_1,candidate_4,candidate_3,4,0.0225
781,candidate_2,candidate_1,candidate_4,candidate_3,4,0.0225
782,candidate_2,candidate_1,candidate_4,candidate_3,4,0.0225
783,candidate_2,0,candidate_4,candidate_3,4,0.0225
784,candidate_2,candidate_1,candidate_4,candidate_3,4,0.0225
785,candidate_2,candidate_1,candidate_4,0,4,0.0225
786,candidate_2,candidate_1,candidate_4,candidate_3,4,0.0225
787,candidate_2,candidate_1,candidate_4,candidate_3,4,0.0225
788,candidate_2,candidate_1,candidate_4,candidate_3,4,0.0225
789,candidate_2,candidate_1,candidate_4,candidate_3,4,0.0225
790,candidate_2,candidate_1,candidate_4,candidate_3,4,0.0225
791,candidate_2,candidate_1,candidate_4,candidate_3,4,0.0225
792,candidate_2,candidate_1,candidate_4,candidate_3,4,0.0225
793,candidate_2,candidate_1,candidate_4,candidate_3,4,0.0225
794,candidate_2,candidate_1,candidate_4,candidate_3,4,0.0225
795,0,candidate_1,candidate_4,candidate_3,4,0.0225
796,candidate_2,candidate_1,candidate_4,candidate_3,4,0.0225
797,candidate_2,candidate_1,candidate_4,candidate_3,4,0.0225
798,candidate_2,candidate_1,candidate_4,candidate_3,4,0.0225
799,candidate_2,candidate_1,candidate_4,candidate_3,4,0.0225
800,candidate_2,candidate_1,candidate_4,candidate_3,4,0.0225
801,candidate_2,candidate_1,candidate_4,candidate_3,4,0.0225
802,candidate_2,candidate_1,candidate_4,candidate_3,4,0.0225
803,candidate_2,candidate_1,candidate_4,candidate_3,4,0.0225
804,candidate_2,candidate_1,candidate_4,candidate_3,4,0.0225
805,candidate_2,candidate_1,candidate_4,candidate_3,4,0.0225
806,candidate_2,candidate_1,candidate_4,candidate_3,4,0.0225
807,candidate_2,candidate_1,candidate_4,candidate_3,4,0.0225
808,candidate_2,candidate_1,candidate_4,candidate_3,4,0.0225
809,candidate_2,candidate_1,candidate_4,candidate_3,4,0.0225
810,candidate_2,candidate_1,candidate_4,candidate_3,4,0.0225
811,candidate_2,candidate_1,candidate_4,candidate_3,4,0.0225
812,candidate_2,candidate_1,candidate_4,candidate_3,4,0.0225
813,candidate_2,candidate_1,candidate_4,candidate_3,4,0.0225
814,candidate_2,candidate_1,candidate_4,candidate_3,4,0.0225
815,candidate_2,candidate_1,candidate_4,candidate_3,4,0.0225
816,candidate_2,candidate_1,candidate_4,candidate_3,4,0.0225
817,candidate_2,candidate_1,0,candidate_3,4,0.0225
818,candidate_2,candidate_1,candidate_4,candidate_3,4,0.0225
819,candidate_2,candidate_1,candidate_4,candidate_3,4,0.0225
820,candidate_2,candidate_1,candidate_4,candidate_3,4,0.0225
821,candidate_2,candidate_1,candidate_4,candidate_3,4,0.0225
822,candidate_2,candidate_1,candidate_4,candidate_3,4,0.0225
823,candidate_2,candidate_1,candidate_4,candidate_3,4,0.0225
824,candidate_2,candidate_1,candidate_4,candidate_3,4,0.0225
825,candidate_2,candidate_1,candidate_4,candidate_3,4,0.0225
826,candidate_2,candidate_1,candidate_4,candidate_3,4,0.0225
827,candidate_2,candidate_1,candidate_4,candidate_3,4,0.0225
828,candidate_2,candidate_1,candidate_4,candidate_3,4,0.0225
829,candidate_2,candidate_1,candidate_4,candidate_3,4,0.0225
830,candidate_2,candidate_1,candidate_4,candidate_3,4,0.0225
831,candidate_2,candidate_1,candidate_4,candidate_3,4,0.0225
832,candidate_2,candidate_1,candidate_4,candidate_3,4,0.0225
833,candidate_2,candidate_1,candidate_4,candidate_3,4,0.0225
834,candidate_2,candidate_1,candidate_4,candidate_3,4,0.0225
835,candidate_2,candidate_1,candidate_4,candidate_3,4,0.0225
836,candidate_2,candidate_1,candidate_4,candidate_3,4,0.0225
837,candidate_2,candidate_1,candidate_4,candidate_3,4,0.0225
838,candidate_2,candidate_1,candidate_4,candidate_3,4,0.0225
839,candidate_2,candidate_1,candidate_4,candidate_3,4,0.0225
840,candidate_2,candidate_1,candidate_4,candidate_3,4,0.0225
841,candidate_2,candidate_1,candidate_4,candidate_3,4,0.0225
842,candidate_2,candidate_1,candidate_4,candidate_3,4,0.0225
843,candidate_2,candidate_1,candidate_4,candidate_3,4,0.0225
844,candidate_2,candidate_1,candidate_4,candidate_3,4,0.0225
845,candidate_2,candidate_1,candidate_4,candidate_3,4,0.0225
846,candidate_2,candidate_1,candidate_4,candidate_3,4,0.0225
847,candidate_2,candidate_1,candidate_4,candidate_3,4,0.0225
848,candidate_2,candidate_1,candidate_4,candidate_3,4,0.0225
849,candidate_2,candidate_1,candidate_4,candidate_3,4,0.0225
850,candidate_2,candidate_1,candidate_4,candidate_3,4,0.0225
851,candidate_2,candidate_1,candidate_4,candidate_3,4,0.0225
852,candidate_2,candidate_1,candidate_4,candidate_3,4,0.0225
853,candidate_2,candidate_1,candidate_4,candidate_3,4,0.0225
854,candidate_2,candidate_1,candidate_4,candidate_3,4,0.0225
855,candidate_2,candidate_1,candidate_4,candidate_3,4,0.0225
856,candidate_2,candidate_1,candidate_4,candidate_3,4,0.0225
857,candidate_2,candidate_1,candidate_4,candidate_3,4,0.0225
858,candidate_2,candidate_1,candidate_4,candidate_3,4,0.0225
859,candidate_2,candidate_1,candidate_4,candidate_3,4,0.0225
860,candidate_2,candidate_1,candidate_4,candidate_3,4,0.0225
861,candidate_2,candidate_1,candidate_4,candidate_3,4,0.0225
862,candidate_2,candidate_1,candidate_4,candidate_3,4,0.0225
863,candidate_2,candidate_1,0,candidate_3,4,0.0225
864,candidate_2,candidate_1,candidate_4,candidate_3,4,0.0225
865,candidate_2,candidate_1,candidate_4,candidate_3,4,0.0225
866,candidate_2,candidate_1,candidate_4,candidate_3,4,0.0225
867,candidate_2,candidate_1,candidate_4,candidate_3,4,0.0225
868,candidate_2,candidate_1,candidate_4,candidate_3,4,0.0225
869,candidate_2,candidate_1,candidate_4,candidate_3,4,0.0225
0,candidate_2,candidate_3,candidate_1,candidate_4,4,0.0225
1,candidate_2,candidate_3,candidate_1,candidate_4,4,0.0225
2,candidate_2,candidate_3,candidate_1,candidate_4,4,0.0225
3,candidate_2,candidate_3,candidate_1,candidate_4,4,0.0225
4,candidate_2,candidate_3,candidate_1,candidate_4,4,0.0225
5,candidate_2,candidate_3,candidate_1,candidate_4,4,0.0225
6,candidate_2,candidate_3,candidate_1,candidate_4,4,0.0225
7,candidate_2,candidate_3,candidate_1,candidate_4,4,0.0225
8,candidate_2,candidate_3,candidate_1,candidate_4,4,0.0225
9,candidate_2,candidate_3,candidate_1,candidate_4,4,0.0225
10,candidate_2,candidate_3,candidate_1,candidate_4,4,0.0225
11,candidate_2,candidate_3,candidate_1,candidate_4,4,0.0225
12,candidate_2,candidate_3,candidate_1,candidate_4,4,0.0225
13,candidate_2,candidate_3,candidate_1,candidate_4,4,0.0225
14,candidate_2,candidate_3,candidate_1,candidate_4,4,0.0225
15,candidate_2,candidate_3,candidate_1,candidate_4,4,0.0225
16,candidate_2,candidate_3,candidate_1,candidate_4,4,0.0225
17,candidate_2,candidate_3,candidate_1,candidate_4,4,0.0225
18,0,candidate_3,candidate_1,candidate_4,4,0.0225
19,candidate_2,candidate_3,candidate_1,candidate_4,4,0.0225
20,candidate_2,candidate_3,candidate_1,candidate_4,4,0.0225
21,0,candidate_3,candidate_1,candidate_4,4,0.0225
22,0,candidate_3,candidate_1,candidate_4,4,0.0225
23,candidate_2,candidate_3,candidate_1,candidate_4,4,0.0225
24,candidate_2,candidate_3,candidate_1,candidate_4,4,0.0225
25,candidate_2,candidate_3,candidate_1,candidate_4,4,0.0225
26,candidate_2,candidate_3,candidate_1,candidate_4,4,0.0225
27,candidate_2,candidate_3,candidate_1,candidate_4,4,0.0225
28,candidate_2,candidate_3,candidate_1,candidate_4,4,0.0225
29,candidate_2,candidate_3,candidate_1,candidate_4,4,0.0225
30,candidate_2,candidate_3,candidate_1,candidate_4,4,0.0225
31,candidate_2,candidate_3,candidate_1,candidate_4,4,0.0225
32,candidate_2,candidate_3,candidate_1,candidate_4,4,0.0225
33,candidate_2,candidate_3,candidate_1,candidate_4,4,0.0225
34,candidate_2,candidate_3,candidate_1,candidate_4,4,0.0225
35,candidate_2,candidate_3,candidate_1,candidate_4,4,0.0225
36,candidate_2,candidate_3,candidate_1,candidate_4,4,0.0225
37,candidate_2,candidate_3,candidate_1,candidate_4,4,0.0225
38,candidate_2,candidate_3,candidate_1,candidate_4,4,0.0225
39,candidate_2,candidate_3,candidate_1,candidate_4,4,0.0225
40,candidate_2,candidate_3,candidate_1,candidate_4,4,0.0225
41,candidate_2,candidate_3,candidate_1,candidate_4,4,0.0225
42,candidate_2,candidate_3,candidate_1,candidate_4,4,0.0225
43,candidate_2,candidate_3,candidate_1,candidate_4,4,0.0225
44,candidate_2,candidate_3,candidate_1,candidate_4,4,0.0225
45,candidate_2,candidate_3,candidate_1,0,4,0.0225
46,candidate_2,candidate_3,candidate_1,candidate_4,4,0.0225
47,candidate_2,candidate_3,candidate_1,candidate_4,4,0.0225
48,candidate_2,candidate_3,candidate_1,candidate_4,4,0.0225
49,candidate_2,candidate_3,candidate_1,candidate_4,4,0.0225
50,candidate_2,candidate_3,candidate_1,candidate_4,4,0.0225
51,candidate_2,candidate_3,candidate_1,candidate_4,4,0.0225
52,candidate_2,candidate_3,candidate_1,0,4,0.0225
53,candidate_2,candidate_3,candidate_1,candidate_4,4,0.0225
54,candidate_2,candidate_3,candidate_1,candidate_4,4,0.0225
55,0,candidate_3,candidate_1,candidate_4,4,0.0225
56,candidate_2,candidate_3,candidate_1,candidate_4,4,0.0225
57,candidate_2,candidate_3,candidate_1,candidate_4,4,0.0225
58,candidate_2,candidate_3,candidate_1,candidate_4,4,0.0225
59,candidate_2,candidate_3,candidate_1,candidate_4,4,0.0225
60,candidate_2,candidate_3,candidate_1,candidate_4,4,0.0225
61,0,candidate_3,candidate_1,candidate_4,4,0.0225
62,candidate_2,candidate_3,0,candidate_4,4,0.0225
63,candidate_2,candidate_3,candidate_1,candidate_4,4,0.0225
64,candidate_2,candidate_3,candidate_1,candidate_4,4,0.0225
65,candidate_2,candidate_3,candidate_1,candidate_4,4,0.0225
66,candidate_2,candidate_3,candidate_1,candidate_4,4,0.0225
67,candidate_2,candidate_3,candidate_1,0,4,0.0225
68,candidate_2,candidate_3,candidate_1,candidate_4,4,0.0225
69,candidate_2,candidate_3,candidate_1,candidate_4,4,0.0225
70,candidate_2,candidate_3,candidate_1,candidate_4,4,0.0225
71,candidate_2,candidate_3,candidate_1,0,4,0.0225
72,candidate_2,candidate_3,candidate_1,candidate_4,4,0.0225
73,candidate_2,candidate_3,candidate_1,candidate_4,4,0.0225
74,candidate_2,candidate_3,candidate_1,candidate_4,4,0.0225
75,candidate_2,candidate_3,candidate_1,candidate_4,4,0.0225
76,candidate_2,candidate_3,candidate_1,candidate_4,4,0.0225
77,candidate_2,candidate_3,candidate_1,candidate_4,4,0.0225
78,candidate_2,candidate_3,candidate_1,candidate_4,4,0.0225
79,candidate_2,candidate_3,candidate_1,candidate_4,4,0.0225
80,candidate_2,candidate_3,candidate_1,candidate_4,4,0.0225
81,candidate_2,0,candidate_1,candidate_4,4,0.0225
82,candidate_2,candidate_3,candidate_1,candidate_4,4,0.0225
83,candidate_2,candidate_3,candidate_1,candidate_4,4,0.0225
84,candidate_2,candidate_3,candidate_1,candidate_4,4,0.0225
85,candidate_2,candidate_3,candidate_1,candidate_4,4,0.0225
86,candidate_2,candidate_3,candidate_1,candidate_4,4,0.0225
87,candidate_2,candidate_3,candidate_1,candidate_4,4,0.0225
88,candidate_2,candidate_3,candidate_1,candidate_4,4,0.0225
89,candidate_2,candidate_3,candidate_1,candidate_4,4,0.0225
90,candidate_2,candidate_3,candidate_1,candidate_4,4,0.0225
91,candidate_2,candidate_3,candidate_1,candidate_4,4,0.0225
92,candidate_2,candidate_3,candidate_1,candidate_4,4,0.0225
93,candidate_2,candidate_3,candidate_1,candidate_4,4,0.0225
94,candidate_2,candidate_3,candidate_1,candidate_4,4,0.0225
95,candidate_2,candidate_3,candidate_1,candidate_4,4,0.0225
96,candidate_2,candidate_3,candidate_1,candidate_4,4,0.0225
97,candidate_2,candidate_3,candidate_1,candidate_4,4,0.0225
98,candidate_2,candidate_3,candidate_1,candidate_4,4,0.0225
99,candidate_2,candidate_3,candidate_1,candidate_4,4,0.0225
100,candidate_2,candidate_3,candidate_1,candidate_4,4,0.0225
101,candidate_2,candidate_3,candidate_1,candidate_4,4,0.0225
102,candidate_2,candidate_3,candidate_1,candidate_4,4,0.0225
103,candidate_2,candidate_3,candidate_1,candidate_4,4,0.0225
104,0,candidate_3,candidate_1,candidate_4,4,0.0225
105,candidate_2,candidate_3,candidate_1,candidate_4,4,0.0225
106,candidate_2,candidate_3,candidate_1,candidate_4,4,0.0225
107,candidate_2,candidate_3,candidate_1,candidate_4,4,0.0225
108,candidate_2,candidate_3,candidate_1,candidate_4,4,0.0225
109,candidate_2,candidate_3,candidate_1,candidate_4,4,0.0225
110,candidate_2,candidate_3,candidate_1,candidate_4,4,0.0225
111,candidate_2,candidate_3,candidate_1,candidate_4,4,0.0225
112,candidate_2,candidate_3,candidate_1,candidate_4,4,0.0225
113,candidate_2,candidate_3,candidate_1,candidate_4,4,0.0225
114,candidate_2,candidate_3,candidate_1,candidate_4,4,0.0225
115,candidate_2,candidate_3,candidate_1,candidate_4,4,0.0225
116,candidate_2,candidate_3,candidate_1,candidate_4,4,0.0225
117,candidate_2,candidate_3,candidate_1,candidate_4,4,0.0225
118,candidate_2,candidate_3,candidate_1,candidate_4,4,0.0225
119,candidate_2,candidate_3,candidate_1,candidate_4,4,0.0225
120,candidate_2,candidate_3,candidate_1,candidate_4,4,0.0225
121,candidate_2,candidate_3,candidate_1,candidate_4,4,0.0225
122,candidate_2,candidate_3,candidate_1,candidate_4,4,0.0225
123,candidate_2,0,candidate_1,candidate_4,4,0.0225
124,candidate_2,candidate_3,candidate_1,candidate_4,4,0.0225
125,candidate_2,candidate_3,candidate_1,candidate_4,4,0.0225
126,candidate_2,candidate_3,candidate_1,candidate_4,4,0.0225
127,candidate_2,candidate_3,candidate_1,candidate_4,4,0.0225
128,candidate_2,candidate_3,candidate_1,candidate_4,4,0.0225
129,candidate_2,candidate_3,candidate_1,candidate_4,4,0.0225
130,candidate_2,candidate_3,candidate_1,candidate_4,4,0.0225
131,candidate_2,candidate_3,candidate_1,candidate_4,4,0.0225
132,candidate_2,candidate_3,candidate_1,candidate_4,4,0.0225
133,candidate_2,candidate_3,candidate_1,candidate_4,4,0.0225
134,0,candidate_3,candidate_1,candidate_4,4,0.0225
135,candidate_2,candidate_3,candidate_1,candidate_4,4,0.0225
136,candidate_2,candidate_3,candidate_1,candidate_4,4,0.0225
137,candidate_2,candidate_3,candidate_1,candidate_4,4,0.0225
138,candidate_2,candidate_3,candidate_1,candidate_4,4,0.0225
139,candidate_2,candidate_3,candidate_1,candidate_4,4,0.0225
140,candidate_2,candidate_3,candidate_1,candidate_4,4,0.0225
141,candidate_2,candidate_3,0,candidate_4,4,0.0225
142,candidate_2,candidate_3,0,candidate_4,4,0.0225
143,candidate_2,candidate_3,candidate_1,candidate_4,4,0.0225
144,candidate_2,candidate_3,candidate_1,candidate_4,4,0.0225
145,candidate_2,0,candidate_1,candidate_4,4,0.0225
146,candidate_2,candidate_3,candidate_1,candidate_4,4,0.0225
147,candidate_2,candidate_3,candidate_1,candidate_4,4,0.0225
148,candidate_2,candidate_3,candidate_1,candidate_4,4,0.0225
149,candidate_2,candidate_3,candidate_1,candidate_4,4,0.0225
150,candidate_2,candidate_3,candidate_1,candidate_4,4,0.0225
151,candidate_2,candidate_3,candidate_1,candidate_4,4,0.0225
152,candidate_2,candidate_3,candidate_1,candidate_4,4,0.0225
153,candidate_2,candidate_3,candidate_1,candidate_4,4,0.0225
154,candidate_2,candidate_3,candidate_1,candidate_4,4,0.0225
155,candidate_2,candidate_3,candidate_1,candidate_4,4,0.0225
156,candidate_2,candidate_3,candidate_1,candidate_4,4,0.0225
157,candidate_2,candidate_3,candidate_1,candidate_4,4,0.0225
158,candidate_2,candidate_3,candidate_1,candidate_4,4,0.0225
159,candidate_2,candidate_3,candidate_1,candidate_4,4,0.0225
160,candidate_2,candidate_3,candidate_1,candidate_4,4,0.0225
161,candidate_2,candidate_3,candidate_1,candidate_4,4,0.0225
162,candidate_2,candidate_3,candidate_1,candidate_4,4,0.0225
163,candidate_2,candidate_3,candidate_1,candidate_4,4,0.0225
164,candidate_2,candidate_3,candidate_1,candidate_4,4,0.0225
165,candidate_2,candidate_3,candidate_1,candidate_4,4,0.0225
166,candidate_2,candidate_3,candidate_1,candidate_4,4,0.0225
167,candidate_2,candidate_3,candidate_1,candidate_4,4,0.0225
168,candidate_2,candidate_3,candidate_1,candidate_4,4,0.0225
169,candidate_2,candidate_3,candidate_1,candidate_4,4,0.0225
170,candidate_2,candidate_3,candidate_1,candidate_4,4,0.0225
171,candidate_2,candidate_3,candidate_1,candidate_4,4,0.0225
172,candidate_2,candidate_3,candidate_1,candidate_4,4,0.0225
173,candidate_2,candidate_3,candidate_1,candidate_4,4,0.0225
174,candidate_2,candidate_3,candidate_1,candidate_4,4,0.0225
175,candidate_2,candidate_3,candidate_1,candidate_4,4,0.0225
176,candidate_2,candidate_3,candidate_1,candidate_4,4,0.0225
177,candidate_2,candidate_3,candidate_1,candidate_4,4,0.0225
178,candidate_2,candidate_3,candidate_1,candidate_4,4,0.0225
179,candidate_2,candidate_3,candidate_1,candidate_4,4,0.0225
180,candidate_2,candidate_3,candidate_1,candidate_4,4,0.0225
181,candidate_2,candidate_3,candidate_1,candidate_4,4,0.0225
182,candidate_2,candidate_3,0,candidate_4,4,0.0225
183,candidate_2,candidate_3,candidate_1,candidate_4,4,0.0225
184,candidate_2,candidate_3,candidate_1,candidate_4,4,0.0225
185,candidate_2,candidate_3,candidate_1,candidate_4,4,0.0225
186,candidate_2,candidate_3,candidate_1,candidate_4,4,0.0225
187,candidate_2,candidate_3,candidate_1,candidate_4,4,0.0225
188,candidate_2,candidate_3,candidate_1,candidate_4,4,0.0225
189,candidate_2,candidate_3,candidate_1,candidate_4,4,0.0225
190,candidate_2,candidate_3,candidate_1,candidate_4,4,0.0225
191,candidate_2,candidate_3,candidate_1,candidate_4,4,0.0225
192,candidate_2,candidate_3,0,candidate_4,4,0.0225
193,candidate_2,0,candidate_1,candidate_4,4,0.0225
194,candidate_2,candidate_3,candidate_1,candidate_4,4,0.0225
195,candidate_2,candidate_3,candidate_1,candidate_4,4,0.0225
196,candidate_2,candidate_3,0,candidate_4,4,0.0225
197,candidate_2,candidate_3,candidate_1,candidate_4,4,0.0225
198,candidate_2,candidate_3,candidate_1,candidate_4,4,0.0225
199,candidate_2,candidate_3,candidate_1,candidate_4,4,0.0225
200,candidate_2,candidate_3,candidate_1,candidate_4,4,0.0225
201,candidate_2,candidate_3,candidate_1,candidate_4,4,0.0225
202,candidate_2,candidate_3,candidate_1,candidate_4,4,0.0225
203,candidate_2,candidate_3,candidate_1,candidate_4,4,0.0225
204,candidate_2,candidate_3,candidate_1,candidate_4,4,0.0225
205,candidate_2,candidate_3,candidate_1,candidate_4,4,0.0225
206,candidate_2,candidate_3,candidate_1,candidate_4,4,0.0225
207,candidate_2,candidate_3,candidate_1,candidate_4,4,0.0225
208,candidate_2,candidate_3,candidate_1,candidate_4,4,0.0225
209,candidate_2,candidate_3,0,candidate_4,4,0.0225
210,candidate_2,candidate_3,candidate_1,candidate_4,4,0.0225
211,candidate_2,candidate_3,candidate_1,candidate_4,4,0.0225
212,candidate_2,candidate_3,candidate_1,candidate_4,4,0.0225
213,candidate_2,candidate_3,candidate_1,candidate_4,4,0.0225
214,0,candidate_3,candidate_1,candidate_4,4,0.0225
215,candidate_2,candidate_3,candidate_1,candidate_4,4,0.0225
216,candidate_2,candidate_3,candidate_1,candidate_4,4,0.0225
217,candidate_2,candidate_3,candidate_1,candidate_4,4,0.0225
218,candidate_2,candidate_3,candidate_1,candidate_4,4,0.0225
219,candidate_2,candidate_3,candidate_1,candidate_4,4,0.0225
220,candidate_2,candidate_3,candidate_1,candidate_4,4,0.0225
221,candidate_2,candidate_3,candidate_1,candidate_4,4,0.0225
222,candidate_2,candidate_3,candidate_1,candidate_4,4,0.0225
223,candidate_2,candidate_3,candidate_1,candidate_4,4,0.0225
224,candidate_2,candidate_3,candidate_1,candidate_4,4,0.0225
225,candidate_2,candidate_3,candidate_1,candidate_4,4,0.0225
226,candidate_2,candidate_3,candidate_1,candidate_4,4,0.0225
227,candidate_2,candidate_3,candidate_1,candidate_4,4,0.0225
228,candidate_2,candidate_3,candidate_1,candidate_4,4,0.0225
229,candidate_2,candidate_3,candidate_1,candidate_4,4,0.0225
230,candidate_2,candidate_3,candidate_1,candidate_4,4,0.0225
231,candidate_2,candidate_3,candidate_1,candidate_4,4,0.0225
232,0,candidate_3,candidate_1,candidate_4,4,0.0225
233,candidate_2,candidate_3,candidate_1,candidate_4,4,0.0225
234,candidate_2,candidate_3,candidate_1,candidate_4,4,0.0225
235,candidate_2,candidate_3,candidate_1,candidate_4,4,0.0225
236,candidate_2,candidate_3,candidate_1,candidate_4,4,0.0225
237,candidate_2,candidate_3,candidate_1,candidate_4,4,0.0225
238,candidate_2,candidate_3,candidate_1,candidate_4,4,0.0225
239,candidate_2,candidate_3,candidate_1,candidate_4,4,0.0225
240,candidate_2,candidate_3,candidate_1,candidate_4,4,0.0225
241,0,candidate_3,candidate_1,candidate_4,4,0.0225
242,candidate_2,candidate_3,0,candidate_4,4,0.0225
243,candidate_2,candidate_3,candidate_1,candidate_4,4,0.0225
244,candidate_2,candidate_3,candidate_1,candidate_4,4,0.0225
245,candidate_2,candidate_3,candidate_1,candidate_4,4,0.0225
246,candidate_2,candidate_3,candidate_1,candidate_4,4,0.0225
247,candidate_2,candidate_3,candidate_1,candidate_4,4,0.0225
248,candidate_2,candidate_3,0,candidate_4,4,0.0225
249,candidate_2,candidate_3,candidate_1,candidate_4,4,0.0225
250,candidate_2,candidate_3,candidate_1,candidate_4,4,0.0225
251,candidate_2,candidate_3,candidate_1,candidate_4,4,0.0225
252,candidate_2,candidate_3,candidate_1,candidate_4,4,0.0225
253,candidate_2,candidate_3,candidate_1,candidate_4,4,0.0225
254,candidate_2,candidate_3,candidate_1,candidate_4,4,0.0225
255,candidate_2,candidate_3,candidate_1,0,4,0.0225
256,candidate_2,candidate_3,candidate_1,candidate_4,4,0.0225
257,candidate_2,candidate_3,candidate_1,candidate_4,4,0.0225
258,candidate_2,candidate_3,candidate_1,candidate_4,4,0.0225
259,candidate_2,candidate_3,candidate_1,candidate_4,4,0.0225
260,candidate_2,candidate_3,candidate_1,candidate_4,4,0.0225
261,candidate_2,candidate_3,candidate_1,candidate_4,4,0.0225
262,candidate_2,0,candidate_1,candidate_4,4,0.0225
263,candidate_2,candidate_3,candidate_1,candidate_4,4,0.0225
264,candidate_2,candidate_3,candidate_1,candidate_4,4,0.0225
265,candidate_2,candidate_3,candidate_1,candidate_4,4,0.0225
266,candidate_2,candidate_3,candidate_1,candidate_4,4,0.0225
267,candidate_2,candidate_3,candidate_1,candidate_4,4,0.0225
268,candidate_2,candidate_3,candidate_1,candidate_4,4,0.0225
269,candidate_2,candidate_3,0,candidate_4,4,0.0225
270,candidate_2,candidate_3,candidate_1,candidate_4,4,0.0225
271,0,candidate_3,candidate_1,candidate_4,4,0.0225
272,candidate_2,candidate_3,candidate_1,candidate_4,4,0.0225
273,candidate_2,candidate_3,candidate_1,candidate_4,4,0.0225
274,candidate_2,candidate_3,candidate_1,candidate_4,4,0.0225
275,candidate_2,candidate_3,candidate_1,candidate_4,4,0.0225
276,candidate_2,candidate_3,0,0,4,0.0225
277,candidate_2,candidate_3,candidate_1,candidate_4,4,0.0225
278,candidate_2,candidate_3,candidate_1,candidate_4,4,0.0225
279,candidate_2,candidate_3,candidate_1,candidate_4,4,0.0225
280,candidate_2,candidate_3,candidate_1,candidate_4,4,0.0225
281,candidate_2,candidate_3,candidate_1,candidate_4,4,0.0225
282,candidate_2,candidate_3,candidate_1,candidate_4,4,0.0225
283,candidate_2,candidate_3,candidate_1,candidate_4,4,0.0225
284,candidate_2,candidate_3,candidate_1,candidate_4,4,0.0225
285,candidate_2,candidate_3,candidate_1,candidate_4,4,0.0225
286,candidate_2,candidate_3,candidate_1,candidate_4,4,0.0225
287,candidate_2,candidate_3,candidate_1,candidate_4,4,0.0225
288,candidate_2,candidate_3,candidate_1,candidate_4,4,0.0225
289,candidate_2,candidate_3,candidate_1,candidate_4,4,0.0225
290,candidate_2,candidate_3,candidate_1,candidate_4,4,0.0225
291,candidate_2,candidate_3,candidate_1,candidate_4,4,0.0225
292,candidate_2,candidate_3,candidate_1,candidate_4,4,0.0225
293,candidate_2,candidate_3,candidate_1,candidate_4,4,0.0225
294,candidate_2,candidate_3,candidate_1,candidate_4,4,0.0225
295,candidate_2,candidate_3,candidate_1,candidate_4,4,0.0225
296,candidate_2,candidate_3,candidate_1,candidate_4,4,0.0225
297,candidate_2,candidate_3,candidate_1,candidate_4,4,0.0225
298,candidate_2,candidate_3,candidate_1,candidate_4,4,0.0225
299,candidate_2,candidate_3,candidate_1,candidate_4,4,0.0225
300,candidate_2,candidate_3,candidate_1,candidate_4,4,0.0225
301,candidate_2,candidate_3,candidate_1,candidate_4,4,0.0225
302,candidate_2,candidate_3,candidate_1,candidate_4,4,0.0225
303,candidate_2,candidate_3,candidate_1,candidate_4,4,0.0225
304,candidate_2,candidate_3,candidate_1,candidate_4,4,0.0225
305,candidate_2,0,candidate_1,candidate_4,4,0.0225
306,candidate_2,candidate_3,candidate_1,candidate_4,4,0.0225
307,candidate_2,candidate_3,candidate_1,candidate_4,4,0.0225
308,candidate_2,candidate_3,candidate_1,candidate_4,4,0.0225
309,candidate_2,candidate_3,candidate_1,candidate_4,4,0.0225
310,candidate_2,candidate_3,candidate_1,candidate_4,4,0.0225
311,candidate_2,candidate_3,candidate_1,candidate_4,4,0.0225
312,candidate_2,candidate_3,candidate_1,candidate_4,4,0.0225
313,candidate_2,candidate_3,candidate_1,candidate_4,4,0.0225
314,candidate_2,candidate_3,candidate_1,candidate_4,4,0.0225
315,candidate_2,candidate_3,candidate_1,candidate_4,4,0.0225
316,candidate_2,candidate_3,candidate_1,candidate_4,4,0.0225
317,candidate_2,candidate_3,candidate_1,candidate_4,4,0.0225
318,candidate_2,candidate_3,candidate_1,candidate_4,4,0.0225
319,candidate_2,candidate_3,candidate_1,candidate_4,4,0.0225
320,candidate_2,candidate_3,candidate_1,candidate_4,4,0.0225
321,candidate_2,candidate_3,candidate_1,candidate_4,4,0.0225
322,candidate_2,candidate_3,candidate_1,candidate_4,4,0.0225
323,candidate_2,candidate_3,candidate_1,candidate_4,4,0.0225
324,candidate_2,candidate_3,candidate_1,candidate_4,4,0.0225
325,candidate_2,candidate_3,candidate_1,candidate_4,4,0.0225
326,candidate_2,candidate_3,candidate_1,candidate_4,4,0.0225
327,candidate_2,candidate_3,candidate_1,candidate_4,4,0.0225
328,candidate_2,candidate_3,candidate_1,candidate_4,4,0.0225
329,candidate_2,candidate_3,candidate_1,candidate_4,4,0.0225
330,candidate_2,candidate_3,candidate_1,candidate_4,4,0.0225
331,candidate_2,candidate_3,candidate_1,candidate_4,4,0.0225
332,candidate_2,candidate_3,candidate_1,candidate_4,4,0.0225
333,candidate_2,0,candidate_1,0,4,0.0225
334,candidate_2,candidate_3,candidate_1,candidate_4,4,0.0225
335,candidate_2,candidate_3,candidate_1,candidate_4,4,0.0225
336,candidate_2,candidate_3,candidate_1,candidate_4,4,0.0225
337,candidate_2,candidate_3,candidate_1,candidate_4,4,0.0225
338,candidate_2,candidate_3,candidate_1,candidate_4,4,0.0225
339,candidate_2,candidate_3,candidate_1,candidate_4,4,0.0225
340,candidate_2,candidate_3,candidate_1,candidate_4,4,0.0225
341,candidate_2,candidate_3,candidate_1,candidate_4,4,0.0225
342,candidate_2,candidate_3,candidate_1,candidate_4,4,0.0225
343,candidate_2,candidate_3,candidate_1,candidate_4,4,0.0225
344,candidate_2,candidate_3,candidate_1,candidate_4,4,0.0225
345,candidate_2,candidate_3,candidate_1,candidate_4,4,0.0225
346,candidate_2,candidate_3,candidate_1,candidate_4,4,0.0225
347,candidate_2,candidate_3,candidate_1,candidate_4,4,0.0225
348,candidate_2,candidate_3,candidate_1,candidate_4,4,0.0225
349,candidate_2,candidate_3,candidate_1,candidate_4,4,0.0225
350,candidate_2,candidate_3,candidate_1,candidate_4,4,0.0225
351,candidate_2,candidate_3,candidate_1,candidate_4,4,0.0225
352,candidate_2,candidate_3,candidate_1,candidate_4,4,0.0225
353,candidate_2,candidate_3,candidate_1,candidate_4,4,0.0225
354,candidate_2,0,candidate_1,candidate_4,4,0.0225
355,candidate_2,candidate_3,candidate_1,candidate_4,4,0.0225
356,candidate_2,candidate_3,candidate_1,candidate_4,4,0.0225
357,candidate_2,candidate_3,candidate_1,candidate_4,4,0.0225
358,candidate_2,candidate_3,candidate_1,candidate_4,4,0.0225
359,candidate_2,candidate_3,candidate_1,candidate_4,4,0.0225
360,candidate_2,candidate_3,candidate_1,candidate_4,4,0.0225
361,candidate_2,candidate_3,candidate_1,candidate_4,4,0.0225
362,candidate_2,candidate_3,candidate_1,candidate_4,4,0.0225
363,candidate_2,candidate_3,candidate_1,candidate_4,4,0.0225
364,candidate_2,candidate_3,candidate_1,candidate_4,4,0.0225
365,candidate_2,candidate_3,candidate_1,candidate_4,4,0.0225
366,candidate_2,candidate_3,candidate_1,candidate_4,4,0.0225
367,candidate_2,candidate_3,candidate_1,candidate_4,4,0.0225
368,candidate_2,candidate_3,candidate_1,candidate_4,4,0.0225
369,candidate_2,candidate_3,candidate_1,candidate_4,4,0.0225
370,candidate_2,candidate_3,candidate_1,candidate_4,4,0.0225
371,candidate_2,candidate_3,candidate_1,candidate_4,4,0.0225
372,candidate_2,candidate_3,candidate_1,candidate_4,4,0.0225
373,candidate_2,candidate_3,candidate_1,candidate_4,4,0.0225
374,candidate_2,candidate_3,candidate_1,candidate_4,4,0.0225
375,candidate_2,candidate_3,candidate_1,candidate_4,4,0.0225
376,candidate_2,candidate_3,candidate_1,candidate_4,4,0.0225
377,candidate_2,candidate_3,candidate_1,candidate_4,4,0.0225
378,candidate_2,candidate_3,candidate_1,candidate_4,4,0.0225
379,candidate_2,candidate_3,candidate_1,candidate_4,4,0.0225
380,candidate_2,candidate_3,0,candidate_4,4,0.0225
381,candidate_2,candidate_3,candidate_1,candidate_4,4,0.0225
382,candidate_2,candidate_3,candidate_1,candidate_4,4,0.0225
383,candidate_2,candidate_3,candidate_1,candidate_4,4,0.0225
384,candidate_2,candidate_3,candidate_1,candidate_4,4,0.0225
385,0,candidate_3,candidate_1,candidate_4,4,0.0225
386,candidate_2,candidate_3,candidate_1,candidate_4,4,0.0225
387,candidate_2,candidate_3,candidate_1,candidate_4,4,0.0225
388,candidate_2,candidate_3,candidate_1,candidate_4,4,0.0225
389,candidate_2,candidate_3,candidate_1,candidate_4,4,0.0225
390,candidate_2,candidate_3,candidate_1,candidate_4,4,0.0225
391,candidate_2,candidate_3,candidate_1,candidate_4,4,0.0225
392,candidate_2,0,candidate_1,candidate_4,4,0.0225
393,candidate_2,candidate_3,candidate_1,candidate_4,4,0.0225
394,candidate_2,candidate_3,candidate_1,candidate_4,4,0.0225
395,candidate_2,candidate_3,candidate_1,candidate_4,4,0.0225
396,candidate_2,candidate_3,candidate_1,candidate_4,4,0.0225
397,candidate_2,candidate_3,candidate_1,candidate_4,4,0.0225
398,candidate_2,candidate_3,candidate_1,candidate_4,4,0.0225
399,candidate_2,candidate_3,candidate_1,candidate_4,4,0.0225
400,candidate_2,candidate_3,candidate_1,candidate_4,4,0.0225
401,candidate_2,candidate_3,candidate_1,candidate_4,4,0.0225
402,candidate_2,candidate_3,candidate_1,candidate_4,4,0.0225
403,candidate_2,candidate_3,candidate_1,candidate_4,4,0.0225
404,candidate_2,candidate_3,candidate_1,candidate_4,4,0.0225
405,candidate_2,candidate_3,candidate_1,candidate_4,4,0.0225
406,candidate_2,candidate_3,candidate_1,candidate_4,4,0.0225
407,candidate_2,candidate_3,candidate_1,candidate_4,4,0.0225
408,candidate_2,candidate_3,candidate_1,candidate_4,4,0.0225
409,candidate_2,candidate_3,candidate_1,candidate_4,4,0.0225
410,candidate_2,0,candidate_1,candidate_4,4,0.0225
411,candidate_2,candidate_3,candidate_1,candidate_4,4,0.0225
412,candidate_2,candidate_3,candidate_1,candidate_4,4,0.0225
413,candidate_2,candidate_3,candidate_1,candidate_4,4,0.0225
414,candidate_2,0,candidate_1,candidate_4,4,0.0225
415,candidate_2,candidate_3,0,candidate_4,4,0.0225
416,candidate_2,candidate_3,candidate_1,candidate_4,4,0.0225
417,candidate_2,candidate_3,candidate_1,candidate_4,4,0.0225
418,candidate_2,candidate_3,candidate_1,candidate_4,4,0.0225
419,candidate_2,candidate_3,0,candidate_4,4,0.0225
420,candidate_2,candidate_3,candidate_1,candidate_4,4,0.0225
421,candidate_2,candidate_3,candidate_1,candidate_4,4,0.0225
422,candidate_2,candidate_3,candidate_1,candidate_4,4,0.0225
423,candidate_2,candidate_3,candidate_1,candidate_4,4,0.0225
424,candidate_2,candidate_3,0,candidate_4,4,0.0225
425,candidate_2,candidate_3,candidate_1,candidate_4,4,0.0225
426,candidate_2,candidate_3,candidate_1,candidate_4,4,0.0225
427,candidate_2,candidate_3,candidate_1,candidate_4,4,0.0225
428,candidate_2,candidate_3,candidate_1,candidate_4,4,0.0225
429,candidate_2,candidate_3,candidate_1,candidate_4,4,0.0225
430,candidate_2,candidate_3,candidate_1,candidate_4,4,0.0225
431,candidate_2,candidate_3,candidate_1,candidate_4,4,0.0225
432,candidate_2,candidate_3,candidate_1,candidate_4,4,0.0225
433,candidate_2,candidate_3,candidate_1,candidate_4,4,0.0225
434,candidate_2,candidate_3,candidate_1,candidate_4,4,0.0225
435,candidate_2,candidate_3,candidate_1,candidate_4,4,0.0225
436,candidate_2,candidate_3,candidate_1,candidate_4,4,0.0225
437,candidate_2,candidate_3,candidate_1,candidate_4,4,0.0225
438,candidate_2,candidate_3,candidate_1,candidate_4,4,0.0225
439,candidate_2,candidate_3,candidate_1,candidate_4,4,0.0225
440,candidate_2,candidate_3,candidate_1,candidate_4,4,0.0225
441,0,candidate_3,candidate_1,candidate_4,4,0.0225
442,candidate_2,candidate_3,candidate_1,candidate_4,4,0.0225
443,candidate_2,candidate_3,candidate_1,candidate_4,4,0.0225
444,candidate_2,candidate_3,candidate_1,candidate_4,4,0.0225
445,candidate_2,candidate_3,0,candidate_4,4,0.0225
446,candidate_2,candidate_3,candidate_1,0,4,0.0225
447,candidate_2,candidate_3,candidate_1,candidate_4,4,0.0225
448,candidate_2,candidate_3,candidate_1,candidate_4,4,0.0225
449,candidate_2,candidate_3,candidate_1,candidate_4,4,0.0225
450,candidate_2,candidate_3,candidate_1,candidate_4,4,0.0225
451,candidate_2,candidate_3,candidate_1,candidate_4,4,0.0225
452,candidate_2,candidate_3,candidate_1,candidate_4,4,0.0225
453,candidate_2,candidate_3,candidate_1,candidate_4,4,0.0225
454,candidate_2,0,candidate_1,candidate_4,4,0.0225
455,candidate_2,candidate_3,candidate_1,candidate_4,4,0.0225
456,candidate_2,candidate_3,candidate_1,candidate_4,4,0.0225
457,candidate_2,candidate_3,candidate_1,candidate_4,4,0.0225
458,candidate_2,candidate_3,candidate_1,candidate_4,4,0.0225
459,candidate_2,candidate_3,candidate_1,candidate_4,4,0.0225
460,candidate_2,candidate_3,candidate_1,candidate_4,4,0.0225
461,candidate_2,candidate_3,candidate_1,candidate_4,4,0.0225
462,candidate_2,candidate_3,candidate_1,candidate_4,4,0.0225
463,candidate_2,candidate_3,candidate_1,candidate_4,4,0.0225
464,candidate_2,candidate_3,candidate_1,candidate_4,4,0.0225
465,candidate_2,candidate_3,candidate_1,candidate_4,4,0.0225
466,candidate_2,candidate_3,candidate_1,candidate_4,4,0.0225
467,candidate_2,candidate_3,candidate_1,candidate_4,4,0.0225
468,candidate_2,0,candidate_1,candidate_4,4,0.0225
469,candidate_2,candidate_3,candidate_1,candidate_4,4,0.0225
470,candidate_2,candidate_3,candidate_1,0,4,0.0225
471,candidate_2,candidate_3,candidate_1,candidate_4,4,0.0225
472,candidate_2,candidate_3,candidate_1,candidate_4,4,0.0225
473,candidate_2,candidate_3,candidate_1,candidate_4,4,0.0225
474,candidate_2,candidate_3,candidate_1,candidate_4,4,0.0225
475,candidate_2,candidate_3,candidate_1,candidate_4,4,0.0225
476,candidate_2,candidate_3,candidate_1,candidate_4,4,0.0225
477,candidate_2,candidate_3,candidate_1,candidate_4,4,0.0225
478,candidate_2,candidate_3,candidate_1,candidate_4,4,0.0225
479,candidate_2,0,candidate_1,candidate_4,4,0.0225
480,candidate_2,candidate_3,candidate_1,candidate_4,4,0.0225
481,candidate_2,candidate_3,candidate_1,candidate_4,4,0.0225
482,candidate_2,candidate_3,candidate_1,candidate_4,4,0.0225
483,candidate_2,candidate_3,candidate_1,candidate_4,4,0.0225
484,candidate_2,candidate_3,candidate_1,candidate_4,4,0.0225
485,candidate_2,candidate_3,candidate_1,candidate_4,4,0.0225
486,candidate_2,candidate_3,candidate_1,candidate_4,4,0.0225
487,0,candidate_3,candidate_1,candidate_4,4,0.0225
488,candidate_2,candidate_3,candidate_1,candidate_4,4,0.0225
489,candidate_2,candidate_3,candidate_1,candidate_4,4,0.0225
490,candidate_2,candidate_3,candidate_1,candidate_4,4,0.0225
491,candidate_2,candidate_3,candidate_1,candidate_4,4,0.0225
492,candidate_2,candidate_3,candidate_1,candidate_4,4,0.0225
493,candidate_2,candidate_3,candidate_1,candidate_4,4,0.0225
494,candidate_2,0,candidate_1,candidate_4,4,0.0225
495,candidate_2,candidate_3,candidate_1,candidate_4,4,0.0225
496,candidate_2,candidate_3,candidate_1,candidate_4,4,0.0225
497,candidate_2,candidate_3,candidate_1,0,4,0.0225
498,candidate_2,candidate_3,candidate_1,candidate_4,4,0.0225
499,0,candidate_3,candidate_1,candidate_4,4,0.0225
500,candidate_2,candidate_3,candidate_1,candidate_4,4,0.0225
501,candidate_2,candidate_3,candidate_1,candidate_4,4,0.0225
502,candidate_2,candidate_3,candidate_1,candidate_4,4,0.0225
503,candidate_2,candidate_3,candidate_1,candidate_4,4,0.0225
504,candidate_2,candidate_3,candidate_1,candidate_4,4,0.0225
505,candidate_2,candidate_3,candidate_1,candidate_4,4,0.0225
506,candidate_2,candidate_3,0,candidate_4,4,0.0225
507,candidate_2,candidate_3,candidate_1,0,4,0.0225
508,candidate_2,candidate_3,candidate_1,candidate_4,4,0.0225
509,candidate_2,candidate_3,candidate_1,candidate_4,4,0.0225
510,candidate_2,candidate_3,candidate_1,candidate_4,4,0.0225
511,candidate_2,candidate_3,candidate_1,candidate_4,4,0.0225
512,candidate_2,candidate_3,candidate_1,candidate_4,4,0.0225
513,candidate_2,candidate_3,candidate_1,candidate_4,4,0.0225
514,candidate_2,candidate_3,candidate_1,candidate_4,4,0.0225
515,candidate_2,candidate_3,candidate_1,candidate_4,4,0.0225
516,candidate_2,candidate_3,candidate_1,candidate_4,4,0.0225
517,candidate_2,candidate_3,candidate_1,candidate_4,4,0.0225
518,candidate_2,candidate_3,candidate_1,candidate_4,4,0.0225
519,candidate_2,candidate_3,candidate_1,candidate_4,4,0.0225
520,candidate_2,candidate_3,candidate_1,candidate_4,4,0.0225
521,candidate_2,candidate_3,candidate_1,candidate_4,4,0.0225
522,candidate_2,candidate_3,0,candidate_4,4,0.0225
523,candidate_2,candidate_3,candidate_1,candidate_4,4,0.0225
524,candidate_2,candidate_3,candidate_1,candidate_4,4,0.0225
525,candidate_2,candidate_3,candidate_1,candidate_4,4,0.0225
526,candidate_2,candidate_3,candidate_1,candidate_4,4,0.0225
527,candidate_2,candidate_3,candidate_1,candidate_4,4,0.0225
528,candidate_2,candidate_3,candidate_1,candidate_4,4,0.0225
529,candidate_2,candidate_3,0,candidate_4,4,0.0225
530,candidate_2,candidate_3,candidate_1,candidate_4,4,0.0225
531,candidate_2,candidate_3,candidate_1,candidate_4,4,0.0225
532,candidate_2,candidate_3,candidate_1,candidate_4,4,0.0225
533,candidate_2,candidate_3,candidate_1,candidate_4,4,0.0225
534,candidate_2,candidate_3,candidate_1,candidate_4,4,0.0225
535,candidate_2,candidate_3,candidate_1,candidate_4,4,0.0225
536,candidate_2,candidate_3,candidate_1,candidate_4,4,0.0225
537,candidate_2,candidate_3,candidate_1,candidate_4,4,0.0225
538,candidate_2,candidate_3,candidate_1,candidate_4,4,0.0225
539,candidate_2,0,candidate_1,candidate_4,4,0.0225
540,candidate_2,candidate_3,candidate_1,candidate_4,4,0.0225
541,candidate_2,candidate_3,candidate_1,candidate_4,4,0.0225
542,candidate_2,candidate_3,candidate_1,candidate_4,4,0.0225
543,candidate_2,candidate_3,candidate_1,candidate_4,4,0.0225
544,candidate_2,candidate_3,0,candidate_4,4,0.0225
545,candidate_2,candidate_3,candidate_1,candidate_4,4,0.0225
546,candidate_2,candidate_3,candidate_1,candidate_4,4,0.0225
547,candidate_2,candidate_3,candidate_1,candidate_4,4,0.0225
548,candidate_2,candidate_3,candidate_1,candidate_4,4,0.0225
549,candidate_2,candidate_3,candidate_1,candidate_4,4,0.0225
550,candidate_2,candidate_3,candidate_1,candidate_4,4,0.0225
551,candidate_2,candidate_3,candidate_1,candidate_4,4,0.0225
552,candidate_2,candidate_3,candidate_1,candidate_4,4,0.0225
553,candidate_2,candidate_3,candidate_1,candidate_4,4,0.0225
554,0,candidate_3,candidate_1,candidate_4,4,0.0225
555,candidate_2,candidate_3,candidate_1,candidate_4,4,0.0225
556,candidate_2,candidate_3,candidate_1,candidate_4,4,0.0225
557,candidate_2,candidate_3,candidate_1,candidate_4,4,0.0225
558,candidate_2,candidate_3,candidate_1,candidate_4,4,0.0225
559,candidate_2,candidate_3,candidate_1,candidate_4,4,0.0225
560,candidate_2,candidate_3,candidate_1,candidate_4,4,0.0225
561,candidate_2,candidate_3,candidate_1,candidate_4,4,0.0225
562,candidate_2,candidate_3,candidate_1,candidate_4,4,0.0225
563,candidate_2,candidate_3,candidate_1,candidate_4,4,0.0225
564,candidate_2,candidate_3,candidate_1,candidate_4,4,0.0225
565,candidate_2,candidate_3,candidate_1,candidate_4,4,0.0225
566,candidate_2,candidate_3,candidate_1,candidate_4,4,0.0225
567,candidate_2,candidate_3,candidate_1,candidate_4,4,0.0225
568,candidate_2,candidate_3,candidate_1,candidate_4,4,0.0225
569,candidate_2,candidate_3,candidate_1,candidate_4,4,0.0225
570,candidate_2,candidate_3,candidate_1,candidate_4,4,0.0225
571,candidate_2,candidate_3,candidate_1,candidate_4,4,0.0225
572,candidate_2,candidate_3,candidate_1,candidate_4,4,0.0225
573,candidate_2,0,candidate_1,candidate_4,4,0.0225
574,candidate_2,candidate_3,candidate_1,candidate_4,4,0.0225
575,candidate_2,candidate_3,candidate_1,candidate_4,4,0.0225
576,candidate_2,candidate_3,candidate_1,candidate_4,4,0.0225
577,candidate_2,candidate_3,candidate_1,candidate_4,4,0.0225
578,candidate_2,candidate_3,candidate_1,candidate_4,4,0.0225
579,candidate_2,candidate_3,candidate_1,candidate_4,4,0.0225
580,candidate_2,candidate_3,candidate_1,candidate_4,4,0.0225
581,candidate_2,candidate_3,candidate_1,candidate_4,4,0.0225
582,candidate_2,candidate_3,candidate_1,candidate_4,4,0.0225
583,candidate_2,candidate_3,candidate_1,candidate_4,4,0.0225
584,candidate_2,candidate_3,candidate_1,candidate_4,4,0.0225
585,candidate_2,candidate_3,candidate_1,candidate_4,4,0.0225
586,candidate_2,candidate_3,candidate_1,candidate_4,4,0.0225
587,candidate_2,candidate_3,candidate_1,candidate_4,4,0.0225
588,candidate_2,candidate_3,candidate_1,candidate_4,4,0.0225
589,candidate_2,candidate_3,candidate_1,candidate_4,4,0.0225
590,candidate_2,candidate_3,candidate_1,candidate_4,4,0.0225
591,candidate_2,candidate_3,candidate_1,candidate_4,4,0.0225
592,candidate_2,candidate_3,candidate_1,candidate_4,4,0.0225
593,candidate_2,candidate_3,candidate_1,candidate_4,4,0.0225
594,candidate_2,candidate_3,candidate_1,candidate_4,4,0.0225
595,candidate_2,candidate_3,0,candidate_4,4,0.0225
596,candidate_2,candidate_3,candidate_1,candidate_4,4,0.0225
597,candidate_2,candidate_3,candidate_1,candidate_4,4,0.0225
598,candidate_2,candidate_3,candidate_1,candidate_4,4,0.0225
599,candidate_2,candidate_3,candidate_1,0,4,0.0225
600,candidate_2,candidate_3,candidate_1,candidate_4,4,0.0225
601,candidate_2,candidate_3,candidate_1,candidate_4,4,0.0225
602,candidate_2,candidate_3,candidate_1,candidate_4,4,0.0225
603,candidate_2,candidate_3,candidate_1,candidate_4,4,0.0225
604,candidate_2,0,candidate_1,candidate_4,4,0.0225
605,candidate_2,candidate_3,candidate_1,candidate_4,4,0.0225
606,candidate_2,candidate_3,candidate_1,candidate_4,4,0.0225
607,0,candidate_3,candidate_1,candidate_4,4,0.0225
608,candidate_2,candidate_3,candidate_1,candidate_4,4,0.0225
609,0,candidate_3,candidate_1,candidate_4,4,0.0225
610,candidate_2,candidate_3,candidate_1,candidate_4,4,0.0225
611,candidate_2,candidate_3,candidate_1,candidate_4,4,0.0225
612,candidate_2,candidate_3,candidate_1,candidate_4,4,0.0225
613,candidate_2,candidate_3,candidate_1,candidate_4,4,0.0225
614,candidate_2,candidate_3,candidate_1,candidate_4,4,0.0225
615,candidate_2,candidate_3,candidate_1,candidate_4,4,0.0225
616,candidate_2,candidate_3,candidate_1,candidate_4,4,0.0225
617,candidate_2,candidate_3,candidate_1,candidate_4,4,0.0225
618,candidate_2,candidate_3,candidate_1,candidate_4,4,0.0225
619,candidate_2,candidate_3,candidate_1,candidate_4,4,0.0225
620,candidate_2,candidate_3,candidate_1,candidate_4,4,0.0225
621,candidate_2,candidate_3,candidate_1,candidate_4,4,0.0225
622,candidate_2,candidate_3,candidate_1,candidate_4,4,0.0225
623,candidate_2,candidate_3,candidate_1,candidate_4,4,0.0225
624,candidate_2,candidate_3,candidate_1,candidate_4,4,0.0225
625,candidate_2,candidate_3,candidate_1,candidate_4,4,0.0225
626,candidate_2,candidate_3,candidate_1,candidate_4,4,0.0225
627,candidate_2,candidate_3,candidate_1,candidate_4,4,0.0225
628,candidate_2,candidate_3,candidate_1,candidate_4,4,0.0225
629,candidate_2,candidate_3,candidate_1,candidate_4,4,0.0225
630,candidate_2,candidate_3,candidate_1,candidate_4,4,0.0225
631,candidate_2,candidate_3,candidate_1,candidate_4,4,0.0225
632,candidate_2,candidate_3,candidate_1,candidate_4,4,0.0225
633,candidate_2,candidate_3,candidate_1,candidate_4,4,0.0225
634,candidate_2,candidate_3,candidate_1,candidate_4,4,0.0225
635,candidate_2,candidate_3,candidate_1,candidate_4,4,0.0225
636,candidate_2,candidate_3,candidate_1,candidate_4,4,0.0225
637,candidate_2,candidate_3,candidate_1,candidate_4,4,0.0225
638,candidate_2,candidate_3,candidate_1,candidate_4,4,0.0225
639,candidate_2,candidate_3,candidate_1,candidate_4,4,0.0225
640,candidate_2,candidate_3,candidate_1,candidate_4,4,0.0225
641,candidate_2,candidate_3,candidate_1,candidate_4,4,0.0225
642,candidate_2,candidate_3,candidate_1,candidate_4,4,0.0225
643,candidate_2,candidate_3,candidate_1,candidate_4,4,0.0225
644,candidate_2,candidate_3,candidate_1,candidate_4,4,0.0225
645,candidate_2,candidate_3,candidate_1,candidate_4,4,0.0225
646,candidate_2,candidate_3,candidate_1,candidate_4,4,0.0225
647,candidate_2,candidate_3,candidate_1,candidate_4,4,0.0225
648,candidate_2,candidate_3,candidate_1,candidate_4,4,0.0225
649,candidate_2,candidate_3,candidate_1,candidate_4,4,0.0225
650,candidate_2,candidate_3,candidate_1,candidate_4,4,0.0225
651,candidate_2,candidate_3,candidate_1,candidate_4,4,0.0225
652,candidate_2,candidate_3,candidate_1,candidate_4,4,0.0225
653,candidate_2,candidate_3,candidate_1,candidate_4,4,0.0225
654,candidate_2,candidate_3,candidate_1,candidate_4,4,0.0225
655,candidate_2,candidate_3,candidate_1,candidate_4,4,0.0225
656,candidate_2,candidate_3,candidate_1,candidate_4,4,0.0225
657,candidate_2,candidate_3,candidate_1,candidate_4,4,0.0225
658,candidate_2,candidate_3,candidate_1,candidate_4,4,0.0225
659,candidate_2,candidate_3,candidate_1,candidate_4,4,0.0225
660,candidate_2,candidate_3,candidate_1,candidate_4,4,0.0225
661,candidate_2,candidate_3,candidate_1,candidate_4,4,0.0225
662,candidate_2,candidate_3,candidate_1,candidate_4,4,0.0225
663,candidate_2,candidate_3,candidate_1,candidate_4,4,0.0225
664,candidate_2,candidate_3,candidate_1,candidate_4,4,0.0225
665,candidate_2,candidate_3,candidate_1,candidate_4,4,0.0225
666,candidate_2,candidate_3,candidate_1,candidate_4,4,0.0225
667,candidate_2,candidate_3,candidate_1,candidate_4,4,0.0225
668,candidate_2,candidate_3,0,candidate_4,4,0.0225
669,candidate_2,0,candidate_1,candidate_4,4,0.0225
670,candidate_2,candidate_3,candidate_1,candidate_4,4,0.0225
671,candidate_2,candidate_3,candidate_1,candidate_4,4,0.0225
672,0,candidate_3,candidate_1,candidate_4,4,0.0225
673,candidate_2,candidate_3,candidate_1,candidate_4,4,0.0225
674,candidate_2,candidate_3,candidate_1,candidate_4,4,0.0225
675,0,candidate_3,candidate_1,candidate_4,4,0.0225
676,candidate_2,candidate_3,candidate_1,candidate_4,4,0.0225
677,candidate_2,candidate_3,candidate_1,candidate_4,4,0.0225
678,candidate_2,candidate_3,candidate_1,candidate_4,4,0.0225
679,candidate_2,candidate_3,candidate_1,candidate_4,4,0.0225
680,candidate_2,candidate_3,candidate_1,candidate_4,4,0.0225
681,candidate_2,candidate_3,candidate_1,candidate_4,4,0.0225
682,candidate_2,candidate_3,candidate_1,candidate_4,4,0.0225
683,candidate_2,candidate_3,candidate_1,candidate_4,4,0.0225
684,candidate_2,candidate_3,0,candidate_4,4,0.0225
685,candidate_2,candidate_3,candidate_1,candidate_4,4,0.0225
686,candidate_2,candidate_3,candidate_1,candidate_4,4,0.0225
687,candidate_2,candidate_3,candidate_1,candidate_4,4,0.0225
688,candidate_2,candidate_3,candidate_1,candidate_4,4,0.0225
689,candidate_2,candidate_3,candidate_1,candidate_4,4,0.0225
690,candidate_2,candidate_3,candidate_1,candidate_4,4,0.0225
691,candidate_2,candidate_3,candidate_1,candidate_4,4,0.0225
692,candidate_2,candidate_3,candidate_1,candidate_4,4,0.0225
693,candidate_2,0,candidate_1,candidate_4,4,0.0225
694,candidate_2,candidate_3,candidate_1,candidate_4,4,0.0225
695,candidate_2,candidate_3,candidate_1,candidate_4,4,0.0225
696,candidate_2,candidate_3,candidate_1,candidate_4,4,0.0225
697,candidate_2,candidate_3,candidate_1,candidate_4,4,0.0225
698,candidate_2,candidate_3,candidate_1,candidate_4,4,0.0225
699,candidate_2,candidate_3,candidate_1,0,4,0.0225
700,candidate_2,candidate_3,candidate_1,candidate_4,4,0.0225
701,candidate_2,candidate_3,candidate_1,candidate_4,4,0.0225
702,candidate_2,candidate_3,candidate_1,candidate_4,4,0.0225
703,candidate_2,candidate_3,candidate_1,candidate_4,4,0.0225
704,candidate_2,0,candidate_1,candidate_4,4,0.0225
0,candidate_2,candidate_3,candidate_4,candidate_1,4,0.0225
1,candidate_2,candidate_3,candidate_4,candidate_1,4,0.0225
2,candidate_2,candidate_3,candidate_4,candidate_1,4,0.0225
3,candidate_2,candidate_3,candidate_4,candidate_1,4,0.0225
4,candidate_2,candidate_3,candidate_4,candidate_1,4,0.0225
5,candidate_2,candidate_3,candidate_4,candidate_1,4,0.0225
6,candidate_2,candidate_3,candidate_4,candidate_1,4,0.0225
7,candidate_2,candidate_3,candidate_4,candidate_1,4,0.0225
8,candidate_2,candidate_3,candidate_4,candidate_1,4,0.0225
9,candidate_2,candidate_3,candidate_4,candidate_1,4,0.0225
10,candidate_2,candidate_3,candidate_4,candidate_1,4,0.0225
11,candidate_2,candidate_3,candidate_4,candidate_1,4,0.0225
12,candidate_2,candidate_3,candidate_4,candidate_1,4,0.0225
13,candidate_2,candidate_3,candidate_4,candidate_1,4,0.0225
14,candidate_2,candidate_3,candidate_4,candidate_1,4,0.0225
15,candidate_2,candidate_3,candidate_4,candidate_1,4,0.0225
16,candidate_2,candidate_3,candidate_4,candidate_1,4,0.0225
17,candidate_2,candidate_3,candidate_4,candidate_1,4,0.0225
18,candidate_2,candidate_3,candidate_4,candidate_1,4,0.0225
19,candidate_2,candidate_3,candidate_4,candidate_1,4,0.0225
20,candidate_2,candidate_3,candidate_4,candidate_1,4,0.0225
21,candidate_2,candidate_3,candidate_4,candidate_1,4,0.0225
22,candidate_2,candidate_3,candidate_4,candidate_1,4,0.0225
23,candidate_2,candidate_3,candidate_4,candidate_1,4,0.0225
24,candidate_2,candidate_3,candidate_4,candidate_1,4,0.0225
25,candidate_2,candidate_3,candidate_4,candidate_1,4,0.0225
26,candidate_2,candidate_3,candidate_4,candidate_1,4,0.0225
27,candidate_2,candidate_3,candidate_4,candidate_1,4,0.0225
28,candidate_2,candidate_3,candidate_4,candidate_1,4,0.0225
29,candidate_2,candidate_3,candidate_4,candidate_1,4,0.0225
30,candidate_2,candidate_3,candidate_4,candidate_1,4,0.0225
31,candidate_2,candidate_3,candidate_4,candidate_1,4,0.0225
32,candidate_2,candidate_3,candidate_4,candidate_1,4,0.0225
33,candidate_2,candidate_3,candidate_4,candidate_1,4,0.0225
34,candidate_2,candidate_3,candidate_4,candidate_1,4,0.0225
35,candidate_2,candidate_3,candidate_4,candidate_1,4,0.0225
36,candidate_2,candidate_3,candidate_4,candidate_1,4,0.0225
37,candidate_2,0,candidate_4,candidate_1,4,0.0225
38,candidate_2,candidate_3,candidate_4,candidate_1,4,0.0225
39,candidate_2,candidate_3,candidate_4,candidate_1,4,0.0225
40,candidate_2,candidate_3,candidate_4,candidate_1,4,0.0225
41,candidate_2,candidate_3,candidate_4,candidate_1,4,0.0225
42,candidate_2,candidate_3,candidate_4,candidate_1,4,0.0225
43,candidate_2,candidate_3,candidate_4,candidate_1,4,0.0225
44,candidate_2,candidate_3,candidate_4,candidate_1,4,0.0225
45,candidate_2,candidate_3,candidate_4,candidate_1,4,0.0225
46,candidate_2,candidate_3,candidate_4,candidate_1,4,0.0225
47,candidate_2,candidate_3,candidate_4,candidate_1,4,0.0225
48,candidate_2,candidate_3,candidate_4,candidate_1,4,0.0225
49,candidate_2,candidate_3,candidate_4,candidate_1,4,0.0225
50,candidate_2,candidate_3,candidate_4,candidate_1,4,0.0225
51,candidate_2,candidate_3,candidate_4,candidate_1,4,0.0225
52,candidate_2,candidate_3,candidate_4,candidate_1,4,0.0225
53,candidate_2,candidate_3,candidate_4,candidate_1,4,0.0225
54,candidate_2,candidate_3,candidate_4,candidate_1,4,0.0225
55,candidate_2,candidate_3,candidate_4,candidate_1,4,0.0225
56,candidate_2,candidate_3,candidate_4,candidate_1,4,0.0225
57,candidate_2,0,candidate_4,candidate_1,4,0.0225
58,candidate_2,candidate_3,candidate_4,candidate_1,4,0.0225
59,candidate_2,candidate_3,candidate_4,candidate_1,4,0.0225
60,candidate_2,candidate_3,candidate_4,candidate_1,4,0.0225
61,candidate_2,0,candidate_4,candidate_1,4,0.0225
62,candidate_2,candidate_3,candidate_4,0,4,0.0225
63,candidate_2,candidate_3,candidate_4,candidate_1,4,0.0225
64,candidate_2,candidate_3,candidate_4,candidate_1,4,0.0225
65,candidate_2,candidate_3,candidate_4,candidate_1,4,0.0225
66,candidate_2,candidate_3,candidate_4,candidate_1,4,0.0225
67,candidate_2,candidate_3,candidate_4,candidate_1,4,0.0225
68,candidate_2,candidate_3,candidate_4,candidate_1,4,0.0225
69,candidate_2,candidate_3,candidate_4,candidate_1,4,0.0225
70,candidate_2,candidate_3,candidate_4,0,4,0.0225
71,candidate_2,candidate_3,candidate_4,candidate_1,4,0.0225
72,candidate_2,candidate_3,candidate_4,candidate_1,4,0.0225
73,candidate_2,candidate_3,candidate_4,candidate_1,4,0.0225
74,candidate_2,candidate_3,candidate_4,candidate_1,4,0.0225
75,candidate_2,candidate_3,candidate_4,candidate_1,4,0.0225
76,candidate_2,candidate_3,candidate_4,candidate_1,4,0.0225
77,candidate_2,candidate_3,candidate_4,candidate_1,4,0.0225
78,candidate_2,candidate_3,candidate_4,candidate_1,4,0.0225
79,candidate_2,candidate_3,candidate_4,candidate_1,4,0.0225
80,candidate_2,candidate_3,candidate_4,candidate_1,4,0.0225
81,candidate_2,candidate_3,candidate_4,candidate_1,4,0.0225
82,candidate_2,candidate_3,candidate_4,candidate_1,4,0.0225
83,candidate_2,candidate_3,candidate_4,candidate_1,4,0.0225
84,candidate_2,candidate_3,candidate_4,candidate_1,4,0.0225
85,candidate_2,0,candidate_4,candidate_1,4,0.0225
86,candidate_2,candidate_3,0,candidate_1,4,0.0225
87,candidate_2,candidate_3,candidate_4,candidate_1,4,0.0225
88,candidate_2,candidate_3,candidate_4,candidate_1,4,0.0225
89,candidate_2,candidate_3,candidate_4,candidate_1,4,0.0225
90,candidate_2,candidate_3,candidate_4,candidate_1,4,0.0225
91,0,candidate_3,candidate_4,candidate_1,4,0.0225
92,candidate_2,candidate_3,candidate_4,candidate_1,4,0.0225
93,candidate_2,candidate_3,candidate_4,candidate_1,4,0.0225
94,candidate_2,candidate_3,candidate_4,candidate_1,4,0.0225
95,candidate_2,candidate_3,candidate_4,candidate_1,4,0.0225
96,candidate_2,candidate_3,candidate_4,candidate_1,4,0.0225
97,candidate_2,candidate_3,candidate_4,candidate_1,4,0.0225
98,candidate_2,candidate_3,candidate_4,candidate_1,4,0.0225
99,candidate_2,candidate_3,0,candidate_1,4,0.0225
100,candidate_2,candidate_3,candidate_4,candidate_1,4,0.0225
101,candidate_2,candidate_3,candidate_4,candidate_1,4,0.0225
102,candidate_2,candidate_3,candidate_4,candidate_1,4,0.0225
103,candidate_2,candidate_3,candidate_4,candidate_1,4,0.0225
104,candidate_2,candidate_3,candidate_4,candidate_1,4,0.0225
105,candidate_2,candidate_3,candidate_4,candidate_1,4,0.0225
106,candidate_2,candidate_3,candidate_4,0,4,0.0225
107,candidate_2,candidate_3,candidate_4,candidate_1,4,0.0225
108,candidate_2,candidate_3,candidate_4,candidate_1,4,0.0225
109,candidate_2,candidate_3,candidate_4,candidate_1,4,0.0225
110,candidate_2,candidate_3,candidate_4,candidate_1,4,0.0225
111,candidate_2,candidate_3,candidate_4,candidate_1,4,0.0225
112,candidate_2,candidate_3,candidate_4,candidate_1,4,0.0225
113,candidate_2,candidate_3,candidate_4,candidate_1,4,0.0225
114,candidate_2,candidate_3,candidate_4,candidate_1,4,0.0225
115,candidate_2,candidate_3,candidate_4,candidate_1,4,0.0225
116,candidate_2,0,0,candidate_1,4,0.0225
117,candidate_2,candidate_3,candidate_4,candidate_1,4,0.0225
118,candidate_2,candidate_3,candidate_4,candidate_1,4,0.0225
119,candidate_2,candidate_3,candidate_4,candidate_1,4,0.0225
120,candidate_2,candidate_3,candidate_4,candidate_1,4,0.0225
121,candidate_2,candidate_3,candidate_4,candidate_1,4,0.0225
122,candidate_2,candidate_3,candidate_4,candidate_1,4,0.0225
123,candidate_2,candidate_3,candidate_4,candidate_1,4,0.0225
124,candidate_2,candidate_3,candidate_4,candidate_1,4,0.0225
125,0,candidate_3,candidate_4,candidate_1,4,0.0225
126,candidate_2,candidate_3,candidate_4,candidate_1,4,0.0225
127,candidate_2,candidate_3,candidate_4,candidate_1,4,0.0225
128,candidate_2,candidate_3,candidate_4,candidate_1,4,0.0225
129,candidate_2,candidate_3,candidate_4,candidate_1,4,0.0225
130,candidate_2,candidate_3,candidate_4,candidate_1,4,0.0225
131,candidate_2,candidate_3,candidate_4,candidate_1,4,0.0225
132,candidate_2,candidate_3,candidate_4,candidate_1,4,0.0225
133,candidate_2,candidate_3,candidate_4,candidate_1,4,0.0225
134,candidate_2,candidate_3,candidate_4,candidate_1,4,0.0225
135,candidate_2,candidate_3,candidate_4,candidate_1,4,0.0225
136,candidate_2,candidate_3,candidate_4,candidate_1,4,0.0225
137,candidate_2,0,candidate_4,candidate_1,4,0.0225
138,candidate_2,candidate_3,candidate_4,candidate_1,4,0.0225
139,candidate_2,candidate_3,candidate_4,candidate_1,4,0.0225
140,0,candidate_3,candidate_4,candidate_1,4,0.0225
141,candidate_2,candidate_3,candidate_4,candidate_1,4,0.0225
142,candidate_2,candidate_3,candidate_4,candidate_1,4,0.0225
143,candidate_2,candidate_3,0,candidate_1,4,0.0225
144,candidate_2,candidate_3,candidate_4,candidate_1,4,0.0225
145,candidate_2,candidate_3,candidate_4,candidate_1,4,0.0225
146,candidate_2,candidate_3,candidate_4,candidate_1,4,0.0225
147,candidate_2,candidate_3,candidate_4,candidate_1,4,0.0225
148,candidate_2,candidate_3,candidate_4,candidate_1,4,0.0225
149,candidate_2,candidate_3,candidate_4,candidate_1,4,0.0225
150,candidate_2,candidate_3,candidate_4,candidate_1,4,0.0225
151,candidate_2,candidate_3,candidate_4,candidate_1,4,0.0225
152,candidate_2,candidate_3,candidate_4,candidate_1,4,0.0225
153,candidate_2,candidate_3,candidate_4,candidate_1,4,0.0225
154,candidate_2,candidate_3,candidate_4,candidate_1,4,0.0225
155,candidate_2,candidate_3,candidate_4,candidate_1,4,0.0225
156,candidate_2,candidate_3,candidate_4,candidate_1,4,0.0225
157,candidate_2,0,candidate_4,candidate_1,4,0.0225
158,candidate_2,candidate_3,candidate_4,candidate_1,4,0.0225
159,candidate_2,candidate_3,candidate_4,candidate_1,4,0.0225
160,candidate_2,candidate_3,candidate_4,candidate_1,4,0.0225
161,candidate_2,candidate_3,candidate_4,candidate_1,4,0.0225
162,candidate_2,candidate_3,candidate_4,candidate_1,4,0.0225
163,candidate_2,candidate_3,candidate_4,candidate_1,4,0.0225
164,candidate_2,candidate_3,candidate_4,candidate_1,4,0.0225
165,candidate_2,candidate_3,candidate_4,candidate_1,4,0.0225
166,candidate_2,candidate_3,candidate_4,candidate_1,4,0.0225
167,candidate_2,candidate_3,candidate_4,candidate_1,4,0.0225
168,candidate_2,candidate_3,candidate_4,candidate_1,4,0.0225
169,candidate_2,candidate_3,candidate_4,candidate_1,4,0.0225
170,candidate_2,candidate_3,candidate_4,candidate_1,4,0.0225
171,candidate_2,candidate_3,candidate_4,candidate_1,4,0.0225
172,candidate_2,candidate_3,candidate_4,candidate_1,4,0.0225
173,candidate_2,candidate_3,candidate_4,candidate_1,4,0.0225
174,candidate_2,candidate_3,candidate_4,candidate_1,4,0.0225
175,candidate_2,candidate_3,candidate_4,candidate_1,4,0.0225
0,candidate_2,candidate_4,candidate_1,candidate_3,4,0.0225
1,candidate_2,candidate_4,candidate_1,candidate_3,4,0.0225
2,candidate_2,candidate_4,candidate_1,candidate_3,4,0.0225
3,candidate_2,candidate_4,candidate_1,candidate_3,4,0.0225
4,candidate_2,candidate_4,candidate_1,candidate_3,4,0.0225
5,candidate_2,candidate_4,candidate_1,candidate_3,4,0.0225
6,candidate_2,0,candidate_1,candidate_3,4,0.0225
7,candidate_2,candidate_4,candidate_1,candidate_3,4,0.0225
8,candidate_2,candidate_4,candidate_1,candidate_3,4,0.0225
9,candidate_2,candidate_4,0,candidate_3,4,0.0225
10,candidate_2,candidate_4,candidate_1,candidate_3,4,0.0225
11,0,candidate_4,candidate_1,candidate_3,4,0.0225
12,candidate_2,candidate_4,candidate_1,candidate_3,4,0.0225
13,candidate_2,candidate_4,candidate_1,candidate_3,4,0.0225
14,candidate_2,candidate_4,candidate_1,candidate_3,4,0.0225
15,candidate_2,candidate_4,candidate_1,candidate_3,4,0.0225
16,candidate_2,candidate_4,candidate_1,candidate_3,4,0.0225
17,candidate_2,candidate_4,candidate_1,candidate_3,4,0.0225
18,candidate_2,candidate_4,candidate_1,candidate_3,4,0.0225
19,candidate_2,candidate_4,candidate_1,candidate_3,4,0.0225
20,candidate_2,candidate_4,candidate_1,candidate_3,4,0.0225
21,candidate_2,candidate_4,candidate_1,candidate_3,4,0.0225
22,candidate_2,candidate_4,candidate_1,candidate_3,4,0.0225
23,candidate_2,candidate_4,candidate_1,candidate_3,4,0.0225
24,candidate_2,candidate_4,candidate_1,candidate_3,4,0.0225
25,candidate_2,candidate_4,candidate_1,candidate_3,4,0.0225
26,candidate_2,candidate_4,candidate_1,candidate_3,4,0.0225
27,candidate_2,candidate_4,candidate_1,candidate_3,4,0.0225
28,candidate_2,candidate_4,candidate_1,candidate_3,4,0.0225
29,candidate_2,candidate_4,candidate_1,candidate_3,4,0.0225
30,candidate_2,candidate_4,candidate_1,candidate_3,4,0.0225
31,candidate_2,candidate_4,candidate_1,candidate_3,4,0.0225
32,candidate_2,0,candidate_1,candidate_3,4,0.0225
33,candidate_2,candidate_4,candidate_1,candidate_3,4,0.0225
34,candidate_2,candidate_4,candidate_1,candidate_3,4,0.0225
35,candidate_2,candidate_4,0,0,4,0.0225
36,candidate_2,candidate_4,candidate_1,candidate_3,4,0.0225
37,candidate_2,candidate_4,candidate_1,candidate_3,4,0.0225
38,candidate_2,candidate_4,candidate_1,candidate_3,4,0.0225
39,candidate_2,candidate_4,candidate_1,candidate_3,4,0.0225
40,candidate_2,candidate_4,candidate_1,0,4,0.0225
41,candidate_2,candidate_4,candidate_1,candidate_3,4,0.0225
42,candidate_2,candidate_4,candidate_1,candidate_3,4,0.0225
43,candidate_2,candidate_4,candidate_1,candidate_3,4,0.0225
44,candidate_2,candidate_4,candidate_1,candidate_3,4,0.0225
45,candidate_2,candidate_4,candidate_1,candidate_3,4,0.0225
46,candidate_2,candidate_4,candidate_1,candidate_3,4,0.0225
47,candidate_2,candidate_4,candidate_1,candidate_3,4,0.0225
48,candidate_2,candidate_4,candidate_1,candidate_3,4,0.0225
49,candidate_2,candidate_4,candidate_1,candidate_3,4,0.0225
50,candidate_2,candidate_4,candidate_1,candidate_3,4,0.0225
51,candidate_2,0,candidate_1,candidate_3,4,0.0225
52,candidate_2,candidate_4,candidate_1,candidate_3,4,0.0225
53,candidate_2,candidate_4,candidate_1,candidate_3,4,0.0225
54,candidate_2,candidate_4,candidate_1,candidate_3,4,0.0225
55,candidate_2,candidate_4,candidate_1,candidate_3,4,0.0225
56,candidate_2,candidate_4,candidate_1,candidate_3,4,0.0225
57,candidate_2,candidate_4,candidate_1,candidate_3,4,0.0225
58,candidate_2,candidate_4,candidate_1,candidate_3,4,0.0225
59,candidate_2,candidate_4,candidate_1,candidate_3,4,0.0225
60,candidate_2,candidate_4,candidate_1,candidate_3,4,0.0225
61,candidate_2,candidate_4,candidate_1,candidate_3,4,0.0225
62,candidate_2,candidate_4,candidate_1,candidate_3,4,0.0225
63,candidate_2,candidate_4,candidate_1,candidate_3,4,0.0225
64,candidate_2,candidate_4,candidate_1,candidate_3,4,0.0225
65,candidate_2,candidate_4,candidate_1,candidate_3,4,0.0225
66,candidate_2,candidate_4,candidate_1,candidate_3,4,0.0225
67,candidate_2,candidate_4,candidate_1,candidate_3,4,0.0225
68,candidate_2,candidate_4,candidate_1,candidate_3,4,0.0225
69,candidate_2,candidate_4,candidate_1,candidate_3,4,0.0225
70,candidate_2,candidate_4,candidate_1,candidate_3,4,0.0225
71,candidate_2,candidate_4,candidate_1,candidate_3,4,0.0225
72,candidate_2,candidate_4,candidate_1,candidate_3,4,0.0225
73,candidate_2,candidate_4,candidate_1,candidate_3,4,0.0225
74,candidate_2,candidate_4,candidate_1,candidate_3,4,0.0225
75,candidate_2,candidate_4,candidate_1,candidate_3,4,0.0225
76,candidate_2,candidate_4,candidate_1,candidate_3,4,0.0225
77,candidate_2,candidate_4,candidate_1,candidate_3,4,0.0225
78,candidate_2,candidate_4,candidate_1,candidate_3,4,0.0225
79,candidate_2,candidate_4,candidate_1,candidate_3,4,0.0225
80,candidate_2,candidate_4,candidate_1,candidate_3,4,0.0225
81,candidate_2,candidate_4,candidate_1,candidate_3,4,0.0225
82,candidate_2,candidate_4,candidate_1,candidate_3,4,0.0225
83,candidate_2,candidate_4,candidate_1,candidate_3,4,0.0225
84,candidate_2,candidate_4,candidate_1,candidate_3,4,0.0225
85,candidate_2,candidate_4,candidate_1,candidate_3,4,0.0225
86,candidate_2,candidate_4,candidate_1,candidate_3,4,0.0225
87,candidate_2,candidate_4,candidate_1,candidate_3,4,0.0225
88,candidate_2,candidate_4,candidate_1,candidate_3,4,0.0225
89,candidate_2,candidate_4,candidate_1,candidate_3,4,0.0225
90,candidate_2,candidate_4,candidate_1,candidate_3,4,0.0225
91,candidate_2,candidate_4,candidate_1,candidate_3,4,0.0225
92,candidate_2,candidate_4,candidate_1,candidate_3,4,0.0225
93,candidate_2,candidate_4,candidate_1,candidate_3,4,0.0225
94,candidate_2,candidate_4,candidate_1,candidate_3,4,0.0225
95,candidate_2,candidate_4,candidate_1,candidate_3,4,0.0225
96,candidate_2,candidate_4,candidate_1,candidate_3,4,0.0225
97,candidate_2,candidate_4,candidate_1,candidate_3,4,0.0225
98,candidate_2,candidate_4,candidate_1,candidate_3,4,0.0225
99,candidate_2,candidate_4,candidate_1,candidate_3,4,0.0225
100,candidate_2,candidate_4,candidate_1,candidate_3,4,0.0225
101,candidate_2,candidate_4,candidate_1,candidate_3,4,0.0225
102,candidate_2,candidate_4,candidate_1,candidate_3,4,0.0225
103,candidate_2,candidate_4,candidate_1,candidate_3,4,0.0225
104,candidate_2,candidate_4,candidate_1,candidate_3,4,0.0225
105,candidate_2,candidate_4,candidate_1,candidate_3,4,0.0225
106,candidate_2,candidate_4,candidate_1,candidate_3,4,0.0225
107,candidate_2,candidate_4,candidate_1,candidate_3,4,0.0225
108,candidate_2,candidate_4,candidate_1,candidate_3,4,0.0225
109,candidate_2,candidate_4,candidate_1,candidate_3,4,0.0225
110,candidate_2,candidate_4,candidate_1,candidate_3,4,0.0225
111,0,candidate_4,candidate_1,candidate_3,4,0.0225
112,candidate_2,candidate_4,candidate_1,candidate_3,4,0.0225
113,candidate_2,candidate_4,candidate_1,candidate_3,4,0.0225
114,candidate_2,candidate_4,candidate_1,candidate_3,4,0.0225
115,candidate_2,candidate_4,candidate_1,candidate_3,4,0.0225
116,0,candidate_4,candidate_1,candidate_3,4,0.0225
117,candidate_2,candidate_4,candidate_1,candidate_3,4,0.0225
118,candidate_2,candidate_4,candidate_1,candidate_3,4,0.0225
119,candidate_2,candidate_4,candidate_1,candidate_3,4,0.0225
120,candidate_2,candidate_4,candidate_1,candidate_3,4,0.0225
121,candidate_2,candidate_4,candidate_1,candidate_3,4,0.0225
122,candidate_2,candidate_4,candidate_1,candidate_3,4,0.0225
123,candidate_2,candidate_4,candidate_1,candidate_3,4,0.0225
124,candidate_2,candidate_4,candidate_1,candidate_3,4,0.0225
125,candidate_2,candidate_4,candidate_1,candidate_3,4,0.0225
126,candidate_2,candidate_4,candidate_1,0,4,0.0225
127,candidate_2,candidate_4,candidate_1,candidate_3,4,0.0225
128,candidate_2,candidate_4,candidate_1,candidate_3,4,0.0225
129,candidate_2,candidate_4,candidate_1,candidate_3,4,0.0225
130,candidate_2,0,candidate_1,candidate_3,4,0.0225
131,candidate_2,0,candidate_1,candidate_3,4,0.0225
132,candidate_2,candidate_4,candidate_1,candidate_3,4,0.0225
133,candidate_2,candidate_4,candidate_1,candidate_3,4,0.0225
134,candidate_2,candidate_4,0,candidate_3,4,0.0225
135,candidate_2,candidate_4,candidate_1,candidate_3,4,0.0225
136,candidate_2,candidate_4,candidate_1,candidate_3,4,0.0225
137,candidate_2,candidate_4,candidate_1,candidate_3,4,0.0225
138,candidate_2,candidate_4,candidate_1,candidate_3,4,0.0225
139,candidate_2,candidate_4,candidate_1,candidate_3,4,0.0225
140,candidate_2,candidate_4,candidate_1,candidate_3,4,0.0225
141,candidate_2,candidate_4,candidate_1,candidate_3,4,0.0225
142,candidate_2,candidate_4,candidate_1,0,4,0.0225
143,candidate_2,candidate_4,candidate_1,0,4,0.0225
144,candidate_2,candidate_4,candidate_1,candidate_3,4,0.0225
145,candidate_2,candidate_4,candidate_1,candidate_3,4,0.0225
146,candidate_2,candidate_4,candidate_1,candidate_3,4,0.0225
147,candidate_2,candidate_4,candidate_1,candidate_3,4,0.0225
148,candidate_2,candidate_4,candidate_1,candidate_3,4,0.0225
149,candidate_2,candidate_4,candidate_1,candidate_3,4,0.0225
150,candidate_2,candidate_4,candidate_1,candidate_3,4,0.0225
151,candidate_2,candidate_4,candidate_1,candidate_3,4,0.0225
152,candidate_2,candidate_4,candidate_1,candidate_3,4,0.0225
153,candidate_2,candidate_4,candidate_1,candidate_3,4,0.0225
154,candidate_2,candidate_4,candidate_1,candidate_3,4,0.0225
155,candidate_2,candidate_4,candidate_1,candidate_3,4,0.0225
156,candidate_2,candidate_4,candidate_1,candidate_3,4,0.0225
157,candidate_2,candidate_4,candidate_1,candidate_3,4,0.0225
158,candidate_2,candidate_4,0,candidate_3,4,0.0225
159,candidate_2,candidate_4,candidate_1,candidate_3,4,0.0225
160,candidate_2,candidate_4,candidate_1,candidate_3,4,0.0225
161,candidate_2,candidate_4,candidate_1,candidate_3,4,0.0225
162,candidate_2,candidate_4,candidate_1,candidate_3,4,0.0225
163,candidate_2,candidate_4,candidate_1,candidate_3,4,0.0225
164,candidate_2,candidate_4,candidate_1,candidate_3,4,0.0225
165,candidate_2,candidate_4,candidate_1,candidate_3,4,0.0225
166,candidate_2,candidate_4,candidate_1,candidate_3,4,0.0225
167,candidate_2,candidate_4,candidate_1,candidate_3,4,0.0225
168,candidate_2,0,candidate_1,candidate_3,4,0.0225
169,candidate_2,candidate_4,candidate_1,candidate_3,4,0.0225
170,candidate_2,candidate_4,candidate_1,candidate_3,4,0.0225
171,candidate_2,candidate_4,candidate_1,candidate_3,4,0.0225
172,candidate_2,candidate_4,candidate_1,candidate_3,4,0.0225
173,candidate_2,candidate_4,candidate_1,candidate_3,4,0.0225
174,candidate_2,candidate_4,candidate_1,candidate_3,4,0.0225
175,candidate_2,candidate_4,candidate_1,candidate_3,4,0.0225
176,candidate_2,candidate_4,candidate_1,candidate_3,4,0.0225
177,candidate_2,candidate_4,candidate_1,candidate_3,4,0.0225
178,candidate_2,candidate_4,candidate_1,candidate_3,4,0.0225
179,candidate_2,candidate_4,candidate_1,candidate_3,4,0.0225
180,candidate_2,candidate_4,candidate_1,candidate_3,4,0.0225
181,candidate_2,candidate_4,candidate_1,candidate_3,4,0.0225
182,candidate_2,candidate_4,candidate_1,candidate_3,4,0.0225
183,candidate_2,candidate_4,candidate_1,candidate_3,4,0.0225
184,candidate_2,candidate_4,candidate_1,candidate_3,4,0.0225
185,candidate_2,candidate_4,candidate_1,candidate_3,4,0.0225
186,candidate_2,candidate_4,candidate_1,candidate_3,4,0.0225
187,candidate_2,candidate_4,candidate_1,candidate_3,4,0.0225
188,candidate_2,candidate_4,candidate_1,candidate_3,4,0.0225
189,candidate_2,candidate_4,candidate_1,candidate_3,4,0.0225
190,candidate_2,candidate_4,candidate_1,candidate_3,4,0.0225
191,candidate_2,candidate_4,candidate_1,candidate_3,4,0.0225
192,candidate_2,candidate_4,candidate_1,candidate_3,4,0.0225
193,candidate_2,candidate_4,candidate_1,candidate_3,4,0.0225
194,candidate_2,candidate_4,candidate_1,candidate_3,4,0.0225
195,candidate_2,candidate_4,candidate_1,candidate_3,4,0.0225
196,candidate_2,candidate_4,candidate_1,candidate_3,4,0.0225
197,candidate_2,candidate_4,candidate_1,candidate_3,4,0.0225
198,candidate_2,candidate_4,candidate_1,candidate_3,4,0.0225
199,candidate_2,candidate_4,candidate_1,candidate_3,4,0.0225
200,candidate_2,candidate_4,candidate_1,candidate_3,4,0.0225
201,candidate_2,candidate_4,candidate_1,candidate_3,4,0.0225
202,candidate_2,candidate_4,candidate_1,candidate_3,4,0.0225
203,candidate_2,candidate_4,candidate_1,candidate_3,4,0.0225
204,candidate_2,candidate_4,0,candidate_3,4,0.0225
205,candidate_2,candidate_4,candidate_1,0,4,0.0225
206,candidate_2,candidate_4,candidate_1,candidate_3,4,0.0225
207,candidate_2,candidate_4,candidate_1,candidate_3,4,0.0225
208,candidate_2,candidate_4,candidate_1,candidate_3,4,0.0225
209,candidate_2,candidate_4,candidate_1,candidate_3,4,0.0225
210,candidate_2,candidate_4,candidate_1,candidate_3,4,0.0225
211,candidate_2,candidate_4,candidate_1,candidate_3,4,0.0225
212,candidate_2,candidate_4,candidate_1,candidate_3,4,0.0225
213,candidate_2,candidate_4,candidate_1,candidate_3,4,0.0225
214,candidate_2,candidate_4,candidate_1,candidate_3,4,0.0225
215,candidate_2,candidate_4,candidate_1,candidate_3,4,0.0225
216,candidate_2,candidate_4,candidate_1,candidate_3,4,0.0225
217,candidate_2,candidate_4,candidate_1,candidate_3,4,0.0225
218,candidate_2,candidate_4,candidate_1,candidate_3,4,0.0225
219,candidate_2,candidate_4,candidate_1,candidate_3,4,0.0225
220,candidate_2,candidate_4,candidate_1,candidate_3,4,0.0225
221,candidate_2,candidate_4,candidate_1,candidate_3,4,0.0225
222,candidate_2,candidate_4,candidate_1,candidate_3,4,0.0225
223,candidate_2,candidate_4,candidate_1,candidate_3,4,0.0225
224,candidate_2,candidate_4,candidate_1,candidate_3,4,0.0225
225,candidate_2,candidate_4,candidate_1,candidate_3,4,0.0225
226,candidate_2,candidate_4,candidate_1,candidate_3,4,0.0225
227,candidate_2,candidate_4,candidate_1,candidate_3,4,0.0225
228,candidate_2,candidate_4,candidate_1,candidate_3,4,0.0225
229,candidate_2,candidate_4,candidate_1,candidate_3,4,0.0225
230,candidate_2,candidate_4,candidate_1,candidate_3,4,0.0225
231,candidate_2,candidate_4,candidate_1,candidate_3,4,0.0225
232,candidate_2,candidate_4,candidate_1,candidate_3,4,0.0225
233,candidate_2,candidate_4,candidate_1,candidate_3,4,0.0225
234,candidate_2,candidate_4,candidate_1,candidate_3,4,0.0225
235,candidate_2,candidate_4,candidate_1,candidate_3,4,0.0225
236,candidate_2,candidate_4,candidate_1,candidate_3,4,0.0225
237,candidate_2,candidate_4,candidate_1,candidate_3,4,0.0225
238,candidate_2,candidate_4,candidate_1,candidate_3,4,0.0225
239,candidate_2,candidate_4,candidate_1,candidate_3,4,0.0225
240,candidate_2,candidate_4,candidate_1,candidate_3,4,0.0225
241,candidate_2,candidate_4,candidate_1,candidate_3,4,0.0225
242,candidate_2,candidate_4,candidate_1,0,4,0.0225
243,candidate_2,candidate_4,candidate_1,candidate_3,4,0.0225
244,candidate_2,candidate_4,candidate_1,candidate_3,4,0.0225
245,candidate_2,candidate_4,candidate_1,candidate_3,4,0.0225
246,candidate_2,candidate_4,candidate_1,candidate_3,4,0.0225
247,candidate_2,0,candidate_1,candidate_3,4,0.0225
248,candidate_2,candidate_4,candidate_1,candidate_3,4,0.0225
249,candidate_2,candidate_4,candidate_1,candidate_3,4,0.0225
250,candidate_2,candidate_4,candidate_1,candidate_3,4,0.0225
251,candidate_2,candidate_4,candidate_1,candidate_3,4,0.0225
252,candidate_2,candidate_4,candidate_1,candidate_3,4,0.0225
253,candidate_2,candidate_4,candidate_1,candidate_3,4,0.0225
254,candidate_2,candidate_4,candidate_1,candidate_3,4,0.0225
255,candidate_2,candidate_4,candidate_1,candidate_3,4,0.0225
256,candidate_2,candidate_4,candidate_1,candidate_3,4,0.0225
257,candidate_2,candidate_4,candidate_1,candidate_3,4,0.0225
258,candidate_2,candidate_4,candidate_1,candidate_3,4,0.0225
259,candidate_2,candidate_4,candidate_1,candidate_3,4,0.0225
260,candidate_2,candidate_4,candidate_1,candidate_3,4,0.0225
261,candidate_2,candidate_4,candidate_1,candidate_3,4,0.0225
262,candidate_2,candidate_4,candidate_1,candidate_3,4,0.0225
263,0,candidate_4,candidate_1,candidate_3,4,0.0225
264,candidate_2,candidate_4,candidate_1,candidate_3,4,0.0225
265,candidate_2,candidate_4,candidate_1,candidate_3,4,0.0225
266,candidate_2,candidate_4,candidate_1,candidate_3,4,0.0225
267,candidate_2,candidate_4,candidate_1,candidate_3,4,0.0225
268,candidate_2,candidate_4,candidate_1,candidate_3,4,0.0225
269,candidate_2,candidate_4,candidate_1,candidate_3,4,0.0225
270,candidate_2,candidate_4,candidate_1,candidate_3,4,0.0225
271,candidate_2,candidate_4,candidate_1,candidate_3,4,0.0225
272,candidate_2,candidate_4,candidate_1,candidate_3,4,0.0225
273,candidate_2,candidate_4,candidate_1,candidate_3,4,0.0225
274,candidate_2,candidate_4,candidate_1,candidate_3,4,0.0225
275,candidate_2,candidate_4,candidate_1,candidate_3,4,0.0225
276,candidate_2,candidate_4,candidate_1,candidate_3,4,0.0225
277,candidate_2,candidate_4,candidate_1,candidate_3,4,0.0225
278,candidate_2,candidate_4,candidate_1,candidate_3,4,0.0225
279,0,candidate_4,candidate_1,candidate_3,4,0.0225
280,candidate_2,candidate_4,candidate_1,candidate_3,4,0.0225
281,candidate_2,candidate_4,candidate_1,candidate_3,4,0.0225
282,candidate_2,candidate_4,candidate_1,candidate_3,4,0.0225
283,candidate_2,candidate_4,candidate_1,candidate_3,4,0.0225
284,candidate_2,candidate_4,candidate_1,candidate_3,4,0.0225
285,0,candidate_4,candidate_1,candidate_3,4,0.0225
286,candidate_2,candidate_4,candidate_1,candidate_3,4,0.0225
287,candidate_2,candidate_4,candidate_1,candidate_3,4,0.0225
288,candidate_2,candidate_4,candidate_1,candidate_3,4,0.0225
289,candidate_2,candidate_4,candidate_1,candidate_3,4,0.0225
290,candidate_2,candidate_4,candidate_1,candidate_3,4,0.0225
291,candidate_2,candidate_4,candidate_1,candidate_3,4,0.0225
292,candidate_2,candidate_4,candidate_1,candidate_3,4,0.0225
293,candidate_2,candidate_4,candidate_1,candidate_3,4,0.0225
294,candidate_2,candidate_4,candidate_1,candidate_3,4,0.0225
295,candidate_2,candidate_4,candidate_1,candidate_3,4,0.0225
296,candidate_2,candidate_4,candidate_1,candidate_3,4,0.0225
297,candidate_2,candidate_4,candidate_1,candidate_3,4,0.0225
298,candidate_2,candidate_4,candidate_1,candidate_3,4,0.0225
299,candidate_2,candidate_4,candidate_1,candidate_3,4,0.0225
300,candidate_2,candidate_4,candidate_1,candidate_3,4,0.0225
301,candidate_2,candidate_4,candidate_1,candidate_3,4,0.0225
302,candidate_2,candidate_4,candidate_1,candidate_3,4,0.0225
303,candidate_2,candidate_4,candidate_1,candidate_3,4,0.0225
304,0,candidate_4,candidate_1,candidate_3,4,0.0225
305,0,candidate_4,candidate_1,candidate_3,4,0.0225
306,candidate_2,candidate_4,candidate_1,candidate_3,4,0.0225
307,0,candidate_4,candidate_1,candidate_3,4,0.0225
308,candidate_2,candidate_4,candidate_1,candidate_3,4,0.0225
309,0,candidate_4,candidate_1,candidate_3,4,0.0225
310,candidate_2,candidate_4,candidate_1,candidate_3,4,0.0225
311,candidate_2,candidate_4,candidate_1,candidate_3,4,0.0225
312,candidate_2,candidate_4,candidate_1,candidate_3,4,0.0225
313,candidate_2,candidate_4,candidate_1,candidate_3,4,0.0225
314,candidate_2,candidate_4,candidate_1,candidate_3,4,0.0225
315,candidate_2,candidate_4,candidate_1,candidate_3,4,0.0225
316,candidate_2,candidate_4,candidate_1,candidate_3,4,0.0225
317,0,candidate_4,candidate_1,candidate_3,4,0.0225
318,candidate_2,candidate_4,candidate_1,candidate_3,4,0.0225
319,candidate_2,candidate_4,candidate_1,candidate_3,4,0.0225
320,candidate_2,candidate_4,candidate_1,candidate_3,4,0.0225
321,candidate_2,candidate_4,candidate_1,candidate_3,4,0.0225
322,candidate_2,candidate_4,candidate_1,candidate_3,4,0.0225
323,candidate_2,candidate_4,candidate_1,candidate_3,4,0.0225
324,candidate_2,candidate_4,candidate_1,candidate_3,4,0.0225
325,candidate_2,candidate_4,candidate_1,candidate_3,4,0.0225
326,candidate_2,candidate_4,candidate_1,candidate_3,4,0.0225
327,candidate_2,candidate_4,candidate_1,candidate_3,4,0.0225
328,candidate_2,candidate_4,candidate_1,candidate_3,4,0.0225
329,candidate_2,candidate_4,candidate_1,candidate_3,4,0.0225
330,candidate_2,candidate_4,candidate_1,candidate_3,4,0.0225
331,candidate_2,candidate_4,candidate_1,candidate_3,4,0.0225
332,candidate_2,candidate_4,candidate_1,candidate_3,4,0.0225
333,candidate_2,candidate_4,candidate_1,candidate_3,4,0.0225
334,candidate_2,candidate_4,candidate_1,candidate_3,4,0.0225
335,candidate_2,candidate_4,candidate_1,candidate_3,4,0.0225
336,candidate_2,candidate_4,candidate_1,candidate_3,4,0.0225
337,candidate_2,candidate_4,candidate_1,candidate_3,4,0.0225
338,candidate_2,0,candidate_1,candidate_3,4,0.0225
339,candidate_2,candidate_4,candidate_1,candidate_3,4,0.0225
340,candidate_2,candidate_4,candidate_1,candidate_3,4,0.0225
341,candidate_2,candidate_4,candidate_1,candidate_3,4,0.0225
342,candidate_2,candidate_4,candidate_1,candidate_3,4,0.0225
343,candidate_2,candidate_4,candidate_1,candidate_3,4,0.0225
344,candidate_2,candidate_4,candidate_1,candidate_3,4,0.0225
345,candidate_2,candidate_4,candidate_1,candidate_3,4,0.0225
346,candidate_2,candidate_4,candidate_1,candidate_3,4,0.0225
347,candidate_2,candidate_4,candidate_1,candidate_3,4,0.0225
348,candidate_2,candidate_4,candidate_1,candidate_3,4,0.0225
349,candidate_2,candidate_4,candidate_1,candidate_3,4,0.0225
350,candidate_2,0,candidate_1,candidate_3,4,0.0225
351,candidate_2,0,candidate_1,candidate_3,4,0.0225
352,candidate_2,candidate_4,candidate_1,candidate_3,4,0.0225
353,candidate_2,candidate_4,candidate_1,candidate_3,4,0.0225
354,candidate_2,candidate_4,candidate_1,candidate_3,4,0.0225
355,candidate_2,candidate_4,candidate_1,candidate_3,4,0.0225
356,candidate_2,candidate_4,candidate_1,candidate_3,4,0.0225
357,candidate_2,candidate_4,candidate_1,candidate_3,4,0.0225
358,candidate_2,candidate_4,candidate_1,candidate_3,4,0.0225
359,candidate_2,candidate_4,candidate_1,candidate_3,4,0.0225
360,candidate_2,candidate_4,candidate_1,candidate_3,4,0.0225
361,candidate_2,candidate_4,candidate_1,candidate_3,4,0.0225
362,candidate_2,candidate_4,candidate_1,candidate_3,4,0.0225
363,candidate_2,candidate_4,candidate_1,candidate_3,4,0.0225
364,candidate_2,candidate_4,candidate_1,candidate_3,4,0.0225
365,candidate_2,candidate_4,candidate_1,candidate_3,4,0.0225
366,candidate_2,candidate_4,candidate_1,candidate_3,4,0.0225
367,candidate_2,candidate_4,candidate_1,candidate_3,4,0.0225
368,candidate_2,candidate_4,candidate_1,0,4,0.0225
369,candidate_2,candidate_4,candidate_1,candidate_3,4,0.0225
370,candidate_2,candidate_4,0,candidate_3,4,0.0225
371,candidate_2,candidate_4,candidate_1,candidate_3,4,0.0225
372,candidate_2,candidate_4,candidate_1,candidate_3,4,0.0225
373,candidate_2,candidate_4,candidate_1,candidate_3,4,0.0225
374,candidate_2,candidate_4,candidate_1,candidate_3,4,0.0225
375,candidate_2,candidate_4,candidate_1,candidate_3,4,0.0225
376,candidate_2,candidate_4,candidate_1,candidate_3,4,0.0225
377,candidate_2,candidate_4,candidate_1,candidate_3,4,0.0225
378,candidate_2,candidate_4,candidate_1,candidate_3,4,0.0225
379,candidate_2,candidate_4,candidate_1,candidate_3,4,0.0225
380,0,candidate_4,candidate_1,candidate_3,4,0.0225
381,candidate_2,candidate_4,candidate_1,candidate_3,4,0.0225
382,candidate_2,candidate_4,candidate_1,candidate_3,4,0.0225
383,candidate_2,candidate_4,candidate_1,candidate_3,4,0.0225
384,candidate_2,candidate_4,candidate_1,candidate_3,4,0.0225
385,candidate_2,candidate_4,candidate_1,candidate_3,4,0.0225
386,0,candidate_4,candidate_1,candidate_3,4,0.0225
387,candidate_2,candidate_4,candidate_1,candidate_3,4,0.0225
388,candidate_2,candidate_4,candidate_1,candidate_3,4,0.0225
389,candidate_2,candidate_4,candidate_1,candidate_3,4,0.0225
390,candidate_2,candidate_4,candidate_1,candidate_3,4,0.0225
391,candidate_2,candidate_4,candidate_1,candidate_3,4,0.0225
392,candidate_2,candidate_4,candidate_1,candidate_3,4,0.0225
393,candidate_2,candidate_4,candidate_1,candidate_3,4,0.0225
394,candidate_2,candidate_4,candidate_1,candidate_3,4,0.0225
395,candidate_2,candidate_4,candidate_1,candidate_3,4,0.0225
396,candidate_2,candidate_4,candidate_1,candidate_3,4,0.0225
397,candidate_2,candidate_4,candidate_1,candidate_3,4,0.0225
398,candidate_2,candidate_4,candidate_1,candidate_3,4,0.0225
399,candidate_2,candidate_4,candidate_1,candidate_3,4,0.0225
400,candidate_2,candidate_4,candidate_1,candidate_3,4,0.0225
401,candidate_2,candidate_4,candidate_1,candidate_3,4,0.0225
402,candidate_2,candidate_4,candidate_1,candidate_3,4,0.0225
403,candidate_2,candidate_4,candidate_1,candidate_3,4,0.0225
404,candidate_2,candidate_4,candidate_1,candidate_3,4,0.0225
405,candidate_2,candidate_4,candidate_1,candidate_3,4,0.0225
406,0,candidate_4,candidate_1,candidate_3,4,0.0225
407,candidate_2,candidate_4,candidate_1,candidate_3,4,0.0225
408,candidate_2,candidate_4,candidate_1,candidate_3,4,0.0225
409,candidate_2,candidate_4,candidate_1,candidate_3,4,0.0225
410,candidate_2,candidate_4,candidate_1,candidate_3,4,0.0225
411,candidate_2,candidate_4,candidate_1,candidate_3,4,0.0225
412,candidate_2,candidate_4,candidate_1,candidate_3,4,0.0225
413,candidate_2,candidate_4,candidate_1,candidate_3,4,0.0225
414,candidate_2,candidate_4,candidate_1,candidate_3,4,0.0225
415,candidate_2,candidate_4,candidate_1,candidate_3,4,0.0225
416,candidate_2,candidate_4,candidate_1,candidate_3,4,0.0225
417,candidate_2,candidate_4,candidate_1,candidate_3,4,0.0225
418,candidate_2,candidate_4,candidate_1,candidate_3,4,0.0225
419,candidate_2,candidate_4,candidate_1,candidate_3,4,0.0225
420,candidate_2,candidate_4,candidate_1,candidate_3,4,0.0225
421,candidate_2,candidate_4,candidate_1,candidate_3,4,0.0225
422,candidate_2,candidate_4,candidate_1,candidate_3,4,0.0225
423,candidate_2,candidate_4,candidate_1,candidate_3,4,0.0225
424,candidate_2,candidate_4,candidate_1,candidate_3,4,0.0225
425,candidate_2,candidate_4,candidate_1,candidate_3,4,0.0225
426,candidate_2,candidate_4,candidate_1,candidate_3,4,0.0225
427,candidate_2,candidate_4,candidate_1,candidate_3,4,0.0225
428,0,candidate_4,candidate_1,candidate_3,4,0.0225
429,candidate_2,candidate_4,candidate_1,candidate_3,4,0.0225
430,candidate_2,candidate_4,candidate_1,candidate_3,4,0.0225
431,candidate_2,candidate_4,candidate_1,candidate_3,4,0.0225
432,candidate_2,candidate_4,candidate_1,candidate_3,4,0.0225
433,candidate_2,candidate_4,candidate_1,candidate_3,4,0.0225
434,candidate_2,candidate_4,candidate_1,candidate_3,4,0.0225
435,candidate_2,candidate_4,candidate_1,candidate_3,4,0.0225
436,candidate_2,candidate_4,candidate_1,candidate_3,4,0.0225
437,candidate_2,candidate_4,candidate_1,candidate_3,4,0.0225
438,candidate_2,candidate_4,candidate_1,candidate_3,4,0.0225
439,candidate_2,candidate_4,candidate_1,candidate_3,4,0.0225
440,candidate_2,candidate_4,candidate_1,candidate_3,4,0.0225
441,candidate_2,candidate_4,candidate_1,candidate_3,4,0.0225
442,candidate_2,candidate_4,candidate_1,candidate_3,4,0.0225
443,candidate_2,candidate_4,candidate_1,candidate_3,4,0.0225
444,candidate_2,candidate_4,candidate_1,candidate_3,4,0.0225
445,candidate_2,candidate_4,candidate_1,candidate_3,4,0.0225
446,candidate_2,candidate_4,candidate_1,candidate_3,4,0.0225
447,candidate_2,candidate_4,candidate_1,candidate_3,4,0.0225
448,candidate_2,candidate_4,candidate_1,candidate_3,4,0.0225
449,candidate_2,candidate_4,candidate_1,candidate_3,4,0.0225
450,candidate_2,candidate_4,candidate_1,candidate_3,4,0.0225
451,candidate_2,candidate_4,0,candidate_3,4,0.0225
452,candidate_2,candidate_4,candidate_1,candidate_3,4,0.0225
453,candidate_2,candidate_4,candidate_1,candidate_3,4,0.0225
454,candidate_2,candidate_4,candidate_1,candidate_3,4,0.0225
455,candidate_2,candidate_4,candidate_1,candidate_3,4,0.0225
456,candidate_2,candidate_4,candidate_1,candidate_3,4,0.0225
457,candidate_2,candidate_4,candidate_1,candidate_3,4,0.0225
458,candidate_2,candidate_4,candidate_1,candidate_3,4,0.0225
459,candidate_2,candidate_4,candidate_1,candidate_3,4,0.0225
460,candidate_2,candidate_4,candidate_1,candidate_3,4,0.0225
461,candidate_2,candidate_4,candidate_1,candidate_3,4,0.0225
462,candidate_2,candidate_4,candidate_1,candidate_3,4,0.0225
463,candidate_2,candidate_4,candidate_1,candidate_3,4,0.0225
464,candidate_2,candidate_4,candidate_1,candidate_3,4,0.0225
465,candidate_2,candidate_4,candidate_1,candidate_3,4,0.0225
466,candidate_2,candidate_4,candidate_1,candidate_3,4,0.0225
467,candidate_2,candidate_4,candidate_1,candidate_3,4,0.0225
468,candidate_2,candidate_4,candidate_1,candidate_3,4,0.0225
469,candidate_2,candidate_4,candidate_1,candidate_3,4,0.0225
470,candidate_2,candidate_4,candidate_1,candidate_3,4,0.0225
471,candidate_2,candidate_4,candidate_1,candidate_3,4,0.0225
472,candidate_2,candidate_4,candidate_1,candidate_3,4,0.0225
473,candidate_2,candidate_4,candidate_1,candidate_3,4,0.0225
474,candidate_2,candidate_4,candidate_1,candidate_3,4,0.0225
475,candidate_2,candidate_4,candidate_1,candidate_3,4,0.0225
476,candidate_2,candidate_4,candidate_1,candidate_3,4,0.0225
477,candidate_2,candidate_4,candidate_1,candidate_3,4,0.0225
478,candidate_2,candidate_4,candidate_1,candidate_3,4,0.0225
479,candidate_2,candidate_4,candidate_1,candidate_3,4,0.0225
480,candidate_2,candidate_4,candidate_1,candidate_3,4,0.0225
481,candidate_2,candidate_4,candidate_1,candidate_3,4,0.0225
482,candidate_2,candidate_4,candidate_1,candidate_3,4,0.0225
483,candidate_2,candidate_4,candidate_1,candidate_3,4,0.0225
484,candidate_2,candidate_4,candidate_1,candidate_3,4,0.0225
485,candidate_2,candidate_4,candidate_1,candidate_3,4,0.0225
486,candidate_2,candidate_4,candidate_1,candidate_3,4,0.0225
487,candidate_2,candidate_4,candidate_1,candidate_3,4,0.0225
488,candidate_2,candidate_4,candidate_1,candidate_3,4,0.0225
489,candidate_2,candidate_4,candidate_1,candidate_3,4,0.0225
490,candidate_2,candidate_4,candidate_1,candidate_3,4,0.0225
491,candidate_2,candidate_4,candidate_1,candidate_3,4,0.0225
492,candidate_2,candidate_4,candidate_1,candidate_3,4,0.0225
493,candidate_2,candidate_4,candidate_1,candidate_3,4,0.0225
494,candidate_2,candidate_4,candidate_1,candidate_3,4,0.0225
495,candidate_2,candidate_4,candidate_1,candidate_3,4,0.0225
496,candidate_2,candidate_4,candidate_1,candidate_3,4,0.0225
497,candidate_2,candidate_4,candidate_1,candidate_3,4,0.0225
498,candidate_2,candidate_4,candidate_1,0,4,0.0225
499,candidate_2,candidate_4,candidate_1,candidate_3,4,0.0225
500,candidate_2,candidate_4,candidate_1,candidate_3,4,0.0225
501,candidate_2,candidate_4,candidate_1,candidate_3,4,0.0225
502,candidate_2,candidate_4,candidate_1,candidate_3,4,0.0225
503,candidate_2,candidate_4,candidate_1,candidate_3,4,0.0225
504,candidate_2,candidate_4,candidate_1,candidate_3,4,0.0225
505,candidate_2,candidate_4,candidate_1,candidate_3,4,0.0225
506,candidate_2,candidate_4,candidate_1,candidate_3,4,0.0225
507,candidate_2,candidate_4,candidate_1,candidate_3,4,0.0225
508,candidate_2,candidate_4,candidate_1,candidate_3,4,0.0225
509,candidate_2,candidate_4,candidate_1,candidate_3,4,0.0225
510,candidate_2,candidate_4,candidate_1,candidate_3,4,0.0225
511,candidate_2,candidate_4,candidate_1,candidate_3,4,0.0225
512,candidate_2,candidate_4,candidate_1,candidate_3,4,0.0225
513,candidate_2,candidate_4,candidate_1,candidate_3,4,0.0225
514,candidate_2,candidate_4,candidate_1,candidate_3,4,0.0225
515,candidate_2,candidate_4,candidate_1,candidate_3,4,0.0225
516,candidate_2,candidate_4,candidate_1,candidate_3,4,0.0225
517,candidate_2,candidate_4,candidate_1,candidate_3,4,0.0225
518,candidate_2,0,candidate_1,candidate_3,4,0.0225
519,candidate_2,candidate_4,candidate_1,candidate_3,4,0.0225
520,candidate_2,candidate_4,candidate_1,candidate_3,4,0.0225
521,candidate_2,candidate_4,candidate_1,candidate_3,4,0.0225
522,candidate_2,0,candidate_1,candidate_3,4,0.0225
523,candidate_2,candidate_4,candidate_1,candidate_3,4,0.0225
524,candidate_2,candidate_4,candidate_1,candidate_3,4,0.0225
525,candidate_2,candidate_4,candidate_1,candidate_3,4,0.0225
526,candidate_2,candidate_4,candidate_1,candidate_3,4,0.0225
527,candidate_2,candidate_4,candidate_1,candidate_3,4,0.0225
528,candidate_2,candidate_4,candidate_1,candidate_3,4,0.0225
529,candidate_2,candidate_4,candidate_1,candidate_3,4,0.0225
530,candidate_2,candidate_4,candidate_1,candidate_3,4,0.0225
531,candidate_2,candidate_4,candidate_1,candidate_3,4,0.0225
532,candidate_2,candidate_4,candidate_1,candidate_3,4,0.0225
533,candidate_2,candidate_4,candidate_1,candidate_3,4,0.0225
534,0,candidate_4,candidate_1,candidate_3,4,0.0225
535,candidate_2,candidate_4,candidate_1,candidate_3,4,0.0225
536,candidate_2,candidate_4,candidate_1,candidate_3,4,0.0225
537,candidate_2,candidate_4,candidate_1,candidate_3,4,0.0225
538,candidate_2,0,candidate_1,candidate_3,4,0.0225
539,candidate_2,candidate_4,candidate_1,candidate_3,4,0.0225
540,candidate_2,candidate_4,candidate_1,candidate_3,4,0.0225
541,candidate_2,candidate_4,candidate_1,candidate_3,4,0.0225
542,candidate_2,candidate_4,candidate_1,candidate_3,4,0.0225
543,candidate_2,candidate_4,candidate_1,candidate_3,4,0.0225
544,candidate_2,candidate_4,candidate_1,candidate_3,4,0.0225
545,candidate_2,candidate_4,candidate_1,candidate_3,4,0.0225
546,candidate_2,candidate_4,candidate_1,candidate_3,4,0.0225
547,candidate_2,candidate_4,candidate_1,candidate_3,4,0.0225
548,candidate_2,candidate_4,candidate_1,candidate_3,4,0.0225
549,candidate_2,candidate_4,candidate_1,candidate_3,4,0.0225
550,candidate_2,candidate_4,candidate_1,candidate_3,4,0.0225
551,candidate_2,candidate_4,candidate_1,candidate_3,4,0.0225
552,candidate_2,candidate_4,candidate_1,candidate_3,4,0.0225
553,candidate_2,candidate_4,candidate_1,candidate_3,4,0.0225
554,candidate_2,candidate_4,candidate_1,candidate_3,4,0.0225
555,candidate_2,candidate_4,candidate_1,candidate_3,4,0.0225
556,candidate_2,candidate_4,candidate_1,candidate_3,4,0.0225
557,candidate_2,candidate_4,candidate_1,candidate_3,4,0.0225
558,candidate_2,candidate_4,candidate_1,candidate_3,4,0.0225
559,candidate_2,candidate_4,candidate_1,candidate_3,4,0.0225
560,candidate_2,candidate_4,candidate_1,candidate_3,4,0.0225
561,candidate_2,candidate_4,candidate_1,candidate_3,4,0.0225
562,candidate_2,candidate_4,candidate_1,candidate_3,4,0.0225
563,candidate_2,candidate_4,candidate_1,candidate_3,4,0.0225
564,candidate_2,candidate_4,candidate_1,candidate_3,4,0.0225
565,candidate_2,candidate_4,candidate_1,candidate_3,4,0.0225
566,candidate_2,candidate_4,candidate_1,candidate_3,4,0.0225
567,candidate_2,candidate_4,candidate_1,candidate_3,4,0.0225
568,candidate_2,candidate_4,candidate_1,candidate_3,4,0.0225
569,candidate_2,candidate_4,candidate_1,candidate_3,4,0.0225
570,candidate_2,candidate_4,candidate_1,candidate_3,4,0.0225
571,candidate_2,candidate_4,candidate_1,candidate_3,4,0.0225
572,candidate_2,candidate_4,candidate_1,candidate_3,4,0.0225
573,candidate_2,candidate_4,candidate_1,candidate_3,4,0.0225
574,candidate_2,candidate_4,candidate_1,candidate_3,4,0.0225
575,candidate_2,candidate_4,candidate_1,candidate_3,4,0.0225
576,candidate_2,candidate_4,candidate_1,candidate_3,4,0.0225
577,candidate_2,candidate_4,candidate_1,candidate_3,4,0.0225
578,candidate_2,candidate_4,candidate_1,candidate_3,4,0.0225
579,candidate_2,candidate_4,candidate_1,candidate_3,4,0.0225
580,candidate_2,candidate_4,candidate_1,candidate_3,4,0.0225
581,candidate_2,0,candidate_1,candidate_3,4,0.0225
582,candidate_2,candidate_4,candidate_1,candidate_3,4,0.0225
583,candidate_2,candidate_4,candidate_1,candidate_3,4,0.0225
584,candidate_2,candidate_4,candidate_1,candidate_3,4,0.0225
585,candidate_2,candidate_4,candidate_1,candidate_3,4,0.0225
586,candidate_2,candidate_4,candidate_1,candidate_3,4,0.0225
587,candidate_2,candidate_4,candidate_1,candidate_3,4,0.0225
588,candidate_2,candidate_4,candidate_1,candidate_3,4,0.0225
589,candidate_2,candidate_4,candidate_1,candidate_3,4,0.0225
590,candidate_2,candidate_4,candidate_1,candidate_3,4,0.0225
591,candidate_2,candidate_4,candidate_1,candidate_3,4,0.0225
592,candidate_2,candidate_4,candidate_1,0,4,0.0225
593,candidate_2,candidate_4,candidate_1,candidate_3,4,0.0225
594,candidate_2,candidate_4,candidate_1,candidate_3,4,0.0225
595,candidate_2,candidate_4,candidate_1,candidate_3,4,0.0225
596,candidate_2,candidate_4,candidate_1,candidate_3,4,0.0225
597,candidate_2,candidate_4,candidate_1,candidate_3,4,0.0225
598,candidate_2,candidate_4,candidate_1,candidate_3,4,0.0225
599,candidate_2,candidate_4,candidate_1,candidate_3,4,0.0225
600,candidate_2,candidate_4,candidate_1,candidate_3,4,0.0225
601,candidate_2,candidate_4,candidate_1,candidate_3,4,0.0225
602,candidate_2,0,candidate_1,candidate_3,4,0.0225
603,candidate_2,candidate_4,candidate_1,candidate_3,4,0.0225
604,candidate_2,candidate_4,candidate_1,candidate_3,4,0.0225
605,candidate_2,candidate_4,candidate_1,candidate_3,4,0.0225
606,candidate_2,candidate_4,candidate_1,candidate_3,4,0.0225
607,candidate_2,candidate_4,candidate_1,candidate_3,4,0.0225
608,candidate_2,candidate_4,candidate_1,candidate_3,4,0.0225
609,candidate_2,candidate_4,candidate_1,candidate_3,4,0.0225
610,candidate_2,candidate_4,candidate_1,candidate_3,4,0.0225
611,candidate_2,candidate_4,candidate_1,candidate_3,4,0.0225
612,candidate_2,candidate_4,candidate_1,candidate_3,4,0.0225
613,candidate_2,candidate_4,candidate_1,candidate_3,4,0.0225
614,candidate_2,candidate_4,candidate_1,candidate_3,4,0.0225
615,candidate_2,0,candidate_1,candidate_3,4,0.0225
616,candidate_2,candidate_4,candidate_1,candidate_3,4,0.0225
617,candidate_2,candidate_4,candidate_1,candidate_3,4,0.0225
618,candidate_2,candidate_4,candidate_1,candidate_3,4,0.0225
619,candidate_2,candidate_4,candidate_1,candidate_3,4,0.0225
620,candidate_2,candidate_4,candidate_1,candidate_3,4,0.0225
621,candidate_2,candidate_4,candidate_1,candidate_3,4,0.0225
622,candidate_2,candidate_4,candidate_1,candidate_3,4,0.0225
623,candidate_2,candidate_4,candidate_1,candidate_3,4,0.0225
624,candidate_2,candidate_4,candidate_1,candidate_3,4,0.0225
625,candidate_2,candidate_4,candidate_1,candidate_3,4,0.0225
626,candidate_2,candidate_4,candidate_1,candidate_3,4,0.0225
627,candidate_2,candidate_4,candidate_1,candidate_3,4,0.0225
628,candidate_2,candidate_4,candidate_1,candidate_3,4,0.0225
629,candidate_2,candidate_4,candidate_1,candidate_3,4,0.0225
630,candidate_2,candidate_4,candidate_1,candidate_3,4,0.0225
631,candidate_2,candidate_4,candidate_1,candidate_3,4,0.0225
632,candidate_2,candidate_4,candidate_1,candidate_3,4,0.0225
633,candidate_2,candidate_4,candidate_1,candidate_3,4,0.0225
634,candidate_2,candidate_4,candidate_1,candidate_3,4,0.0225
635,candidate_2,candidate_4,candidate_1,0,4,0.0225
636,candidate_2,candidate_4,candidate_1,candidate_3,4,0.0225
637,candidate_2,candidate_4,candidate_1,candidate_3,4,0.0225
638,candidate_2,candidate_4,candidate_1,candidate_3,4,0.0225
639,candidate_2,candidate_4,candidate_1,candidate_3,4,0.0225
640,candidate_2,candidate_4,candidate_1,candidate_3,4,0.0225
641,candidate_2,candidate_4,candidate_1,candidate_3,4,0.0225
642,candidate_2,candidate_4,candidate_1,candidate_3,4,0.0225
643,candidate_2,candidate_4,candidate_1,candidate_3,4,0.0225
644,candidate_2,candidate_4,candidate_1,candidate_3,4,0.0225
645,candidate_2,candidate_4,candidate_1,candidate_3,4,0.0225
646,candidate_2,0,candidate_1,candidate_3,4,0.0225
647,candidate_2,candidate_4,candidate_1,candidate_3,4,0.0225
648,candidate_2,candidate_4,candidate_1,candidate_3,4,0.0225
649,candidate_2,candidate_4,candidate_1,candidate_3,4,0.0225
650,candidate_2,candidate_4,candidate_1,candidate_3,4,0.0225
651,candidate_2,candidate_4,candidate_1,candidate_3,4,0.0225
652,candidate_2,candidate_4,candidate_1,candidate_3,4,0.0225
653,candidate_2,candidate_4,candidate_1,candidate_3,4,0.0225
654,candidate_2,candidate_4,candidate_1,candidate_3,4,0.0225
655,candidate_2,candidate_4,candidate_1,candidate_3,4,0.0225
656,candidate_2,candidate_4,candidate_1,candidate_3,4,0.0225
657,candidate_2,candidate_4,candidate_1,candidate_3,4,0.0225
658,candidate_2,candidate_4,candidate_1,candidate_3,4,0.0225
659,candidate_2,candidate_4,candidate_1,candidate_3,4,0.0225
660,candidate_2,candidate_4,candidate_1,candidate_3,4,0.0225
661,candidate_2,candidate_4,candidate_1,candidate_3,4,0.0225
662,candidate_2,candidate_4,candidate_1,candidate_3,4,0.0225
663,candidate_2,candidate_4,candidate_1,candidate_3,4,0.0225
664,candidate_2,candidate_4,candidate_1,0,4,0.0225
665,candidate_2,candidate_4,candidate_1,candidate_3,4,0.0225
666,candidate_2,candidate_4,candidate_1,candidate_3,4,0.0225
667,candidate_2,candidate_4,candidate_1,candidate_3,4,0.0225
668,candidate_2,candidate_4,candidate_1,candidate_3,4,0.0225
669,candidate_2,candidate_4,candidate_1,candidate_3,4,0.0225
670,candidate_2,candidate_4,candidate_1,candidate_3,4,0.0225
671,candidate_2,candidate_4,candidate_1,candidate_3,4,0.0225
672,candidate_2,candidate_4,candidate_1,candidate_3,4,0.0225
673,candidate_2,candidate_4,candidate_1,candidate_3,4,0.0225
674,candidate_2,candidate_4,candidate_1,candidate_3,4,0.0225
675,candidate_2,candidate_4,candidate_1,candidate_3,4,0.0225
676,candidate_2,candidate_4,candidate_1,candidate_3,4,0.0225
677,candidate_2,candidate_4,candidate_1,candidate_3,4,0.0225
678,candidate_2,candidate_4,candidate_1,candidate_3,4,0.0225
679,candidate_2,candidate_4,candidate_1,0,4,0.0225
680,candidate_2,candidate_4,candidate_1,candidate_3,4,0.0225
681,candidate_2,candidate_4,candidate_1,candidate_3,4,0.0225
682,candidate_2,candidate_4,candidate_1,candidate_3,4,0.0225
683,candidate_2,candidate_4,candidate_1,candidate_3,4,0.0225
684,candidate_2,candidate_4,candidate_1,candidate_3,4,0.0225
685,candidate_2,candidate_4,candidate_1,candidate_3,4,0.0225
686,candidate_2,candidate_4,candidate_1,candidate_3,4,0.0225
687,candidate_2,candidate_4,candidate_1,candidate_3,4,0.0225
688,candidate_2,candidate_4,candidate_1,candidate_3,4,0.0225
689,candidate_2,candidate_4,candidate_1,candidate_3,4,0.0225
690,candidate_2,candidate_4,candidate_1,candidate_3,4,0.0225
691,candidate_2,candidate_4,candidate_1,candidate_3,4,0.0225
692,candidate_2,candidate_4,candidate_1,candidate_3,4,0.0225
693,candidate_2,0,candidate_1,candidate_3,4,0.0225
694,candidate_2,candidate_4,candidate_1,0,4,0.0225
695,candidate_2,candidate_4,candidate_1,candidate_3,4,0.0225
696,candidate_2,candidate_4,0,candidate_3,4,0.0225
697,candidate_2,candidate_4,candidate_1,candidate_3,4,0.0225
698,candidate_2,candidate_4,candidate_1,candidate_3,4,0.0225
699,candidate_2,candidate_4,candidate_1,candidate_3,4,0.0225
700,candidate_2,candidate_4,candidate_1,candidate_3,4,0.0225
701,candidate_2,candidate_4,candidate_1,candidate_3,4,0.0225
702,candidate_2,candidate_4,candidate_1,candidate_3,4,0.0225
703,candidate_2,candidate_4,candidate_1,candidate_3,4,0.0225
704,candidate_2,candidate_4,candidate_1,candidate_3,4,0.0225
0,candidate_2,candidate_4,candidate_3,candidate_1,4,0.0225
1,candidate_2,candidate_4,candidate_3,candidate_1,4,0.0225
2,candidate_2,candidate_4,candidate_3,candidate_1,4,0.0225
3,candidate_2,candidate_4,candidate_3,candidate_1,4,0.0225
4,candidate_2,candidate_4,candidate_3,candidate_1,4,0.0225
5,candidate_2,candidate_4,candidate_3,candidate_1,4,0.0225
6,candidate_2,candidate_4,candidate_3,candidate_1,4,0.0225
7,candidate_2,candidate_4,candidate_3,candidate_1,4,0.0225
8,candidate_2,candidate_4,candidate_3,candidate_1,4,0.0225
9,candidate_2,candidate_4,candidate_3,candidate_1,4,0.0225
10,candidate_2,candidate_4,candidate_3,candidate_1,4,0.0225
11,candidate_2,candidate_4,candidate_3,candidate_1,4,0.0225
12,candidate_2,candidate_4,candidate_3,candidate_1,4,0.0225
13,candidate_2,candidate_4,candidate_3,candidate_1,4,0.0225
14,candidate_2,candidate_4,candidate_3,candidate_1,4,0.0225
15,candidate_2,candidate_4,candidate_3,candidate_1,4,0.0225
16,candidate_2,candidate_4,candidate_3,candidate_1,4,0.0225
17,candidate_2,candidate_4,candidate_3,candidate_1,4,0.0225
18,candidate_2,candidate_4,candidate_3,0,4,0.0225
19,candidate_2,candidate_4,candidate_3,candidate_1,4,0.0225
20,candidate_2,candidate_4,candidate_3,candidate_1,4,0.0225
21,candidate_2,candidate_4,candidate_3,candidate_1,4,0.0225
22,candidate_2,candidate_4,candidate_3,candidate_1,4,0.0225
23,candidate_2,candidate_4,candidate_3,candidate_1,4,0.0225
24,candidate_2,candidate_4,candidate_3,candidate_1,4,0.0225
25,candidate_2,candidate_4,candidate_3,candidate_1,4,0.0225
26,candidate_2,candidate_4,candidate_3,candidate_1,4,0.0225
27,candidate_2,candidate_4,candidate_3,candidate_1,4,0.0225
28,candidate_2,candidate_4,candidate_3,candidate_1,4,0.0225
29,candidate_2,candidate_4,candidate_3,candidate_1,4,0.0225
30,candidate_2,candidate_4,candidate_3,candidate_1,4,0.0225
31,candidate_2,candidate_4,candidate_3,candidate_1,4,0.0225
32,candidate_2,candidate_4,candidate_3,candidate_1,4,0.0225
33,candidate_2,candidate_4,candidate_3,candidate_1,4,0.0225
34,candidate_2,candidate_4,candidate_3,candidate_1,4,0.0225
35,candidate_2,candidate_4,candidate_3,candidate_1,4,0.0225
36,candidate_2,candidate_4,candidate_3,candidate_1,4,0.0225
37,candidate_2,candidate_4,candidate_3,candidate_1,4,0.0225
38,candidate_2,candidate_4,candidate_3,candidate_1,4,0.0225
39,candidate_2,candidate_4,candidate_3,candidate_1,4,0.0225
40,candidate_2,candidate_4,candidate_3,candidate_1,4,0.0225
41,candidate_2,candidate_4,candidate_3,candidate_1,4,0.0225
42,candidate_2,candidate_4,candidate_3,candidate_1,4,0.0225
43,candidate_2,candidate_4,candidate_3,candidate_1,4,0.0225
44,candidate_2,candidate_4,candidate_3,candidate_1,4,0.0225
45,candidate_2,candidate_4,candidate_3,candidate_1,4,0.0225
46,candidate_2,candidate_4,candidate_3,candidate_1,4,0.0225
47,candidate_2,candidate_4,candidate_3,candidate_1,4,0.0225
48,candidate_2,candidate_4,candidate_3,candidate_1,4,0.0225
49,candidate_2,candidate_4,candidate_3,candidate_1,4,0.0225
50,0,candidate_4,candidate_3,candidate_1,4,0.0225
51,candidate_2,candidate_4,candidate_3,candidate_1,4,0.0225
52,candidate_2,candidate_4,candidate_3,candidate_1,4,0.0225
53,candidate_2,candidate_4,candidate_3,candidate_1,4,0.0225
54,candidate_2,candidate_4,candidate_3,candidate_1,4,0.0225
55,candidate_2,candidate_4,candidate_3,candidate_1,4,0.0225
56,candidate_2,candidate_4,candidate_3,candidate_1,4,0.0225
57,candidate_2,candidate_4,candidate_3,candidate_1,4,0.0225
58,candidate_2,candidate_4,candidate_3,candidate_1,4,0.0225
59,candidate_2,candidate_4,candidate_3,candidate_1,4,0.0225
60,candidate_2,candidate_4,candidate_3,candidate_1,4,0.0225
61,candidate_2,candidate_4,candidate_3,candidate_1,4,0.0225
62,candidate_2,candidate_4,candidate_3,candidate_1,4,0.0225
63,candidate_2,candidate_4,candidate_3,candidate_1,4,0.0225
64,candidate_2,candidate_4,candidate_3,candidate_1,4,0.0225
65,candidate_2,candidate_4,candidate_3,candidate_1,4,0.0225
66,candidate_2,candidate_4,candidate_3,candidate_1,4,0.0225
67,candidate_2,candidate_4,candidate_3,candidate_1,4,0.0225
68,candidate_2,candidate_4,candidate_3,candidate_1,4,0.0225
69,candidate_2,candidate_4,candidate_3,candidate_1,4,0.0225
70,candidate_2,candidate_4,candidate_3,candidate_1,4,0.0225
71,candidate_2,candidate_4,candidate_3,candidate_1,4,0.0225
72,candidate_2,candidate_4,0,candidate_1,4,0.0225
73,candidate_2,candidate_4,candidate_3,candidate_1,4,0.0225
74,candidate_2,candidate_4,candidate_3,candidate_1,4,0.0225
75,0,candidate_4,candidate_3,candidate_1,4,0.0225
76,candidate_2,candidate_4,candidate_3,candidate_1,4,0.0225
77,candidate_2,candidate_4,candidate_3,candidate_1,4,0.0225
78,candidate_2,candidate_4,candidate_3,0,4,0.0225
79,candidate_2,candidate_4,candidate_3,candidate_1,4,0.0225
80,candidate_2,candidate_4,candidate_3,candidate_1,4,0.0225
81,candidate_2,candidate_4,candidate_3,candidate_1,4,0.0225
82,candidate_2,candidate_4,candidate_3,candidate_1,4,0.0225
83,candidate_2,candidate_4,candidate_3,candidate_1,4,0.0225
84,candidate_2,candidate_4,candidate_3,candidate_1,4,0.0225
85,candidate_2,candidate_4,candidate_3,candidate_1,4,0.0225
86,candidate_2,candidate_4,candidate_3,candidate_1,4,0.0225
87,candidate_2,candidate_4,candidate_3,candidate_1,4,0.0225
88,candidate_2,candidate_4,candidate_3,candidate_1,4,0.0225
89,candidate_2,candidate_4,candidate_3,candidate_1,4,0.0225
90,candidate_2,candidate_4,0,candidate_1,4,0.0225
91,candidate_2,candidate_4,candidate_3,candidate_1,4,0.0225
92,candidate_2,0,candidate_3,candidate_1,4,0.0225
93,candidate_2,candidate_4,candidate_3,candidate_1,4,0.0225
94,candidate_2,candidate_4,candidate_3,candidate_1,4,0.0225
95,0,candidate_4,candidate_3,candidate_1,4,0.0225
96,candidate_2,candidate_4,0,candidate_1,4,0.0225
97,candidate_2,candidate_4,candidate_3,candidate_1,4,0.0225
98,candidate_2,candidate_4,0,candidate_1,4,0.0225
99,candidate_2,candidate_4,candidate_3,candidate_1,4,0.0225
100,candidate_2,0,candidate_3,candidate_1,4,0.0225
101,candidate_2,candidate_4,candidate_3,candidate_1,4,0.0225
102,candidate_2,candidate_4,candidate_3,candidate_1,4,0.0225
103,candidate_2,candidate_4,candidate_3,candidate_1,4,0.0225
104,candidate_2,candidate_4,candidate_3,candidate_1,4,0.0225
105,candidate_2,candidate_4,candidate_3,candidate_1,4,0.0225
106,candidate_2,candidate_4,candidate_3,candidate_1,4,0.0225
107,candidate_2,candidate_4,candidate_3,candidate_1,4,0.0225
108,candidate_2,candidate_4,candidate_3,candidate_1,4,0.0225
109,candidate_2,candidate_4,candidate_3,candidate_1,4,0.0225
110,candidate_2,candidate_4,candidate_3,candidate_1,4,0.0225
111,candidate_2,candidate_4,candidate_3,candidate_1,4,0.0225
112,candidate_2,candidate_4,candidate_3,candidate_1,4,0.0225
113,candidate_2,candidate_4,candidate_3,candidate_1,4,0.0225
114,candidate_2,candidate_4,candidate_3,candidate_1,4,0.0225
115,candidate_2,candidate_4,candidate_3,candidate_1,4,0.0225
116,candidate_2,candidate_4,candidate_3,candidate_1,4,0.0225
117,candidate_2,candidate_4,candidate_3,candidate_1,4,0.0225
118,candidate_2,candidate_4,candidate_3,candidate_1,4,0.0225
119,candidate_2,candidate_4,candidate_3,candidate_1,4,0.0225
120,candidate_2,candidate_4,candidate_3,candidate_1,4,0.0225
121,candidate_2,candidate_4,candidate_3,candidate_1,4,0.0225
122,candidate_2,candidate_4,candidate_3,candidate_1,4,0.0225
123,candidate_2,candidate_4,candidate_3,candidate_1,4,0.0225
124,candidate_2,candidate_4,candidate_3,candidate_1,4,0.0225
125,candidate_2,candidate_4,candidate_3,candidate_1,4,0.0225
126,candidate_2,candidate_4,candidate_3,candidate_1,4,0.0225
127,candidate_2,candidate_4,candidate_3,candidate_1,4,0.0225
128,candidate_2,candidate_4,candidate_3,candidate_1,4,0.0225
129,candidate_2,candidate_4,candidate_3,candidate_1,4,0.0225
130,candidate_2,candidate_4,candidate_3,candidate_1,4,0.0225
131,candidate_2,candidate_4,candidate_3,candidate_1,4,0.0225
132,candidate_2,candidate_4,candidate_3,candidate_1,4,0.0225
133,candidate_2,candidate_4,candidate_3,candidate_1,4,0.0225
134,candidate_2,candidate_4,candidate_3,candidate_1,4,0.0225
135,candidate_2,candidate_4,candidate_3,candidate_1,4,0.0225
136,candidate_2,candidate_4,candidate_3,candidate_1,4,0.0225
137,candidate_2,candidate_4,candidate_3,candidate_1,4,0.0225
138,candidate_2,candidate_4,candidate_3,candidate_1,4,0.0225
139,candidate_2,candidate_4,candidate_3,candidate_1,4,0.0225
140,candidate_2,candidate_4,candidate_3,candidate_1,4,0.0225
141,candidate_2,candidate_4,candidate_3,candidate_1,4,0.0225
142,candidate_2,candidate_4,candidate_3,candidate_1,4,0.0225
143,candidate_2,candidate_4,candidate_3,candidate_1,4,0.0225
144,candidate_2,candidate_4,candidate_3,candidate_1,4,0.0225
145,candidate_2,candidate_4,candidate_3,candidate_1,4,0.0225
146,candidate_2,candidate_4,candidate_3,candidate_1,4,0.0225
147,candidate_2,candidate_4,candidate_3,candidate_1,4,0.0225
148,candidate_2,candidate_4,candidate_3,candidate_1,4,0.0225
149,candidate_2,candidate_4,candidate_3,candidate_1,4,0.0225
150,candidate_2,candidate_4,candidate_3,candidate_1,4,0.0225
151,candidate_2,candidate_4,candidate_3,candidate_1,4,0.0225
152,candidate_2,candidate_4,candidate_3,candidate_1,4,0.0225
153,candidate_2,candidate_4,candidate_3,candidate_1,4,0.0225
154,candidate_2,candidate_4,candidate_3,candidate_1,4,0.0225
155,candidate_2,candidate_4,candidate_3,candidate_1,4,0.0225
156,candidate_2,candidate_4,candidate_3,candidate_1,4,0.0225
157,candidate_2,candidate_4,candidate_3,candidate_1,4,0.0225
158,candidate_2,candidate_4,candidate_3,candidate_1,4,0.0225
159,candidate_2,candidate_4,candidate_3,candidate_1,4,0.0225
160,candidate_2,candidate_4,candidate_3,candidate_1,4,0.0225
161,candidate_2,candidate_4,candidate_3,candidate_1,4,0.0225
162,candidate_2,candidate_4,candidate_3,candidate_1,4,0.0225
163,candidate_2,candidate_4,candidate_3,candidate_1,4,0.0225
164,0,candidate_4,candidate_3,candidate_1,4,0.0225
165,candidate_2,candidate_4,candidate_3,candidate_1,4,0.0225
166,candidate_2,candidate_4,candidate_3,candidate_1,4,0.0225
167,candidate_2,candidate_4,candidate_3,candidate_1,4,0.0225
168,candidate_2,candidate_4,candidate_3,candidate_1,4,0.0225
169,candidate_2,candidate_4,candidate_3,candidate_1,4,0.0225
170,candidate_2,0,candidate_3,0,4,0.0225
171,candidate_2,candidate_4,0,candidate_1,4,0.0225
172,candidate_2,candidate_4,candidate_3,candidate_1,4,0.0225
173,candidate_2,candidate_4,candidate_3,candidate_1,4,0.0225
174,candidate_2,candidate_4,candidate_3,candidate_1,4,0.0225
175,candidate_2,candidate_4,candidate_3,candidate_1,4,0.0225
176,candidate_2,candidate_4,candidate_3,candidate_1,4,0.0225
177,candidate_2,candidate_4,candidate_3,candidate_1,4,0.0225
178,candidate_2,candidate_4,candidate_3,candidate_1,4,0.0225
179,candidate_2,candidate_4,candidate_3,candidate_1,4,0.0225
180,candidate_2,candidate_4,candidate_3,candidate_1,4,0.0225
181,candidate_2,candidate_4,candidate_3,candidate_1,4,0.0225
182,0,candidate_4,candidate_3,candidate_1,4,0.0225
183,candidate_2,candidate_4,candidate_3,candidate_1,4,0.0225
184,candidate_2,candidate_4,candidate_3,candidate_1,4,0.0225
185,candidate_2,candidate_4,candidate_3,candidate_1,4,0.0225
186,candidate_2,candidate_4,candidate_3,candidate_1,4,0.0225
187,candidate_2,0,candidate_3,candidate_1,4,0.0225
188,candidate_2,candidate_4,0,candidate_1,4,0.0225
189,candidate_2,candidate_4,candidate_3,candidate_1,4,0.0225
190,candidate_2,candidate_4,candidate_3,candidate_1,4,0.0225
191,candidate_2,candidate_4,candidate_3,candidate_1,4,0.0225
192,candidate_2,candidate_4,candidate_3,candidate_1,4,0.0225
193,candidate_2,candidate_4,candidate_3,candidate_1,4,0.0225
194,candidate_2,candidate_4,candidate_3,candidate_1,4,0.0225
195,candidate_2,candidate_4,candidate_3,candidate_1,4,0.0225
196,candidate_2,candidate_4,candidate_3,candidate_1,4,0.0225
197,candidate_2,candidate_4,candidate_3,candidate_1,4,0.0225
198,candidate_2,candidate_4,candidate_3,candidate_1,4,0.0225
199,candidate_2,candidate_4,candidate_3,candidate_1,4,0.0225
200,candidate_2,candidate_4,candidate_3,candidate_1,4,0.0225
201,candidate_2,candidate_4,candidate_3,candidate_1,4,0.0225
202,candidate_2,candidate_4,candidate_3,candidate_1,4,0.0225
203,candidate_2,candidate_4,candidate_3,candidate_1,4,0.0225
204,candidate_2,candidate_4,candidate_3,candidate_1,4,0.0225
205,candidate_2,0,candidate_3,candidate_1,4,0.0225
206,candidate_2,candidate_4,candidate_3,candidate_1,4,0.0225
207,candidate_2,candidate_4,candidate_3,candidate_1,4,0.0225
208,candidate_2,candidate_4,candidate_3,candidate_1,4,0.0225
209,candidate_2,candidate_4,candidate_3,candidate_1,4,0.0225
210,candidate_2,candidate_4,candidate_3,candidate_1,4,0.0225
211,candidate_2,candidate_4,candidate_3,candidate_1,4,0.0225
212,candidate_2,candidate_4,candidate_3,candidate_1,4,0.0225
213,candidate_2,candidate_4,candidate_3,candidate_1,4,0.0225
214,candidate_2,candidate_4,candidate_3,candidate_1,4,0.0225
215,candidate_2,candidate_4,candidate_3,candidate_1,4,0.0225
216,candidate_2,candidate_4,candidate_3,candidate_1,4,0.0225
217,candidate_2,candidate_4,candidate_3,candidate_1,4,0.0225
218,0,candidate_4,candidate_3,candidate_1,4,0.0225
219,candidate_2,candidate_4,candidate_3,candidate_1,4,0.0225
220,candidate_2,candidate_4,candidate_3,candidate_1,4,0.0225
221,candidate_2,candidate_4,candidate_3,candidate_1,4,0.0225
222,candidate_2,candidate_4,candidate_3,candidate_1,4,0.0225
223,candidate_2,candidate_4,candidate_3,candidate_1,4,0.0225
224,candidate_2,candidate_4,candidate_3,candidate_1,4,0.0225
225,candidate_2,candidate_4,candidate_3,candidate_1,4,0.0225
226,candidate_2,candidate_4,candidate_3,candidate_1,4,0.0225
227,candidate_2,candidate_4,candidate_3,candidate_1,4,0.0225
228,candidate_2,candidate_4,candidate_3,candidate_1,4,0.0225
229,0,candidate_4,candidate_3,candidate_1,4,0.0225
230,candidate_2,candidate_4,candidate_3,candidate_1,4,0.0225
231,candidate_2,candidate_4,candidate_3,candidate_1,4,0.0225
232,candidate_2,candidate_4,candidate_3,candidate_1,4,0.0225
233,candidate_2,candidate_4,candidate_3,candidate_1,4,0.0225
234,candidate_2,candidate_4,candidate_3,candidate_1,4,0.0225
235,candidate_2,candidate_4,candidate_3,candidate_1,4,0.0225
236,candidate_2,candidate_4,candidate_3,candidate_1,4,0.0225
237,candidate_2,candidate_4,candidate_3,candidate_1,4,0.0225
238,candidate_2,candidate_4,candidate_3,candidate_1,4,0.0225
239,candidate_2,candidate_4,candidate_3,0,4,0.0225
240,candidate_2,candidate_4,candidate_3,candidate_1,4,0.0225
241,candidate_2,candidate_4,candidate_3,candidate_1,4,0.0225
242,candidate_2,candidate_4,candidate_3,candidate_1,4,0.0225
243,candidate_2,candidate_4,candidate_3,candidate_1,4,0.0225
244,candidate_2,candidate_4,candidate_3,candidate_1,4,0.0225
245,candidate_2,candidate_4,candidate_3,candidate_1,4,0.0225
246,candidate_2,candidate_4,candidate_3,candidate_1,4,0.0225
247,candidate_2,candidate_4,candidate_3,0,4,0.0225
248,candidate_2,candidate_4,candidate_3,candidate_1,4,0.0225
249,candidate_2,candidate_4,candidate_3,candidate_1,4,0.0225
250,candidate_2,candidate_4,candidate_3,candidate_1,4,0.0225
251,candidate_2,candidate_4,candidate_3,candidate_1,4,0.0225
252,candidate_2,candidate_4,candidate_3,candidate_1,4,0.0225
253,candidate_2,candidate_4,candidate_3,candidate_1,4,0.0225
254,candidate_2,candidate_4,candidate_3,candidate_1,4,0.0225
255,candidate_2,candidate_4,candidate_3,candidate_1,4,0.0225
256,candidate_2,candidate_4,candidate_3,candidate_1,4,0.0225
257,candidate_2,candidate_4,candidate_3,candidate_1,4,0.0225
258,candidate_2,candidate_4,candidate_3,candidate_1,4,0.0225
259,candidate_2,candidate_4,candidate_3,candidate_1,4,0.0225
260,candidate_2,candidate_4,candidate_3,candidate_1,4,0.0225
261,candidate_2,candidate_4,candidate_3,candidate_1,4,0.0225
262,candidate_2,candidate_4,candidate_3,candidate_1,4,0.0225
263,candidate_2,candidate_4,candidate_3,candidate_1,4,0.0225
264,candidate_2,candidate_4,candidate_3,candidate_1,4,0.0225
265,candidate_2,candidate_4,candidate_3,candidate_1,4,0.0225
266,candidate_2,candidate_4,candidate_3,candidate_1,4,0.0225
267,candidate_2,candidate_4,candidate_3,candidate_1,4,0.0225
268,candidate_2,candidate_4,candidate_3,candidate_1,4,0.0225
269,candidate_2,candidate_4,candidate_3,candidate_1,4,0.0225
270,candidate_2,candidate_4,candidate_3,candidate_1,4,0.0225
271,candidate_2,0,candidate_3,candidate_1,4,0.0225
272,candidate_2,candidate_4,candidate_3,candidate_1,4,0.0225
273,candidate_2,candidate_4,candidate_3,candidate_1,4,0.0225
274,candidate_2,candidate_4,candidate_3,candidate_1,4,0.0225
275,candidate_2,candidate_4,candidate_3,candidate_1,4,0.0225
276,candidate_2,candidate_4,candidate_3,candidate_1,4,0.0225
277,candidate_2,candidate_4,candidate_3,candidate_1,4,0.0225
278,candidate_2,candidate_4,candidate_3,candidate_1,4,0.0225
279,candidate_2,candidate_4,candidate_3,candidate_1,4,0.0225
280,candidate_2,candidate_4,candidate_3,candidate_1,4,0.0225
281,candidate_2,candidate_4,candidate_3,candidate_1,4,0.0225
282,candidate_2,candidate_4,candidate_3,candidate_1,4,0.0225
283,candidate_2,candidate_4,candidate_3,candidate_1,4,0.0225
284,candidate_2,candidate_4,candidate_3,candidate_1,4,0.0225
285,candidate_2,candidate_4,candidate_3,candidate_1,4,0.0225
286,candidate_2,candidate_4,candidate_3,candidate_1,4,0.0225
287,candidate_2,candidate_4,candidate_3,candidate_1,4,0.0225
288,candidate_2,candidate_4,candidate_3,candidate_1,4,0.0225
289,candidate_2,candidate_4,candidate_3,candidate_1,4,0.0225
290,candidate_2,candidate_4,0,candidate_1,4,0.0225
291,candidate_2,candidate_4,candidate_3,candidate_1,4,0.0225
292,candidate_2,candidate_4,candidate_3,candidate_1,4,0.0225
293,candidate_2,candidate_4,candidate_3,candidate_1,4,0.0225
294,candidate_2,candidate_4,candidate_3,candidate_1,4,0.0225
295,candidate_2,candidate_4,candidate_3,0,4,0.0225
296,candidate_2,candidate_4,candidate_3,candidate_1,4,0.0225
297,candidate_2,candidate_4,candidate_3,candidate_1,4,0.0225
298,candidate_2,candidate_4,candidate_3,candidate_1,4,0.0225
299,candidate_2,candidate_4,candidate_3,candidate_1,4,0.0225
300,candidate_2,candidate_4,candidate_3,candidate_1,4,0.0225
301,candidate_2,candidate_4,candidate_3,candidate_1,4,0.0225
302,candidate_2,candidate_4,candidate_3,candidate_1,4,0.0225
303,candidate_2,candidate_4,candidate_3,candidate_1,4,0.0225
304,candidate_2,0,candidate_3,candidate_1,4,0.0225
305,candidate_2,candidate_4,candidate_3,candidate_1,4,0.0225
306,candidate_2,candidate_4,candidate_3,candidate_1,4,0.0225
307,candidate_2,candidate_4,candidate_3,candidate_1,4,0.0225
308,candidate_2,candidate_4,candidate_3,candidate_1,4,0.0225
309,candidate_2,candidate_4,candidate_3,candidate_1,4,0.0225
310,candidate_2,candidate_4,candidate_3,candidate_1,4,0.0225
311,candidate_2,candidate_4,candidate_3,candidate_1,4,0.0225
312,candidate_2,0,candidate_3,candidate_1,4,0.0225
313,candidate_2,candidate_4,candidate_3,candidate_1,4,0.0225
314,candidate_2,candidate_4,candidate_3,candidate_1,4,0.0225
315,candidate_2,candidate_4,candidate_3,candidate_1,4,0.0225
316,candidate_2,candidate_4,candidate_3,candidate_1,4,0.0225
317,candidate_2,candidate_4,candidate_3,candidate_1,4,0.0225
318,candidate_2,candidate_4,candidate_3,candidate_1,4,0.0225
319,candidate_2,candidate_4,candidate_3,candidate_1,4,0.0225
320,candidate_2,candidate_4,candidate_3,candidate_1,4,0.0225
321,candidate_2,candidate_4,candidate_3,candidate_1,4,0.0225
322,candidate_2,candidate_4,candidate_3,candidate_1,4,0.0225
323,candidate_2,candidate_4,candidate_3,candidate_1,4,0.0225
324,candidate_2,candidate_4,candidate_3,candidate_1,4,0.0225
325,candidate_2,candidate_4,candidate_3,candidate_1,4,0.0225
326,candidate_2,candidate_4,candidate_3,candidate_1,4,0.0225
327,candidate_2,candidate_4,candidate_3,candidate_1,4,0.0225
328,candidate_2,candidate_4,candidate_3,candidate_1,4,0.0225
329,candidate_2,candidate_4,candidate_3,candidate_1,4,0.0225
330,candidate_2,candidate_4,candidate_3,candidate_1,4,0.0225
331,candidate_2,candidate_4,candidate_3,candidate_1,4,0.0225
332,candidate_2,candidate_4,candidate_3,candidate_1,4,0.0225
333,candidate_2,candidate_4,candidate_3,candidate_1,4,0.0225
334,candidate_2,candidate_4,candidate_3,candidate_1,4,0.0225
335,candidate_2,candidate_4,candidate_3,candidate_1,4,0.0225
336,candidate_2,candidate_4,candidate_3,candidate_1,4,0.0225
337,candidate_2,candidate_4,candidate_3,candidate_1,4,0.0225
338,candidate_2,candidate_4,candidate_3,candidate_1,4,0.0225
339,candidate_2,candidate_4,candidate_3,candidate_1,4,0.0225
340,candidate_2,candidate_4,candidate_3,candidate_1,4,0.0225
341,candidate_2,candidate_4,candidate_3,candidate_1,4,0.0225
342,candidate_2,candidate_4,candidate_3,candidate_1,4,0.0225
343,candidate_2,candidate_4,candidate_3,candidate_1,4,0.0225
344,candidate_2,candidate_4,candidate_3,candidate_1,4,0.0225
345,candidate_2,candidate_4,candidate_3,candidate_1,4,0.0225
346,candidate_2,candidate_4,candidate_3,candidate_1,4,0.0225
347,candidate_2,candidate_4,candidate_3,candidate_1,4,0.0225
348,candidate_2,candidate_4,candidate_3,candidate_1,4,0.0225
349,candidate_2,candidate_4,candidate_3,candidate_1,4,0.0225
350,0,candidate_4,candidate_3,candidate_1,4,0.0225
351,candidate_2,candidate_4,candidate_3,candidate_1,4,0.0225
352,candidate_2,candidate_4,candidate_3,candidate_1,4,0.0225
353,candidate_2,candidate_4,candidate_3,candidate_1,4,0.0225
354,candidate_2,candidate_4,candidate_3,candidate_1,4,0.0225
355,candidate_2,candidate_4,candidate_3,candidate_1,4,0.0225
356,candidate_2,candidate_4,candidate_3,candidate_1,4,0.0225
357,candidate_2,candidate_4,candidate_3,candidate_1,4,0.0225
358,candidate_2,candidate_4,candidate_3,candidate_1,4,0.0225
359,candidate_2,candidate_4,0,candidate_1,4,0.0225
360,candidate_2,candidate_4,candidate_3,candidate_1,4,0.0225
361,candidate_2,candidate_4,candidate_3,candidate_1,4,0.0225
362,candidate_2,candidate_4,candidate_3,candidate_1,4,0.0225
363,candidate_2,candidate_4,candidate_3,candidate_1,4,0.0225
364,candidate_2,candidate_4,candidate_3,candidate_1,4,0.0225
365,candidate_2,candidate_4,candidate_3,candidate_1,4,0.0225
366,candidate_2,candidate_4,candidate_3,candidate_1,4,0.0225
367,candidate_2,candidate_4,candidate_3,0,4,0.0225
368,candidate_2,candidate_4,candidate_3,candidate_1,4,0.0225
369,candidate_2,candidate_4,candidate_3,candidate_1,4,0.0225
370,candidate_2,candidate_4,candidate_3,0,4,0.0225
371,candidate_2,candidate_4,candidate_3,candidate_1,4,0.0225
372,candidate_2,candidate_4,candidate_3,candidate_1,4,0.0225
373,candidate_2,candidate_4,candidate_3,candidate_1,4,0.0225
374,candidate_2,candidate_4,candidate_3,candidate_1,4,0.0225
375,candidate_2,candidate_4,candidate_3,candidate_1,4,0.0225
376,candidate_2,candidate_4,candidate_3,0,4,0.0225
377,candidate_2,candidate_4,candidate_3,0,4,0.0225
378,candidate_2,candidate_4,candidate_3,candidate_1,4,0.0225
379,candidate_2,candidate_4,candidate_3,candidate_1,4,0.0225
380,candidate_2,candidate_4,candidate_3,candidate_1,4,0.0225
381,candidate_2,candidate_4,candidate_3,candidate_1,4,0.0225
382,candidate_2,candidate_4,candidate_3,candidate_1,4,0.0225
383,candidate_2,candidate_4,candidate_3,candidate_1,4,0.0225
384,candidate_2,candidate_4,candidate_3,candidate_1,4,0.0225
385,candidate_2,candidate_4,candidate_3,candidate_1,4,0.0225
386,candidate_2,candidate_4,candidate_3,candidate_1,4,0.0225
387,candidate_2,candidate_4,candidate_3,candidate_1,4,0.0225
388,candidate_2,candidate_4,candidate_3,candidate_1,4,0.0225
389,candidate_2,candidate_4,candidate_3,candidate_1,4,0.0225
390,candidate_2,candidate_4,candidate_3,candidate_1,4,0.0225
391,candidate_2,candidate_4,candidate_3,candidate_1,4,0.0225
392,candidate_2,candidate_4,candidate_3,candidate_1,4,0.0225
393,candidate_2,candidate_4,candidate_3,candidate_1,4,0.0225
394,candidate_2,candidate_4,candidate_3,candidate_1,4,0.0225
395,candidate_2,candidate_4,candidate_3,candidate_1,4,0.0225
396,candidate_2,0,candidate_3,candidate_1,4,0.0225
397,candidate_2,candidate_4,candidate_3,candidate_1,4,0.0225
398,candidate_2,candidate_4,candidate_3,candidate_1,4,0.0225
399,candidate_2,candidate_4,candidate_3,candidate_1,4,0.0225
400,candidate_2,candidate_4,candidate_3,candidate_1,4,0.0225
401,candidate_2,candidate_4,0,candidate_1,4,0.0225
402,candidate_2,candidate_4,candidate_3,candidate_1,4,0.0225
403,candidate_2,candidate_4,candidate_3,candidate_1,4,0.0225
404,candidate_2,candidate_4,candidate_3,candidate_1,4,0.0225
405,candidate_2,candidate_4,candidate_3,candidate_1,4,0.0225
406,candidate_2,candidate_4,candidate_3,0,4,0.0225
407,candidate_2,candidate_4,candidate_3,candidate_1,4,0.0225
408,candidate_2,candidate_4,candidate_3,candidate_1,4,0.0225
409,candidate_2,candidate_4,candidate_3,candidate_1,4,0.0225
410,candidate_2,0,candidate_3,0,4,0.0225
411,candidate_2,candidate_4,candidate_3,candidate_1,4,0.0225
412,candidate_2,candidate_4,candidate_3,candidate_1,4,0.0225
413,candidate_2,candidate_4,0,candidate_1,4,0.0225
414,candidate_2,candidate_4,candidate_3,candidate_1,4,0.0225
415,candidate_2,0,candidate_3,candidate_1,4,0.0225
416,candidate_2,candidate_4,candidate_3,candidate_1,4,0.0225
417,candidate_2,candidate_4,candidate_3,candidate_1,4,0.0225
418,candidate_2,candidate_4,candidate_3,candidate_1,4,0.0225
419,candidate_2,candidate_4,candidate_3,candidate_1,4,0.0225
420,candidate_2,candidate_4,candidate_3,candidate_1,4,0.0225
421,candidate_2,candidate_4,candidate_3,candidate_1,4,0.0225
422,candidate_2,candidate_4,candidate_3,candidate_1,4,0.0225
423,candidate_2,candidate_4,candidate_3,candidate_1,4,0.0225
424,candidate_2,candidate_4,candidate_3,candidate_1,4,0.0225
425,candidate_2,candidate_4,candidate_3,candidate_1,4,0.0225
426,candidate_2,candidate_4,candidate_3,candidate_1,4,0.0225
427,candidate_2,candidate_4,candidate_3,candidate_1,4,0.0225
428,candidate_2,candidate_4,candidate_3,candidate_1,4,0.0225
429,candidate_2,candidate_4,candidate_3,candidate_1,4,0.0225
430,candidate_2,candidate_4,candidate_3,candidate_1,4,0.0225
431,candidate_2,candidate_4,candidate_3,candidate_1,4,0.0225
432,candidate_2,candidate_4,candidate_3,0,4,0.0225
433,candidate_2,candidate_4,0,candidate_1,4,0.0225
434,candidate_2,candidate_4,candidate_3,candidate_1,4,0.0225
435,candidate_2,candidate_4,candidate_3,candidate_1,4,0.0225
436,candidate_2,candidate_4,candidate_3,0,4,0.0225
437,candidate_2,candidate_4,candidate_3,candidate_1,4,0.0225
438,candidate_2,candidate_4,0,candidate_1,4,0.0225
439,candidate_2,candidate_4,candidate_3,candidate_1,4,0.0225
440,candidate_2,candidate_4,candidate_3,candidate_1,4,0.0225
441,candidate_2,candidate_4,candidate_3,candidate_1,4,0.0225
442,candidate_2,candidate_4,candidate_3,candidate_1,4,0.0225
443,candidate_2,candidate_4,candidate_3,candidate_1,4,0.0225
444,candidate_2,candidate_4,candidate_3,candidate_1,4,0.0225
445,candidate_2,candidate_4,candidate_3,candidate_1,4,0.0225
446,candidate_2,candidate_4,candidate_3,candidate_1,4,0.0225
447,candidate_2,candidate_4,candidate_3,candidate_1,4,0.0225
448,candidate_2,candidate_4,candidate_3,candidate_1,4,0.0225
449,candidate_2,candidate_4,candidate_3,candidate_1,4,0.0225
450,candidate_2,candidate_4,candidate_3,candidate_1,4,0.0225
451,candidate_2,candidate_4,candidate_3,candidate_1,4,0.0225
452,candidate_2,candidate_4,candidate_3,candidate_1,4,0.0225
453,candidate_2,candidate_4,candidate_3,candidate_1,4,0.0225
454,candidate_2,candidate_4,candidate_3,candidate_1,4,0.0225
455,candidate_2,candidate_4,candidate_3,candidate_1,4,0.0225
456,candidate_2,candidate_4,candidate_3,candidate_1,4,0.0225
457,candidate_2,candidate_4,candidate_3,candidate_1,4,0.0225
458,candidate_2,candidate_4,candidate_3,candidate_1,4,0.0225
459,candidate_2,candidate_4,candidate_3,candidate_1,4,0.0225
460,candidate_2,candidate_4,candidate_3,candidate_1,4,0.0225
461,candidate_2,candidate_4,candidate_3,candidate_1,4,0.0225
462,candidate_2,candidate_4,candidate_3,candidate_1,4,0.0225
463,candidate_2,candidate_4,candidate_3,candidate_1,4,0.0225
464,candidate_2,candidate_4,candidate_3,candidate_1,4,0.0225
465,candidate_2,candidate_4,candidate_3,candidate_1,4,0.0225
466,candidate_2,candidate_4,candidate_3,candidate_1,4,0.0225
467,candidate_2,candidate_4,candidate_3,candidate_1,4,0.0225
468,candidate_2,candidate_4,candidate_3,candidate_1,4,0.0225
469,candidate_2,candidate_4,candidate_3,candidate_1,4,0.0225
470,candidate_2,candidate_4,candidate_3,candidate_1,4,0.0225
471,candidate_2,candidate_4,candidate_3,candidate_1,4,0.0225
472,candidate_2,candidate_4,candidate_3,candidate_1,4,0.0225
473,candidate_2,0,candidate_3,candidate_1,4,0.0225
474,candidate_2,candidate_4,candidate_3,candidate_1,4,0.0225
475,candidate_2,candidate_4,candidate_3,candidate_1,4,0.0225
476,candidate_2,candidate_4,candidate_3,candidate_1,4,0.0225
477,candidate_2,candidate_4,candidate_3,candidate_1,4,0.0225
478,candidate_2,candidate_4,candidate_3,candidate_1,4,0.0225
479,candidate_2,candidate_4,candidate_3,candidate_1,4,0.0225
480,candidate_2,candidate_4,candidate_3,candidate_1,4,0.0225
481,candidate_2,candidate_4,candidate_3,candidate_1,4,0.0225
482,candidate_2,candidate_4,candidate_3,candidate_1,4,0.0225
483,candidate_2,candidate_4,candidate_3,candidate_1,4,0.0225
484,candidate_2,candidate_4,candidate_3,candidate_1,4,0.0225
485,candidate_2,candidate_4,candidate_3,candidate_1,4,0.0225
486,candidate_2,candidate_4,candidate_3,candidate_1,4,0.0225
487,candidate_2,candidate_4,candidate_3,candidate_1,4,0.0225
488,candidate_2,candidate_4,candidate_3,candidate_1,4,0.0225
489,candidate_2,candidate_4,candidate_3,candidate_1,4,0.0225
490,candidate_2,candidate_4,candidate_3,candidate_1,4,0.0225
491,candidate_2,candidate_4,candidate_3,candidate_1,4,0.0225
492,candidate_2,candidate_4,candidate_3,candidate_1,4,0.0225
493,candidate_2,candidate_4,candidate_3,candidate_1,4,0.0225
494,candidate_2,candidate_4,candidate_3,candidate_1,4,0.0225
495,candidate_2,candidate_4,candidate_3,candidate_1,4,0.0225
496,candidate_2,candidate_4,candidate_3,candidate_1,4,0.0225
497,0,candidate_4,candidate_3,candidate_1,4,0.0225
498,candidate_2,candidate_4,candidate_3,candidate_1,4,0.0225
499,candidate_2,candidate_4,candidate_3,candidate_1,4,0.0225
500,candidate_2,candidate_4,candidate_3,candidate_1,4,0.0225
501,candidate_2,candidate_4,candidate_3,candidate_1,4,0.0225
502,candidate_2,candidate_4,candidate_3,candidate_1,4,0.0225
503,candidate_2,candidate_4,0,candidate_1,4,0.0225
504,candidate_2,candidate_4,candidate_3,candidate_1,4,0.0225
505,candidate_2,candidate_4,candidate_3,candidate_1,4,0.0225
506,candidate_2,candidate_4,candidate_3,candidate_1,4,0.0225
507,candidate_2,candidate_4,candidate_3,candidate_1,4,0.0225
508,candidate_2,candidate_4,candidate_3,candidate_1,4,0.0225
509,candidate_2,candidate_4,candidate_3,candidate_1,4,0.0225
510,candidate_2,candidate_4,candidate_3,candidate_1,4,0.0225
511,candidate_2,candidate_4,0,candidate_1,4,0.0225
512,candidate_2,candidate_4,candidate_3,candidate_1,4,0.0225
513,candidate_2,candidate_4,candidate_3,candidate_1,4,0.0225
514,candidate_2,candidate_4,candidate_3,candidate_1,4,0.0225
515,candidate_2,0,0,candidate_1,4,0.0225
516,candidate_2,candidate_4,candidate_3,candidate_1,4,0.0225
517,candidate_2,candidate_4,candidate_3,candidate_1,4,0.0225
518,candidate_2,candidate_4,candidate_3,candidate_1,4,0.0225
519,candidate_2,candidate_4,candidate_3,candidate_1,4,0.0225
520,candidate_2,candidate_4,candidate_3,candidate_1,4,0.0225
521,candidate_2,candidate_4,candidate_3,candidate_1,4,0.0225
522,candidate_2,0,candidate_3,candidate_1,4,0.0225
523,candidate_2,candidate_4,candidate_3,0,4,0.0225
524,candidate_2,candidate_4,candidate_3,candidate_1,4,0.0225
525,candidate_2,candidate_4,candidate_3,candidate_1,4,0.0225
526,candidate_2,candidate_4,candidate_3,candidate_1,4,0.0225
527,candidate_2,candidate_4,candidate_3,candidate_1,4,0.0225
528,candidate_2,candidate_4,candidate_3,candidate_1,4,0.0225
529,candidate_2,candidate_4,candidate_3,candidate_1,4,0.0225
530,candidate_2,candidate_4,candidate_3,candidate_1,4,0.0225
531,candidate_2,candidate_4,candidate_3,candidate_1,4,0.0225
532,candidate_2,candidate_4,0,candidate_1,4,0.0225
533,candidate_2,candidate_4,candidate_3,candidate_1,4,0.0225
534,candidate_2,candidate_4,candidate_3,candidate_1,4,0.0225
535,candidate_2,candidate_4,candidate_3,candidate_1,4,0.0225
536,candidate_2,candidate_4,candidate_3,candidate_1,4,0.0225
537,candidate_2,candidate_4,candidate_3,candidate_1,4,0.0225
538,candidate_2,candidate_4,candidate_3,candidate_1,4,0.0225
539,candidate_2,candidate_4,candidate_3,candidate_1,4,0.0225
540,candidate_2,0,candidate_3,candidate_1,4,0.0225
541,candidate_2,candidate_4,candidate_3,candidate_1,4,0.0225
542,candidate_2,candidate_4,candidate_3,candidate_1,4,0.0225
543,candidate_2,candidate_4,candidate_3,candidate_1,4,0.0225
544,candidate_2,candidate_4,candidate_3,candidate_1,4,0.0225
545,candidate_2,0,candidate_3,0,4,0.0225
546,candidate_2,candidate_4,candidate_3,candidate_1,4,0.0225
547,candidate_2,candidate_4,candidate_3,candidate_1,4,0.0225
548,candidate_2,candidate_4,candidate_3,candidate_1,4,0.0225
549,candidate_2,candidate_4,candidate_3,candidate_1,4,0.0225
550,candidate_2,candidate_4,candidate_3,candidate_1,4,0.0225
551,candidate_2,candidate_4,candidate_3,candidate_1,4,0.0225
552,candidate_2,candidate_4,0,candidate_1,4,0.0225
553,candidate_2,candidate_4,candidate_3,candidate_1,4,0.0225
554,candidate_2,candidate_4,candidate_3,candidate_1,4,0.0225
555,candidate_2,candidate_4,candidate_3,candidate_1,4,0.0225
556,candidate_2,candidate_4,candidate_3,candidate_1,4,0.0225
557,candidate_2,candidate_4,candidate_3,candidate_1,4,0.0225
558,candidate_2,candidate_4,candidate_3,candidate_1,4,0.0225
559,candidate_2,candidate_4,candidate_3,candidate_1,4,0.0225
0,candidate_3,candidate_1,candidate_2,candidate_4,4,0.0225
1,candidate_3,candidate_1,0,candidate_4,4,0.0225
2,candidate_3,candidate_1,candidate_2,candidate_4,4,0.0225
3,candidate_3,candidate_1,candidate_2,candidate_4,4,0.0225
4,candidate_3,candidate_1,candidate_2,candidate_4,4,0.0225
5,candidate_3,candidate_1,candidate_2,candidate_4,4,0.0225
6,candidate_3,candidate_1,candidate_2,candidate_4,4,0.0225
7,candidate_3,candidate_1,candidate_2,candidate_4,4,0.0225
8,candidate_3,candidate_1,0,candidate_4,4,0.0225
9,candidate_3,candidate_1,candidate_2,candidate_4,4,0.0225
10,candidate_3,candidate_1,candidate_2,candidate_4,4,0.0225
11,candidate_3,candidate_1,candidate_2,candidate_4,4,0.0225
12,0,candidate_1,candidate_2,candidate_4,4,0.0225
13,candidate_3,candidate_1,candidate_2,candidate_4,4,0.0225
14,candidate_3,candidate_1,candidate_2,candidate_4,4,0.0225
15,candidate_3,candidate_1,candidate_2,candidate_4,4,0.0225
16,candidate_3,candidate_1,candidate_2,candidate_4,4,0.0225
17,candidate_3,candidate_1,candidate_2,0,4,0.0225
18,candidate_3,candidate_1,candidate_2,candidate_4,4,0.0225
19,candidate_3,candidate_1,candidate_2,0,4,0.0225
20,candidate_3,candidate_1,candidate_2,candidate_4,4,0.0225
21,candidate_3,candidate_1,candidate_2,candidate_4,4,0.0225
22,candidate_3,candidate_1,candidate_2,candidate_4,4,0.0225
23,candidate_3,candidate_1,candidate_2,candidate_4,4,0.0225
24,candidate_3,candidate_1,candidate_2,candidate_4,4,0.0225
25,candidate_3,candidate_1,candidate_2,candidate_4,4,0.0225
26,candidate_3,candidate_1,candidate_2,candidate_4,4,0.0225
27,candidate_3,candidate_1,candidate_2,candidate_4,4,0.0225
28,candidate_3,candidate_1,candidate_2,candidate_4,4,0.0225
29,candidate_3,candidate_1,candidate_2,candidate_4,4,0.0225
30,candidate_3,candidate_1,candidate_2,candidate_4,4,0.0225
31,candidate_3,candidate_1,candidate_2,candidate_4,4,0.0225
32,candidate_3,candidate_1,candidate_2,candidate_4,4,0.0225
33,candidate_3,candidate_1,candidate_2,candidate_4,4,0.0225
34,candidate_3,candidate_1,candidate_2,candidate_4,4,0.0225
35,candidate_3,candidate_1,candidate_2,candidate_4,4,0.0225
36,candidate_3,candidate_1,candidate_2,candidate_4,4,0.0225
37,candidate_3,candidate_1,candidate_2,candidate_4,4,0.0225
38,candidate_3,candidate_1,candidate_2,candidate_4,4,0.0225
39,candidate_3,candidate_1,candidate_2,candidate_4,4,0.0225
40,candidate_3,candidate_1,candidate_2,candidate_4,4,0.0225
41,candidate_3,candidate_1,candidate_2,candidate_4,4,0.0225
42,candidate_3,candidate_1,candidate_2,candidate_4,4,0.0225
43,candidate_3,candidate_1,candidate_2,candidate_4,4,0.0225
44,candidate_3,candidate_1,candidate_2,candidate_4,4,0.0225
45,candidate_3,candidate_1,candidate_2,candidate_4,4,0.0225
46,candidate_3,candidate_1,candidate_2,candidate_4,4,0.0225
47,candidate_3,candidate_1,candidate_2,candidate_4,4,0.0225
48,candidate_3,candidate_1,candidate_2,candidate_4,4,0.0225
49,candidate_3,candidate_1,candidate_2,candidate_4,4,0.0225
50,candidate_3,candidate_1,candidate_2,candidate_4,4,0.0225
51,candidate_3,candidate_1,candidate_2,candidate_4,4,0.0225
52,candidate_3,candidate_1,candidate_2,candidate_4,4,0.0225
53,candidate_3,candidate_1,candidate_2,candidate_4,4,0.0225
54,candidate_3,candidate_1,candidate_2,candidate_4,4,0.0225
55,candidate_3,candidate_1,candidate_2,candidate_4,4,0.0225
56,candidate_3,candidate_1,candidate_2,candidate_4,4,0.0225
57,candidate_3,candidate_1,0,candidate_4,4,0.0225
58,candidate_3,candidate_1,candidate_2,candidate_4,4,0.0225
59,candidate_3,candidate_1,candidate_2,candidate_4,4,0.0225
60,candidate_3,candidate_1,candidate_2,candidate_4,4,0.0225
61,candidate_3,candidate_1,candidate_2,candidate_4,4,0.0225
62,candidate_3,candidate_1,candidate_2,0,4,0.0225
63,candidate_3,candidate_1,candidate_2,candidate_4,4,0.0225
64,candidate_3,candidate_1,candidate_2,candidate_4,4,0.0225
65,candidate_3,candidate_1,candidate_2,candidate_4,4,0.0225
66,candidate_3,candidate_1,candidate_2,0,4,0.0225
67,candidate_3,candidate_1,candidate_2,candidate_4,4,0.0225
68,candidate_3,candidate_1,candidate_2,candidate_4,4,0.0225
69,candidate_3,candidate_1,candidate_2,candidate_4,4,0.0225
70,candidate_3,candidate_1,candidate_2,candidate_4,4,0.0225
71,candidate_3,candidate_1,candidate_2,candidate_4,4,0.0225
72,candidate_3,candidate_1,candidate_2,0,4,0.0225
73,candidate_3,candidate_1,candidate_2,candidate_4,4,0.0225
74,candidate_3,candidate_1,candidate_2,candidate_4,4,0.0225
75,0,candidate_1,candidate_2,candidate_4,4,0.0225
76,candidate_3,candidate_1,candidate_2,candidate_4,4,0.0225
77,candidate_3,candidate_1,candidate_2,candidate_4,4,0.0225
78,candidate_3,candidate_1,candidate_2,candidate_4,4,0.0225
79,candidate_3,candidate_1,candidate_2,candidate_4,4,0.0225
80,candidate_3,candidate_1,candidate_2,candidate_4,4,0.0225
81,candidate_3,candidate_1,candidate_2,candidate_4,4,0.0225
82,candidate_3,candidate_1,candidate_2,candidate_4,4,0.0225
83,candidate_3,candidate_1,candidate_2,candidate_4,4,0.0225
84,candidate_3,candidate_1,candidate_2,candidate_4,4,0.0225
85,candidate_3,candidate_1,candidate_2,candidate_4,4,0.0225
86,candidate_3,candidate_1,candidate_2,candidate_4,4,0.0225
87,candidate_3,candidate_1,candidate_2,candidate_4,4,0.0225
88,candidate_3,candidate_1,candidate_2,candidate_4,4,0.0225
89,candidate_3,candidate_1,candidate_2,candidate_4,4,0.0225
90,candidate_3,candidate_1,candidate_2,candidate_4,4,0.0225
91,candidate_3,candidate_1,candidate_2,candidate_4,4,0.0225
92,candidate_3,candidate_1,candidate_2,candidate_4,4,0.0225
93,candidate_3,candidate_1,candidate_2,candidate_4,4,0.0225
94,candidate_3,candidate_1,candidate_2,candidate_4,4,0.0225
95,candidate_3,candidate_1,candidate_2,candidate_4,4,0.0225
96,candidate_3,candidate_1,candidate_2,candidate_4,4,0.0225
97,candidate_3,candidate_1,candidate_2,candidate_4,4,0.0225
98,candidate_3,candidate_1,candidate_2,candidate_4,4,0.0225
99,candidate_3,candidate_1,candidate_2,candidate_4,4,0.0225
100,candidate_3,candidate_1,candidate_2,candidate_4,4,0.0225
101,candidate_3,candidate_1,candidate_2,candidate_4,4,0.0225
102,candidate_3,candidate_1,candidate_2,candidate_4,4,0.0225
103,candidate_3,candidate_1,candidate_2,candidate_4,4,0.0225
104,candidate_3,candidate_1,candidate_2,candidate_4,4,0.0225
105,0,candidate_1,candidate_2,candidate_4,4,0.0225
106,candidate_3,candidate_1,candidate_2,candidate_4,4,0.0225
107,candidate_3,candidate_1,candidate_2,candidate_4,4,0.0225
108,candidate_3,candidate_1,candidate_2,candidate_4,4,0.0225
109,candidate_3,candidate_1,candidate_2,candidate_4,4,0.0225
110,candidate_3,candidate_1,candidate_2,0,4,0.0225
111,candidate_3,candidate_1,candidate_2,candidate_4,4,0.0225
112,candidate_3,candidate_1,candidate_2,candidate_4,4,0.0225
113,candidate_3,candidate_1,candidate_2,candidate_4,4,0.0225
114,candidate_3,candidate_1,candidate_2,candidate_4,4,0.0225
115,candidate_3,candidate_1,candidate_2,candidate_4,4,0.0225
116,candidate_3,candidate_1,candidate_2,candidate_4,4,0.0225
117,candidate_3,candidate_1,candidate_2,candidate_4,4,0.0225
118,candidate_3,candidate_1,candidate_2,candidate_4,4,0.0225
119,candidate_3,candidate_1,candidate_2,candidate_4,4,0.0225
120,candidate_3,candidate_1,candidate_2,candidate_4,4,0.0225
121,candidate_3,candidate_1,candidate_2,candidate_4,4,0.0225
122,candidate_3,0,candidate_2,candidate_4,4,0.0225
123,candidate_3,candidate_1,candidate_2,candidate_4,4,0.0225
124,candidate_3,candidate_1,candidate_2,candidate_4,4,0.0225
125,candidate_3,candidate_1,candidate_2,candidate_4,4,0.0225
126,candidate_3,candidate_1,candidate_2,candidate_4,4,0.0225
127,candidate_3,candidate_1,candidate_2,candidate_4,4,0.0225
128,candidate_3,candidate_1,candidate_2,candidate_4,4,0.0225
129,candidate_3,candidate_1,0,candidate_4,4,0.0225
130,candidate_3,candidate_1,candidate_2,candidate_4,4,0.0225
131,candidate_3,candidate_1,candidate_2,candidate_4,4,0.0225
132,candidate_3,candidate_1,candidate_2,candidate_4,4,0.0225
133,candidate_3,candidate_1,candidate_2,candidate_4,4,0.0225
134,candidate_3,candidate_1,candidate_2,candidate_4,4,0.0225
135,candidate_3,candidate_1,candidate_2,candidate_4,4,0.0225
136,candidate_3,candidate_1,candidate_2,candidate_4,4,0.0225
137,candidate_3,candidate_1,candidate_2,candidate_4,4,0.0225
138,candidate_3,candidate_1,candidate_2,candidate_4,4,0.0225
139,candidate_3,candidate_1,candidate_2,candidate_4,4,0.0225
140,candidate_3,candidate_1,candidate_2,candidate_4,4,0.0225
141,candidate_3,0,candidate_2,0,4,0.0225
142,candidate_3,candidate_1,candidate_2,candidate_4,4,0.0225
143,candidate_3,candidate_1,candidate_2,candidate_4,4,0.0225
144,candidate_3,candidate_1,candidate_2,candidate_4,4,0.0225
145,candidate_3,candidate_1,candidate_2,candidate_4,4,0.0225
146,candidate_3,candidate_1,candidate_2,candidate_4,4,0.0225
147,candidate_3,candidate_1,candidate_2,0,4,0.0225
148,candidate_3,candidate_1,candidate_2,candidate_4,4,0.0225
149,candidate_3,candidate_1,candidate_2,candidate_4,4,0.0225
150,candidate_3,candidate_1,candidate_2,candidate_4,4,0.0225
151,candidate_3,candidate_1,candidate_2,candidate_4,4,0.0225
152,candidate_3,candidate_1,candidate_2,0,4,0.0225
153,candidate_3,candidate_1,candidate_2,candidate_4,4,0.0225
154,candidate_3,candidate_1,candidate_2,candidate_4,4,0.0225
155,candidate_3,candidate_1,candidate_2,candidate_4,4,0.0225
156,candidate_3,candidate_1,candidate_2,candidate_4,4,0.0225
157,candidate_3,candidate_1,candidate_2,candidate_4,4,0.0225
158,candidate_3,candidate_1,candidate_2,candidate_4,4,0.0225
159,candidate_3,candidate_1,candidate_2,candidate_4,4,0.0225
160,candidate_3,candidate_1,candidate_2,0,4,0.0225
161,candidate_3,candidate_1,candidate_2,candidate_4,4,0.0225
162,candidate_3,candidate_1,0,candidate_4,4,0.0225
163,candidate_3,candidate_1,candidate_2,0,4,0.0225
164,candidate_3,candidate_1,candidate_2,candidate_4,4,0.0225
165,candidate_3,candidate_1,candidate_2,candidate_4,4,0.0225
166,candidate_3,candidate_1,candidate_2,candidate_4,4,0.0225
167,candidate_3,candidate_1,candidate_2,candidate_4,4,0.0225
168,candidate_3,candidate_1,candidate_2,candidate_4,4,0.0225
169,candidate_3,candidate_1,candidate_2,candidate_4,4,0.0225
170,candidate_3,candidate_1,candidate_2,candidate_4,4,0.0225
171,candidate_3,candidate_1,candidate_2,candidate_4,4,0.0225
172,candidate_3,candidate_1,candidate_2,candidate_4,4,0.0225
173,candidate_3,candidate_1,candidate_2,candidate_4,4,0.0225
174,candidate_3,candidate_1,candidate_2,candidate_4,4,0.0225
175,candidate_3,candidate_1,candidate_2,candidate_4,4,0.0225
176,candidate_3,candidate_1,candidate_2,candidate_4,4,0.0225
177,candidate_3,candidate_1,candidate_2,candidate_4,4,0.0225
178,candidate_3,candidate_1,candidate_2,candidate_4,4,0.0225
179,candidate_3,candidate_1,candidate_2,candidate_4,4,0.0225
180,candidate_3,candidate_1,candidate_2,candidate_4,4,0.0225
181,candidate_3,candidate_1,candidate_2,candidate_4,4,0.0225
182,candidate_3,candidate_1,candidate_2,candidate_4,4,0.0225
183,candidate_3,candidate_1,candidate_2,candidate_4,4,0.0225
184,candidate_3,candidate_1,candidate_2,candidate_4,4,0.0225
185,candidate_3,candidate_1,candidate_2,candidate_4,4,0.0225
186,candidate_3,candidate_1,candidate_2,candidate_4,4,0.0225
187,candidate_3,candidate_1,candidate_2,candidate_4,4,0.0225
188,candidate_3,candidate_1,candidate_2,candidate_4,4,0.0225
189,candidate_3,candidate_1,candidate_2,candidate_4,4,0.0225
190,candidate_3,candidate_1,candidate_2,candidate_4,4,0.0225
191,candidate_3,0,candidate_2,candidate_4,4,0.0225
192,candidate_3,candidate_1,candidate_2,candidate_4,4,0.0225
193,candidate_3,candidate_1,candidate_2,candidate_4,4,0.0225
194,candidate_3,candidate_1,candidate_2,candidate_4,4,0.0225
195,0,candidate_1,candidate_2,candidate_4,4,0.0225
196,candidate_3,candidate_1,candidate_2,candidate_4,4,0.0225
197,candidate_3,candidate_1,candidate_2,candidate_4,4,0.0225
198,candidate_3,candidate_1,candidate_2,candidate_4,4,0.0225
199,candidate_3,candidate_1,candidate_2,candidate_4,4,0.0225
200,candidate_3,candidate_1,candidate_2,candidate_4,4,0.0225
201,candidate_3,candidate_1,0,candidate_4,4,0.0225
202,candidate_3,candidate_1,candidate_2,candidate_4,4,0.0225
203,0,candidate_1,candidate_2,candidate_4,4,0.0225
204,candidate_3,candidate_1,candidate_2,candidate_4,4,0.0225
205,candidate_3,candidate_1,candidate_2,candidate_4,4,0.0225
206,candidate_3,candidate_1,candidate_2,candidate_4,4,0.0225
207,candidate_3,candidate_1,candidate_2,candidate_4,4,0.0225
208,candidate_3,candidate_1,candidate_2,candidate_4,4,0.0225
209,candidate_3,candidate_1,candidate_2,candidate_4,4,0.0225
210,candidate_3,candidate_1,candidate_2,candidate_4,4,0.0225
211,candidate_3,candidate_1,candidate_2,candidate_4,4,0.0225
212,candidate_3,candidate_1,candidate_2,candidate_4,4,0.0225
213,candidate_3,candidate_1,candidate_2,candidate_4,4,0.0225
214,candidate_3,candidate_1,candidate_2,candidate_4,4,0.0225
215,candidate_3,candidate_1,candidate_2,candidate_4,4,0.0225
216,candidate_3,candidate_1,candidate_2,candidate_4,4,0.0225
217,candidate_3,candidate_1,candidate_2,candidate_4,4,0.0225
218,candidate_3,candidate_1,candidate_2,candidate_4,4,0.0225
219,candidate_3,candidate_1,candidate_2,candidate_4,4,0.0225
220,candidate_3,candidate_1,candidate_2,candidate_4,4,0.0225
221,candidate_3,candidate_1,candidate_2,candidate_4,4,0.0225
222,candidate_3,candidate_1,candidate_2,candidate_4,4,0.0225
223,candidate_3,0,candidate_2,candidate_4,4,0.0225
224,candidate_3,candidate_1,candidate_2,candidate_4,4,0.0225
225,candidate_3,candidate_1,candidate_2,candidate_4,4,0.0225
226,candidate_3,candidate_1,candidate_2,candidate_4,4,0.0225
227,candidate_3,candidate_1,candidate_2,candidate_4,4,0.0225
228,candidate_3,candidate_1,candidate_2,candidate_4,4,0.0225
229,candidate_3,candidate_1,candidate_2,candidate_4,4,0.0225
230,candidate_3,candidate_1,candidate_2,candidate_4,4,0.0225
231,candidate_3,candidate_1,candidate_2,candidate_4,4,0.0225
232,candidate_3,candidate_1,candidate_2,candidate_4,4,0.0225
233,0,candidate_1,candidate_2,candidate_4,4,0.0225
234,candidate_3,0,candidate_2,candidate_4,4,0.0225
235,candidate_3,candidate_1,candidate_2,candidate_4,4,0.0225
236,candidate_3,candidate_1,candidate_2,candidate_4,4,0.0225
237,candidate_3,candidate_1,candidate_2,candidate_4,4,0.0225
238,candidate_3,candidate_1,candidate_2,candidate_4,4,0.0225
239,candidate_3,candidate_1,candidate_2,candidate_4,4,0.0225
240,candidate_3,candidate_1,candidate_2,candidate_4,4,0.0225
241,candidate_3,candidate_1,candidate_2,candidate_4,4,0.0225
242,candidate_3,candidate_1,candidate_2,candidate_4,4,0.0225
243,candidate_3,candidate_1,candidate_2,candidate_4,4,0.0225
244,0,candidate_1,candidate_2,candidate_4,4,0.0225
245,candidate_3,candidate_1,candidate_2,candidate_4,4,0.0225
246,candidate_3,candidate_1,candidate_2,candidate_4,4,0.0225
247,candidate_3,candidate_1,candidate_2,candidate_4,4,0.0225
248,candidate_3,candidate_1,candidate_2,candidate_4,4,0.0225
249,candidate_3,candidate_1,candidate_2,candidate_4,4,0.0225
250,candidate_3,candidate_1,candidate_2,candidate_4,4,0.0225
251,candidate_3,candidate_1,candidate_2,candidate_4,4,0.0225
252,candidate_3,candidate_1,candidate_2,candidate_4,4,0.0225
253,candidate_3,candidate_1,candidate_2,candidate_4,4,0.0225
254,candidate_3,candidate_1,candidate_2,candidate_4,4,0.0225
255,candidate_3,candidate_1,candidate_2,candidate_4,4,0.0225
256,candidate_3,candidate_1,candidate_2,candidate_4,4,0.0225
257,candidate_3,candidate_1,0,candidate_4,4,0.0225
258,candidate_3,candidate_1,0,candidate_4,4,0.0225
259,candidate_3,candidate_1,candidate_2,candidate_4,4,0.0225
260,candidate_3,candidate_1,candidate_2,candidate_4,4,0.0225
261,candidate_3,candidate_1,candidate_2,candidate_4,4,0.0225
262,candidate_3,candidate_1,candidate_2,candidate_4,4,0.0225
263,candidate_3,candidate_1,candidate_2,candidate_4,4,0.0225
264,candidate_3,candidate_1,candidate_2,candidate_4,4,0.0225
265,candidate_3,candidate_1,candidate_2,candidate_4,4,0.0225
266,candidate_3,candidate_1,candidate_2,candidate_4,4,0.0225
267,candidate_3,candidate_1,candidate_2,0,4,0.0225
268,candidate_3,candidate_1,candidate_2,candidate_4,4,0.0225
269,candidate_3,candidate_1,candidate_2,candidate_4,4,0.0225
270,candidate_3,candidate_1,candidate_2,candidate_4,4,0.0225
271,candidate_3,candidate_1,candidate_2,candidate_4,4,0.0225
272,candidate_3,candidate_1,candidate_2,candidate_4,4,0.0225
273,candidate_3,candidate_1,candidate_2,candidate_4,4,0.0225
274,candidate_3,candidate_1,candidate_2,candidate_4,4,0.0225
275,candidate_3,candidate_1,candidate_2,candidate_4,4,0.0225
276,candidate_3,candidate_1,candidate_2,candidate_4,4,0.0225
277,candidate_3,candidate_1,candidate_2,candidate_4,4,0.0225
278,candidate_3,candidate_1,candidate_2,candidate_4,4,0.0225
279,candidate_3,candidate_1,candidate_2,candidate_4,4,0.0225
280,candidate_3,candidate_1,candidate_2,candidate_4,4,0.0225
281,candidate_3,candidate_1,candidate_2,candidate_4,4,0.0225
282,candidate_3,candidate_1,candidate_2,candidate_4,4,0.0225
283,candidate_3,candidate_1,candidate_2,candidate_4,4,0.0225
284,candidate_3,candidate_1,candidate_2,candidate_4,4,0.0225
285,candidate_3,candidate_1,candidate_2,candidate_4,4,0.0225
286,candidate_3,candidate_1,candidate_2,candidate_4,4,0.0225
287,candidate_3,candidate_1,candidate_2,candidate_4,4,0.0225
288,candidate_3,candidate_1,candidate_2,candidate_4,4,0.0225
289,candidate_3,candidate_1,candidate_2,candidate_4,4,0.0225
290,candidate_3,candidate_1,candidate_2,candidate_4,4,0.0225
291,candidate_3,candidate_1,0,candidate_4,4,0.0225
292,candidate_3,candidate_1,candidate_2,candidate_4,4,0.0225
293,candidate_3,candidate_1,candidate_2,candidate_4,4,0.0225
294,candidate_3,candidate_1,candidate_2,candidate_4,4,0.0225
295,candidate_3,candidate_1,candidate_2,candidate_4,4,0.0225
296,candidate_3,candidate_1,0,candidate_4,4,0.0225
297,candidate_3,candidate_1,candidate_2,candidate_4,4,0.0225
298,candidate_3,candidate_1,candidate_2,candidate_4,4,0.0225
299,candidate_3,candidate_1,candidate_2,candidate_4,4,0.0225
300,candidate_3,candidate_1,candidate_2,candidate_4,4,0.0225
301,candidate_3,candidate_1,candidate_2,candidate_4,4,0.0225
302,candidate_3,candidate_1,candidate_2,candidate_4,4,0.0225
303,candidate_3,candidate_1,candidate_2,candidate_4,4,0.0225
304,candidate_3,candidate_1,candidate_2,candidate_4,4,0.0225
305,candidate_3,candidate_1,candidate_2,candidate_4,4,0.0225
306,candidate_3,candidate_1,candidate_2,candidate_4,4,0.0225
307,candidate_3,candidate_1,candidate_2,candidate_4,4,0.0225
308,candidate_3,candidate_1,candidate_2,candidate_4,4,0.0225
309,candidate_3,candidate_1,candidate_2,candidate_4,4,0.0225
310,candidate_3,candidate_1,candidate_2,candidate_4,4,0.0225
311,candidate_3,candidate_1,candidate_2,candidate_4,4,0.0225
312,candidate_3,candidate_1,candidate_2,candidate_4,4,0.0225
313,candidate_3,candidate_1,candidate_2,candidate_4,4,0.0225
314,candidate_3,candidate_1,candidate_2,candidate_4,4,0.0225
315,candidate_3,candidate_1,candidate_2,candidate_4,4,0.0225
316,candidate_3,candidate_1,candidate_2,candidate_4,4,0.0225
317,candidate_3,candidate_1,candidate_2,candidate_4,4,0.0225
318,candidate_3,candidate_1,candidate_2,candidate_4,4,0.0225
319,candidate_3,candidate_1,candidate_2,candidate_4,4,0.0225
320,candidate_3,candidate_1,candidate_2,candidate_4,4,0.0225
321,candidate_3,candidate_1,candidate_2,candidate_4,4,0.0225
322,candidate_3,candidate_1,candidate_2,candidate_4,4,0.0225
323,candidate_3,candidate_1,candidate_2,candidate_4,4,0.0225
324,candidate_3,candidate_1,candidate_2,candidate_4,4,0.0225
325,candidate_3,candidate_1,candidate_2,candidate_4,4,0.0225
326,candidate_3,candidate_1,candidate_2,candidate_4,4,0.0225
327,candidate_3,candidate_1,candidate_2,candidate_4,4,0.0225
328,candidate_3,candidate_1,candidate_2,candidate_4,4,0.0225
329,candidate_3,candidate_1,candidate_2,candidate_4,4,0.0225
330,candidate_3,candidate_1,candidate_2,candidate_4,4,0.0225
331,candidate_3,candidate_1,candidate_2,candidate_4,4,0.0225
332,candidate_3,candidate_1,candidate_2,candidate_4,4,0.0225
333,candidate_3,candidate_1,candidate_2,candidate_4,4,0.0225
334,candidate_3,0,candidate_2,candidate_4,4,0.0225
335,candidate_3,candidate_1,candidate_2,candidate_4,4,0.0225
336,candidate_3,candidate_1,candidate_2,candidate_4,4,0.0225
337,candidate_3,candidate_1,candidate_2,candidate_4,4,0.0225
338,candidate_3,candidate_1,candidate_2,candidate_4,4,0.0225
339,candidate_3,candidate_1,candidate_2,candidate_4,4,0.0225
340,0,candidate_1,candidate_2,candidate_4,4,0.0225
341,candidate_3,candidate_1,candidate_2,candidate_4,4,0.0225
342,candidate_3,candidate_1,candidate_2,candidate_4,4,0.0225
343,candidate_3,candidate_1,candidate_2,candidate_4,4,0.0225
344,candidate_3,candidate_1,0,candidate_4,4,0.0225
345,candidate_3,candidate_1,candidate_2,candidate_4,4,0.0225
346,candidate_3,candidate_1,candidate_2,candidate_4,4,0.0225
347,candidate_3,candidate_1,candidate_2,candidate_4,4,0.0225
348,candidate_3,candidate_1,candidate_2,candidate_4,4,0.0225
349,candidate_3,candidate_1,candidate_2,candidate_4,4,0.0225
350,candidate_3,0,candidate_2,candidate_4,4,0.0225
351,candidate_3,candidate_1,candidate_2,candidate_4,4,0.0225
352,candidate_3,candidate_1,candidate_2,candidate_4,4,0.0225
353,candidate_3,candidate_1,candidate_2,candidate_4,4,0.0225
354,candidate_3,candidate_1,candidate_2,candidate_4,4,0.0225
355,candidate_3,candidate_1,candidate_2,candidate_4,4,0.0225
356,candidate_3,candidate_1,candidate_2,candidate_4,4,0.0225
357,candidate_3,candidate_1,candidate_2,candidate_4,4,0.0225
358,candidate_3,candidate_1,candidate_2,candidate_4,4,0.0225
359,candidate_3,candidate_1,candidate_2,candidate_4,4,0.0225
360,candidate_3,candidate_1,candidate_2,candidate_4,4,0.0225
361,candidate_3,candidate_1,candidate_2,candidate_4,4,0.0225
362,candidate_3,candidate_1,candidate_2,candidate_4,4,0.0225
363,candidate_3,candidate_1,candidate_2,candidate_4,4,0.0225
364,candidate_3,candidate_1,candidate_2,candidate_4,4,0.0225
365,candidate_3,candidate_1,candidate_2,candidate_4,4,0.0225
366,candidate_3,candidate_1,candidate_2,candidate_4,4,0.0225
367,candidate_3,candidate_1,candidate_2,candidate_4,4,0.0225
368,candidate_3,candidate_1,candidate_2,0,4,0.0225
369,candidate_3,candidate_1,candidate_2,candidate_4,4,0.0225
370,candidate_3,candidate_1,candidate_2,candidate_4,4,0.0225
371,candidate_3,candidate_1,candidate_2,candidate_4,4,0.0225
372,candidate_3,candidate_1,candidate_2,candidate_4,4,0.0225
373,candidate_3,candidate_1,candidate_2,candidate_4,4,0.0225
374,candidate_3,candidate_1,candidate_2,candidate_4,4,0.0225
375,candidate_3,candidate_1,candidate_2,candidate_4,4,0.0225
376,candidate_3,candidate_1,candidate_2,candidate_4,4,0.0225
377,candidate_3,candidate_1,candidate_2,candidate_4,4,0.0225
378,candidate_3,candidate_1,candidate_2,candidate_4,4,0.0225
379,candidate_3,candidate_1,0,candidate_4,4,0.0225
380,candidate_3,candidate_1,candidate_2,candidate_4,4,0.0225
381,candidate_3,candidate_1,candidate_2,candidate_4,4,0.0225
382,candidate_3,candidate_1,candidate_2,candidate_4,4,0.0225
383,candidate_3,candidate_1,candidate_2,candidate_4,4,0.0225
384,candidate_3,candidate_1,candidate_2,candidate_4,4,0.0225
385,candidate_3,candidate_1,candidate_2,candidate_4,4,0.0225
386,candidate_3,candidate_1,candidate_2,candidate_4,4,0.0225
387,candidate_3,candidate_1,candidate_2,candidate_4,4,0.0225
388,candidate_3,candidate_1,candidate_2,candidate_4,4,0.0225
389,candidate_3,candidate_1,candidate_2,candidate_4,4,0.0225
390,candidate_3,candidate_1,candidate_2,candidate_4,4,0.0225
391,candidate_3,candidate_1,candidate_2,candidate_4,4,0.0225
392,candidate_3,candidate_1,candidate_2,candidate_4,4,0.0225
393,candidate_3,candidate_1,candidate_2,candidate_4,4,0.0225
394,candidate_3,candidate_1,candidate_2,candidate_4,4,0.0225
395,candidate_3,candidate_1,candidate_2,candidate_4,4,0.0225
396,candidate_3,candidate_1,candidate_2,candidate_4,4,0.0225
397,candidate_3,candidate_1,candidate_2,candidate_4,4,0.0225
398,candidate_3,candidate_1,candidate_2,candidate_4,4,0.0225
399,candidate_3,candidate_1,candidate_2,candidate_4,4,0.0225
400,candidate_3,candidate_1,candidate_2,candidate_4,4,0.0225
401,candidate_3,candidate_1,candidate_2,candidate_4,4,0.0225
402,candidate_3,candidate_1,candidate_2,candidate_4,4,0.0225
403,candidate_3,candidate_1,candidate_2,candidate_4,4,0.0225
404,candidate_3,candidate_1,candidate_2,candidate_4,4,0.0225
405,candidate_3,candidate_1,candidate_2,candidate_4,4,0.0225
406,candidate_3,candidate_1,candidate_2,candidate_4,4,0.0225
407,candidate_3,candidate_1,candidate_2,candidate_4,4,0.0225
408,candidate_3,candidate_1,candidate_2,candidate_4,4,0.0225
409,candidate_3,candidate_1,candidate_2,candidate_4,4,0.0225
410,candidate_3,candidate_1,candidate_2,candidate_4,4,0.0225
411,candidate_3,candidate_1,candidate_2,candidate_4,4,0.0225
412,candidate_3,candidate_1,candidate_2,candidate_4,4,0.0225
413,candidate_3,candidate_1,candidate_2,candidate_4,4,0.0225
414,candidate_3,candidate_1,candidate_2,candidate_4,4,0.0225
415,candidate_3,candidate_1,candidate_2,candidate_4,4,0.0225
416,candidate_3,candidate_1,candidate_2,candidate_4,4,0.0225
417,candidate_3,candidate_1,candidate_2,candidate_4,4,0.0225
418,candidate_3,candidate_1,candidate_2,candidate_4,4,0.0225
419,candidate_3,candidate_1,candidate_2,candidate_4,4,0.0225
420,candidate_3,candidate_1,candidate_2,candidate_4,4,0.0225
421,candidate_3,candidate_1,candidate_2,candidate_4,4,0.0225
422,candidate_3,candidate_1,candidate_2,candidate_4,4,0.0225
423,candidate_3,candidate_1,candidate_2,candidate_4,4,0.0225
424,candidate_3,candidate_1,candidate_2,candidate_4,4,0.0225
425,candidate_3,candidate_1,0,candidate_4,4,0.0225
426,candidate_3,candidate_1,candidate_2,candidate_4,4,0.0225
427,candidate_3,candidate_1,candidate_2,candidate_4,4,0.0225
428,candidate_3,candidate_1,candidate_2,candidate_4,4,0.0225
429,candidate_3,candidate_1,candidate_2,candidate_4,4,0.0225
430,candidate_3,candidate_1,candidate_2,candidate_4,4,0.0225
431,candidate_3,0,0,candidate_4,4,0.0225
432,candidate_3,candidate_1,candidate_2,0,4,0.0225
433,candidate_3,candidate_1,candidate_2,candidate_4,4,0.0225
434,candidate_3,candidate_1,candidate_2,candidate_4,4,0.0225
435,candidate_3,candidate_1,candidate_2,candidate_4,4,0.0225
436,candidate_3,candidate_1,candidate_2,candidate_4,4,0.0225
437,candidate_3,candidate_1,candidate_2,candidate_4,4,0.0225
438,0,candidate_1,candidate_2,candidate_4,4,0.0225
439,candidate_3,candidate_1,candidate_2,candidate_4,4,0.0225
440,candidate_3,candidate_1,candidate_2,candidate_4,4,0.0225
441,candidate_3,candidate_1,candidate_2,candidate_4,4,0.0225
442,candidate_3,candidate_1,candidate_2,candidate_4,4,0.0225
443,candidate_3,candidate_1,candidate_2,candidate_4,4,0.0225
444,candidate_3,candidate_1,candidate_2,candidate_4,4,0.0225
445,candidate_3,candidate_1,candidate_2,candidate_4,4,0.0225
446,candidate_3,candidate_1,candidate_2,candidate_4,4,0.0225
447,candidate_3,candidate_1,candidate_2,candidate_4,4,0.0225
448,candidate_3,candidate_1,candidate_2,candidate_4,4,0.0225
449,candidate_3,candidate_1,candidate_2,candidate_4,4,0.0225
450,candidate_3,candidate_1,candidate_2,candidate_4,4,0.0225
451,candidate_3,candidate_1,candidate_2,candidate_4,4,0.0225
452,candidate_3,candidate_1,candidate_2,candidate_4,4,0.0225
453,candidate_3,candidate_1,0,candidate_4,4,0.0225
454,candidate_3,candidate_1,candidate_2,candidate_4,4,0.0225
455,candidate_3,0,candidate_2,candidate_4,4,0.0225
456,candidate_3,candidate_1,candidate_2,candidate_4,4,0.0225
457,candidate_3,candidate_1,candidate_2,candidate_4,4,0.0225
458,candidate_3,candidate_1,candidate_2,candidate_4,4,0.0225
459,candidate_3,candidate_1,candidate_2,candidate_4,4,0.0225
460,candidate_3,candidate_1,candidate_2,candidate_4,4,0.0225
461,candidate_3,candidate_1,candidate_2,candidate_4,4,0.0225
462,candidate_3,candidate_1,candidate_2,candidate_4,4,0.0225
463,0,candidate_1,candidate_2,candidate_4,4,0.0225
464,candidate_3,candidate_1,candidate_2,candidate_4,4,0.0225
465,candidate_3,candidate_1,candidate_2,candidate_4,4,0.0225
0,candidate_3,candidate_1,candidate_4,candidate_2,4,0.0225
1,candidate_3,candidate_1,candidate_4,candidate_2,4,0.0225
2,candidate_3,candidate_1,candidate_4,candidate_2,4,0.0225
3,candidate_3,candidate_1,candidate_4,candidate_2,4,0.0225
4,candidate_3,candidate_1,candidate_4,candidate_2,4,0.0225
5,candidate_3,candidate_1,candidate_4,candidate_2,4,0.0225
6,candidate_3,candidate_1,candidate_4,candidate_2,4,0.0225
7,candidate_3,candidate_1,candidate_4,candidate_2,4,0.0225
8,candidate_3,candidate_1,candidate_4,candidate_2,4,0.0225
9,candidate_3,candidate_1,candidate_4,candidate_2,4,0.0225
10,candidate_3,candidate_1,0,candidate_2,4,0.0225
11,candidate_3,candidate_1,candidate_4,candidate_2,4,0.0225
12,0,candidate_1,candidate_4,candidate_2,4,0.0225
13,candidate_3,candidate_1,candidate_4,candidate_2,4,0.0225
14,candidate_3,candidate_1,candidate_4,candidate_2,4,0.0225
15,candidate_3,candidate_1,candidate_4,candidate_2,4,0.0225
16,candidate_3,candidate_1,candidate_4,0,4,0.0225
17,candidate_3,candidate_1,candidate_4,candidate_2,4,0.0225
18,candidate_3,candidate_1,candidate_4,candidate_2,4,0.0225
19,candidate_3,candidate_1,candidate_4,0,4,0.0225
20,candidate_3,candidate_1,candidate_4,candidate_2,4,0.0225
21,candidate_3,candidate_1,candidate_4,candidate_2,4,0.0225
22,candidate_3,candidate_1,candidate_4,candidate_2,4,0.0225
23,candidate_3,candidate_1,candidate_4,candidate_2,4,0.0225
24,candidate_3,candidate_1,candidate_4,candidate_2,4,0.0225
25,candidate_3,candidate_1,candidate_4,candidate_2,4,0.0225
26,candidate_3,candidate_1,candidate_4,candidate_2,4,0.0225
27,candidate_3,candidate_1,candidate_4,candidate_2,4,0.0225
28,candidate_3,candidate_1,candidate_4,candidate_2,4,0.0225
29,candidate_3,candidate_1,candidate_4,candidate_2,4,0.0225
30,candidate_3,candidate_1,candidate_4,candidate_2,4,0.0225
31,candidate_3,candidate_1,candidate_4,candidate_2,4,0.0225
32,candidate_3,candidate_1,candidate_4,candidate_2,4,0.0225
33,candidate_3,candidate_1,candidate_4,candidate_2,4,0.0225
34,candidate_3,candidate_1,candidate_4,candidate_2,4,0.0225
35,candidate_3,candidate_1,candidate_4,candidate_2,4,0.0225
36,0,candidate_1,candidate_4,candidate_2,4,0.0225
37,candidate_3,candidate_1,candidate_4,candidate_2,4,0.0225
38,candidate_3,candidate_1,candidate_4,candidate_2,4,0.0225
39,candidate_3,candidate_1,candidate_4,candidate_2,4,0.0225
40,candidate_3,candidate_1,candidate_4,candidate_2,4,0.0225
41,candidate_3,candidate_1,candidate_4,candidate_2,4,0.0225
42,candidate_3,candidate_1,candidate_4,candidate_2,4,0.0225
43,candidate_3,candidate_1,candidate_4,candidate_2,4,0.0225
44,candidate_3,candidate_1,candidate_4,candidate_2,4,0.0225
45,candidate_3,candidate_1,candidate_4,candidate_2,4,0.0225
46,candidate_3,candidate_1,candidate_4,candidate_2,4,0.0225
47,candidate_3,candidate_1,candidate_4,candidate_2,4,0.0225
48,candidate_3,candidate_1,candidate_4,candidate_2,4,0.0225
49,candidate_3,candidate_1,candidate_4,candidate_2,4,0.0225
50,candidate_3,candidate_1,candidate_4,candidate_2,4,0.0225
51,candidate_3,candidate_1,candidate_4,candidate_2,4,0.0225
52,candidate_3,candidate_1,candidate_4,candidate_2,4,0.0225
53,candidate_3,candidate_1,candidate_4,candidate_2,4,0.0225
54,candidate_3,candidate_1,candidate_4,candidate_2,4,0.0225
55,candidate_3,candidate_1,candidate_4,candidate_2,4,0.0225
56,candidate_3,candidate_1,candidate_4,candidate_2,4,0.0225
57,candidate_3,candidate_1,candidate_4,candidate_2,4,0.0225
58,candidate_3,candidate_1,candidate_4,candidate_2,4,0.0225
59,candidate_3,candidate_1,candidate_4,candidate_2,4,0.0225
60,candidate_3,candidate_1,candidate_4,candidate_2,4,0.0225
61,candidate_3,candidate_1,candidate_4,candidate_2,4,0.0225
62,candidate_3,candidate_1,candidate_4,candidate_2,4,0.0225
63,candidate_3,candidate_1,candidate_4,candidate_2,4,0.0225
64,candidate_3,candidate_1,candidate_4,candidate_2,4,0.0225
65,candidate_3,candidate_1,candidate_4,candidate_2,4,0.0225
66,candidate_3,candidate_1,candidate_4,candidate_2,4,0.0225
67,candidate_3,candidate_1,candidate_4,candidate_2,4,0.0225
68,candidate_3,candidate_1,candidate_4,candidate_2,4,0.0225
69,candidate_3,candidate_1,candidate_4,candidate_2,4,0.0225
70,candidate_3,0,candidate_4,candidate_2,4,0.0225
71,candidate_3,candidate_1,candidate_4,candidate_2,4,0.0225
72,candidate_3,candidate_1,candidate_4,candidate_2,4,0.0225
73,candidate_3,candidate_1,candidate_4,candidate_2,4,0.0225
74,candidate_3,candidate_1,candidate_4,candidate_2,4,0.0225
75,candidate_3,candidate_1,candidate_4,candidate_2,4,0.0225
76,candidate_3,candidate_1,candidate_4,candidate_2,4,0.0225
77,candidate_3,candidate_1,candidate_4,candidate_2,4,0.0225
78,candidate_3,candidate_1,candidate_4,candidate_2,4,0.0225
79,candidate_3,candidate_1,candidate_4,candidate_2,4,0.0225
80,candidate_3,candidate_1,candidate_4,candidate_2,4,0.0225
81,candidate_3,candidate_1,candidate_4,candidate_2,4,0.0225
82,candidate_3,candidate_1,0,candidate_2,4,0.0225
83,candidate_3,candidate_1,candidate_4,candidate_2,4,0.0225
84,candidate_3,candidate_1,candidate_4,0,4,0.0225
85,candidate_3,candidate_1,candidate_4,candidate_2,4,0.0225
86,candidate_3,candidate_1,0,candidate_2,4,0.0225
87,candidate_3,candidate_1,candidate_4,candidate_2,4,0.0225
88,candidate_3,candidate_1,candidate_4,candidate_2,4,0.0225
89,candidate_3,candidate_1,candidate_4,candidate_2,4,0.0225
90,candidate_3,candidate_1,candidate_4,candidate_2,4,0.0225
91,candidate_3,candidate_1,candidate_4,candidate_2,4,0.0225
92,candidate_3,candidate_1,candidate_4,candidate_2,4,0.0225
93,candidate_3,candidate_1,candidate_4,candidate_2,4,0.0225
94,candidate_3,candidate_1,candidate_4,candidate_2,4,0.0225
95,candidate_3,candidate_1,candidate_4,candidate_2,4,0.0225
96,candidate_3,candidate_1,candidate_4,candidate_2,4,0.0225
97,candidate_3,candidate_1,candidate_4,candidate_2,4,0.0225
98,candidate_3,candidate_1,candidate_4,candidate_2,4,0.0225
99,candidate_3,candidate_1,candidate_4,candidate_2,4,0.0225
100,candidate_3,candidate_1,candidate_4,candidate_2,4,0.0225
101,candidate_3,candidate_1,candidate_4,candidate_2,4,0.0225
102,candidate_3,candidate_1,candidate_4,candidate_2,4,0.0225
103,candidate_3,candidate_1,candidate_4,candidate_2,4,0.0225
104,candidate_3,candidate_1,candidate_4,candidate_2,4,0.0225
105,candidate_3,candidate_1,candidate_4,candidate_2,4,0.0225
106,candidate_3,candidate_1,candidate_4,candidate_2,4,0.0225
107,candidate_3,candidate_1,candidate_4,candidate_2,4,0.0225
108,candidate_3,candidate_1,candidate_4,candidate_2,4,0.0225
109,candidate_3,candidate_1,candidate_4,candidate_2,4,0.0225
110,candidate_3,candidate_1,candidate_4,candidate_2,4,0.0225
111,candidate_3,0,candidate_4,candidate_2,4,0.0225
112,candidate_3,candidate_1,candidate_4,candidate_2,4,0.0225
113,candidate_3,candidate_1,candidate_4,candidate_2,4,0.0225
114,candidate_3,candidate_1,candidate_4,candidate_2,4,0.0225
115,candidate_3,candidate_1,candidate_4,candidate_2,4,0.0225
116,candidate_3,candidate_1,candidate_4,candidate_2,4,0.0225
117,candidate_3,candidate_1,candidate_4,candidate_2,4,0.0225
118,candidate_3,candidate_1,candidate_4,candidate_2,4,0.0225
119,candidate_3,candidate_1,candidate_4,candidate_2,4,0.0225
120,candidate_3,candidate_1,candidate_4,candidate_2,4,0.0225
121,candidate_3,candidate_1,candidate_4,candidate_2,4,0.0225
122,candidate_3,candidate_1,candidate_4,candidate_2,4,0.0225
123,candidate_3,candidate_1,candidate_4,candidate_2,4,0.0225
124,candidate_3,candidate_1,candidate_4,candidate_2,4,0.0225
125,candidate_3,candidate_1,candidate_4,candidate_2,4,0.0225
126,candidate_3,candidate_1,candidate_4,candidate_2,4,0.0225
127,candidate_3,candidate_1,candidate_4,candidate_2,4,0.0225
128,candidate_3,candidate_1,candidate_4,candidate_2,4,0.0225
129,candidate_3,candidate_1,candidate_4,candidate_2,4,0.0225
130,candidate_3,candidate_1,candidate_4,candidate_2,4,0.0225
131,candidate_3,candidate_1,candidate_4,candidate_2,4,0.0225
132,candidate_3,candidate_1,candidate_4,candidate_2,4,0.0225
133,candidate_3,candidate_1,candidate_4,candidate_2,4,0.0225
134,candidate_3,candidate_1,candidate_4,candidate_2,4,0.0225
135,candidate_3,candidate_1,candidate_4,candidate_2,4,0.0225
136,candidate_3,candidate_1,candidate_4,candidate_2,4,0.0225
137,candidate_3,candidate_1,candidate_4,candidate_2,4,0.0225
138,candidate_3,candidate_1,candidate_4,candidate_2,4,0.0225
139,candidate_3,candidate_1,candidate_4,0,4,0.0225
140,candidate_3,candidate_1,candidate_4,candidate_2,4,0.0225
141,candidate_3,candidate_1,candidate_4,candidate_2,4,0.0225
142,candidate_3,candidate_1,candidate_4,candidate_2,4,0.0225
143,candidate_3,candidate_1,candidate_4,candidate_2,4,0.0225
144,candidate_3,candidate_1,candidate_4,candidate_2,4,0.0225
145,candidate_3,candidate_1,candidate_4,candidate_2,4,0.0225
146,0,candidate_1,candidate_4,candidate_2,4,0.0225
147,candidate_3,candidate_1,candidate_4,candidate_2,4,0.0225
148,candidate_3,candidate_1,candidate_4,0,4,0.0225
149,candidate_3,candidate_1,candidate_4,candidate_2,4,0.0225
150,candidate_3,candidate_1,candidate_4,candidate_2,4,0.0225
151,candidate_3,candidate_1,candidate_4,candidate_2,4,0.0225
152,candidate_3,candidate_1,candidate_4,candidate_2,4,0.0225
153,candidate_3,candidate_1,candidate_4,candidate_2,4,0.0225
154,candidate_3,candidate_1,candidate_4,candidate_2,4,0.0225
155,candidate_3,candidate_1,candidate_4,candidate_2,4,0.0225
156,0,candidate_1,candidate_4,candidate_2,4,0.0225
157,candidate_3,candidate_1,candidate_4,candidate_2,4,0.0225
158,candidate_3,candidate_1,candidate_4,candidate_2,4,0.0225
159,0,candidate_1,0,candidate_2,4,0.0225
160,candidate_3,candidate_1,candidate_4,candidate_2,4,0.0225
161,candidate_3,candidate_1,candidate_4,candidate_2,4,0.0225
162,candidate_3,candidate_1,candidate_4,candidate_2,4,0.0225
163,candidate_3,candidate_1,candidate_4,candidate_2,4,0.0225
164,candidate_3,candidate_1,candidate_4,candidate_2,4,0.0225
165,candidate_3,candidate_1,candidate_4,candidate_2,4,0.0225
166,candidate_3,candidate_1,candidate_4,candidate_2,4,0.0225
167,candidate_3,candidate_1,candidate_4,candidate_2,4,0.0225
168,candidate_3,candidate_1,candidate_4,candidate_2,4,0.0225
169,candidate_3,candidate_1,candidate_4,candidate_2,4,0.0225
170,candidate_3,candidate_1,candidate_4,candidate_2,4,0.0225
171,candidate_3,candidate_1,candidate_4,candidate_2,4,0.0225
172,candidate_3,candidate_1,candidate_4,candidate_2,4,0.0225
173,candidate_3,candidate_1,candidate_4,candidate_2,4,0.0225
174,candidate_3,candidate_1,candidate_4,candidate_2,4,0.0225
175,candidate_3,candidate_1,candidate_4,candidate_2,4,0.0225
176,candidate_3,candidate_1,candidate_4,candidate_2,4,0.0225
177,candidate_3,candidate_1,candidate_4,candidate_2,4,0.0225
178,candidate_3,candidate_1,candidate_4,candidate_2,4,0.0225
179,candidate_3,candidate_1,candidate_4,candidate_2,4,0.0225
180,candidate_3,candidate_1,0,candidate_2,4,0.0225
181,candidate_3,candidate_1,candidate_4,candidate_2,4,0.0225
182,candidate_3,candidate_1,candidate_4,candidate_2,4,0.0225
183,candidate_3,candidate_1,candidate_4,candidate_2,4,0.0225
184,candidate_3,candidate_1,candidate_4,candidate_2,4,0.0225
185,candidate_3,candidate_1,candidate_4,candidate_2,4,0.0225
186,candidate_3,candidate_1,candidate_4,candidate_2,4,0.0225
187,candidate_3,candidate_1,candidate_4,candidate_2,4,0.0225
188,candidate_3,candidate_1,candidate_4,candidate_2,4,0.0225
189,candidate_3,candidate_1,candidate_4,candidate_2,4,0.0225
190,candidate_3,0,candidate_4,candidate_2,4,0.0225
191,0,candidate_1,candidate_4,candidate_2,4,0.0225
192,candidate_3,candidate_1,candidate_4,candidate_2,4,0.0225
193,candidate_3,candidate_1,candidate_4,candidate_2,4,0.0225
194,candidate_3,candidate_1,candidate_4,candidate_2,4,0.0225
195,candidate_3,candidate_1,candidate_4,candidate_2,4,0.0225
196,candidate_3,candidate_1,candidate_4,candidate_2,4,0.0225
197,candidate_3,candidate_1,candidate_4,candidate_2,4,0.0225
198,candidate_3,candidate_1,candidate_4,candidate_2,4,0.0225
199,candidate_3,candidate_1,candidate_4,candidate_2,4,0.0225
200,candidate_3,candidate_1,candidate_4,candidate_2,4,0.0225
201,candidate_3,candidate_1,candidate_4,candidate_2,4,0.0225
202,candidate_3,candidate_1,candidate_4,0,4,0.0225
203,candidate_3,candidate_1,candidate_4,candidate_2,4,0.0225
204,candidate_3,candidate_1,candidate_4,candidate_2,4,0.0225
205,candidate_3,candidate_1,candidate_4,candidate_2,4,0.0225
206,candidate_3,candidate_1,candidate_4,candidate_2,4,0.0225
207,candidate_3,candidate_1,candidate_4,candidate_2,4,0.0225
208,candidate_3,candidate_1,candidate_4,candidate_2,4,0.0225
209,candidate_3,candidate_1,candidate_4,candidate_2,4,0.0225
210,candidate_3,candidate_1,candidate_4,candidate_2,4,0.0225
211,candidate_3,candidate_1,candidate_4,0,4,0.0225
212,candidate_3,candidate_1,candidate_4,candidate_2,4,0.0225
213,candidate_3,candidate_1,candidate_4,candidate_2,4,0.0225
214,0,candidate_1,candidate_4,candidate_2,4,0.0225
215,candidate_3,candidate_1,candidate_4,candidate_2,4,0.0225
216,candidate_3,candidate_1,candidate_4,candidate_2,4,0.0225
217,candidate_3,candidate_1,candidate_4,candidate_2,4,0.0225
218,candidate_3,candidate_1,candidate_4,0,4,0.0225
219,candidate_3,candidate_1,candidate_4,candidate_2,4,0.0225
220,candidate_3,candidate_1,candidate_4,candidate_2,4,0.0225
221,candidate_3,candidate_1,candidate_4,candidate_2,4,0.0225
222,candidate_3,candidate_1,candidate_4,candidate_2,4,0.0225
223,candidate_3,candidate_1,candidate_4,candidate_2,4,0.0225
224,candidate_3,candidate_1,candidate_4,candidate_2,4,0.0225
225,candidate_3,candidate_1,candidate_4,candidate_2,4,0.0225
226,candidate_3,candidate_1,candidate_4,candidate_2,4,0.0225
227,candidate_3,candidate_1,candidate_4,candidate_2,4,0.0225
228,candidate_3,candidate_1,candidate_4,candidate_2,4,0.0225
229,candidate_3,candidate_1,candidate_4,candidate_2,4,0.0225
230,candidate_3,candidate_1,candidate_4,candidate_2,4,0.0225
231,candidate_3,candidate_1,candidate_4,candidate_2,4,0.0225
232,candidate_3,candidate_1,candidate_4,candidate_2,4,0.0225
233,candidate_3,candidate_1,candidate_4,candidate_2,4,0.0225
234,candidate_3,candidate_1,candidate_4,candidate_2,4,0.0225
235,candidate_3,candidate_1,candidate_4,candidate_2,4,0.0225
236,candidate_3,candidate_1,candidate_4,candidate_2,4,0.0225
237,candidate_3,candidate_1,candidate_4,candidate_2,4,0.0225
238,candidate_3,candidate_1,candidate_4,candidate_2,4,0.0225
239,candidate_3,candidate_1,candidate_4,candidate_2,4,0.0225
240,candidate_3,candidate_1,candidate_4,candidate_2,4,0.0225
241,candidate_3,candidate_1,candidate_4,candidate_2,4,0.0225
242,candidate_3,candidate_1,candidate_4,candidate_2,4,0.0225
243,candidate_3,candidate_1,candidate_4,candidate_2,4,0.0225
244,candidate_3,candidate_1,candidate_4,candidate_2,4,0.0225
245,candidate_3,candidate_1,candidate_4,candidate_2,4,0.0225
246,0,candidate_1,candidate_4,candidate_2,4,0.0225
247,candidate_3,candidate_1,candidate_4,candidate_2,4,0.0225
248,candidate_3,candidate_1,candidate_4,candidate_2,4,0.0225
249,candidate_3,candidate_1,candidate_4,candidate_2,4,0.0225
250,0,0,candidate_4,candidate_2,4,0.0225
251,candidate_3,candidate_1,candidate_4,candidate_2,4,0.0225
252,candidate_3,0,candidate_4,candidate_2,4,0.0225
253,candidate_3,candidate_1,candidate_4,candidate_2,4,0.0225
254,candidate_3,candidate_1,candidate_4,candidate_2,4,0.0225
255,candidate_3,candidate_1,candidate_4,candidate_2,4,0.0225
256,candidate_3,candidate_1,candidate_4,candidate_2,4,0.0225
257,candidate_3,candidate_1,candidate_4,candidate_2,4,0.0225
258,candidate_3,candidate_1,candidate_4,candidate_2,4,0.0225
259,candidate_3,candidate_1,candidate_4,candidate_2,4,0.0225
260,candidate_3,candidate_1,candidate_4,candidate_2,4,0.0225
261,candidate_3,candidate_1,candidate_4,candidate_2,4,0.0225
262,candidate_3,candidate_1,candidate_4,candidate_2,4,0.0225
263,candidate_3,candidate_1,candidate_4,candidate_2,4,0.0225
264,candidate_3,candidate_1,candidate_4,candidate_2,4,0.0225
265,candidate_3,candidate_1,candidate_4,candidate_2,4,0.0225
266,candidate_3,candidate_1,candidate_4,candidate_2,4,0.0225
267,candidate_3,candidate_1,candidate_4,candidate_2,4,0.0225
268,candidate_3,candidate_1,candidate_4,candidate_2,4,0.0225
269,candidate_3,candidate_1,candidate_4,candidate_2,4,0.0225
270,candidate_3,candidate_1,candidate_4,candidate_2,4,0.0225
271,candidate_3,candidate_1,candidate_4,candidate_2,4,0.0225
272,candidate_3,candidate_1,candidate_4,candidate_2,4,0.0225
273,candidate_3,candidate_1,candidate_4,candidate_2,4,0.0225
274,candidate_3,candidate_1,candidate_4,candidate_2,4,0.0225
275,candidate_3,candidate_1,candidate_4,candidate_2,4,0.0225
276,candidate_3,candidate_1,candidate_4,candidate_2,4,0.0225
277,candidate_3,candidate_1,candidate_4,candidate_2,4,0.0225
278,candidate_3,candidate_1,candidate_4,candidate_2,4,0.0225
279,candidate_3,candidate_1,candidate_4,candidate_2,4,0.0225
280,candidate_3,0,candidate_4,candidate_2,4,0.0225
281,candidate_3,candidate_1,candidate_4,candidate_2,4,0.0225
282,candidate_3,candidate_1,candidate_4,candidate_2,4,0.0225
283,candidate_3,candidate_1,candidate_4,candidate_2,4,0.0225
284,candidate_3,candidate_1,candidate_4,candidate_2,4,0.0225
285,candidate_3,candidate_1,0,candidate_2,4,0.0225
286,candidate_3,candidate_1,candidate_4,candidate_2,4,0.0225
287,candidate_3,candidate_1,candidate_4,candidate_2,4,0.0225
288,candidate_3,candidate_1,candidate_4,candidate_2,4,0.0225
289,candidate_3,candidate_1,candidate_4,candidate_2,4,0.0225
290,candidate_3,candidate_1,candidate_4,candidate_2,4,0.0225
291,candidate_3,candidate_1,candidate_4,candidate_2,4,0.0225
292,candidate_3,candidate_1,candidate_4,candidate_2,4,0.0225
293,candidate_3,candidate_1,candidate_4,candidate_2,4,0.0225
294,candidate_3,candidate_1,candidate_4,candidate_2,4,0.0225
295,candidate_3,candidate_1,candidate_4,candidate_2,4,0.0225
296,candidate_3,candidate_1,candidate_4,candidate_2,4,0.0225
297,0,candidate_1,candidate_4,candidate_2,4,0.0225
298,candidate_3,candidate_1,candidate_4,candidate_2,4,0.0225
299,candidate_3,candidate_1,candidate_4,candidate_2,4,0.0225
300,candidate_3,candidate_1,candidate_4,candidate_2,4,0.0225
301,candidate_3,candidate_1,candidate_4,candidate_2,4,0.0225
302,candidate_3,candidate_1,candidate_4,candidate_2,4,0.0225
303,candidate_3,candidate_1,candidate_4,candidate_2,4,0.0225
304,candidate_3,candidate_1,candidate_4,candidate_2,4,0.0225
305,candidate_3,candidate_1,candidate_4,0,4,0.0225
306,candidate_3,candidate_1,candidate_4,candidate_2,4,0.0225
307,candidate_3,candidate_1,candidate_4,candidate_2,4,0.0225
308,candidate_3,candidate_1,candidate_4,candidate_2,4,0.0225
309,candidate_3,candidate_1,candidate_4,candidate_2,4,0.0225
310,candidate_3,candidate_1,candidate_4,candidate_2,4,0.0225
311,candidate_3,candidate_1,candidate_4,candidate_2,4,0.0225
312,candidate_3,candidate_1,candidate_4,candidate_2,4,0.0225
313,candidate_3,candidate_1,candidate_4,candidate_2,4,0.0225
314,candidate_3,candidate_1,candidate_4,candidate_2,4,0.0225
315,candidate_3,candidate_1,candidate_4,candidate_2,4,0.0225
316,candidate_3,candidate_1,candidate_4,candidate_2,4,0.0225
317,candidate_3,candidate_1,candidate_4,candidate_2,4,0.0225
318,candidate_3,candidate_1,candidate_4,0,4,0.0225
319,candidate_3,candidate_1,candidate_4,candidate_2,4,0.0225
320,candidate_3,candidate_1,candidate_4,candidate_2,4,0.0225
321,candidate_3,candidate_1,candidate_4,candidate_2,4,0.0225
322,candidate_3,candidate_1,candidate_4,candidate_2,4,0.0225
323,candidate_3,candidate_1,candidate_4,candidate_2,4,0.0225
324,candidate_3,candidate_1,candidate_4,candidate_2,4,0.0225
325,candidate_3,candidate_1,candidate_4,candidate_2,4,0.0225
326,candidate_3,candidate_1,candidate_4,candidate_2,4,0.0225
327,candidate_3,candidate_1,candidate_4,candidate_2,4,0.0225
328,candidate_3,candidate_1,candidate_4,candidate_2,4,0.0225
329,candidate_3,candidate_1,candidate_4,candidate_2,4,0.0225
330,candidate_3,candidate_1,candidate_4,candidate_2,4,0.0225
331,candidate_3,candidate_1,candidate_4,candidate_2,4,0.0225
332,candidate_3,candidate_1,candidate_4,candidate_2,4,0.0225
333,candidate_3,candidate_1,candidate_4,candidate_2,4,0.0225
334,candidate_3,candidate_1,candidate_4,candidate_2,4,0.0225
335,candidate_3,candidate_1,candidate_4,candidate_2,4,0.0225
336,candidate_3,candidate_1,candidate_4,candidate_2,4,0.0225
337,candidate_3,candidate_1,candidate_4,candidate_2,4,0.0225
338,candidate_3,candidate_1,candidate_4,candidate_2,4,0.0225
339,candidate_3,candidate_1,candidate_4,candidate_2,4,0.0225
340,candidate_3,0,candidate_4,candidate_2,4,0.0225
341,candidate_3,candidate_1,candidate_4,candidate_2,4,0.0225
342,candidate_3,candidate_1,candidate_4,candidate_2,4,0.0225
343,candidate_3,candidate_1,candidate_4,candidate_2,4,0.0225
344,candidate_3,candidate_1,candidate_4,candidate_2,4,0.0225
345,candidate_3,candidate_1,candidate_4,candidate_2,4,0.0225
346,candidate_3,candidate_1,candidate_4,0,4,0.0225
347,0,candidate_1,candidate_4,candidate_2,4,0.0225
348,candidate_3,candidate_1,candidate_4,candidate_2,4,0.0225
349,candidate_3,candidate_1,candidate_4,candidate_2,4,0.0225
350,candidate_3,candidate_1,candidate_4,candidate_2,4,0.0225
351,candidate_3,candidate_1,candidate_4,candidate_2,4,0.0225
352,candidate_3,candidate_1,candidate_4,candidate_2,4,0.0225
353,candidate_3,candidate_1,candidate_4,candidate_2,4,0.0225
354,candidate_3,candidate_1,candidate_4,candidate_2,4,0.0225
355,candidate_3,candidate_1,candidate_4,candidate_2,4,0.0225
356,candidate_3,candidate_1,candidate_4,candidate_2,4,0.0225
357,candidate_3,candidate_1,candidate_4,candidate_2,4,0.0225
358,candidate_3,candidate_1,candidate_4,candidate_2,4,0.0225
359,candidate_3,candidate_1,candidate_4,candidate_2,4,0.0225
360,candidate_3,candidate_1,candidate_4,candidate_2,4,0.0225
361,candidate_3,candidate_1,candidate_4,candidate_2,4,0.0225
362,candidate_3,candidate_1,candidate_4,candidate_2,4,0.0225
363,candidate_3,candidate_1,candidate_4,candidate_2,4,0.0225
364,candidate_3,candidate_1,candidate_4,candidate_2,4,0.0225
365,candidate_3,candidate_1,0,candidate_2,4,0.0225
366,candidate_3,candidate_1,candidate_4,candidate_2,4,0.0225
367,candidate_3,candidate_1,candidate_4,candidate_2,4,0.0225
368,candidate_3,candidate_1,candidate_4,candidate_2,4,0.0225
369,candidate_3,candidate_1,candidate_4,candidate_2,4,0.0225
370,candidate_3,candidate_1,candidate_4,candidate_2,4,0.0225
371,candidate_3,candidate_1,candidate_4,candidate_2,4,0.0225
372,candidate_3,candidate_1,candidate_4,candidate_2,4,0.0225
373,candidate_3,candidate_1,candidate_4,candidate_2,4,0.0225
374,candidate_3,candidate_1,candidate_4,candidate_2,4,0.0225
375,candidate_3,candidate_1,candidate_4,candidate_2,4,0.0225
376,candidate_3,candidate_1,candidate_4,candidate_2,4,0.0225
377,candidate_3,candidate_1,candidate_4,candidate_2,4,0.0225
378,candidate_3,candidate_1,candidate_4,candidate_2,4,0.0225
379,candidate_3,candidate_1,candidate_4,candidate_2,4,0.0225
380,candidate_3,candidate_1,candidate_4,candidate_2,4,0.0225
381,candidate_3,candidate_1,candidate_4,candidate_2,4,0.0225
382,candidate_3,candidate_1,candidate_4,candidate_2,4,0.0225
383,candidate_3,candidate_1,candidate_4,candidate_2,4,0.0225
384,candidate_3,candidate_1,candidate_4,candidate_2,4,0.0225
385,candidate_3,candidate_1,candidate_4,candidate_2,4,0.0225
386,candidate_3,candidate_1,candidate_4,candidate_2,4,0.0225
387,candidate_3,candidate_1,candidate_4,candidate_2,4,0.0225
388,candidate_3,candidate_1,candidate_4,candidate_2,4,0.0225
389,candidate_3,candidate_1,candidate_4,candidate_2,4,0.0225
390,candidate_3,candidate_1,candidate_4,candidate_2,4,0.0225
391,candidate_3,candidate_1,candidate_4,candidate_2,4,0.0225
392,candidate_3,candidate_1,candidate_4,candidate_2,4,0.0225
393,candidate_3,candidate_1,candidate_4,candidate_2,4,0.0225
394,candidate_3,candidate_1,candidate_4,candidate_2,4,0.0225
395,candidate_3,candidate_1,candidate_4,candidate_2,4,0.0225
396,candidate_3,candidate_1,candidate_4,candidate_2,4,0.0225
397,candidate_3,candidate_1,candidate_4,candidate_2,4,0.0225
398,candidate_3,candidate_1,candidate_4,candidate_2,4,0.0225
399,candidate_3,candidate_1,candidate_4,candidate_2,4,0.0225
400,candidate_3,candidate_1,0,candidate_2,4,0.0225
401,candidate_3,candidate_1,0,candidate_2,4,0.0225
402,candidate_3,candidate_1,candidate_4,candidate_2,4,0.0225
403,candidate_3,candidate_1,candidate_4,candidate_2,4,0.0225
404,candidate_3,candidate_1,candidate_4,candidate_2,4,0.0225
405,candidate_3,candidate_1,candidate_4,candidate_2,4,0.0225
406,candidate_3,candidate_1,candidate_4,candidate_2,4,0.0225
407,candidate_3,candidate_1,candidate_4,candidate_2,4,0.0225
408,candidate_3,candidate_1,candidate_4,candidate_2,4,0.0225
409,candidate_3,candidate_1,candidate_4,candidate_2,4,0.0225
410,candidate_3,candidate_1,candidate_4,candidate_2,4,0.0225
411,candidate_3,candidate_1,candidate_4,candidate_2,4,0.0225
412,candidate_3,candidate_1,candidate_4,candidate_2,4,0.0225
413,candidate_3,candidate_1,0,candidate_2,4,0.0225
414,candidate_3,candidate_1,candidate_4,candidate_2,4,0.0225
415,candidate_3,candidate_1,candidate_4,candidate_2,4,0.0225
416,candidate_3,candidate_1,candidate_4,candidate_2,4,0.0225
417,candidate_3,candidate_1,candidate_4,candidate_2,4,0.0225
418,candidate_3,candidate_1,candidate_4,candidate_2,4,0.0225
419,candidate_3,candidate_1,candidate_4,candidate_2,4,0.0225
420,candidate_3,candidate_1,candidate_4,candidate_2,4,0.0225
421,candidate_3,candidate_1,candidate_4,candidate_2,4,0.0225
422,candidate_3,candidate_1,candidate_4,candidate_2,4,0.0225
423,candidate_3,candidate_1,candidate_4,candidate_2,4,0.0225
424,candidate_3,candidate_1,candidate_4,candidate_2,4,0.0225
425,candidate_3,candidate_1,candidate_4,candidate_2,4,0.0225
426,candidate_3,candidate_1,candidate_4,candidate_2,4,0.0225
427,candidate_3,candidate_1,candidate_4,candidate_2,4,0.0225
428,candidate_3,candidate_1,candidate_4,candidate_2,4,0.0225
429,candidate_3,candidate_1,candidate_4,candidate_2,4,0.0225
430,candidate_3,candidate_1,candidate_4,candidate_2,4,0.0225
431,candidate_3,candidate_1,candidate_4,candidate_2,4,0.0225
432,candidate_3,candidate_1,candidate_4,candidate_2,4,0.0225
433,candidate_3,candidate_1,candidate_4,candidate_2,4,0.0225
434,candidate_3,candidate_1,candidate_4,candidate_2,4,0.0225
435,candidate_3,candidate_1,candidate_4,candidate_2,4,0.0225
436,candidate_3,candidate_1,candidate_4,candidate_2,4,0.0225
437,candidate_3,candidate_1,candidate_4,candidate_2,4,0.0225
438,candidate_3,candidate_1,0,candidate_2,4,0.0225
439,candidate_3,candidate_1,candidate_4,candidate_2,4,0.0225
440,candidate_3,candidate_1,candidate_4,candidate_2,4,0.0225
441,candidate_3,candidate_1,candidate_4,candidate_2,4,0.0225
442,candidate_3,candidate_1,candidate_4,candidate_2,4,0.0225
443,candidate_3,candidate_1,candidate_4,candidate_2,4,0.0225
444,candidate_3,candidate_1,candidate_4,candidate_2,4,0.0225
445,candidate_3,candidate_1,candidate_4,candidate_2,4,0.0225
446,candidate_3,candidate_1,candidate_4,candidate_2,4,0.0225
447,candidate_3,candidate_1,candidate_4,candidate_2,4,0.0225
448,candidate_3,candidate_1,candidate_4,candidate_2,4,0.0225
449,candidate_3,candidate_1,candidate_4,candidate_2,4,0.0225
450,candidate_3,candidate_1,candidate_4,candidate_2,4,0.0225
451,candidate_3,candidate_1,0,candidate_2,4,0.0225
452,candidate_3,candidate_1,candidate_4,candidate_2,4,0.0225
453,candidate_3,candidate_1,candidate_4,candidate_2,4,0.0225
454,candidate_3,candidate_1,candidate_4,candidate_2,4,0.0225
455,candidate_3,candidate_1,candidate_4,candidate_2,4,0.0225
456,candidate_3,candidate_1,candidate_4,candidate_2,4,0.0225
457,candidate_3,candidate_1,candidate_4,candidate_2,4,0.0225
458,candidate_3,candidate_1,candidate_4,candidate_2,4,0.0225
459,candidate_3,candidate_1,candidate_4,candidate_2,4,0.0225
460,candidate_3,candidate_1,candidate_4,candidate_2,4,0.0225
461,candidate_3,candidate_1,candidate_4,candidate_2,4,0.0225
462,candidate_3,candidate_1,candidate_4,candidate_2,4,0.0225
463,candidate_3,candidate_1,candidate_4,candidate_2,4,0.0225
464,candidate_3,candidate_1,candidate_4,candidate_2,4,0.0225
465,candidate_3,candidate_1,0,candidate_2,4,0.0225
466,candidate_3,candidate_1,candidate_4,candidate_2,4,0.0225
467,candidate_3,candidate_1,candidate_4,candidate_2,4,0.0225
468,candidate_3,candidate_1,candidate_4,candidate_2,4,0.0225
469,candidate_3,candidate_1,candidate_4,candidate_2,4,0.0225
470,candidate_3,candidate_1,candidate_4,candidate_2,4,0.0225
471,candidate_3,candidate_1,candidate_4,candidate_2,4,0.0225
472,candidate_3,candidate_1,candidate_4,candidate_2,4,0.0225
473,candidate_3,candidate_1,candidate_4,candidate_2,4,0.0225
474,candidate_3,candidate_1,candidate_4,candidate_2,4,0.0225
475,candidate_3,candidate_1,candidate_4,candidate_2,4,0.0225
476,candidate_3,candidate_1,candidate_4,candidate_2,4,0.0225
477,candidate_3,candidate_1,candidate_4,candidate_2,4,0.0225
478,candidate_3,candidate_1,candidate_4,candidate_2,4,0.0225
479,candidate_3,candidate_1,candidate_4,candidate_2,4,0.0225
480,candidate_3,candidate_1,candidate_4,candidate_2,4,0.0225
481,candidate_3,candidate_1,candidate_4,candidate_2,4,0.0225
482,candidate_3,candidate_1,candidate_4,candidate_2,4,0.0225
483,candidate_3,candidate_1,candidate_4,candidate_2,4,0.0225
484,candidate_3,candidate_1,candidate_4,candidate_2,4,0.0225
485,candidate_3,candidate_1,candidate_4,candidate_2,4,0.0225
486,candidate_3,candidate_1,candidate_4,candidate_2,4,0.0225
487,candidate_3,candidate_1,candidate_4,candidate_2,4,0.0225
488,candidate_3,candidate_1,candidate_4,candidate_2,4,0.0225
489,candidate_3,candidate_1,candidate_4,candidate_2,4,0.0225
490,candidate_3,candidate_1,candidate_4,candidate_2,4,0.0225
491,candidate_3,candidate_1,candidate_4,candidate_2,4,0.0225
492,candidate_3,candidate_1,candidate_4,candidate_2,4,0.0225
493,candidate_3,candidate_1,candidate_4,candidate_2,4,0.0225
494,candidate_3,candidate_1,candidate_4,candidate_2,4,0.0225
495,candidate_3,candidate_1,candidate_4,candidate_2,4,0.0225
496,candidate_3,candidate_1,candidate_4,candidate_2,4,0.0225
497,candidate_3,candidate_1,candidate_4,candidate_2,4,0.0225
498,candidate_3,candidate_1,candidate_4,candidate_2,4,0.0225
499,candidate_3,candidate_1,candidate_4,candidate_2,4,0.0225
500,candidate_3,candidate_1,candidate_4,candidate_2,4,0.0225
501,candidate_3,candidate_1,candidate_4,candidate_2,4,0.0225
502,candidate_3,candidate_1,candidate_4,candidate_2,4,0.0225
503,0,candidate_1,candidate_4,candidate_2,4,0.0225
504,candidate_3,candidate_1,candidate_4,candidate_2,4,0.0225
505,candidate_3,candidate_1,candidate_4,candidate_2,4,0.0225
506,candidate_3,candidate_1,candidate_4,candidate_2,4,0.0225
507,candidate_3,candidate_1,candidate_4,candidate_2,4,0.0225
508,candidate_3,candidate_1,candidate_4,candidate_2,4,0.0225
509,candidate_3,candidate_1,candidate_4,candidate_2,4,0.0225
510,candidate_3,candidate_1,candidate_4,candidate_2,4,0.0225
511,candidate_3,candidate_1,candidate_4,candidate_2,4,0.0225
512,candidate_3,candidate_1,candidate_4,candidate_2,4,0.0225
513,candidate_3,candidate_1,candidate_4,candidate_2,4,0.0225
514,candidate_3,candidate_1,candidate_4,candidate_2,4,0.0225
515,candidate_3,candidate_1,candidate_4,candidate_2,4,0.0225
516,candidate_3,candidate_1,candidate_4,candidate_2,4,0.0225
517,candidate_3,candidate_1,candidate_4,candidate_2,4,0.0225
518,candidate_3,candidate_1,candidate_4,candidate_2,4,0.0225
519,candidate_3,candidate_1,candidate_4,candidate_2,4,0.0225
520,0,candidate_1,0,candidate_2,4,0.0225
521,candidate_3,candidate_1,candidate_4,candidate_2,4,0.0225
522,candidate_3,candidate_1,candidate_4,candidate_2,4,0.0225
523,candidate_3,candidate_1,candidate_4,candidate_2,4,0.0225
524,candidate_3,candidate_1,candidate_4,candidate_2,4,0.0225
525,candidate_3,candidate_1,candidate_4,candidate_2,4,0.0225
526,candidate_3,candidate_1,candidate_4,candidate_2,4,0.0225
527,candidate_3,candidate_1,candidate_4,candidate_2,4,0.0225
528,candidate_3,candidate_1,candidate_4,candidate_2,4,0.0225
529,candidate_3,candidate_1,candidate_4,candidate_2,4,0.0225
530,candidate_3,candidate_1,candidate_4,candidate_2,4,0.0225
531,candidate_3,candidate_1,candidate_4,candidate_2,4,0.0225
532,candidate_3,candidate_1,candidate_4,candidate_2,4,0.0225
533,candidate_3,candidate_1,candidate_4,candidate_2,4,0.0225
534,candidate_3,candidate_1,candidate_4,candidate_2,4,0.0225
535,candidate_3,candidate_1,candidate_4,candidate_2,4,0.0225
536,candidate_3,candidate_1,candidate_4,candidate_2,4,0.0225
537,candidate_3,candidate_1,candidate_4,candidate_2,4,0.0225
538,candidate_3,candidate_1,candidate_4,candidate_2,4,0.0225
539,candidate_3,candidate_1,candidate_4,candidate_2,4,0.0225
540,candidate_3,candidate_1,candidate_4,candidate_2,4,0.0225
541,candidate_3,candidate_1,candidate_4,candidate_2,4,0.0225
542,candidate_3,candidate_1,candidate_4,candidate_2,4,0.0225
543,candidate_3,candidate_1,candidate_4,candidate_2,4,0.0225
544,candidate_3,candidate_1,candidate_4,candidate_2,4,0.0225
545,candidate_3,candidate_1,candidate_4,candidate_2,4,0.0225
546,candidate_3,candidate_1,candidate_4,candidate_2,4,0.0225
547,candidate_3,candidate_1,candidate_4,candidate_2,4,0.0225
548,candidate_3,candidate_1,candidate_4,candidate_2,4,0.0225
549,candidate_3,candidate_1,candidate_4,candidate_2,4,0.0225
550,candidate_3,candidate_1,candidate_4,candidate_2,4,0.0225
551,candidate_3,candidate_1,candidate_4,candidate_2,4,0.0225
552,candidate_3,candidate_1,candidate_4,candidate_2,4,0.0225
553,candidate_3,candidate_1,candidate_4,candidate_2,4,0.0225
554,candidate_3,candidate_1,candidate_4,candidate_2,4,0.0225
555,candidate_3,candidate_1,candidate_4,candidate_2,4,0.0225
556,candidate_3,0,candidate_4,candidate_2,4,0.0225
557,candidate_3,candidate_1,candidate_4,candidate_2,4,0.0225
558,candidate_3,candidate_1,candidate_4,candidate_2,4,0.0225
559,candidate_3,candidate_1,candidate_4,candidate_2,4,0.0225
560,candidate_3,candidate_1,candidate_4,candidate_2,4,0.0225
561,candidate_3,candidate_1,candidate_4,candidate_2,4,0.0225
562,candidate_3,candidate_1,candidate_4,candidate_2,4,0.0225
563,candidate_3,candidate_1,candidate_4,candidate_2,4,0.0225
564,candidate_3,candidate_1,candidate_4,candidate_2,4,0.0225
565,candidate_3,candidate_1,candidate_4,candidate_2,4,0.0225
566,candidate_3,candidate_1,candidate_4,candidate_2,4,0.0225
567,candidate_3,candidate_1,candidate_4,candidate_2,4,0.0225
568,candidate_3,candidate_1,candidate_4,candidate_2,4,0.0225
569,candidate_3,candidate_1,candidate_4,candidate_2,4,0.0225
570,candidate_3,candidate_1,candidate_4,candidate_2,4,0.0225
571,candidate_3,candidate_1,candidate_4,candidate_2,4,0.0225
572,candidate_3,candidate_1,candidate_4,candidate_2,4,0.0225
573,candidate_3,candidate_1,candidate_4,candidate_2,4,0.0225
574,candidate_3,candidate_1,candidate_4,candidate_2,4,0.0225
575,candidate_3,candidate_1,candidate_4,candidate_2,4,0.0225
576,candidate_3,candidate_1,candidate_4,candidate_2,4,0.0225
577,candidate_3,candidate_1,candidate_4,candidate_2,4,0.0225
578,candidate_3,candidate_1,candidate_4,candidate_2,4,0.0225
579,candidate_3,candidate_1,candidate_4,candidate_2,4,0.0225
580,candidate_3,candidate_1,candidate_4,candidate_2,4,0.0225
581,candidate_3,candidate_1,candidate_4,candidate_2,4,0.0225
582,candidate_3,candidate_1,candidate_4,candidate_2,4,0.0225
583,candidate_3,candidate_1,candidate_4,candidate_2,4,0.0225
584,candidate_3,candidate_1,candidate_4,0,4,0.0225
585,candidate_3,candidate_1,candidate_4,candidate_2,4,0.0225
586,candidate_3,candidate_1,candidate_4,candidate_2,4,0.0225
587,candidate_3,candidate_1,candidate_4,candidate_2,4,0.0225
588,candidate_3,candidate_1,candidate_4,candidate_2,4,0.0225
589,candidate_3,candidate_1,candidate_4,candidate_2,4,0.0225
590,candidate_3,candidate_1,candidate_4,candidate_2,4,0.0225
591,candidate_3,candidate_1,candidate_4,candidate_2,4,0.0225
592,candidate_3,candidate_1,candidate_4,candidate_2,4,0.0225
593,candidate_3,candidate_1,candidate_4,candidate_2,4,0.0225
594,candidate_3,candidate_1,candidate_4,candidate_2,4,0.0225
595,candidate_3,candidate_1,0,candidate_2,4,0.0225
596,candidate_3,candidate_1,candidate_4,0,4,0.0225
597,candidate_3,candidate_1,0,candidate_2,4,0.0225
598,candidate_3,candidate_1,candidate_4,candidate_2,4,0.0225
599,candidate_3,candidate_1,candidate_4,candidate_2,4,0.0225
600,candidate_3,candidate_1,candidate_4,candidate_2,4,0.0225
601,candidate_3,candidate_1,candidate_4,candidate_2,4,0.0225
602,candidate_3,candidate_1,candidate_4,candidate_2,4,0.0225
603,candidate_3,candidate_1,candidate_4,candidate_2,4,0.0225
604,candidate_3,candidate_1,candidate_4,candidate_2,4,0.0225
605,candidate_3,candidate_1,candidate_4,candidate_2,4,0.0225
606,candidate_3,candidate_1,candidate_4,candidate_2,4,0.0225
607,candidate_3,candidate_1,candidate_4,candidate_2,4,0.0225
608,candidate_3,candidate_1,candidate_4,candidate_2,4,0.0225
609,candidate_3,candidate_1,candidate_4,0,4,0.0225
610,candidate_3,candidate_1,candidate_4,candidate_2,4,0.0225
611,candidate_3,candidate_1,candidate_4,candidate_2,4,0.0225
612,candidate_3,candidate_1,candidate_4,candidate_2,4,0.0225
613,candidate_3,candidate_1,candidate_4,0,4,0.0225
614,candidate_3,candidate_1,candidate_4,candidate_2,4,0.0225
615,0,candidate_1,candidate_4,candidate_2,4,0.0225
616,candidate_3,candidate_1,candidate_4,candidate_2,4,0.0225
617,candidate_3,candidate_1,candidate_4,candidate_2,4,0.0225
618,candidate_3,candidate_1,candidate_4,candidate_2,4,0.0225
619,candidate_3,candidate_1,candidate_4,candidate_2,4,0.0225
620,candidate_3,candidate_1,candidate_4,0,4,0.0225
621,candidate_3,candidate_1,candidate_4,candidate_2,4,0.0225
622,candidate_3,candidate_1,candidate_4,candidate_2,4,0.0225
623,candidate_3,candidate_1,candidate_4,candidate_2,4,0.0225
624,candidate_3,candidate_1,candidate_4,candidate_2,4,0.0225
625,candidate_3,candidate_1,candidate_4,candidate_2,4,0.0225
626,candidate_3,candidate_1,candidate_4,candidate_2,4,0.0225
627,candidate_3,candidate_1,candidate_4,candidate_2,4,0.0225
628,candidate_3,candidate_1,0,candidate_2,4,0.0225
629,candidate_3,candidate_1,candidate_4,candidate_2,4,0.0225
630,0,candidate_1,candidate_4,candidate_2,4,0.0225
631,candidate_3,candidate_1,candidate_4,candidate_2,4,0.0225
632,candidate_3,candidate_1,candidate_4,candidate_2,4,0.0225
633,candidate_3,candidate_1,candidate_4,candidate_2,4,0.0225
634,candidate_3,candidate_1,candidate_4,candidate_2,4,0.0225
635,candidate_3,candidate_1,candidate_4,candidate_2,4,0.0225
636,candidate_3,candidate_1,candidate_4,candidate_2,4,0.0225
637,candidate_3,candidate_1,candidate_4,candidate_2,4,0.0225
638,candidate_3,candidate_1,candidate_4,candidate_2,4,0.0225
639,candidate_3,candidate_1,candidate_4,candidate_2,4,0.0225
640,candidate_3,candidate_1,candidate_4,candidate_2,4,0.0225
641,candidate_3,candidate_1,candidate_4,candidate_2,4,0.0225
642,candidate_3,candidate_1,candidate_4,candidate_2,4,0.0225
643,candidate_3,candidate_1,candidate_4,candidate_2,4,0.0225
644,candidate_3,candidate_1,candidate_4,candidate_2,4,0.0225
645,candidate_3,candidate_1,candidate_4,candidate_2,4,0.0225
646,candidate_3,candidate_1,candidate_4,candidate_2,4,0.0225
647,candidate_3,candidate_1,0,candidate_2,4,0.0225
648,candidate_3,candidate_1,candidate_4,candidate_2,4,0.0225
649,0,candidate_1,candidate_4,candidate_2,4,0.0225
650,0,candidate_1,candidate_4,candidate_2,4,0.0225
651,candidate_3,candidate_1,candidate_4,candidate_2,4,0.0225
652,candidate_3,candidate_1,candidate_4,candidate_2,4,0.0225
653,candidate_3,candidate_1,candidate_4,candidate_2,4,0.0225
654,candidate_3,candidate_1,candidate_4,candidate_2,4,0.0225
655,candidate_3,candidate_1,candidate_4,candidate_2,4,0.0225
656,candidate_3,candidate_1,candidate_4,candidate_2,4,0.0225
657,candidate_3,candidate_1,candidate_4,candidate_2,4,0.0225
658,candidate_3,candidate_1,candidate_4,candidate_2,4,0.0225
659,candidate_3,candidate_1,candidate_4,candidate_2,4,0.0225
660,0,candidate_1,candidate_4,candidate_2,4,0.0225
661,candidate_3,candidate_1,candidate_4,candidate_2,4,0.0225
662,candidate_3,candidate_1,candidate_4,candidate_2,4,0.0225
663,candidate_3,candidate_1,candidate_4,candidate_2,4,0.0225
664,candidate_3,candidate_1,candidate_4,candidate_2,4,0.0225
665,candidate_3,candidate_1,candidate_4,candidate_2,4,0.0225
666,candidate_3,candidate_1,candidate_4,candidate_2,4,0.0225
667,candidate_3,candidate_1,candidate_4,candidate_2,4,0.0225
668,candidate_3,candidate_1,candidate_4,candidate_2,4,0.0225
669,candidate_3,candidate_1,candidate_4,candidate_2,4,0.0225
670,0,candidate_1,candidate_4,candidate_2,4,0.0225
671,candidate_3,candidate_1,candidate_4,candidate_2,4,0.0225
672,candidate_3,candidate_1,candidate_4,candidate_2,4,0.0225
673,candidate_3,candidate_1,candidate_4,candidate_2,4,0.0225
674,candidate_3,candidate_1,candidate_4,candidate_2,4,0.0225
675,candidate_3,candidate_1,candidate_4,candidate_2,4,0.0225
676,candidate_3,candidate_1,candidate_4,candidate_2,4,0.0225
677,candidate_3,candidate_1,candidate_4,0,4,0.0225
678,candidate_3,candidate_1,candidate_4,candidate_2,4,0.0225
679,candidate_3,candidate_1,0,candidate_2,4,0.0225
680,candidate_3,candidate_1,candidate_4,candidate_2,4,0.0225
681,candidate_3,candidate_1,candidate_4,candidate_2,4,0.0225
682,candidate_3,candidate_1,candidate_4,candidate_2,4,0.0225
683,candidate_3,candidate_1,candidate_4,candidate_2,4,0.0225
684,candidate_3,candidate_1,candidate_4,candidate_2,4,0.0225
685,candidate_3,candidate_1,candidate_4,candidate_2,4,0.0225
686,candidate_3,candidate_1,candidate_4,candidate_2,4,0.0225
687,candidate_3,candidate_1,candidate_4,candidate_2,4,0.0225
688,candidate_3,candidate_1,0,0,4,0.0225
689,candidate_3,candidate_1,candidate_4,candidate_2,4,0.0225
690,candidate_3,candidate_1,candidate_4,candidate_2,4,0.0225
691,candidate_3,candidate_1,candidate_4,candidate_2,4,0.0225
692,candidate_3,candidate_1,candidate_4,candidate_2,4,0.0225
693,candidate_3,candidate_1,candidate_4,candidate_2,4,0.0225
694,candidate_3,candidate_1,candidate_4,candidate_2,4,0.0225
695,candidate_3,candidate_1,candidate_4,candidate_2,4,0.0225
696,candidate_3,candidate_1,candidate_4,candidate_2,4,0.0225
697,candidate_3,candidate_1,candidate_4,candidate_2,4,0.0225
698,candidate_3,candidate_1,candidate_4,candidate_2,4,0.0225
699,candidate_3,candidate_1,candidate_4,candidate_2,4,0.0225
700,candidate_3,candidate_1,candidate_4,candidate_2,4,0.0225
701,candidate_3,candidate_1,candidate_4,candidate_2,4,0.0225
702,candidate_3,candidate_1,candidate_4,candidate_2,4,0.0225
703,candidate_3,0,candidate_4,candidate_2,4,0.0225
704,candidate_3,candidate_1,candidate_4,candidate_2,4,0.0225
705,candidate_3,candidate_1,candidate_4,candidate_2,4,0.0225
706,candidate_3,candidate_1,candidate_4,candidate_2,4,0.0225
707,candidate_3,candidate_1,candidate_4,candidate_2,4,0.0225
708,candidate_3,candidate_1,candidate_4,candidate_2,4,0.0225
709,candidate_3,candidate_1,candidate_4,candidate_2,4,0.0225
710,candidate_3,candidate_1,candidate_4,candidate_2,4,0.0225
711,candidate_3,candidate_1,candidate_4,candidate_2,4,0.0225
712,candidate_3,candidate_1,candidate_4,candidate_2,4,0.0225
713,candidate_3,candidate_1,candidate_4,candidate_2,4,0.0225
714,candidate_3,candidate_1,candidate_4,candidate_2,4,0.0225
715,candidate_3,candidate_1,candidate_4,candidate_2,4,0.0225
716,candidate_3,candidate_1,candidate_4,candidate_2,4,0.0225
717,candidate_3,candidate_1,candidate_4,candidate_2,4,0.0225
718,candidate_3,candidate_1,candidate_4,candidate_2,4,0.0225
719,candidate_3,candidate_1,candidate_4,candidate_2,4,0.0225
720,candidate_3,candidate_1,candidate_4,0,4,0.0225
721,candidate_3,candidate_1,candidate_4,candidate_2,4,0.0225
722,candidate_3,candidate_1,candidate_4,candidate_2,4,0.0225
723,candidate_3,candidate_1,candidate_4,candidate_2,4,0.0225
724,candidate_3,candidate_1,candidate_4,candidate_2,4,0.0225
725,candidate_3,candidate_1,candidate_4,candidate_2,4,0.0225
726,candidate_3,candidate_1,candidate_4,candidate_2,4,0.0225
727,candidate_3,candidate_1,candidate_4,candidate_2,4,0.0225
728,candidate_3,candidate_1,candidate_4,candidate_2,4,0.0225
729,candidate_3,candidate_1,candidate_4,candidate_2,4,0.0225
730,candidate_3,candidate_1,candidate_4,candidate_2,4,0.0225
731,candidate_3,candidate_1,candidate_4,candidate_2,4,0.0225
732,candidate_3,candidate_1,candidate_4,candidate_2,4,0.0225
733,candidate_3,candidate_1,candidate_4,candidate_2,4,0.0225
734,candidate_3,candidate_1,candidate_4,candidate_2,4,0.0225
735,candidate_3,0,candidate_4,candidate_2,4,0.0225
736,candidate_3,candidate_1,candidate_4,candidate_2,4,0.0225
737,candidate_3,candidate_1,candidate_4,candidate_2,4,0.0225
738,candidate_3,candidate_1,candidate_4,candidate_2,4,0.0225
739,candidate_3,candidate_1,candidate_4,candidate_2,4,0.0225
740,candidate_3,candidate_1,candidate_4,candidate_2,4,0.0225
741,candidate_3,candidate_1,candidate_4,candidate_2,4,0.0225
742,candidate_3,0,candidate_4,candidate_2,4,0.0225
743,candidate_3,candidate_1,candidate_4,candidate_2,4,0.0225
744,candidate_3,candidate_1,candidate_4,candidate_2,4,0.0225
745,candidate_3,candidate_1,candidate_4,candidate_2,4,0.0225
746,candidate_3,candidate_1,0,candidate_2,4,0.0225
747,candidate_3,candidate_1,candidate_4,candidate_2,4,0.0225
748,candidate_3,candidate_1,candidate_4,candidate_2,4,0.0225
749,candidate_3,candidate_1,candidate_4,candidate_2,4,0.0225
750,candidate_3,candidate_1,0,candidate_2,4,0.0225
751,candidate_3,candidate_1,candidate_4,candidate_2,4,0.0225
752,candidate_3,candidate_1,candidate_4,candidate_2,4,0.0225
753,candidate_3,candidate_1,candidate_4,candidate_2,4,0.0225
754,candidate_3,candidate_1,candidate_4,candidate_2,4,0.0225
755,candidate_3,candidate_1,candidate_4,candidate_2,4,0.0225
756,candidate_3,candidate_1,candidate_4,candidate_2,4,0.0225
757,candidate_3,candidate_1,candidate_4,candidate_2,4,0.0225
758,candidate_3,candidate_1,candidate_4,candidate_2,4,0.0225
759,candidate_3,candidate_1,candidate_4,candidate_2,4,0.0225
760,candidate_3,candidate_1,candidate_4,candidate_2,4,0.0225
761,candidate_3,candidate_1,candidate_4,candidate_2,4,0.0225
762,candidate_3,candidate_1,candidate_4,candidate_2,4,0.0225
763,candidate_3,candidate_1,candidate_4,candidate_2,4,0.0225
764,candidate_3,candidate_1,candidate_4,candidate_2,4,0.0225
765,candidate_3,candidate_1,candidate_4,candidate_2,4,0.0225
766,candidate_3,candidate_1,0,candidate_2,4,0.0225
767,candidate_3,candidate_1,candidate_4,candidate_2,4,0.0225
768,candidate_3,candidate_1,candidate_4,candidate_2,4,0.0225
769,candidate_3,candidate_1,candidate_4,candidate_2,4,0.0225
770,candidate_3,candidate_1,candidate_4,candidate_2,4,0.0225
771,candidate_3,candidate_1,candidate_4,candidate_2,4,0.0225
772,candidate_3,candidate_1,candidate_4,candidate_2,4,0.0225
773,candidate_3,candidate_1,candidate_4,candidate_2,4,0.0225
774,candidate_3,0,candidate_4,candidate_2,4,0.0225
775,0,candidate_1,candidate_4,candidate_2,4,0.0225
776,candidate_3,candidate_1,candidate_4,candidate_2,4,0.0225
777,candidate_3,candidate_1,candidate_4,candidate_2,4,0.0225
778,candidate_3,candidate_1,candidate_4,candidate_2,4,0.0225
779,candidate_3,candidate_1,candidate_4,candidate_2,4,0.0225
780,candidate_3,candidate_1,candidate_4,candidate_2,4,0.0225
781,candidate_3,candidate_1,candidate_4,candidate_2,4,0.0225
782,candidate_3,candidate_1,candidate_4,candidate_2,4,0.0225
783,candidate_3,candidate_1,candidate_4,candidate_2,4,0.0225
784,candidate_3,candidate_1,candidate_4,candidate_2,4,0.0225
785,candidate_3,candidate_1,candidate_4,candidate_2,4,0.0225
786,candidate_3,candidate_1,candidate_4,candidate_2,4,0.0225
787,candidate_3,candidate_1,candidate_4,candidate_2,4,0.0225
788,candidate_3,candidate_1,candidate_4,candidate_2,4,0.0225
789,candidate_3,candidate_1,candidate_4,candidate_2,4,0.0225
790,candidate_3,candidate_1,candidate_4,candidate_2,4,0.0225
791,candidate_3,candidate_1,candidate_4,candidate_2,4,0.0225
792,candidate_3,candidate_1,candidate_4,candidate_2,4,0.0225
793,candidate_3,candidate_1,candidate_4,candidate_2,4,0.0225
794,candidate_3,candidate_1,candidate_4,candidate_2,4,0.0225
795,candidate_3,candidate_1,candidate_4,candidate_2,4,0.0225
796,candidate_3,candidate_1,candidate_4,candidate_2,4,0.0225
797,candidate_3,candidate_1,candidate_4,candidate_2,4,0.0225
798,candidate_3,candidate_1,candidate_4,candidate_2,4,0.0225
799,candidate_3,candidate_1,candidate_4,candidate_2,4,0.0225
800,candidate_3,candidate_1,candidate_4,candidate_2,4,0.0225
801,candidate_3,candidate_1,candidate_4,candidate_2,4,0.0225
802,candidate_3,candidate_1,candidate_4,candidate_2,4,0.0225
803,candidate_3,candidate_1,candidate_4,candidate_2,4,0.0225
804,candidate_3,candidate_1,candidate_4,candidate_2,4,0.0225
805,candidate_3,candidate_1,candidate_4,candidate_2,4,0.0225
806,candidate_3,candidate_1,candidate_4,candidate_2,4,0.0225
807,candidate_3,candidate_1,candidate_4,candidate_2,4,0.0225
808,candidate_3,candidate_1,candidate_4,candidate_2,4,0.0225
809,0,candidate_1,candidate_4,candidate_2,4,0.0225
810,candidate_3,candidate_1,candidate_4,candidate_2,4,0.0225
811,candidate_3,candidate_1,candidate_4,candidate_2,4,0.0225
812,candidate_3,candidate_1,candidate_4,candidate_2,4,0.0225
813,candidate_3,candidate_1,candidate_4,candidate_2,4,0.0225
814,candidate_3,candidate_1,candidate_4,candidate_2,4,0.0225
815,candidate_3,candidate_1,candidate_4,candidate_2,4,0.0225
816,candidate_3,candidate_1,candidate_4,candidate_2,4,0.0225
817,candidate_3,candidate_1,candidate_4,candidate_2,4,0.0225
818,candidate_3,candidate_1,candidate_4,candidate_2,4,0.0225
819,candidate_3,candidate_1,candidate_4,candidate_2,4,0.0225
820,candidate_3,candidate_1,candidate_4,candidate_2,4,0.0225
821,candidate_3,candidate_1,candidate_4,candidate_2,4,0.0225
822,candidate_3,candidate_1,candidate_4,candidate_2,4,0.0225
823,candidate_3,candidate_1,candidate_4,candidate_2,4,0.0225
824,candidate_3,candidate_1,candidate_4,candidate_2,4,0.0225
825,candidate_3,candidate_1,candidate_4,candidate_2,4,0.0225
826,candidate_3,candidate_1,candidate_4,candidate_2,4,0.0225
827,candidate_3,candidate_1,candidate_4,candidate_2,4,0.0225
828,candidate_3,candidate_1,candidate_4,candidate_2,4,0.0225
829,candidate_3,candidate_1,candidate_4,candidate_2,4,0.0225
830,candidate_3,candidate_1,candidate_4,candidate_2,4,0.0225
831,0,candidate_1,candidate_4,candidate_2,4,0.0225
832,candidate_3,candidate_1,candidate_4,candidate_2,4,0.0225
833,candidate_3,candidate_1,candidate_4,candidate_2,4,0.0225
834,candidate_3,candidate_1,candidate_4,candidate_2,4,0.0225
835,candidate_3,candidate_1,candidate_4,candidate_2,4,0.0225
836,candidate_3,candidate_1,candidate_4,candidate_2,4,0.0225
837,candidate_3,candidate_1,candidate_4,candidate_2,4,0.0225
838,candidate_3,candidate_1,candidate_4,candidate_2,4,0.0225
839,candidate_3,candidate_1,candidate_4,candidate_2,4,0.0225
840,candidate_3,candidate_1,candidate_4,candidate_2,4,0.0225
841,candidate_3,candidate_1,candidate_4,candidate_2,4,0.0225
842,candidate_3,candidate_1,candidate_4,candidate_2,4,0.0225
843,candidate_3,candidate_1,candidate_4,candidate_2,4,0.0225
844,candidate_3,candidate_1,candidate_4,candidate_2,4,0.0225
845,candidate_3,candidate_1,candidate_4,candidate_2,4,0.0225
846,candidate_3,candidate_1,candidate_4,candidate_2,4,0.0225
847,candidate_3,candidate_1,candidate_4,candidate_2,4,0.0225
848,candidate_3,candidate_1,candidate_4,candidate_2,4,0.0225
849,candidate_3,candidate_1,candidate_4,candidate_2,4,0.0225
850,candidate_3,candidate_1,candidate_4,candidate_2,4,0.0225
851,candidate_3,candidate_1,0,candidate_2,4,0.0225
852,candidate_3,candidate_1,candidate_4,candidate_2,4,0.0225
853,candidate_3,candidate_1,candidate_4,candidate_2,4,0.0225
854,candidate_3,candidate_1,candidate_4,candidate_2,4,0.0225
855,candidate_3,candidate_1,candidate_4,candidate_2,4,0.0225
856,0,candidate_1,candidate_4,candidate_2,4,0.0225
857,candidate_3,candidate_1,candidate_4,candidate_2,4,0.0225
858,candidate_3,candidate_1,candidate_4,candidate_2,4,0.0225
859,candidate_3,candidate_1,candidate_4,candidate_2,4,0.0225
860,candidate_3,candidate_1,candidate_4,candidate_2,4,0.0225
861,candidate_3,candidate_1,candidate_4,candidate_2,4,0.0225
862,candidate_3,candidate_1,candidate_4,candidate_2,4,0.0225
863,candidate_3,candidate_1,candidate_4,candidate_2,4,0.0225
864,candidate_3,candidate_1,candidate_4,candidate_2,4,0.0225
865,candidate_3,candidate_1,candidate_4,candidate_2,4,0.0225
866,candidate_3,candidate_1,candidate_4,candidate_2,4,0.0225
867,candidate_3,candidate_1,candidate_4,candidate_2,4,0.0225
868,candidate_3,candidate_1,candidate_4,0,4,0.0225
869,candidate_3,candidate_1,candidate_4,candidate_2,4,0.0225
870,candidate_3,0,candidate_4,candidate_2,4,0.0225
871,candidate_3,candidate_1,candidate_4,candidate_2,4,0.0225
872,candidate_3,candidate_1,candidate_4,candidate_2,4,0.0225
873,candidate_3,candidate_1,candidate_4,candidate_2,4,0.0225
874,candidate_3,candidate_1,candidate_4,candidate_2,4,0.0225
875,candidate_3,candidate_1,candidate_4,candidate_2,4,0.0225
876,candidate_3,candidate_1,candidate_4,candidate_2,4,0.0225
877,candidate_3,candidate_1,candidate_4,candidate_2,4,0.0225
878,candidate_3,candidate_1,candidate_4,candidate_2,4,0.0225
879,candidate_3,candidate_1,candidate_4,candidate_2,4,0.0225
880,candidate_3,candidate_1,candidate_4,candidate_2,4,0.0225
881,candidate_3,candidate_1,candidate_4,candidate_2,4,0.0225
882,candidate_3,candidate_1,candidate_4,candidate_2,4,0.0225
883,candidate_3,candidate_1,candidate_4,candidate_2,4,0.0225
884,0,candidate_1,candidate_4,candidate_2,4,0.0225
885,candidate_3,candidate_1,candidate_4,candidate_2,4,0.0225
886,candidate_3,candidate_1,candidate_4,candidate_2,4,0.0225
887,candidate_3,0,candidate_4,0,4,0.0225
888,candidate_3,candidate_1,candidate_4,candidate_2,4,0.0225
889,candidate_3,candidate_1,candidate_4,candidate_2,4,0.0225
890,candidate_3,candidate_1,candidate_4,candidate_2,4,0.0225
891,candidate_3,candidate_1,candidate_4,candidate_2,4,0.0225
892,candidate_3,candidate_1,candidate_4,candidate_2,4,0.0225
893,candidate_3,candidate_1,candidate_4,candidate_2,4,0.0225
894,candidate_3,candidate_1,candidate_4,candidate_2,4,0.0225
895,candidate_3,candidate_1,candidate_4,candidate_2,4,0.0225
896,candidate_3,candidate_1,0,0,4,0.0225
897,candidate_3,candidate_1,candidate_4,candidate_2,4,0.0225
898,candidate_3,candidate_1,candidate_4,candidate_2,4,0.0225
899,candidate_3,candidate_1,candidate_4,candidate_2,4,0.0225
900,candidate_3,candidate_1,candidate_4,candidate_2,4,0.0225
901,candidate_3,candidate_1,candidate_4,candidate_2,4,0.0225
902,candidate_3,candidate_1,candidate_4,candidate_2,4,0.0225
903,candidate_3,candidate_1,candidate_4,candidate_2,4,0.0225
904,candidate_3,candidate_1,candidate_4,candidate_2,4,0.0225
905,candidate_3,candidate_1,candidate_4,candidate_2,4,0.0225
906,candidate_3,candidate_1,candidate_4,candidate_2,4,0.0225
907,candidate_3,candidate_1,candidate_4,candidate_2,4,0.0225
908,candidate_3,candidate_1,candidate_4,candidate_2,4,0.0225
909,candidate_3,candidate_1,candidate_4,candidate_2,4,0.0225
910,candidate_3,candidate_1,candidate_4,candidate_2,4,0.0225
911,0,candidate_1,candidate_4,candidate_2,4,0.0225
912,candidate_3,candidate_1,candidate_4,candidate_2,4,0.0225
913,candidate_3,candidate_1,candidate_4,candidate_2,4,0.0225
914,candidate_3,candidate_1,candidate_4,candidate_2,4,0.0225
915,candidate_3,candidate_1,candidate_4,candidate_2,4,0.0225
916,candidate_3,candidate_1,candidate_4,candidate_2,4,0.0225
917,candidate_3,candidate_1,candidate_4,candidate_2,4,0.0225
918,0,candidate_1,0,candidate_2,4,0.0225
919,candidate_3,candidate_1,candidate_4,candidate_2,4,0.0225
920,candidate_3,candidate_1,candidate_4,candidate_2,4,0.0225
921,candidate_3,candidate_1,candidate_4,candidate_2,4,0.0225
922,candidate_3,candidate_1,candidate_4,candidate_2,4,0.0225
923,candidate_3,candidate_1,candidate_4,candidate_2,4,0.0225
924,candidate_3,candidate_1,candidate_4,candidate_2,4,0.0225
925,candidate_3,candidate_1,candidate_4,candidate_2,4,0.0225
926,candidate_3,candidate_1,candidate_4,candidate_2,4,0.0225
927,candidate_3,candidate_1,candidate_4,candidate_2,4,0.0225
928,candidate_3,0,candidate_4,candidate_2,4,0.0225
929,candidate_3,candidate_1,candidate_4,candidate_2,4,0.0225
930,candidate_3,candidate_1,candidate_4,candidate_2,4,0.0225
931,candidate_3,candidate_1,candidate_4,candidate_2,4,0.0225
932,candidate_3,candidate_1,candidate_4,candidate_2,4,0.0225
933,candidate_3,candidate_1,candidate_4,candidate_2,4,0.0225
934,candidate_3,candidate_1,candidate_4,candidate_2,4,0.0225
935,candidate_3,candidate_1,candidate_4,candidate_2,4,0.0225
936,candidate_3,candidate_1,candidate_4,candidate_2,4,0.0225
937,candidate_3,candidate_1,candidate_4,candidate_2,4,0.0225
938,candidate_3,candidate_1,candidate_4,candidate_2,4,0.0225
939,candidate_3,candidate_1,candidate_4,candidate_2,4,0.0225
940,candidate_3,candidate_1,candidate_4,candidate_2,4,0.0225
941,candidate_3,candidate_1,candidate_4,candidate_2,4,0.0225
942,candidate_3,candidate_1,candidate_4,candidate_2,4,0.0225
943,candidate_3,candidate_1,candidate_4,candidate_2,4,0.0225
944,candidate_3,candidate_1,candidate_4,candidate_2,4,0.0225
945,candidate_3,candidate_1,candidate_4,candidate_2,4,0.0225
946,candidate_3,candidate_1,candidate_4,candidate_2,4,0.0225
947,candidate_3,candidate_1,candidate_4,candidate_2,4,0.0225
948,candidate_3,candidate_1,candidate_4,candidate_2,4,0.0225
949,candidate_3,candidate_1,candidate_4,candidate_2,4,0.0225
950,candidate_3,candidate_1,candidate_4,candidate_2,4,0.0225
951,candidate_3,candidate_1,candidate_4,candidate_2,4,0.0225
952,candidate_3,candidate_1,candidate_4,candidate_2,4,0.0225
953,candidate_3,candidate_1,candidate_4,candidate_2,4,0.0225
954,candidate_3,candidate_1,candidate_4,candidate_2,4,0.0225
955,candidate_3,candidate_1,candidate_4,candidate_2,4,0.0225
956,candidate_3,candidate_1,candidate_4,candidate_2,4,0.0225
957,candidate_3,candidate_1,candidate_4,candidate_2,4,0.0225
958,candidate_3,candidate_1,candidate_4,candidate_2,4,0.0225
959,candidate_3,candidate_1,candidate_4,candidate_2,4,0.0225
960,candidate_3,candidate_1,candidate_4,candidate_2,4,0.0225
961,candidate_3,candidate_1,candidate_4,candidate_2,4,0.0225
962,candidate_3,candidate_1,candidate_4,candidate_2,4,0.0225
963,candidate_3,candidate_1,candidate_4,candidate_2,4,0.0225
964,candidate_3,candidate_1,candidate_4,candidate_2,4,0.0225
965,candidate_3,candidate_1,candidate_4,candidate_2,4,0.0225
966,candidate_3,candidate_1,candidate_4,candidate_2,4,0.0225
967,candidate_3,candidate_1,candidate_4,candidate_2,4,0.0225
968,candidate_3,candidate_1,candidate_4,candidate_2,4,0.0225
969,candidate_3,candidate_1,candidate_4,candidate_2,4,0.0225
970,candidate_3,candidate_1,candidate_4,candidate_2,4,0.0225
971,candidate_3,candidate_1,candidate_4,candidate_2,4,0.0225
972,candidate_3,candidate_1,candidate_4,candidate_2,4,0.0225
973,candidate_3,candidate_1,candidate_4,candidate_2,4,0.0225
0,candidate_3,candidate_2,candidate_1,candidate_4,4,0.0225
1,candidate_3,candidate_2,candidate_1,candidate_4,4,0.0225
2,candidate_3,candidate_2,candidate_1,candidate_4,4,0.0225
3,candidate_3,candidate_2,candidate_1,candidate_4,4,0.0225
4,candidate_3,candidate_2,candidate_1,candidate_4,4,0.0225
5,candidate_3,candidate_2,candidate_1,candidate_4,4,0.0225
6,candidate_3,candidate_2,candidate_1,candidate_4,4,0.0225
7,candidate_3,candidate_2,candidate_1,candidate_4,4,0.0225
8,candidate_3,candidate_2,candidate_1,candidate_4,4,0.0225
9,candidate_3,candidate_2,candidate_1,candidate_4,4,0.0225
10,candidate_3,candidate_2,candidate_1,candidate_4,4,0.0225
11,candidate_3,candidate_2,candidate_1,candidate_4,4,0.0225
12,candidate_3,candidate_2,candidate_1,candidate_4,4,0.0225
13,candidate_3,candidate_2,candidate_1,candidate_4,4,0.0225
14,candidate_3,candidate_2,candidate_1,candidate_4,4,0.0225
15,candidate_3,candidate_2,candidate_1,candidate_4,4,0.0225
16,candidate_3,candidate_2,candidate_1,candidate_4,4,0.0225
17,candidate_3,candidate_2,candidate_1,candidate_4,4,0.0225
18,candidate_3,candidate_2,candidate_1,candidate_4,4,0.0225
19,candidate_3,candidate_2,candidate_1,candidate_4,4,0.0225
20,candidate_3,candidate_2,candidate_1,candidate_4,4,0.0225
21,candidate_3,candidate_2,candidate_1,candidate_4,4,0.0225
22,candidate_3,candidate_2,candidate_1,candidate_4,4,0.0225
23,candidate_3,candidate_2,candidate_1,candidate_4,4,0.0225
24,candidate_3,candidate_2,candidate_1,candidate_4,4,0.0225
25,candidate_3,candidate_2,candidate_1,candidate_4,4,0.0225
26,candidate_3,candidate_2,candidate_1,candidate_4,4,0.0225
27,candidate_3,candidate_2,candidate_1,candidate_4,4,0.0225
28,candidate_3,0,candidate_1,candidate_4,4,0.0225
29,candidate_3,candidate_2,candidate_1,candidate_4,4,0.0225
30,candidate_3,candidate_2,0,candidate_4,4,0.0225
31,candidate_3,candidate_2,candidate_1,candidate_4,4,0.0225
32,candidate_3,candidate_2,candidate_1,candidate_4,4,0.0225
33,candidate_3,candidate_2,candidate_1,candidate_4,4,0.0225
34,candidate_3,0,candidate_1,candidate_4,4,0.0225
35,candidate_3,candidate_2,candidate_1,candidate_4,4,0.0225
36,candidate_3,candidate_2,candidate_1,candidate_4,4,0.0225
37,candidate_3,candidate_2,candidate_1,candidate_4,4,0.0225
38,candidate_3,candidate_2,candidate_1,candidate_4,4,0.0225
39,candidate_3,candidate_2,candidate_1,candidate_4,4,0.0225
40,candidate_3,candidate_2,candidate_1,candidate_4,4,0.0225
41,candidate_3,candidate_2,candidate_1,candidate_4,4,0.0225
42,candidate_3,candidate_2,candidate_1,candidate_4,4,0.0225
43,candidate_3,candidate_2,candidate_1,candidate_4,4,0.0225
44,candidate_3,0,candidate_1,candidate_4,4,0.0225
45,candidate_3,candidate_2,0,candidate_4,4,0.0225
46,candidate_3,candidate_2,candidate_1,candidate_4,4,0.0225
47,candidate_3,candidate_2,candidate_1,candidate_4,4,0.0225
48,candidate_3,candidate_2,candidate_1,candidate_4,4,0.0225
49,candidate_3,candidate_2,candidate_1,candidate_4,4,0.0225
50,candidate_3,candidate_2,candidate_1,candidate_4,4,0.0225
51,candidate_3,candidate_2,candidate_1,candidate_4,4,0.0225
52,candidate_3,candidate_2,candidate_1,candidate_4,4,0.0225
53,candidate_3,candidate_2,candidate_1,candidate_4,4,0.0225
54,candidate_3,candidate_2,candidate_1,candidate_4,4,0.0225
55,candidate_3,candidate_2,candidate_1,candidate_4,4,0.0225
56,candidate_3,candidate_2,candidate_1,candidate_4,4,0.0225
57,candidate_3,candidate_2,candidate_1,candidate_4,4,0.0225
58,candidate_3,candidate_2,candidate_1,candidate_4,4,0.0225
59,candidate_3,candidate_2,candidate_1,0,4,0.0225
60,candidate_3,candidate_2,candidate_1,candidate_4,4,0.0225
61,candidate_3,candidate_2,candidate_1,candidate_4,4,0.0225
62,candidate_3,candidate_2,candidate_1,candidate_4,4,0.0225
63,candidate_3,candidate_2,candidate_1,candidate_4,4,0.0225
64,candidate_3,candidate_2,candidate_1,candidate_4,4,0.0225
65,candidate_3,candidate_2,candidate_1,candidate_4,4,0.0225
66,candidate_3,0,candidate_1,candidate_4,4,0.0225
67,candidate_3,candidate_2,candidate_1,candidate_4,4,0.0225
68,0,candidate_2,candidate_1,candidate_4,4,0.0225
69,candidate_3,candidate_2,candidate_1,candidate_4,4,0.0225
70,candidate_3,candidate_2,candidate_1,candidate_4,4,0.0225
71,candidate_3,candidate_2,candidate_1,candidate_4,4,0.0225
72,candidate_3,candidate_2,candidate_1,candidate_4,4,0.0225
73,candidate_3,candidate_2,candidate_1,candidate_4,4,0.0225
74,candidate_3,candidate_2,candidate_1,candidate_4,4,0.0225
75,candidate_3,candidate_2,candidate_1,candidate_4,4,0.0225
76,candidate_3,candidate_2,candidate_1,candidate_4,4,0.0225
77,candidate_3,candidate_2,candidate_1,candidate_4,4,0.0225
78,candidate_3,candidate_2,candidate_1,candidate_4,4,0.0225
79,candidate_3,candidate_2,candidate_1,candidate_4,4,0.0225
80,candidate_3,candidate_2,candidate_1,candidate_4,4,0.0225
81,candidate_3,candidate_2,candidate_1,candidate_4,4,0.0225
82,candidate_3,candidate_2,candidate_1,candidate_4,4,0.0225
83,candidate_3,candidate_2,candidate_1,candidate_4,4,0.0225
84,candidate_3,candidate_2,candidate_1,candidate_4,4,0.0225
85,candidate_3,candidate_2,candidate_1,candidate_4,4,0.0225
86,candidate_3,candidate_2,0,candidate_4,4,0.0225
87,candidate_3,candidate_2,candidate_1,candidate_4,4,0.0225
88,candidate_3,candidate_2,candidate_1,candidate_4,4,0.0225
89,candidate_3,candidate_2,candidate_1,candidate_4,4,0.0225
90,candidate_3,candidate_2,candidate_1,candidate_4,4,0.0225
91,candidate_3,candidate_2,candidate_1,candidate_4,4,0.0225
92,candidate_3,candidate_2,candidate_1,candidate_4,4,0.0225
93,0,candidate_2,0,candidate_4,4,0.0225
94,candidate_3,candidate_2,candidate_1,candidate_4,4,0.0225
95,candidate_3,candidate_2,candidate_1,candidate_4,4,0.0225
96,candidate_3,candidate_2,candidate_1,candidate_4,4,0.0225
97,candidate_3,candidate_2,candidate_1,candidate_4,4,0.0225
98,candidate_3,candidate_2,candidate_1,candidate_4,4,0.0225
99,candidate_3,candidate_2,candidate_1,candidate_4,4,0.0225
100,candidate_3,candidate_2,candidate_1,candidate_4,4,0.0225
101,candidate_3,candidate_2,candidate_1,candidate_4,4,0.0225
102,0,candidate_2,candidate_1,candidate_4,4,0.0225
103,candidate_3,candidate_2,candidate_1,candidate_4,4,0.0225
104,candidate_3,candidate_2,candidate_1,candidate_4,4,0.0225
105,candidate_3,candidate_2,candidate_1,candidate_4,4,0.0225
106,candidate_3,candidate_2,candidate_1,candidate_4,4,0.0225
107,candidate_3,candidate_2,candidate_1,candidate_4,4,0.0225
108,candidate_3,candidate_2,candidate_1,candidate_4,4,0.0225
109,candidate_3,candidate_2,candidate_1,candidate_4,4,0.0225
110,candidate_3,candidate_2,candidate_1,candidate_4,4,0.0225
111,candidate_3,candidate_2,candidate_1,candidate_4,4,0.0225
112,candidate_3,candidate_2,candidate_1,candidate_4,4,0.0225
113,candidate_3,candidate_2,candidate_1,candidate_4,4,0.0225
114,candidate_3,candidate_2,candidate_1,candidate_4,4,0.0225
115,candidate_3,candidate_2,candidate_1,candidate_4,4,0.0225
116,candidate_3,candidate_2,candidate_1,candidate_4,4,0.0225
117,candidate_3,candidate_2,candidate_1,candidate_4,4,0.0225
118,candidate_3,candidate_2,candidate_1,candidate_4,4,0.0225
119,candidate_3,candidate_2,candidate_1,candidate_4,4,0.0225
120,candidate_3,candidate_2,candidate_1,candidate_4,4,0.0225
121,candidate_3,candidate_2,candidate_1,candidate_4,4,0.0225
122,candidate_3,candidate_2,candidate_1,candidate_4,4,0.0225
123,candidate_3,candidate_2,candidate_1,candidate_4,4,0.0225
124,candidate_3,candidate_2,candidate_1,candidate_4,4,0.0225
125,candidate_3,candidate_2,candidate_1,candidate_4,4,0.0225
126,candidate_3,candidate_2,candidate_1,candidate_4,4,0.0225
127,candidate_3,candidate_2,candidate_1,candidate_4,4,0.0225
128,candidate_3,candidate_2,candidate_1,candidate_4,4,0.0225
129,0,candidate_2,candidate_1,candidate_4,4,0.0225
130,candidate_3,candidate_2,candidate_1,candidate_4,4,0.0225
131,candidate_3,candidate_2,candidate_1,candidate_4,4,0.0225
132,candidate_3,candidate_2,candidate_1,candidate_4,4,0.0225
133,candidate_3,candidate_2,candidate_1,candidate_4,4,0.0225
134,candidate_3,candidate_2,candidate_1,candidate_4,4,0.0225
135,candidate_3,candidate_2,candidate_1,candidate_4,4,0.0225
136,candidate_3,candidate_2,candidate_1,candidate_4,4,0.0225
137,candidate_3,candidate_2,candidate_1,candidate_4,4,0.0225
138,candidate_3,candidate_2,candidate_1,candidate_4,4,0.0225
139,candidate_3,candidate_2,candidate_1,candidate_4,4,0.0225
140,candidate_3,candidate_2,candidate_1,candidate_4,4,0.0225
141,candidate_3,candidate_2,candidate_1,candidate_4,4,0.0225
142,candidate_3,candidate_2,candidate_1,candidate_4,4,0.0225
143,candidate_3,candidate_2,candidate_1,candidate_4,4,0.0225
144,candidate_3,candidate_2,candidate_1,candidate_4,4,0.0225
145,candidate_3,candidate_2,candidate_1,candidate_4,4,0.0225
146,candidate_3,candidate_2,candidate_1,candidate_4,4,0.0225
147,candidate_3,candidate_2,candidate_1,candidate_4,4,0.0225
148,candidate_3,candidate_2,candidate_1,candidate_4,4,0.0225
149,candidate_3,candidate_2,candidate_1,candidate_4,4,0.0225
150,candidate_3,0,candidate_1,0,4,0.0225
151,candidate_3,candidate_2,candidate_1,candidate_4,4,0.0225
152,candidate_3,candidate_2,candidate_1,0,4,0.0225
153,candidate_3,candidate_2,candidate_1,candidate_4,4,0.0225
154,candidate_3,candidate_2,candidate_1,candidate_4,4,0.0225
155,candidate_3,candidate_2,candidate_1,candidate_4,4,0.0225
156,candidate_3,candidate_2,candidate_1,candidate_4,4,0.0225
157,candidate_3,candidate_2,candidate_1,candidate_4,4,0.0225
158,candidate_3,candidate_2,candidate_1,candidate_4,4,0.0225
159,candidate_3,candidate_2,candidate_1,candidate_4,4,0.0225
160,candidate_3,candidate_2,candidate_1,candidate_4,4,0.0225
161,candidate_3,candidate_2,candidate_1,candidate_4,4,0.0225
162,candidate_3,candidate_2,candidate_1,candidate_4,4,0.0225
163,candidate_3,candidate_2,candidate_1,candidate_4,4,0.0225
164,candidate_3,candidate_2,candidate_1,candidate_4,4,0.0225
165,candidate_3,candidate_2,candidate_1,candidate_4,4,0.0225
166,candidate_3,candidate_2,candidate_1,candidate_4,4,0.0225
167,candidate_3,candidate_2,candidate_1,candidate_4,4,0.0225
168,candidate_3,candidate_2,candidate_1,candidate_4,4,0.0225
169,candidate_3,candidate_2,candidate_1,candidate_4,4,0.0225
170,candidate_3,candidate_2,candidate_1,candidate_4,4,0.0225
171,candidate_3,candidate_2,candidate_1,candidate_4,4,0.0225
172,candidate_3,candidate_2,candidate_1,candidate_4,4,0.0225
173,candidate_3,candidate_2,candidate_1,candidate_4,4,0.0225
174,candidate_3,candidate_2,candidate_1,candidate_4,4,0.0225
175,candidate_3,candidate_2,candidate_1,candidate_4,4,0.0225
176,candidate_3,candidate_2,candidate_1,candidate_4,4,0.0225
177,candidate_3,candidate_2,candidate_1,candidate_4,4,0.0225
178,candidate_3,candidate_2,candidate_1,candidate_4,4,0.0225
179,candidate_3,candidate_2,candidate_1,0,4,0.0225
180,candidate_3,candidate_2,candidate_1,candidate_4,4,0.0225
181,candidate_3,candidate_2,candidate_1,candidate_4,4,0.0225
182,candidate_3,candidate_2,candidate_1,candidate_4,4,0.0225
183,candidate_3,0,candidate_1,candidate_4,4,0.0225
184,candidate_3,candidate_2,0,candidate_4,4,0.0225
185,candidate_3,candidate_2,candidate_1,candidate_4,4,0.0225
186,0,candidate_2,candidate_1,candidate_4,4,0.0225
187,candidate_3,candidate_2,candidate_1,candidate_4,4,0.0225
188,candidate_3,candidate_2,candidate_1,candidate_4,4,0.0225
189,candidate_3,candidate_2,candidate_1,candidate_4,4,0.0225
190,candidate_3,candidate_2,candidate_1,candidate_4,4,0.0225
191,candidate_3,candidate_2,candidate_1,candidate_4,4,0.0225
192,candidate_3,candidate_2,candidate_1,candidate_4,4,0.0225
193,candidate_3,candidate_2,candidate_1,candidate_4,4,0.0225
194,candidate_3,candidate_2,candidate_1,candidate_4,4,0.0225
195,candidate_3,candidate_2,candidate_1,candidate_4,4,0.0225
196,candidate_3,candidate_2,candidate_1,candidate_4,4,0.0225
197,candidate_3,candidate_2,candidate_1,candidate_4,4,0.0225
198,candidate_3,candidate_2,candidate_1,candidate_4,4,0.0225
199,candidate_3,candidate_2,candidate_1,candidate_4,4,0.0225
200,candidate_3,candidate_2,candidate_1,candidate_4,4,0.0225
201,candidate_3,candidate_2,candidate_1,candidate_4,4,0.0225
202,candidate_3,candidate_2,candidate_1,candidate_4,4,0.0225
203,candidate_3,candidate_2,candidate_1,candidate_4,4,0.0225
204,candidate_3,candidate_2,candidate_1,candidate_4,4,0.0225
205,candidate_3,candidate_2,candidate_1,candidate_4,4,0.0225
206,candidate_3,candidate_2,candidate_1,candidate_4,4,0.0225
207,candidate_3,candidate_2,candidate_1,candidate_4,4,0.0225
208,candidate_3,candidate_2,candidate_1,candidate_4,4,0.0225
209,candidate_3,candidate_2,candidate_1,candidate_4,4,0.0225
210,candidate_3,candidate_2,candidate_1,candidate_4,4,0.0225
211,candidate_3,candidate_2,candidate_1,candidate_4,4,0.0225
212,candidate_3,candidate_2,candidate_1,candidate_4,4,0.0225
213,0,candidate_2,candidate_1,candidate_4,4,0.0225
214,candidate_3,candidate_2,candidate_1,candidate_4,4,0.0225
215,candidate_3,candidate_2,candidate_1,candidate_4,4,0.0225
216,candidate_3,candidate_2,candidate_1,candidate_4,4,0.0225
217,candidate_3,candidate_2,candidate_1,candidate_4,4,0.0225
218,candidate_3,candidate_2,candidate_1,candidate_4,4,0.0225
219,candidate_3,candidate_2,candidate_1,candidate_4,4,0.0225
220,candidate_3,candidate_2,candidate_1,candidate_4,4,0.0225
221,candidate_3,candidate_2,candidate_1,candidate_4,4,0.0225
222,candidate_3,candidate_2,candidate_1,candidate_4,4,0.0225
223,candidate_3,candidate_2,candidate_1,candidate_4,4,0.0225
224,candidate_3,candidate_2,candidate_1,candidate_4,4,0.0225
225,candidate_3,candidate_2,candidate_1,candidate_4,4,0.0225
226,candidate_3,candidate_2,candidate_1,candidate_4,4,0.0225
227,candidate_3,candidate_2,candidate_1,candidate_4,4,0.0225
228,candidate_3,candidate_2,candidate_1,candidate_4,4,0.0225
229,candidate_3,candidate_2,candidate_1,candidate_4,4,0.0225
230,candidate_3,candidate_2,candidate_1,candidate_4,4,0.0225
231,0,candidate_2,candidate_1,candidate_4,4,0.0225
232,candidate_3,candidate_2,0,candidate_4,4,0.0225
233,candidate_3,candidate_2,candidate_1,candidate_4,4,0.0225
234,candidate_3,candidate_2,candidate_1,candidate_4,4,0.0225
235,candidate_3,candidate_2,candidate_1,candidate_4,4,0.0225
236,candidate_3,candidate_2,candidate_1,candidate_4,4,0.0225
237,candidate_3,0,candidate_1,candidate_4,4,0.0225
238,candidate_3,candidate_2,candidate_1,candidate_4,4,0.0225
239,candidate_3,candidate_2,candidate_1,candidate_4,4,0.0225
240,candidate_3,0,candidate_1,candidate_4,4,0.0225
241,candidate_3,candidate_2,candidate_1,candidate_4,4,0.0225
242,candidate_3,candidate_2,candidate_1,candidate_4,4,0.0225
243,candidate_3,candidate_2,candidate_1,candidate_4,4,0.0225
244,candidate_3,candidate_2,candidate_1,candidate_4,4,0.0225
245,candidate_3,candidate_2,candidate_1,candidate_4,4,0.0225
246,candidate_3,candidate_2,candidate_1,candidate_4,4,0.0225
247,candidate_3,candidate_2,candidate_1,candidate_4,4,0.0225
248,candidate_3,candidate_2,candidate_1,candidate_4,4,0.0225
249,candidate_3,candidate_2,0,candidate_4,4,0.0225
250,candidate_3,candidate_2,candidate_1,candidate_4,4,0.0225
251,candidate_3,candidate_2,candidate_1,candidate_4,4,0.0225
252,candidate_3,candidate_2,candidate_1,candidate_4,4,0.0225
253,candidate_3,candidate_2,candidate_1,candidate_4,4,0.0225
254,candidate_3,candidate_2,candidate_1,candidate_4,4,0.0225
255,candidate_3,candidate_2,candidate_1,candidate_4,4,0.0225
256,candidate_3,candidate_2,candidate_1,candidate_4,4,0.0225
257,candidate_3,candidate_2,candidate_1,candidate_4,4,0.0225
258,candidate_3,candidate_2,candidate_1,candidate_4,4,0.0225
259,candidate_3,candidate_2,candidate_1,candidate_4,4,0.0225
260,candidate_3,candidate_2,candidate_1,candidate_4,4,0.0225
261,candidate_3,candidate_2,candidate_1,candidate_4,4,0.0225
262,candidate_3,candidate_2,candidate_1,candidate_4,4,0.0225
263,candidate_3,candidate_2,candidate_1,candidate_4,4,0.0225
264,candidate_3,candidate_2,candidate_1,candidate_4,4,0.0225
265,candidate_3,candidate_2,candidate_1,candidate_4,4,0.0225
266,candidate_3,0,candidate_1,candidate_4,4,0.0225
267,candidate_3,candidate_2,candidate_1,candidate_4,4,0.0225
268,candidate_3,candidate_2,candidate_1,candidate_4,4,0.0225
269,candidate_3,candidate_2,candidate_1,candidate_4,4,0.0225
270,candidate_3,candidate_2,candidate_1,candidate_4,4,0.0225
271,candidate_3,candidate_2,candidate_1,candidate_4,4,0.0225
272,candidate_3,candidate_2,candidate_1,candidate_4,4,0.0225
273,candidate_3,candidate_2,candidate_1,candidate_4,4,0.0225
274,candidate_3,candidate_2,candidate_1,candidate_4,4,0.0225
275,0,candidate_2,candidate_1,candidate_4,4,0.0225
276,candidate_3,candidate_2,candidate_1,candidate_4,4,0.0225
277,candidate_3,candidate_2,candidate_1,candidate_4,4,0.0225
278,candidate_3,candidate_2,candidate_1,candidate_4,4,0.0225
279,candidate_3,candidate_2,candidate_1,candidate_4,4,0.0225
280,candidate_3,candidate_2,candidate_1,candidate_4,4,0.0225
281,candidate_3,candidate_2,candidate_1,candidate_4,4,0.0225
282,candidate_3,candidate_2,candidate_1,candidate_4,4,0.0225
283,candidate_3,candidate_2,candidate_1,candidate_4,4,0.0225
284,candidate_3,candidate_2,candidate_1,candidate_4,4,0.0225
285,candidate_3,candidate_2,candidate_1,candidate_4,4,0.0225
286,candidate_3,candidate_2,candidate_1,candidate_4,4,0.0225
287,candidate_3,candidate_2,candidate_1,candidate_4,4,0.0225
288,candidate_3,candidate_2,candidate_1,candidate_4,4,0.0225
289,candidate_3,candidate_2,candidate_1,candidate_4,4,0.0225
290,candidate_3,candidate_2,candidate_1,candidate_4,4,0.0225
291,candidate_3,candidate_2,candidate_1,candidate_4,4,0.0225
292,candidate_3,candidate_2,candidate_1,candidate_4,4,0.0225
293,candidate_3,candidate_2,candidate_1,candidate_4,4,0.0225
294,candidate_3,candidate_2,candidate_1,candidate_4,4,0.0225
295,candidate_3,candidate_2,candidate_1,candidate_4,4,0.0225
296,candidate_3,candidate_2,candidate_1,candidate_4,4,0.0225
297,candidate_3,candidate_2,candidate_1,candidate_4,4,0.0225
298,candidate_3,candidate_2,candidate_1,candidate_4,4,0.0225
299,candidate_3,candidate_2,candidate_1,candidate_4,4,0.0225
0,candidate_3,candidate_2,candidate_4,candidate_1,4,0.0225
1,candidate_3,candidate_2,candidate_4,candidate_1,4,0.0225
2,candidate_3,candidate_2,candidate_4,candidate_1,4,0.0225
3,candidate_3,candidate_2,candidate_4,candidate_1,4,0.0225
4,candidate_3,candidate_2,candidate_4,candidate_1,4,0.0225
5,candidate_3,candidate_2,candidate_4,candidate_1,4,0.0225
6,candidate_3,0,candidate_4,candidate_1,4,0.0225
7,candidate_3,candidate_2,candidate_4,candidate_1,4,0.0225
8,candidate_3,candidate_2,candidate_4,candidate_1,4,0.0225
9,candidate_3,candidate_2,candidate_4,candidate_1,4,0.0225
10,candidate_3,candidate_2,candidate_4,candidate_1,4,0.0225
11,candidate_3,candidate_2,candidate_4,candidate_1,4,0.0225
12,candidate_3,candidate_2,candidate_4,candidate_1,4,0.0225
13,candidate_3,candidate_2,candidate_4,candidate_1,4,0.0225
14,candidate_3,candidate_2,0,candidate_1,4,0.0225
15,candidate_3,candidate_2,candidate_4,candidate_1,4,0.0225
16,candidate_3,candidate_2,candidate_4,candidate_1,4,0.0225
17,candidate_3,candidate_2,0,candidate_1,4,0.0225
18,candidate_3,candidate_2,candidate_4,candidate_1,4,0.0225
19,candidate_3,candidate_2,candidate_4,candidate_1,4,0.0225
20,0,candidate_2,candidate_4,candidate_1,4,0.0225
21,candidate_3,candidate_2,0,candidate_1,4,0.0225
22,candidate_3,candidate_2,candidate_4,candidate_1,4,0.0225
23,candidate_3,candidate_2,candidate_4,candidate_1,4,0.0225
24,candidate_3,candidate_2,candidate_4,candidate_1,4,0.0225
25,candidate_3,candidate_2,candidate_4,candidate_1,4,0.0225
26,0,candidate_2,candidate_4,candidate_1,4,0.0225
27,candidate_3,candidate_2,candidate_4,candidate_1,4,0.0225
28,candidate_3,candidate_2,candidate_4,candidate_1,4,0.0225
29,candidate_3,candidate_2,candidate_4,candidate_1,4,0.0225
30,candidate_3,0,candidate_4,candidate_1,4,0.0225
31,candidate_3,candidate_2,candidate_4,candidate_1,4,0.0225
32,candidate_3,candidate_2,candidate_4,candidate_1,4,0.0225
33,candidate_3,candidate_2,candidate_4,candidate_1,4,0.0225
34,candidate_3,candidate_2,candidate_4,candidate_1,4,0.0225
35,candidate_3,candidate_2,candidate_4,candidate_1,4,0.0225
36,candidate_3,candidate_2,candidate_4,candidate_1,4,0.0225
37,candidate_3,candidate_2,candidate_4,candidate_1,4,0.0225
38,candidate_3,candidate_2,candidate_4,candidate_1,4,0.0225
39,candidate_3,candidate_2,candidate_4,candidate_1,4,0.0225
40,candidate_3,candidate_2,candidate_4,candidate_1,4,0.0225
41,candidate_3,candidate_2,candidate_4,candidate_1,4,0.0225
42,candidate_3,candidate_2,candidate_4,candidate_1,4,0.0225
43,candidate_3,candidate_2,candidate_4,candidate_1,4,0.0225
44,candidate_3,candidate_2,candidate_4,candidate_1,4,0.0225
45,candidate_3,candidate_2,candidate_4,candidate_1,4,0.0225
46,candidate_3,candidate_2,candidate_4,candidate_1,4,0.0225
47,candidate_3,0,candidate_4,candidate_1,4,0.0225
48,candidate_3,candidate_2,candidate_4,candidate_1,4,0.0225
49,candidate_3,candidate_2,candidate_4,candidate_1,4,0.0225
50,candidate_3,candidate_2,candidate_4,candidate_1,4,0.0225
51,candidate_3,candidate_2,candidate_4,0,4,0.0225
52,candidate_3,candidate_2,candidate_4,0,4,0.0225
53,candidate_3,candidate_2,candidate_4,candidate_1,4,0.0225
54,candidate_3,candidate_2,candidate_4,candidate_1,4,0.0225
55,candidate_3,candidate_2,candidate_4,candidate_1,4,0.0225
56,candidate_3,candidate_2,candidate_4,candidate_1,4,0.0225
57,candidate_3,candidate_2,candidate_4,candidate_1,4,0.0225
58,candidate_3,candidate_2,candidate_4,candidate_1,4,0.0225
59,candidate_3,candidate_2,candidate_4,candidate_1,4,0.0225
60,candidate_3,candidate_2,candidate_4,candidate_1,4,0.0225
61,candidate_3,candidate_2,candidate_4,candidate_1,4,0.0225
62,candidate_3,candidate_2,candidate_4,candidate_1,4,0.0225
63,candidate_3,candidate_2,candidate_4,candidate_1,4,0.0225
64,candidate_3,candidate_2,candidate_4,candidate_1,4,0.0225
65,candidate_3,candidate_2,candidate_4,candidate_1,4,0.0225
66,candidate_3,candidate_2,candidate_4,candidate_1,4,0.0225
67,candidate_3,candidate_2,candidate_4,candidate_1,4,0.0225
68,candidate_3,candidate_2,candidate_4,candidate_1,4,0.0225
69,candidate_3,candidate_2,candidate_4,candidate_1,4,0.0225
70,candidate_3,candidate_2,candidate_4,candidate_1,4,0.0225
71,candidate_3,candidate_2,candidate_4,candidate_1,4,0.0225
72,candidate_3,0,candidate_4,candidate_1,4,0.0225
73,candidate_3,candidate_2,candidate_4,candidate_1,4,0.0225
74,candidate_3,candidate_2,candidate_4,candidate_1,4,0.0225
75,candidate_3,candidate_2,candidate_4,candidate_1,4,0.0225
76,candidate_3,candidate_2,candidate_4,candidate_1,4,0.0225
77,candidate_3,candidate_2,candidate_4,candidate_1,4,0.0225
78,candidate_3,candidate_2,candidate_4,candidate_1,4,0.0225
79,candidate_3,candidate_2,candidate_4,candidate_1,4,0.0225
80,candidate_3,candidate_2,candidate_4,candidate_1,4,0.0225
81,candidate_3,candidate_2,candidate_4,candidate_1,4,0.0225
82,candidate_3,candidate_2,candidate_4,candidate_1,4,0.0225
83,candidate_3,candidate_2,candidate_4,candidate_1,4,0.0225
84,candidate_3,candidate_2,candidate_4,candidate_1,4,0.0225
85,candidate_3,candidate_2,candidate_4,candidate_1,4,0.0225
86,candidate_3,candidate_2,candidate_4,candidate_1,4,0.0225
87,candidate_3,candidate_2,candidate_4,candidate_1,4,0.0225
88,candidate_3,0,candidate_4,candidate_1,4,0.0225
89,candidate_3,candidate_2,candidate_4,candidate_1,4,0.0225
90,candidate_3,candidate_2,candidate_4,candidate_1,4,0.0225
91,candidate_3,candidate_2,candidate_4,candidate_1,4,0.0225
92,candidate_3,candidate_2,candidate_4,candidate_1,4,0.0225
93,candidate_3,candidate_2,candidate_4,candidate_1,4,0.0225
94,candidate_3,candidate_2,candidate_4,candidate_1,4,0.0225
95,candidate_3,candidate_2,candidate_4,candidate_1,4,0.0225
96,candidate_3,candidate_2,candidate_4,candidate_1,4,0.0225
97,candidate_3,candidate_2,candidate_4,candidate_1,4,0.0225
98,candidate_3,candidate_2,candidate_4,candidate_1,4,0.0225
99,candidate_3,candidate_2,candidate_4,candidate_1,4,0.0225
100,candidate_3,candidate_2,candidate_4,candidate_1,4,0.0225
101,candidate_3,candidate_2,candidate_4,candidate_1,4,0.0225
102,candidate_3,candidate_2,candidate_4,candidate_1,4,0.0225
103,candidate_3,candidate_2,candidate_4,candidate_1,4,0.0225
104,candidate_3,candidate_2,candidate_4,candidate_1,4,0.0225
105,0,candidate_2,candidate_4,candidate_1,4,0.0225
106,candidate_3,candidate_2,candidate_4,candidate_1,4,0.0225
107,candidate_3,candidate_2,candidate_4,candidate_1,4,0.0225
108,candidate_3,candidate_2,candidate_4,candidate_1,4,0.0225
109,candidate_3,candidate_2,candidate_4,candidate_1,4,0.0225
110,candidate_3,candidate_2,candidate_4,candidate_1,4,0.0225
111,candidate_3,candidate_2,candidate_4,candidate_1,4,0.0225
112,candidate_3,candidate_2,candidate_4,candidate_1,4,0.0225
113,candidate_3,candidate_2,candidate_4,candidate_1,4,0.0225
114,candidate_3,candidate_2,candidate_4,candidate_1,4,0.0225
115,candidate_3,candidate_2,candidate_4,candidate_1,4,0.0225
116,candidate_3,candidate_2,candidate_4,candidate_1,4,0.0225
117,candidate_3,candidate_2,candidate_4,0,4,0.0225
118,candidate_3,candidate_2,candidate_4,candidate_1,4,0.0225
119,candidate_3,candidate_2,candidate_4,candidate_1,4,0.0225
120,candidate_3,candidate_2,candidate_4,candidate_1,4,0.0225
121,candidate_3,candidate_2,candidate_4,candidate_1,4,0.0225
122,candidate_3,candidate_2,candidate_4,candidate_1,4,0.0225
123,candidate_3,candidate_2,candidate_4,candidate_1,4,0.0225
124,candidate_3,candidate_2,candidate_4,candidate_1,4,0.0225
125,candidate_3,candidate_2,candidate_4,candidate_1,4,0.0225
126,0,candidate_2,candidate_4,candidate_1,4,0.0225
127,candidate_3,candidate_2,candidate_4,candidate_1,4,0.0225
128,candidate_3,candidate_2,candidate_4,candidate_1,4,0.0225
129,candidate_3,candidate_2,candidate_4,candidate_1,4,0.0225
130,candidate_3,candidate_2,candidate_4,candidate_1,4,0.0225
131,candidate_3,candidate_2,candidate_4,candidate_1,4,0.0225
132,candidate_3,candidate_2,candidate_4,candidate_1,4,0.0225
133,candidate_3,candidate_2,candidate_4,0,4,0.0225
134,candidate_3,candidate_2,candidate_4,candidate_1,4,0.0225
135,candidate_3,candidate_2,candidate_4,candidate_1,4,0.0225
136,candidate_3,candidate_2,candidate_4,candidate_1,4,0.0225
137,candidate_3,candidate_2,candidate_4,candidate_1,4,0.0225
138,candidate_3,candidate_2,candidate_4,candidate_1,4,0.0225
139,candidate_3,candidate_2,candidate_4,0,4,0.0225
140,candidate_3,candidate_2,candidate_4,candidate_1,4,0.0225
141,candidate_3,candidate_2,candidate_4,candidate_1,4,0.0225
142,candidate_3,candidate_2,candidate_4,candidate_1,4,0.0225
143,candidate_3,candidate_2,candidate_4,candidate_1,4,0.0225
144,candidate_3,candidate_2,candidate_4,candidate_1,4,0.0225
145,candidate_3,candidate_2,candidate_4,candidate_1,4,0.0225
146,candidate_3,candidate_2,candidate_4,candidate_1,4,0.0225
147,candidate_3,candidate_2,candidate_4,candidate_1,4,0.0225
148,candidate_3,candidate_2,candidate_4,0,4,0.0225
149,candidate_3,candidate_2,candidate_4,candidate_1,4,0.0225
150,candidate_3,candidate_2,candidate_4,candidate_1,4,0.0225
151,candidate_3,candidate_2,candidate_4,candidate_1,4,0.0225
152,candidate_3,candidate_2,candidate_4,candidate_1,4,0.0225
153,candidate_3,candidate_2,candidate_4,candidate_1,4,0.0225
154,candidate_3,candidate_2,candidate_4,candidate_1,4,0.0225
155,candidate_3,candidate_2,candidate_4,candidate_1,4,0.0225
156,candidate_3,candidate_2,candidate_4,candidate_1,4,0.0225
157,candidate_3,candidate_2,candidate_4,candidate_1,4,0.0225
158,candidate_3,candidate_2,candidate_4,candidate_1,4,0.0225
159,candidate_3,candidate_2,candidate_4,candidate_1,4,0.0225
160,candidate_3,candidate_2,candidate_4,candidate_1,4,0.0225
161,candidate_3,candidate_2,candidate_4,candidate_1,4,0.0225
162,candidate_3,candidate_2,candidate_4,candidate_1,4,0.0225
163,candidate_3,candidate_2,candidate_4,candidate_1,4,0.0225
164,candidate_3,candidate_2,candidate_4,candidate_1,4,0.0225
165,candidate_3,candidate_2,candidate_4,candidate_1,4,0.0225
166,candidate_3,candidate_2,candidate_4,candidate_1,4,0.0225
167,candidate_3,candidate_2,candidate_4,candidate_1,4,0.0225
168,candidate_3,candidate_2,candidate_4,0,4,0.0225
169,candidate_3,candidate_2,candidate_4,candidate_1,4,0.0225
170,candidate_3,candidate_2,candidate_4,candidate_1,4,0.0225
171,candidate_3,candidate_2,candidate_4,candidate_1,4,0.0225
172,candidate_3,candidate_2,candidate_4,candidate_1,4,0.0225
173,candidate_3,candidate_2,candidate_4,candidate_1,4,0.0225
174,candidate_3,candidate_2,0,candidate_1,4,0.0225
175,candidate_3,candidate_2,candidate_4,candidate_1,4,0.0225
176,candidate_3,candidate_2,candidate_4,candidate_1,4,0.0225
177,candidate_3,candidate_2,candidate_4,candidate_1,4,0.0225
178,candidate_3,candidate_2,candidate_4,candidate_1,4,0.0225
179,candidate_3,candidate_2,candidate_4,candidate_1,4,0.0225
180,candidate_3,candidate_2,candidate_4,candidate_1,4,0.0225
181,candidate_3,candidate_2,candidate_4,candidate_1,4,0.0225
182,candidate_3,candidate_2,candidate_4,candidate_1,4,0.0225
183,candidate_3,candidate_2,candidate_4,candidate_1,4,0.0225
184,candidate_3,candidate_2,candidate_4,candidate_1,4,0.0225
185,candidate_3,candidate_2,candidate_4,candidate_1,4,0.0225
186,candidate_3,candidate_2,candidate_4,candidate_1,4,0.0225
187,candidate_3,candidate_2,candidate_4,candidate_1,4,0.0225
188,candidate_3,candidate_2,candidate_4,candidate_1,4,0.0225
189,candidate_3,candidate_2,candidate_4,candidate_1,4,0.0225
190,candidate_3,candidate_2,candidate_4,candidate_1,4,0.0225
191,candidate_3,candidate_2,candidate_4,candidate_1,4,0.0225
192,candidate_3,candidate_2,candidate_4,candidate_1,4,0.0225
193,candidate_3,candidate_2,candidate_4,candidate_1,4,0.0225
194,candidate_3,candidate_2,candidate_4,candidate_1,4,0.0225
195,candidate_3,candidate_2,candidate_4,candidate_1,4,0.0225
196,candidate_3,candidate_2,candidate_4,candidate_1,4,0.0225
197,candidate_3,candidate_2,candidate_4,candidate_1,4,0.0225
198,candidate_3,candidate_2,candidate_4,candidate_1,4,0.0225
199,candidate_3,candidate_2,candidate_4,candidate_1,4,0.0225
200,candidate_3,candidate_2,candidate_4,candidate_1,4,0.0225
201,candidate_3,candidate_2,candidate_4,candidate_1,4,0.0225
202,candidate_3,candidate_2,candidate_4,candidate_1,4,0.0225
203,candidate_3,candidate_2,candidate_4,candidate_1,4,0.0225
204,candidate_3,candidate_2,candidate_4,candidate_1,4,0.0225
205,candidate_3,candidate_2,candidate_4,candidate_1,4,0.0225
206,candidate_3,candidate_2,0,candidate_1,4,0.0225
207,candidate_3,candidate_2,candidate_4,candidate_1,4,0.0225
208,candidate_3,candidate_2,candidate_4,candidate_1,4,0.0225
209,candidate_3,candidate_2,candidate_4,candidate_1,4,0.0225
210,candidate_3,candidate_2,candidate_4,candidate_1,4,0.0225
211,candidate_3,0,candidate_4,candidate_1,4,0.0225
212,candidate_3,candidate_2,candidate_4,candidate_1,4,0.0225
213,candidate_3,candidate_2,candidate_4,candidate_1,4,0.0225
214,candidate_3,candidate_2,candidate_4,candidate_1,4,0.0225
215,candidate_3,candidate_2,candidate_4,candidate_1,4,0.0225
216,candidate_3,candidate_2,candidate_4,candidate_1,4,0.0225
217,candidate_3,candidate_2,candidate_4,candidate_1,4,0.0225
218,candidate_3,candidate_2,candidate_4,candidate_1,4,0.0225
219,candidate_3,candidate_2,candidate_4,candidate_1,4,0.0225
220,0,candidate_2,candidate_4,candidate_1,4,0.0225
221,candidate_3,candidate_2,candidate_4,candidate_1,4,0.0225
222,candidate_3,candidate_2,candidate_4,candidate_1,4,0.0225
223,candidate_3,candidate_2,candidate_4,candidate_1,4,0.0225
224,candidate_3,candidate_2,candidate_4,candidate_1,4,0.0225
225,candidate_3,candidate_2,candidate_4,candidate_1,4,0.0225
226,candidate_3,candidate_2,candidate_4,candidate_1,4,0.0225
227,candidate_3,candidate_2,candidate_4,candidate_1,4,0.0225
228,candidate_3,candidate_2,candidate_4,candidate_1,4,0.0225
229,candidate_3,candidate_2,candidate_4,candidate_1,4,0.0225
230,candidate_3,candidate_2,candidate_4,candidate_1,4,0.0225
231,candidate_3,candidate_2,candidate_4,candidate_1,4,0.0225
232,candidate_3,candidate_2,candidate_4,candidate_1,4,0.0225
233,candidate_3,candidate_2,candidate_4,candidate_1,4,0.0225
234,candidate_3,candidate_2,candidate_4,candidate_1,4,0.0225
235,candidate_3,candidate_2,candidate_4,candidate_1,4,0.0225
236,candidate_3,candidate_2,candidate_4,candidate_1,4,0.0225
237,candidate_3,candidate_2,candidate_4,candidate_1,4,0.0225
238,candidate_3,candidate_2,candidate_4,candidate_1,4,0.0225
239,candidate_3,candidate_2,candidate_4,candidate_1,4,0.0225
240,candidate_3,candidate_2,candidate_4,candidate_1,4,0.0225
241,candidate_3,candidate_2,candidate_4,candidate_1,4,0.0225
242,candidate_3,candidate_2,candidate_4,candidate_1,4,0.0225
243,candidate_3,candidate_2,candidate_4,candidate_1,4,0.0225
244,candidate_3,candidate_2,candidate_4,candidate_1,4,0.0225
245,candidate_3,candidate_2,candidate_4,0,4,0.0225
246,candidate_3,candidate_2,candidate_4,candidate_1,4,0.0225
247,candidate_3,candidate_2,candidate_4,candidate_1,4,0.0225
248,candidate_3,candidate_2,candidate_4,candidate_1,4,0.0225
249,candidate_3,candidate_2,candidate_4,candidate_1,4,0.0225
250,candidate_3,candidate_2,candidate_4,candidate_1,4,0.0225
251,candidate_3,candidate_2,candidate_4,candidate_1,4,0.0225
252,candidate_3,candidate_2,candidate_4,candidate_1,4,0.0225
253,candidate_3,candidate_2,candidate_4,candidate_1,4,0.0225
254,candidate_3,candidate_2,candidate_4,candidate_1,4,0.0225
255,candidate_3,candidate_2,candidate_4,candidate_1,4,0.0225
256,candidate_3,candidate_2,candidate_4,candidate_1,4,0.0225
257,candidate_3,candidate_2,candidate_4,candidate_1,4,0.0225
258,candidate_3,candidate_2,candidate_4,candidate_1,4,0.0225
259,candidate_3,candidate_2,candidate_4,candidate_1,4,0.0225
260,candidate_3,candidate_2,candidate_4,candidate_1,4,0.0225
261,candidate_3,candidate_2,candidate_4,candidate_1,4,0.0225
262,candidate_3,candidate_2,candidate_4,candidate_1,4,0.0225
263,candidate_3,candidate_2,candidate_4,candidate_1,4,0.0225
264,candidate_3,candidate_2,candidate_4,candidate_1,4,0.0225
265,candidate_3,candidate_2,candidate_4,candidate_1,4,0.0225
266,candidate_3,candidate_2,candidate_4,candidate_1,4,0.0225
267,candidate_3,0,candidate_4,candidate_1,4,0.0225
268,candidate_3,candidate_2,candidate_4,0,4,0.0225
269,candidate_3,candidate_2,candidate_4,candidate_1,4,0.0225
270,candidate_3,candidate_2,candidate_4,candidate_1,4,0.0225
271,0,candidate_2,candidate_4,candidate_1,4,0.0225
272,candidate_3,candidate_2,candidate_4,candidate_1,4,0.0225
273,candidate_3,candidate_2,candidate_4,candidate_1,4,0.0225
274,candidate_3,candidate_2,candidate_4,candidate_1,4,0.0225
275,candidate_3,candidate_2,candidate_4,candidate_1,4,0.0225
276,candidate_3,candidate_2,candidate_4,candidate_1,4,0.0225
277,candidate_3,candidate_2,candidate_4,candidate_1,4,0.0225
278,candidate_3,candidate_2,candidate_4,candidate_1,4,0.0225
279,candidate_3,candidate_2,candidate_4,candidate_1,4,0.0225
280,candidate_3,candidate_2,candidate_4,candidate_1,4,0.0225
281,candidate_3,candidate_2,candidate_4,candidate_1,4,0.0225
282,candidate_3,candidate_2,candidate_4,candidate_1,4,0.0225
283,candidate_3,candidate_2,candidate_4,candidate_1,4,0.0225
284,candidate_3,candidate_2,candidate_4,candidate_1,4,0.0225
285,candidate_3,candidate_2,candidate_4,candidate_1,4,0.0225
286,candidate_3,candidate_2,candidate_4,candidate_1,4,0.0225
287,candidate_3,candidate_2,candidate_4,candidate_1,4,0.0225
288,candidate_3,candidate_2,candidate_4,candidate_1,4,0.0225
289,candidate_3,candidate_2,candidate_4,candidate_1,4,0.0225
290,candidate_3,0,candidate_4,candidate_1,4,0.0225
291,candidate_3,candidate_2,candidate_4,candidate_1,4,0.0225
292,candidate_3,candidate_2,candidate_4,candidate_1,4,0.0225
293,candidate_3,candidate_2,candidate_4,candidate_1,4,0.0225
294,candidate_3,candidate_2,candidate_4,candidate_1,4,0.0225
295,candidate_3,0,candidate_4,candidate_1,4,0.0225
296,candidate_3,candidate_2,candidate_4,candidate_1,4,0.0225
297,candidate_3,candidate_2,candidate_4,candidate_1,4,0.0225
298,candidate_3,candidate_2,candidate_4,candidate_1,4,0.0225
299,candidate_3,candidate_2,candidate_4,candidate_1,4,0.0225
300,candidate_3,candidate_2,candidate_4,candidate_1,4,0.0225
301,candidate_3,candidate_2,candidate_4,candidate_1,4,0.0225
302,candidate_3,candidate_2,candidate_4,candidate_1,4,0.0225
303,candidate_3,candidate_2,candidate_4,candidate_1,4,0.0225
304,candidate_3,candidate_2,candidate_4,candidate_1,4,0.0225
305,candidate_3,candidate_2,candidate_4,candidate_1,4,0.0225
306,candidate_3,candidate_2,candidate_4,candidate_1,4,0.0225
307,candidate_3,candidate_2,candidate_4,candidate_1,4,0.0225
308,candidate_3,candidate_2,candidate_4,candidate_1,4,0.0225
309,candidate_3,candidate_2,candidate_4,candidate_1,4,0.0225
310,candidate_3,candidate_2,candidate_4,candidate_1,4,0.0225
311,candidate_3,candidate_2,candidate_4,candidate_1,4,0.0225
312,candidate_3,candidate_2,candidate_4,candidate_1,4,0.0225
313,candidate_3,candidate_2,candidate_4,candidate_1,4,0.0225
314,candidate_3,candidate_2,candidate_4,candidate_1,4,0.0225
315,candidate_3,candidate_2,candidate_4,candidate_1,4,0.0225
316,candidate_3,candidate_2,0,candidate_1,4,0.0225
317,candidate_3,candidate_2,candidate_4,candidate_1,4,0.0225
318,candidate_3,candidate_2,candidate_4,candidate_1,4,0.0225
319,candidate_3,candidate_2,candidate_4,candidate_1,4,0.0225
320,candidate_3,candidate_2,candidate_4,candidate_1,4,0.0225
321,candidate_3,candidate_2,candidate_4,candidate_1,4,0.0225
322,candidate_3,candidate_2,candidate_4,candidate_1,4,0.0225
323,candidate_3,candidate_2,candidate_4,candidate_1,4,0.0225
324,candidate_3,candidate_2,candidate_4,candidate_1,4,0.0225
325,candidate_3,candidate_2,candidate_4,candidate_1,4,0.0225
326,candidate_3,candidate_2,candidate_4,candidate_1,4,0.0225
327,candidate_3,candidate_2,candidate_4,candidate_1,4,0.0225
328,candidate_3,candidate_2,candidate_4,candidate_1,4,0.0225
329,candidate_3,candidate_2,candidate_4,candidate_1,4,0.0225
330,candidate_3,candidate_2,candidate_4,candidate_1,4,0.0225
331,candidate_3,0,candidate_4,candidate_1,4,0.0225
332,candidate_3,candidate_2,candidate_4,candidate_1,4,0.0225
333,candidate_3,candidate_2,candidate_4,candidate_1,4,0.0225
334,candidate_3,candidate_2,candidate_4,candidate_1,4,0.0225
335,candidate_3,candidate_2,candidate_4,candidate_1,4,0.0225
336,candidate_3,candidate_2,candidate_4,candidate_1,4,0.0225
337,candidate_3,candidate_2,candidate_4,candidate_1,4,0.0225
338,candidate_3,candidate_2,candidate_4,candidate_1,4,0.0225
339,candidate_3,candidate_2,candidate_4,candidate_1,4,0.0225
340,0,candidate_2,candidate_4,candidate_1,4,0.0225
341,candidate_3,candidate_2,candidate_4,candidate_1,4,0.0225
342,candidate_3,candidate_2,candidate_4,candidate_1,4,0.0225
343,candidate_3,candidate_2,candidate_4,candidate_1,4,0.0225
344,candidate_3,candidate_2,candidate_4,candidate_1,4,0.0225
345,candidate_3,candidate_2,candidate_4,candidate_1,4,0.0225
346,candidate_3,candidate_2,candidate_4,candidate_1,4,0.0225
347,candidate_3,candidate_2,candidate_4,candidate_1,4,0.0225
348,candidate_3,candidate_2,candidate_4,candidate_1,4,0.0225
349,candidate_3,candidate_2,candidate_4,candidate_1,4,0.0225
350,candidate_3,candidate_2,candidate_4,candidate_1,4,0.0225
351,candidate_3,candidate_2,candidate_4,candidate_1,4,0.0225
352,candidate_3,candidate_2,candidate_4,candidate_1,4,0.0225
353,candidate_3,candidate_2,candidate_4,candidate_1,4,0.0225
354,candidate_3,candidate_2,candidate_4,candidate_1,4,0.0225
355,candidate_3,candidate_2,candidate_4,candidate_1,4,0.0225
356,candidate_3,candidate_2,candidate_4,candidate_1,4,0.0225
357,candidate_3,candidate_2,candidate_4,candidate_1,4,0.0225
358,candidate_3,candidate_2,candidate_4,candidate_1,4,0.0225
359,candidate_3,0,candidate_4,candidate_1,4,0.0225
360,candidate_3,candidate_2,candidate_4,candidate_1,4,0.0225
361,candidate_3,candidate_2,candidate_4,candidate_1,4,0.0225
362,candidate_3,candidate_2,0,candidate_1,4,0.0225
363,candidate_3,candidate_2,candidate_4,candidate_1,4,0.0225
364,candidate_3,candidate_2,candidate_4,candidate_1,4,0.0225
365,candidate_3,candidate_2,candidate_4,candidate_1,4,0.0225
366,candidate_3,candidate_2,candidate_4,candidate_1,4,0.0225
367,candidate_3,candidate_2,candidate_4,candidate_1,4,0.0225
368,candidate_3,candidate_2,candidate_4,candidate_1,4,0.0225
369,candidate_3,candidate_2,candidate_4,candidate_1,4,0.0225
370,candidate_3,candidate_2,candidate_4,candidate_1,4,0.0225
371,candidate_3,candidate_2,candidate_4,candidate_1,4,0.0225
372,candidate_3,candidate_2,candidate_4,candidate_1,4,0.0225
373,candidate_3,candidate_2,candidate_4,candidate_1,4,0.0225
374,candidate_3,candidate_2,candidate_4,candidate_1,4,0.0225
375,candidate_3,candidate_2,candidate_4,candidate_1,4,0.0225
376,candidate_3,candidate_2,candidate_4,candidate_1,4,0.0225
377,candidate_3,candidate_2,candidate_4,candidate_1,4,0.0225
378,candidate_3,candidate_2,candidate_4,candidate_1,4,0.0225
379,candidate_3,candidate_2,candidate_4,candidate_1,4,0.0225
380,candidate_3,candidate_2,candidate_4,candidate_1,4,0.0225
381,candidate_3,candidate_2,candidate_4,candidate_1,4,0.0225
382,candidate_3,candidate_2,candidate_4,candidate_1,4,0.0225
383,candidate_3,candidate_2,candidate_4,candidate_1,4,0.0225
384,candidate_3,candidate_2,candidate_4,candidate_1,4,0.0225
385,candidate_3,candidate_2,candidate_4,candidate_1,4,0.0225
386,candidate_3,candidate_2,candidate_4,candidate_1,4,0.0225
387,candidate_3,candidate_2,candidate_4,candidate_1,4,0.0225
388,candidate_3,candidate_2,candidate_4,candidate_1,4,0.0225
389,candidate_3,candidate_2,candidate_4,candidate_1,4,0.0225
390,candidate_3,candidate_2,candidate_4,candidate_1,4,0.0225
391,candidate_3,candidate_2,candidate_4,0,4,0.0225
392,candidate_3,candidate_2,candidate_4,candidate_1,4,0.0225
393,candidate_3,candidate_2,candidate_4,candidate_1,4,0.0225
394,candidate_3,candidate_2,candidate_4,candidate_1,4,0.0225
395,candidate_3,candidate_2,candidate_4,candidate_1,4,0.0225
396,candidate_3,candidate_2,candidate_4,candidate_1,4,0.0225
397,candidate_3,candidate_2,candidate_4,candidate_1,4,0.0225
398,candidate_3,candidate_2,candidate_4,candidate_1,4,0.0225
399,candidate_3,candidate_2,candidate_4,candidate_1,4,0.0225
400,candidate_3,candidate_2,candidate_4,candidate_1,4,0.0225
401,candidate_3,candidate_2,candidate_4,candidate_1,4,0.0225
402,candidate_3,candidate_2,candidate_4,candidate_1,4,0.0225
403,candidate_3,candidate_2,candidate_4,candidate_1,4,0.0225
404,candidate_3,candidate_2,candidate_4,candidate_1,4,0.0225
405,candidate_3,candidate_2,candidate_4,candidate_1,4,0.0225
406,candidate_3,candidate_2,candidate_4,candidate_1,4,0.0225
407,candidate_3,candidate_2,candidate_4,candidate_1,4,0.0225
408,candidate_3,candidate_2,candidate_4,candidate_1,4,0.0225
409,candidate_3,candidate_2,candidate_4,candidate_1,4,0.0225
410,candidate_3,candidate_2,candidate_4,candidate_1,4,0.0225
411,candidate_3,candidate_2,candidate_4,candidate_1,4,0.0225
412,candidate_3,candidate_2,candidate_4,candidate_1,4,0.0225
413,candidate_3,candidate_2,candidate_4,candidate_1,4,0.0225
414,candidate_3,candidate_2,candidate_4,candidate_1,4,0.0225
415,candidate_3,candidate_2,candidate_4,candidate_1,4,0.0225
416,candidate_3,candidate_2,candidate_4,candidate_1,4,0.0225
417,candidate_3,candidate_2,candidate_4,candidate_1,4,0.0225
418,candidate_3,candidate_2,candidate_4,candidate_1,4,0.0225
419,candidate_3,candidate_2,candidate_4,candidate_1,4,0.0225
420,candidate_3,candidate_2,candidate_4,candidate_1,4,0.0225
421,candidate_3,candidate_2,candidate_4,candidate_1,4,0.0225
422,candidate_3,candidate_2,candidate_4,candidate_1,4,0.0225
423,candidate_3,candidate_2,candidate_4,candidate_1,4,0.0225
424,candidate_3,candidate_2,candidate_4,candidate_1,4,0.0225
425,candidate_3,candidate_2,candidate_4,candidate_1,4,0.0225
426,candidate_3,candidate_2,candidate_4,candidate_1,4,0.0225
427,candidate_3,candidate_2,candidate_4,candidate_1,4,0.0225
428,candidate_3,candidate_2,candidate_4,candidate_1,4,0.0225
429,candidate_3,0,candidate_4,candidate_1,4,0.0225
430,candidate_3,candidate_2,candidate_4,candidate_1,4,0.0225
431,candidate_3,candidate_2,candidate_4,candidate_1,4,0.0225
432,candidate_3,candidate_2,candidate_4,candidate_1,4,0.0225
433,candidate_3,0,candidate_4,candidate_1,4,0.0225
434,candidate_3,candidate_2,candidate_4,candidate_1,4,0.0225
435,candidate_3,candidate_2,candidate_4,candidate_1,4,0.0225
436,candidate_3,candidate_2,candidate_4,candidate_1,4,0.0225
437,candidate_3,candidate_2,candidate_4,candidate_1,4,0.0225
438,candidate_3,candidate_2,candidate_4,candidate_1,4,0.0225
439,candidate_3,candidate_2,candidate_4,candidate_1,4,0.0225
440,candidate_3,candidate_2,candidate_4,candidate_1,4,0.0225
441,candidate_3,candidate_2,candidate_4,candidate_1,4,0.0225
442,candidate_3,candidate_2,candidate_4,candidate_1,4,0.0225
443,candidate_3,candidate_2,0,candidate_1,4,0.0225
444,candidate_3,candidate_2,candidate_4,candidate_1,4,0.0225
445,0,candidate_2,candidate_4,candidate_1,4,0.0225
446,candidate_3,candidate_2,candidate_4,candidate_1,4,0.0225
447,candidate_3,candidate_2,candidate_4,candidate_1,4,0.0225
448,candidate_3,candidate_2,candidate_4,candidate_1,4,0.0225
449,candidate_3,candidate_2,candidate_4,candidate_1,4,0.0225
450,candidate_3,candidate_2,candidate_4,candidate_1,4,0.0225
451,candidate_3,candidate_2,candidate_4,candidate_1,4,0.0225
452,candidate_3,candidate_2,candidate_4,candidate_1,4,0.0225
453,candidate_3,candidate_2,candidate_4,candidate_1,4,0.0225
454,candidate_3,candidate_2,candidate_4,candidate_1,4,0.0225
455,candidate_3,candidate_2,candidate_4,candidate_1,4,0.0225
456,candidate_3,candidate_2,candidate_4,0,4,0.0225
457,candidate_3,candidate_2,candidate_4,candidate_1,4,0.0225
458,0,candidate_2,candidate_4,candidate_1,4,0.0225
459,candidate_3,0,candidate_4,candidate_1,4,0.0225
460,candidate_3,candidate_2,candidate_4,candidate_1,4,0.0225
461,candidate_3,candidate_2,candidate_4,candidate_1,4,0.0225
462,candidate_3,candidate_2,candidate_4,candidate_1,4,0.0225
463,candidate_3,candidate_2,0,candidate_1,4,0.0225
464,candidate_3,candidate_2,candidate_4,candidate_1,4,0.0225
465,candidate_3,candidate_2,candidate_4,candidate_1,4,0.0225
466,candidate_3,candidate_2,candidate_4,candidate_1,4,0.0225
467,candidate_3,candidate_2,candidate_4,candidate_1,4,0.0225
468,candidate_3,candidate_2,candidate_4,candidate_1,4,0.0225
469,candidate_3,candidate_2,candidate_4,candidate_1,4,0.0225
470,candidate_3,candidate_2,candidate_4,candidate_1,4,0.0225
471,candidate_3,0,candidate_4,candidate_1,4,0.0225
472,candidate_3,candidate_2,candidate_4,candidate_1,4,0.0225
473,candidate_3,candidate_2,candidate_4,candidate_1,4,0.0225
474,candidate_3,candidate_2,candidate_4,candidate_1,4,0.0225
475,candidate_3,candidate_2,candidate_4,candidate_1,4,0.0225
476,candidate_3,candidate_2,candidate_4,candidate_1,4,0.0225
477,candidate_3,candidate_2,candidate_4,candidate_1,4,0.0225
478,candidate_3,candidate_2,candidate_4,candidate_1,4,0.0225
479,candidate_3,candidate_2,candidate_4,candidate_1,4,0.0225
480,candidate_3,candidate_2,candidate_4,candidate_1,4,0.0225
481,candidate_3,candidate_2,candidate_4,candidate_1,4,0.0225
482,candidate_3,candidate_2,candidate_4,candidate_1,4,0.0225
483,candidate_3,candidate_2,candidate_4,candidate_1,4,0.0225
484,candidate_3,candidate_2,candidate_4,candidate_1,4,0.0225
485,candidate_3,candidate_2,candidate_4,candidate_1,4,0.0225
486,candidate_3,candidate_2,candidate_4,candidate_1,4,0.0225
487,candidate_3,candidate_2,candidate_4,candidate_1,4,0.0225
488,candidate_3,candidate_2,candidate_4,candidate_1,4,0.0225
489,candidate_3,candidate_2,candidate_4,candidate_1,4,0.0225
490,candidate_3,candidate_2,candidate_4,candidate_1,4,0.0225
491,candidate_3,candidate_2,candidate_4,candidate_1,4,0.0225
492,candidate_3,candidate_2,candidate_4,candidate_1,4,0.0225
493,candidate_3,candidate_2,candidate_4,candidate_1,4,0.0225
494,candidate_3,candidate_2,candidate_4,candidate_1,4,0.0225
495,candidate_3,candidate_2,candidate_4,candidate_1,4,0.0225
496,candidate_3,candidate_2,candidate_4,candidate_1,4,0.0225
497,candidate_3,candidate_2,candidate_4,candidate_1,4,0.0225
498,candidate_3,candidate_2,candidate_4,candidate_1,4,0.0225
499,candidate_3,candidate_2,candidate_4,candidate_1,4,0.0225
500,candidate_3,candidate_2,candidate_4,candidate_1,4,0.0225
501,candidate_3,0,0,candidate_1,4,0.0225
502,candidate_3,candidate_2,candidate_4,candidate_1,4,0.0225
503,candidate_3,candidate_2,candidate_4,candidate_1,4,0.0225
504,candidate_3,candidate_2,candidate_4,candidate_1,4,0.0225
505,candidate_3,candidate_2,candidate_4,candidate_1,4,0.0225
506,candidate_3,candidate_2,candidate_4,candidate_1,4,0.0225
507,candidate_3,candidate_2,candidate_4,candidate_1,4,0.0225
508,candidate_3,candidate_2,candidate_4,candidate_1,4,0.0225
509,candidate_3,candidate_2,candidate_4,candidate_1,4,0.0225
510,candidate_3,candidate_2,candidate_4,candidate_1,4,0.0225
511,candidate_3,candidate_2,candidate_4,candidate_1,4,0.0225
512,candidate_3,candidate_2,candidate_4,candidate_1,4,0.0225
513,candidate_3,candidate_2,candidate_4,candidate_1,4,0.0225
514,candidate_3,candidate_2,candidate_4,candidate_1,4,0.0225
515,candidate_3,0,candidate_4,candidate_1,4,0.0225
516,candidate_3,0,candidate_4,candidate_1,4,0.0225
517,candidate_3,candidate_2,candidate_4,candidate_1,4,0.0225
518,candidate_3,0,candidate_4,candidate_1,4,0.0225
519,candidate_3,candidate_2,candidate_4,candidate_1,4,0.0225
520,candidate_3,candidate_2,candidate_4,candidate_1,4,0.0225
521,candidate_3,candidate_2,candidate_4,candidate_1,4,0.0225
522,candidate_3,candidate_2,candidate_4,candidate_1,4,0.0225
523,candidate_3,candidate_2,candidate_4,candidate_1,4,0.0225
524,candidate_3,candidate_2,candidate_4,candidate_1,4,0.0225
525,candidate_3,candidate_2,candidate_4,candidate_1,4,0.0225
526,candidate_3,candidate_2,candidate_4,candidate_1,4,0.0225
527,candidate_3,candidate_2,candidate_4,candidate_1,4,0.0225
528,candidate_3,candidate_2,0,candidate_1,4,0.0225
529,candidate_3,candidate_2,candidate_4,candidate_1,4,0.0225
530,candidate_3,candidate_2,candidate_4,candidate_1,4,0.0225
531,candidate_3,candidate_2,candidate_4,candidate_1,4,0.0225
532,candidate_3,candidate_2,candidate_4,candidate_1,4,0.0225
533,candidate_3,candidate_2,candidate_4,candidate_1,4,0.0225
534,candidate_3,candidate_2,candidate_4,candidate_1,4,0.0225
535,candidate_3,candidate_2,candidate_4,candidate_1,4,0.0225
536,candidate_3,candidate_2,candidate_4,candidate_1,4,0.0225
537,candidate_3,candidate_2,candidate_4,candidate_1,4,0.0225
538,candidate_3,candidate_2,candidate_4,candidate_1,4,0.0225
539,candidate_3,candidate_2,candidate_4,candidate_1,4,0.0225
540,candidate_3,candidate_2,candidate_4,candidate_1,4,0.0225
541,candidate_3,candidate_2,candidate_4,candidate_1,4,0.0225
542,candidate_3,candidate_2,candidate_4,candidate_1,4,0.0225
543,candidate_3,candidate_2,candidate_4,candidate_1,4,0.0225
544,candidate_3,candidate_2,candidate_4,candidate_1,4,0.0225
545,candidate_3,candidate_2,candidate_4,candidate_1,4,0.0225
546,candidate_3,candidate_2,candidate_4,candidate_1,4,0.0225
547,candidate_3,candidate_2,candidate_4,candidate_1,4,0.0225
548,candidate_3,candidate_2,candidate_4,candidate_1,4,0.0225
549,candidate_3,candidate_2,candidate_4,candidate_1,4,0.0225
550,candidate_3,candidate_2,candidate_4,candidate_1,4,0.0225
551,candidate_3,candidate_2,candidate_4,candidate_1,4,0.0225
552,candidate_3,candidate_2,candidate_4,candidate_1,4,0.0225
553,candidate_3,candidate_2,candidate_4,candidate_1,4,0.0225
554,candidate_3,candidate_2,candidate_4,candidate_1,4,0.0225
555,candidate_3,candidate_2,0,candidate_1,4,0.0225
556,candidate_3,0,candidate_4,candidate_1,4,0.0225
557,candidate_3,candidate_2,candidate_4,candidate_1,4,0.0225
558,candidate_3,0,candidate_4,candidate_1,4,0.0225
559,candidate_3,candidate_2,candidate_4,candidate_1,4,0.0225
560,candidate_3,candidate_2,candidate_4,candidate_1,4,0.0225
561,candidate_3,candidate_2,candidate_4,candidate_1,4,0.0225
562,candidate_3,candidate_2,candidate_4,candidate_1,4,0.0225
563,candidate_3,candidate_2,candidate_4,candidate_1,4,0.0225
564,candidate_3,candidate_2,candidate_4,candidate_1,4,0.0225
565,candidate_3,candidate_2,0,candidate_1,4,0.0225
566,candidate_3,candidate_2,candidate_4,candidate_1,4,0.0225
567,candidate_3,candidate_2,candidate_4,candidate_1,4,0.0225
568,candidate_3,candidate_2,candidate_4,candidate_1,4,0.0225
569,candidate_3,candidate_2,candidate_4,candidate_1,4,0.0225
570,candidate_3,candidate_2,candidate_4,candidate_1,4,0.0225
571,candidate_3,candidate_2,candidate_4,candidate_1,4,0.0225
572,candidate_3,candidate_2,candidate_4,candidate_1,4,0.0225
573,candidate_3,candidate_2,candidate_4,candidate_1,4,0.0225
574,candidate_3,candidate_2,candidate_4,candidate_1,4,0.0225
575,candidate_3,candidate_2,candidate_4,candidate_1,4,0.0225
576,candidate_3,candidate_2,candidate_4,candidate_1,4,0.0225
577,candidate_3,candidate_2,candidate_4,candidate_1,4,0.0225
578,candidate_3,candidate_2,candidate_4,candidate_1,4,0.0225
579,candidate_3,candidate_2,candidate_4,candidate_1,4,0.0225
580,candidate_3,candidate_2,candidate_4,candidate_1,4,0.0225
581,candidate_3,candidate_2,candidate_4,candidate_1,4,0.0225
582,candidate_3,candidate_2,candidate_4,candidate_1,4,0.0225
583,candidate_3,candidate_2,candidate_4,candidate_1,4,0.0225
584,candidate_3,candidate_2,candidate_4,candidate_1,4,0.0225
585,candidate_3,candidate_2,candidate_4,candidate_1,4,0.0225
586,candidate_3,candidate_2,candidate_4,candidate_1,4,0.0225
587,candidate_3,candidate_2,candidate_4,candidate_1,4,0.0225
588,candidate_3,candidate_2,candidate_4,candidate_1,4,0.0225
589,candidate_3,candidate_2,candidate_4,candidate_1,4,0.0225
590,candidate_3,0,candidate_4,candidate_1,4,0.0225
591,candidate_3,candidate_2,candidate_4,candidate_1,4,0.0225
592,candidate_3,candidate_2,candidate_4,candidate_1,4,0.0225
593,candidate_3,candidate_2,candidate_4,candidate_1,4,0.0225
594,candidate_3,candidate_2,candidate_4,candidate_1,4,0.0225
595,candidate_3,candidate_2,candidate_4,candidate_1,4,0.0225
596,candidate_3,candidate_2,candidate_4,candidate_1,4,0.0225
597,candidate_3,candidate_2,candidate_4,candidate_1,4,0.0225
598,candidate_3,candidate_2,candidate_4,candidate_1,4,0.0225
599,candidate_3,candidate_2,candidate_4,candidate_1,4,0.0225
600,candidate_3,candidate_2,candidate_4,candidate_1,4,0.0225
601,candidate_3,candidate_2,candidate_4,candidate_1,4,0.0225
602,candidate_3,candidate_2,candidate_4,candidate_1,4,0.0225
603,candidate_3,candidate_2,candidate_4,candidate_1,4,0.0225
604,candidate_3,candidate_2,candidate_4,candidate_1,4,0.0225
605,candidate_3,candidate_2,candidate_4,candidate_1,4,0.0225
606,candidate_3,candidate_2,candidate_4,candidate_1,4,0.0225
607,candidate_3,candidate_2,candidate_4,candidate_1,4,0.0225
608,candidate_3,candidate_2,candidate_4,candidate_1,4,0.0225
609,candidate_3,0,candidate_4,candidate_1,4,0.0225
610,candidate_3,candidate_2,candidate_4,candidate_1,4,0.0225
611,candidate_3,candidate_2,candidate_4,candidate_1,4,0.0225
612,candidate_3,candidate_2,candidate_4,candidate_1,4,0.0225
613,candidate_3,0,candidate_4,candidate_1,4,0.0225
614,candidate_3,candidate_2,candidate_4,candidate_1,4,0.0225
615,candidate_3,candidate_2,candidate_4,candidate_1,4,0.0225
616,candidate_3,candidate_2,candidate_4,candidate_1,4,0.0225
617,candidate_3,candidate_2,candidate_4,candidate_1,4,0.0225
618,candidate_3,candidate_2,candidate_4,candidate_1,4,0.0225
619,candidate_3,candidate_2,candidate_4,candidate_1,4,0.0225
620,candidate_3,candidate_2,candidate_4,candidate_1,4,0.0225
621,candidate_3,candidate_2,candidate_4,candidate_1,4,0.0225
622,candidate_3,candidate_2,candidate_4,candidate_1,4,0.0225
623,0,candidate_2,candidate_4,candidate_1,4,0.0225
624,candidate_3,candidate_2,candidate_4,candidate_1,4,0.0225
625,candidate_3,candidate_2,candidate_4,candidate_1,4,0.0225
626,candidate_3,0,candidate_4,candidate_1,4,0.0225
627,candidate_3,candidate_2,candidate_4,candidate_1,4,0.0225
628,candidate_3,candidate_2,candidate_4,candidate_1,4,0.0225
629,candidate_3,candidate_2,candidate_4,candidate_1,4,0.0225
630,candidate_3,candidate_2,candidate_4,candidate_1,4,0.0225
631,candidate_3,candidate_2,candidate_4,candidate_1,4,0.0225
632,candidate_3,candidate_2,candidate_4,candidate_1,4,0.0225
633,candidate_3,candidate_2,candidate_4,candidate_1,4,0.0225
634,candidate_3,candidate_2,candidate_4,candidate_1,4,0.0225
635,candidate_3,candidate_2,candidate_4,candidate_1,4,0.0225
636,candidate_3,candidate_2,candidate_4,candidate_1,4,0.0225
637,candidate_3,candidate_2,candidate_4,candidate_1,4,0.0225
638,candidate_3,candidate_2,candidate_4,candidate_1,4,0.0225
639,candidate_3,candidate_2,candidate_4,candidate_1,4,0.0225
640,0,candidate_2,candidate_4,candidate_1,4,0.0225
641,candidate_3,candidate_2,candidate_4,candidate_1,4,0.0225
642,candidate_3,candidate_2,candidate_4,candidate_1,4,0.0225
643,candidate_3,candidate_2,candidate_4,candidate_1,4,0.0225
644,candidate_3,candidate_2,0,candidate_1,4,0.0225
645,candidate_3,candidate_2,candidate_4,candidate_1,4,0.0225
646,candidate_3,candidate_2,candidate_4,candidate_1,4,0.0225
647,candidate_3,candidate_2,0,candidate_1,4,0.0225
648,candidate_3,candidate_2,candidate_4,candidate_1,4,0.0225
649,candidate_3,candidate_2,candidate_4,candidate_1,4,0.0225
650,candidate_3,candidate_2,candidate_4,candidate_1,4,0.0225
651,candidate_3,candidate_2,candidate_4,candidate_1,4,0.0225
652,candidate_3,candidate_2,candidate_4,0,4,0.0225
653,candidate_3,candidate_2,candidate_4,candidate_1,4,0.0225
654,candidate_3,candidate_2,candidate_4,candidate_1,4,0.0225
655,candidate_3,candidate_2,candidate_4,candidate_1,4,0.0225
656,candidate_3,candidate_2,candidate_4,candidate_1,4,0.0225
657,candidate_3,candidate_2,candidate_4,candidate_1,4,0.0225
658,candidate_3,candidate_2,candidate_4,candidate_1,4,0.0225
659,candidate_3,candidate_2,candidate_4,candidate_1,4,0.0225
660,candidate_3,candidate_2,candidate_4,candidate_1,4,0.0225
661,candidate_3,candidate_2,candidate_4,candidate_1,4,0.0225
662,candidate_3,candidate_2,candidate_4,candidate_1,4,0.0225
663,candidate_3,candidate_2,candidate_4,candidate_1,4,0.0225
664,candidate_3,candidate_2,candidate_4,candidate_1,4,0.0225
665,candidate_3,candidate_2,candidate_4,candidate_1,4,0.0225
666,candidate_3,candidate_2,candidate_4,candidate_1,4,0.0225
667,candidate_3,candidate_2,candidate_4,candidate_1,4,0.0225
668,candidate_3,candidate_2,candidate_4,candidate_1,4,0.0225
669,candidate_3,candidate_2,candidate_4,0,4,0.0225
670,candidate_3,candidate_2,candidate_4,candidate_1,4,0.0225
671,candidate_3,candidate_2,candidate_4,candidate_1,4,0.0225
672,candidate_3,candidate_2,candidate_4,candidate_1,4,0.0225
673,candidate_3,candidate_2,candidate_4,candidate_1,4,0.0225
674,candidate_3,candidate_2,candidate_4,candidate_1,4,0.0225
675,candidate_3,candidate_2,candidate_4,candidate_1,4,0.0225
676,candidate_3,candidate_2,candidate_4,candidate_1,4,0.0225
677,candidate_3,candidate_2,candidate_4,candidate_1,4,0.0225
678,candidate_3,candidate_2,candidate_4,candidate_1,4,0.0225
679,candidate_3,candidate_2,candidate_4,candidate_1,4,0.0225
680,candidate_3,candidate_2,candidate_4,candidate_1,4,0.0225
681,candidate_3,candidate_2,candidate_4,candidate_1,4,0.0225
682,candidate_3,candidate_2,candidate_4,candidate_1,4,0.0225
683,candidate_3,candidate_2,candidate_4,candidate_1,4,0.0225
684,candidate_3,candidate_2,candidate_4,candidate_1,4,0.0225
685,candidate_3,candidate_2,candidate_4,candidate_1,4,0.0225
686,candidate_3,candidate_2,candidate_4,candidate_1,4,0.0225
687,candidate_3,candidate_2,candidate_4,candidate_1,4,0.0225
688,candidate_3,candidate_2,candidate_4,candidate_1,4,0.0225
689,candidate_3,candidate_2,candidate_4,candidate_1,4,0.0225
690,candidate_3,candidate_2,candidate_4,candidate_1,4,0.0225
691,candidate_3,candidate_2,candidate_4,candidate_1,4,0.0225
692,candidate_3,candidate_2,candidate_4,candidate_1,4,0.0225
693,candidate_3,candidate_2,candidate_4,candidate_1,4,0.0225
694,candidate_3,candidate_2,candidate_4,0,4,0.0225
695,candidate_3,candidate_2,candidate_4,candidate_1,4,0.0225
696,candidate_3,candidate_2,candidate_4,candidate_1,4,0.0225
697,candidate_3,candidate_2,candidate_4,candidate_1,4,0.0225
698,candidate_3,candidate_2,candidate_4,candidate_1,4,0.0225
699,candidate_3,candidate_2,candidate_4,candidate_1,4,0.0225
700,candidate_3,candidate_2,candidate_4,candidate_1,4,0.0225
701,candidate_3,candidate_2,candidate_4,candidate_1,4,0.0225
702,candidate_3,candidate_2,candidate_4,candidate_1,4,0.0225
703,candidate_3,candidate_2,candidate_4,candidate_1,4,0.0225
704,candidate_3,candidate_2,candidate_4,candidate_1,4,0.0225
705,candidate_3,candidate_2,candidate_4,candidate_1,4,0.0225
706,candidate_3,candidate_2,candidate_4,candidate_1,4,0.0225
707,candidate_3,candidate_2,candidate_4,candidate_1,4,0.0225
708,candidate_3,candidate_2,candidate_4,candidate_1,4,0.0225
709,candidate_3,0,candidate_4,candidate_1,4,0.0225
710,candidate_3,candidate_2,candidate_4,candidate_1,4,0.0225
711,candidate_3,candidate_2,candidate_4,candidate_1,4,0.0225
712,candidate_3,candidate_2,candidate_4,candidate_1,4,0.0225
713,candidate_3,candidate_2,candidate_4,candidate_1,4,0.0225
714,candidate_3,candidate_2,candidate_4,candidate_1,4,0.0225
715,candidate_3,candidate_2,candidate_4,candidate_1,4,0.0225
716,0,candidate_2,candidate_4,candidate_1,4,0.0225
717,candidate_3,candidate_2,candidate_4,candidate_1,4,0.0225
718,candidate_3,candidate_2,candidate_4,candidate_1,4,0.0225
719,candidate_3,candidate_2,candidate_4,candidate_1,4,0.0225
720,candidate_3,candidate_2,0,candidate_1,4,0.0225
721,candidate_3,candidate_2,candidate_4,candidate_1,4,0.0225
722,candidate_3,candidate_2,candidate_4,candidate_1,4,0.0225
723,candidate_3,candidate_2,candidate_4,candidate_1,4,0.0225
724,candidate_3,candidate_2,candidate_4,candidate_1,4,0.0225
725,candidate_3,candidate_2,candidate_4,candidate_1,4,0.0225
726,candidate_3,candidate_2,candidate_4,candidate_1,4,0.0225
727,candidate_3,candidate_2,candidate_4,candidate_1,4,0.0225
728,candidate_3,candidate_2,candidate_4,candidate_1,4,0.0225
729,candidate_3,candidate_2,candidate_4,candidate_1,4,0.0225
730,candidate_3,candidate_2,candidate_4,candidate_1,4,0.0225
731,candidate_3,candidate_2,candidate_4,candidate_1,4,0.0225
732,candidate_3,candidate_2,candidate_4,candidate_1,4,0.0225
733,candidate_3,candidate_2,0,candidate_1,4,0.0225
734,candidate_3,candidate_2,candidate_4,candidate_1,4,0.0225
735,candidate_3,candidate_2,candidate_4,candidate_1,4,0.0225
736,candidate_3,candidate_2,candidate_4,candidate_1,4,0.0225
737,candidate_3,candidate_2,candidate_4,candidate_1,4,0.0225
738,candidate_3,candidate_2,candidate_4,candidate_1,4,0.0225
739,candidate_3,candidate_2,candidate_4,candidate_1,4,0.0225
740,candidate_3,candidate_2,candidate_4,candidate_1,4,0.0225
741,candidate_3,candidate_2,candidate_4,candidate_1,4,0.0225
742,candidate_3,candidate_2,candidate_4,candidate_1,4,0.0225
743,candidate_3,candidate_2,candidate_4,candidate_1,4,0.0225
744,candidate_3,0,candidate_4,candidate_1,4,0.0225
745,candidate_3,candidate_2,candidate_4,candidate_1,4,0.0225
746,candidate_3,candidate_2,candidate_4,candidate_1,4,0.0225
747,candidate_3,candidate_2,candidate_4,0,4,0.0225
748,candidate_3,candidate_2,candidate_4,candidate_1,4,0.0225
749,candidate_3,candidate_2,candidate_4,candidate_1,4,0.0225
750,candidate_3,candidate_2,candidate_4,candidate_1,4,0.0225
751,candidate_3,candidate_2,candidate_4,candidate_1,4,0.0225
752,candidate_3,candidate_2,candidate_4,0,4,0.0225
753,candidate_3,candidate_2,candidate_4,candidate_1,4,0.0225
754,candidate_3,candidate_2,candidate_4,candidate_1,4,0.0225
755,candidate_3,candidate_2,candidate_4,candidate_1,4,0.0225
756,candidate_3,candidate_2,candidate_4,candidate_1,4,0.0225
757,candidate_3,candidate_2,candidate_4,candidate_1,4,0.0225
758,candidate_3,candidate_2,candidate_4,candidate_1,4,0.0225
759,candidate_3,candidate_2,candidate_4,candidate_1,4,0.0225
760,candidate_3,candidate_2,candidate_4,candidate_1,4,0.0225
761,candidate_3,candidate_2,candidate_4,candidate_1,4,0.0225
762,candidate_3,candidate_2,candidate_4,candidate_1,4,0.0225
763,candidate_3,candidate_2,candidate_4,candidate_1,4,0.0225
764,candidate_3,candidate_2,candidate_4,candidate_1,4,0.0225
765,0,candidate_2,candidate_4,candidate_1,4,0.0225
766,candidate_3,candidate_2,candidate_4,candidate_1,4,0.0225
767,candidate_3,candidate_2,candidate_4,candidate_1,4,0.0225
768,candidate_3,candidate_2,candidate_4,candidate_1,4,0.0225
769,candidate_3,candidate_2,candidate_4,candidate_1,4,0.0225
770,candidate_3,candidate_2,candidate_4,candidate_1,4,0.0225
771,candidate_3,candidate_2,candidate_4,candidate_1,4,0.0225
772,candidate_3,candidate_2,candidate_4,candidate_1,4,0.0225
773,candidate_3,candidate_2,candidate_4,candidate_1,4,0.0225
774,candidate_3,candidate_2,candidate_4,candidate_1,4,0.0225
775,candidate_3,candidate_2,candidate_4,candidate_1,4,0.0225
776,candidate_3,candidate_2,candidate_4,candidate_1,4,0.0225
777,candidate_3,candidate_2,candidate_4,candidate_1,4,0.0225
778,candidate_3,candidate_2,candidate_4,candidate_1,4,0.0225
779,candidate_3,candidate_2,candidate_4,candidate_1,4,0.0225
780,candidate_3,candidate_2,candidate_4,candidate_1,4,0.0225
781,candidate_3,candidate_2,candidate_4,candidate_1,4,0.0225
782,candidate_3,candidate_2,candidate_4,candidate_1,4,0.0225
783,candidate_3,candidate_2,candidate_4,candidate_1,4,0.0225
784,candidate_3,candidate_2,candidate_4,candidate_1,4,0.0225
785,candidate_3,candidate_2,candidate_4,candidate_1,4,0.0225
786,candidate_3,candidate_2,candidate_4,candidate_1,4,0.0225
787,candidate_3,candidate_2,candidate_4,candidate_1,4,0.0225
788,candidate_3,candidate_2,candidate_4,candidate_1,4,0.0225
789,candidate_3,candidate_2,candidate_4,candidate_1,4,0.0225
790,0,candidate_2,candidate_4,candidate_1,4,0.0225
791,candidate_3,candidate_2,candidate_4,candidate_1,4,0.0225
792,candidate_3,candidate_2,candidate_4,candidate_1,4,0.0225
793,candidate_3,candidate_2,candidate_4,candidate_1,4,0.0225
794,candidate_3,candidate_2,candidate_4,candidate_1,4,0.0225
795,candidate_3,0,candidate_4,candidate_1,4,0.0225
796,candidate_3,candidate_2,candidate_4,candidate_1,4,0.0225
797,candidate_3,candidate_2,candidate_4,candidate_1,4,0.0225
798,candidate_3,candidate_2,candidate_4,candidate_1,4,0.0225
799,candidate_3,candidate_2,candidate_4,candidate_1,4,0.0225
800,candidate_3,candidate_2,candidate_4,candidate_1,4,0.0225
801,candidate_3,candidate_2,0,candidate_1,4,0.0225
802,candidate_3,candidate_2,candidate_4,candidate_1,4,0.0225
803,candidate_3,candidate_2,candidate_4,candidate_1,4,0.0225
804,candidate_3,candidate_2,candidate_4,candidate_1,4,0.0225
805,candidate_3,candidate_2,candidate_4,candidate_1,4,0.0225
806,candidate_3,candidate_2,candidate_4,candidate_1,4,0.0225
807,candidate_3,candidate_2,candidate_4,candidate_1,4,0.0225
808,candidate_3,candidate_2,candidate_4,candidate_1,4,0.0225
809,candidate_3,candidate_2,candidate_4,candidate_1,4,0.0225
810,candidate_3,candidate_2,candidate_4,candidate_1,4,0.0225
811,candidate_3,candidate_2,candidate_4,candidate_1,4,0.0225
812,candidate_3,candidate_2,candidate_4,candidate_1,4,0.0225
813,candidate_3,candidate_2,candidate_4,candidate_1,4,0.0225
814,candidate_3,candidate_2,candidate_4,candidate_1,4,0.0225
815,candidate_3,candidate_2,candidate_4,candidate_1,4,0.0225
816,candidate_3,candidate_2,candidate_4,candidate_1,4,0.0225
817,candidate_3,candidate_2,candidate_4,0,4,0.0225
818,candidate_3,candidate_2,0,candidate_1,4,0.0225
819,candidate_3,candidate_2,candidate_4,candidate_1,4,0.0225
820,candidate_3,candidate_2,candidate_4,candidate_1,4,0.0225
821,candidate_3,candidate_2,candidate_4,candidate_1,4,0.0225
822,candidate_3,candidate_2,candidate_4,candidate_1,4,0.0225
823,candidate_3,candidate_2,candidate_4,candidate_1,4,0.0225
824,candidate_3,candidate_2,candidate_4,candidate_1,4,0.0225
825,candidate_3,candidate_2,candidate_4,candidate_1,4,0.0225
826,candidate_3,candidate_2,candidate_4,candidate_1,4,0.0225
827,candidate_3,candidate_2,candidate_4,candidate_1,4,0.0225
828,candidate_3,candidate_2,candidate_4,candidate_1,4,0.0225
0,candidate_3,candidate_4,candidate_1,candidate_2,4,0.0225
1,candidate_3,candidate_4,candidate_1,candidate_2,4,0.0225
2,candidate_3,candidate_4,candidate_1,candidate_2,4,0.0225
3,candidate_3,candidate_4,candidate_1,candidate_2,4,0.0225
4,0,candidate_4,candidate_1,candidate_2,4,0.0225
5,candidate_3,candidate_4,candidate_1,candidate_2,4,0.0225
6,candidate_3,candidate_4,candidate_1,candidate_2,4,0.0225
7,candidate_3,candidate_4,candidate_1,candidate_2,4,0.0225
8,candidate_3,candidate_4,candidate_1,candidate_2,4,0.0225
9,candidate_3,candidate_4,candidate_1,candidate_2,4,0.0225
10,candidate_3,candidate_4,candidate_1,candidate_2,4,0.0225
11,candidate_3,candidate_4,candidate_1,candidate_2,4,0.0225
12,candidate_3,candidate_4,candidate_1,candidate_2,4,0.0225
13,candidate_3,candidate_4,candidate_1,candidate_2,4,0.0225
14,candidate_3,candidate_4,candidate_1,candidate_2,4,0.0225
15,candidate_3,candidate_4,candidate_1,candidate_2,4,0.0225
16,candidate_3,candidate_4,candidate_1,candidate_2,4,0.0225
17,candidate_3,candidate_4,candidate_1,candidate_2,4,0.0225
18,candidate_3,candidate_4,candidate_1,candidate_2,4,0.0225
19,candidate_3,0,candidate_1,candidate_2,4,0.0225
20,candidate_3,candidate_4,candidate_1,candidate_2,4,0.0225
21,candidate_3,candidate_4,candidate_1,candidate_2,4,0.0225
22,candidate_3,candidate_4,candidate_1,candidate_2,4,0.0225
23,candidate_3,candidate_4,candidate_1,candidate_2,4,0.0225
24,candidate_3,candidate_4,candidate_1,candidate_2,4,0.0225
25,candidate_3,candidate_4,candidate_1,candidate_2,4,0.0225
26,candidate_3,candidate_4,candidate_1,candidate_2,4,0.0225
27,candidate_3,candidate_4,candidate_1,candidate_2,4,0.0225
28,candidate_3,candidate_4,candidate_1,candidate_2,4,0.0225
29,candidate_3,candidate_4,candidate_1,candidate_2,4,0.0225
30,candidate_3,candidate_4,candidate_1,candidate_2,4,0.0225
31,candidate_3,candidate_4,candidate_1,candidate_2,4,0.0225
32,candidate_3,candidate_4,candidate_1,candidate_2,4,0.0225
33,candidate_3,candidate_4,candidate_1,candidate_2,4,0.0225
34,candidate_3,candidate_4,candidate_1,candidate_2,4,0.0225
35,candidate_3,candidate_4,candidate_1,0,4,0.0225
36,candidate_3,candidate_4,candidate_1,candidate_2,4,0.0225
37,candidate_3,candidate_4,candidate_1,candidate_2,4,0.0225
38,candidate_3,candidate_4,candidate_1,candidate_2,4,0.0225
39,candidate_3,candidate_4,candidate_1,candidate_2,4,0.0225
40,candidate_3,candidate_4,candidate_1,candidate_2,4,0.0225
41,candidate_3,candidate_4,candidate_1,candidate_2,4,0.0225
42,candidate_3,candidate_4,candidate_1,candidate_2,4,0.0225
43,candidate_3,candidate_4,candidate_1,candidate_2,4,0.0225
44,candidate_3,candidate_4,candidate_1,candidate_2,4,0.0225
45,candidate_3,candidate_4,candidate_1,candidate_2,4,0.0225
46,candidate_3,candidate_4,candidate_1,candidate_2,4,0.0225
47,candidate_3,candidate_4,candidate_1,candidate_2,4,0.0225
48,candidate_3,candidate_4,candidate_1,candidate_2,4,0.0225
49,candidate_3,candidate_4,candidate_1,candidate_2,4,0.0225
50,candidate_3,candidate_4,candidate_1,candidate_2,4,0.0225
51,candidate_3,candidate_4,candidate_1,candidate_2,4,0.0225
52,candidate_3,candidate_4,candidate_1,candidate_2,4,0.0225
53,candidate_3,candidate_4,candidate_1,candidate_2,4,0.0225
54,candidate_3,candidate_4,candidate_1,candidate_2,4,0.0225
55,candidate_3,candidate_4,candidate_1,candidate_2,4,0.0225
56,candidate_3,candidate_4,candidate_1,candidate_2,4,0.0225
57,candidate_3,candidate_4,candidate_1,candidate_2,4,0.0225
58,candidate_3,candidate_4,candidate_1,candidate_2,4,0.0225
59,candidate_3,candidate_4,candidate_1,candidate_2,4,0.0225
60,0,candidate_4,candidate_1,candidate_2,4,0.0225
61,candidate_3,candidate_4,candidate_1,candidate_2,4,0.0225
62,candidate_3,candidate_4,candidate_1,candidate_2,4,0.0225
63,candidate_3,candidate_4,candidate_1,candidate_2,4,0.0225
64,candidate_3,candidate_4,candidate_1,candidate_2,4,0.0225
65,candidate_3,candidate_4,candidate_1,candidate_2,4,0.0225
66,candidate_3,candidate_4,candidate_1,candidate_2,4,0.0225
67,candidate_3,candidate_4,candidate_1,candidate_2,4,0.0225
68,candidate_3,candidate_4,candidate_1,candidate_2,4,0.0225
69,candidate_3,candidate_4,candidate_1,candidate_2,4,0.0225
70,candidate_3,candidate_4,candidate_1,0,4,0.0225
71,candidate_3,candidate_4,candidate_1,candidate_2,4,0.0225
72,candidate_3,candidate_4,candidate_1,candidate_2,4,0.0225
73,candidate_3,candidate_4,candidate_1,candidate_2,4,0.0225
74,candidate_3,candidate_4,candidate_1,candidate_2,4,0.0225
75,candidate_3,candidate_4,candidate_1,candidate_2,4,0.0225
76,candidate_3,candidate_4,candidate_1,candidate_2,4,0.0225
77,0,candidate_4,candidate_1,candidate_2,4,0.0225
78,candidate_3,candidate_4,candidate_1,candidate_2,4,0.0225
79,candidate_3,candidate_4,candidate_1,candidate_2,4,0.0225
80,candidate_3,candidate_4,candidate_1,candidate_2,4,0.0225
81,candidate_3,candidate_4,candidate_1,candidate_2,4,0.0225
82,candidate_3,candidate_4,candidate_1,candidate_2,4,0.0225
83,candidate_3,candidate_4,candidate_1,candidate_2,4,0.0225
84,candidate_3,candidate_4,candidate_1,candidate_2,4,0.0225
85,candidate_3,candidate_4,candidate_1,candidate_2,4,0.0225
86,candidate_3,candidate_4,candidate_1,candidate_2,4,0.0225
87,candidate_3,candidate_4,candidate_1,candidate_2,4,0.0225
88,candidate_3,candidate_4,candidate_1,candidate_2,4,0.0225
89,candidate_3,candidate_4,candidate_1,candidate_2,4,0.0225
90,candidate_3,candidate_4,candidate_1,candidate_2,4,0.0225
91,candidate_3,candidate_4,candidate_1,candidate_2,4,0.0225
92,candidate_3,candidate_4,candidate_1,candidate_2,4,0.0225
93,candidate_3,candidate_4,candidate_1,candidate_2,4,0.0225
94,candidate_3,candidate_4,candidate_1,candidate_2,4,0.0225
95,candidate_3,candidate_4,candidate_1,candidate_2,4,0.0225
96,candidate_3,candidate_4,candidate_1,candidate_2,4,0.0225
97,candidate_3,candidate_4,candidate_1,candidate_2,4,0.0225
98,candidate_3,candidate_4,candidate_1,candidate_2,4,0.0225
99,candidate_3,candidate_4,candidate_1,candidate_2,4,0.0225
100,candidate_3,candidate_4,candidate_1,candidate_2,4,0.0225
101,candidate_3,candidate_4,candidate_1,candidate_2,4,0.0225
102,candidate_3,candidate_4,candidate_1,candidate_2,4,0.0225
103,candidate_3,candidate_4,candidate_1,0,4,0.0225
104,candidate_3,candidate_4,candidate_1,candidate_2,4,0.0225
105,candidate_3,candidate_4,candidate_1,candidate_2,4,0.0225
106,candidate_3,candidate_4,candidate_1,candidate_2,4,0.0225
107,candidate_3,candidate_4,candidate_1,candidate_2,4,0.0225
108,candidate_3,candidate_4,candidate_1,candidate_2,4,0.0225
109,candidate_3,candidate_4,candidate_1,candidate_2,4,0.0225
110,candidate_3,candidate_4,candidate_1,candidate_2,4,0.0225
111,candidate_3,candidate_4,candidate_1,candidate_2,4,0.0225
112,candidate_3,candidate_4,candidate_1,candidate_2,4,0.0225
113,candidate_3,candidate_4,candidate_1,candidate_2,4,0.0225
114,candidate_3,candidate_4,candidate_1,candidate_2,4,0.0225
115,candidate_3,candidate_4,candidate_1,0,4,0.0225
116,candidate_3,candidate_4,candidate_1,candidate_2,4,0.0225
117,candidate_3,candidate_4,candidate_1,candidate_2,4,0.0225
118,candidate_3,0,candidate_1,candidate_2,4,0.0225
119,candidate_3,candidate_4,candidate_1,candidate_2,4,0.0225
120,candidate_3,candidate_4,candidate_1,candidate_2,4,0.0225
121,candidate_3,candidate_4,candidate_1,candidate_2,4,0.0225
122,candidate_3,candidate_4,candidate_1,candidate_2,4,0.0225
123,candidate_3,candidate_4,candidate_1,candidate_2,4,0.0225
124,candidate_3,candidate_4,candidate_1,candidate_2,4,0.0225
125,candidate_3,candidate_4,candidate_1,candidate_2,4,0.0225
126,candidate_3,candidate_4,candidate_1,candidate_2,4,0.0225
127,candidate_3,candidate_4,candidate_1,candidate_2,4,0.0225
128,candidate_3,candidate_4,candidate_1,candidate_2,4,0.0225
129,candidate_3,candidate_4,candidate_1,candidate_2,4,0.0225
130,candidate_3,candidate_4,candidate_1,candidate_2,4,0.0225
131,candidate_3,candidate_4,candidate_1,candidate_2,4,0.0225
132,candidate_3,candidate_4,candidate_1,candidate_2,4,0.0225
133,candidate_3,candidate_4,candidate_1,candidate_2,4,0.0225
134,candidate_3,candidate_4,candidate_1,candidate_2,4,0.0225
135,candidate_3,candidate_4,candidate_1,candidate_2,4,0.0225
136,candidate_3,candidate_4,candidate_1,candidate_2,4,0.0225
137,candidate_3,candidate_4,candidate_1,candidate_2,4,0.0225
138,candidate_3,candidate_4,candidate_1,candidate_2,4,0.0225
139,candidate_3,candidate_4,candidate_1,candidate_2,4,0.0225
140,candidate_3,candidate_4,candidate_1,candidate_2,4,0.0225
141,candidate_3,candidate_4,candidate_1,candidate_2,4,0.0225
142,candidate_3,candidate_4,0,candidate_2,4,0.0225
143,candidate_3,candidate_4,candidate_1,candidate_2,4,0.0225
144,candidate_3,candidate_4,candidate_1,candidate_2,4,0.0225
145,candidate_3,candidate_4,candidate_1,candidate_2,4,0.0225
146,candidate_3,candidate_4,candidate_1,candidate_2,4,0.0225
147,candidate_3,candidate_4,candidate_1,candidate_2,4,0.0225
148,candidate_3,candidate_4,candidate_1,candidate_2,4,0.0225
149,candidate_3,candidate_4,candidate_1,candidate_2,4,0.0225
150,candidate_3,candidate_4,candidate_1,candidate_2,4,0.0225
151,candidate_3,candidate_4,candidate_1,candidate_2,4,0.0225
152,candidate_3,candidate_4,candidate_1,candidate_2,4,0.0225
153,candidate_3,candidate_4,candidate_1,candidate_2,4,0.0225
154,candidate_3,candidate_4,candidate_1,candidate_2,4,0.0225
155,candidate_3,candidate_4,candidate_1,candidate_2,4,0.0225
156,0,candidate_4,candidate_1,candidate_2,4,0.0225
157,candidate_3,candidate_4,candidate_1,candidate_2,4,0.0225
158,candidate_3,candidate_4,candidate_1,candidate_2,4,0.0225
159,candidate_3,candidate_4,candidate_1,candidate_2,4,0.0225
160,candidate_3,candidate_4,candidate_1,candidate_2,4,0.0225
161,candidate_3,candidate_4,candidate_1,candidate_2,4,0.0225
162,candidate_3,candidate_4,candidate_1,candidate_2,4,0.0225
163,candidate_3,candidate_4,candidate_1,0,4,0.0225
164,candidate_3,candidate_4,candidate_1,candidate_2,4,0.0225
165,0,candidate_4,candidate_1,candidate_2,4,0.0225
166,candidate_3,candidate_4,candidate_1,candidate_2,4,0.0225
167,candidate_3,candidate_4,candidate_1,candidate_2,4,0.0225
168,candidate_3,candidate_4,candidate_1,candidate_2,4,0.0225
169,candidate_3,candidate_4,candidate_1,candidate_2,4,0.0225
170,candidate_3,candidate_4,candidate_1,candidate_2,4,0.0225
171,candidate_3,candidate_4,candidate_1,candidate_2,4,0.0225
172,candidate_3,candidate_4,candidate_1,candidate_2,4,0.0225
173,candidate_3,candidate_4,candidate_1,candidate_2,4,0.0225
174,candidate_3,candidate_4,candidate_1,candidate_2,4,0.0225
175,candidate_3,candidate_4,candidate_1,candidate_2,4,0.0225
176,candidate_3,candidate_4,candidate_1,candidate_2,4,0.0225
177,candidate_3,candidate_4,candidate_1,candidate_2,4,0.0225
178,candidate_3,candidate_4,candidate_1,candidate_2,4,0.0225
179,candidate_3,candidate_4,candidate_1,candidate_2,4,0.0225
180,candidate_3,candidate_4,candidate_1,candidate_2,4,0.0225
181,candidate_3,candidate_4,0,candidate_2,4,0.0225
182,candidate_3,candidate_4,candidate_1,candidate_2,4,0.0225
183,candidate_3,candidate_4,candidate_1,candidate_2,4,0.0225
184,candidate_3,candidate_4,candidate_1,candidate_2,4,0.0225
185,candidate_3,candidate_4,candidate_1,candidate_2,4,0.0225
186,candidate_3,candidate_4,candidate_1,candidate_2,4,0.0225
187,candidate_3,candidate_4,candidate_1,candidate_2,4,0.0225
188,candidate_3,candidate_4,candidate_1,candidate_2,4,0.0225
189,candidate_3,candidate_4,candidate_1,candidate_2,4,0.0225
190,candidate_3,candidate_4,candidate_1,candidate_2,4,0.0225
191,candidate_3,candidate_4,candidate_1,candidate_2,4,0.0225
192,candidate_3,candidate_4,candidate_1,candidate_2,4,0.0225
193,candidate_3,candidate_4,candidate_1,candidate_2,4,0.0225
194,candidate_3,candidate_4,candidate_1,candidate_2,4,0.0225
195,candidate_3,candidate_4,candidate_1,candidate_2,4,0.0225
196,candidate_3,candidate_4,candidate_1,candidate_2,4,0.0225
197,candidate_3,candidate_4,candidate_1,candidate_2,4,0.0225
198,candidate_3,candidate_4,candidate_1,candidate_2,4,0.0225
199,candidate_3,candidate_4,candidate_1,candidate_2,4,0.0225
200,candidate_3,candidate_4,candidate_1,candidate_2,4,0.0225
201,candidate_3,candidate_4,candidate_1,candidate_2,4,0.0225
202,candidate_3,candidate_4,candidate_1,candidate_2,4,0.0225
203,candidate_3,candidate_4,candidate_1,candidate_2,4,0.0225
204,candidate_3,candidate_4,candidate_1,candidate_2,4,0.0225
205,candidate_3,candidate_4,candidate_1,candidate_2,4,0.0225
206,candidate_3,candidate_4,candidate_1,candidate_2,4,0.0225
207,candidate_3,candidate_4,candidate_1,candidate_2,4,0.0225
208,candidate_3,candidate_4,candidate_1,candidate_2,4,0.0225
209,candidate_3,candidate_4,candidate_1,candidate_2,4,0.0225
210,candidate_3,candidate_4,candidate_1,candidate_2,4,0.0225
211,candidate_3,candidate_4,candidate_1,candidate_2,4,0.0225
212,candidate_3,candidate_4,candidate_1,candidate_2,4,0.0225
213,candidate_3,candidate_4,candidate_1,candidate_2,4,0.0225
214,candidate_3,candidate_4,candidate_1,candidate_2,4,0.0225
215,candidate_3,candidate_4,candidate_1,candidate_2,4,0.0225
216,candidate_3,candidate_4,candidate_1,candidate_2,4,0.0225
217,candidate_3,candidate_4,candidate_1,candidate_2,4,0.0225
218,candidate_3,candidate_4,candidate_1,candidate_2,4,0.0225
219,candidate_3,candidate_4,candidate_1,candidate_2,4,0.0225
220,candidate_3,candidate_4,candidate_1,candidate_2,4,0.0225
221,candidate_3,candidate_4,candidate_1,candidate_2,4,0.0225
222,candidate_3,candidate_4,candidate_1,candidate_2,4,0.0225
223,candidate_3,candidate_4,candidate_1,candidate_2,4,0.0225
224,candidate_3,candidate_4,candidate_1,candidate_2,4,0.0225
225,candidate_3,candidate_4,candidate_1,candidate_2,4,0.0225
226,candidate_3,candidate_4,candidate_1,candidate_2,4,0.0225
227,candidate_3,candidate_4,candidate_1,candidate_2,4,0.0225
228,candidate_3,candidate_4,candidate_1,candidate_2,4,0.0225
229,candidate_3,candidate_4,candidate_1,candidate_2,4,0.0225
230,candidate_3,candidate_4,candidate_1,candidate_2,4,0.0225
231,candidate_3,candidate_4,candidate_1,candidate_2,4,0.0225
232,candidate_3,candidate_4,candidate_1,candidate_2,4,0.0225
233,candidate_3,candidate_4,candidate_1,candidate_2,4,0.0225
234,candidate_3,candidate_4,candidate_1,candidate_2,4,0.0225
235,candidate_3,candidate_4,candidate_1,candidate_2,4,0.0225
236,candidate_3,candidate_4,candidate_1,candidate_2,4,0.0225
237,candidate_3,candidate_4,candidate_1,candidate_2,4,0.0225
238,candidate_3,candidate_4,candidate_1,candidate_2,4,0.0225
239,candidate_3,candidate_4,candidate_1,candidate_2,4,0.0225
240,candidate_3,candidate_4,candidate_1,candidate_2,4,0.0225
241,candidate_3,candidate_4,candidate_1,candidate_2,4,0.0225
242,candidate_3,candidate_4,candidate_1,candidate_2,4,0.0225
243,candidate_3,candidate_4,candidate_1,candidate_2,4,0.0225
244,candidate_3,candidate_4,candidate_1,candidate_2,4,0.0225
245,candidate_3,candidate_4,candidate_1,candidate_2,4,0.0225
246,candidate_3,candidate_4,candidate_1,candidate_2,4,0.0225
247,candidate_3,candidate_4,candidate_1,candidate_2,4,0.0225
248,candidate_3,candidate_4,candidate_1,candidate_2,4,0.0225
249,candidate_3,candidate_4,candidate_1,candidate_2,4,0.0225
250,candidate_3,candidate_4,candidate_1,candidate_2,4,0.0225
251,candidate_3,candidate_4,0,candidate_2,4,0.0225
252,candidate_3,candidate_4,candidate_1,candidate_2,4,0.0225
253,candidate_3,candidate_4,candidate_1,candidate_2,4,0.0225
254,candidate_3,candidate_4,candidate_1,candidate_2,4,0.0225
255,candidate_3,candidate_4,candidate_1,candidate_2,4,0.0225
256,candidate_3,candidate_4,candidate_1,candidate_2,4,0.0225
257,candidate_3,candidate_4,candidate_1,candidate_2,4,0.0225
258,candidate_3,candidate_4,candidate_1,candidate_2,4,0.0225
259,candidate_3,0,candidate_1,candidate_2,4,0.0225
260,candidate_3,candidate_4,candidate_1,candidate_2,4,0.0225
261,candidate_3,candidate_4,candidate_1,candidate_2,4,0.0225
262,candidate_3,candidate_4,candidate_1,candidate_2,4,0.0225
263,candidate_3,candidate_4,candidate_1,candidate_2,4,0.0225
264,candidate_3,candidate_4,candidate_1,candidate_2,4,0.0225
265,candidate_3,candidate_4,candidate_1,candidate_2,4,0.0225
266,candidate_3,candidate_4,candidate_1,candidate_2,4,0.0225
267,candidate_3,candidate_4,candidate_1,candidate_2,4,0.0225
268,candidate_3,candidate_4,candidate_1,candidate_2,4,0.0225
269,candidate_3,candidate_4,candidate_1,candidate_2,4,0.0225
270,candidate_3,candidate_4,candidate_1,candidate_2,4,0.0225
271,candidate_3,candidate_4,candidate_1,candidate_2,4,0.0225
272,candidate_3,candidate_4,candidate_1,candidate_2,4,0.0225
273,candidate_3,candidate_4,candidate_1,candidate_2,4,0.0225
274,candidate_3,candidate_4,candidate_1,candidate_2,4,0.0225
275,candidate_3,candidate_4,candidate_1,candidate_2,4,0.0225
276,candidate_3,candidate_4,candidate_1,candidate_2,4,0.0225
277,candidate_3,candidate_4,candidate_1,candidate_2,4,0.0225
278,candidate_3,candidate_4,candidate_1,candidate_2,4,0.0225
279,candidate_3,candidate_4,candidate_1,candidate_2,4,0.0225
280,candidate_3,candidate_4,candidate_1,candidate_2,4,0.0225
281,candidate_3,candidate_4,candidate_1,candidate_2,4,0.0225
282,candidate_3,candidate_4,candidate_1,candidate_2,4,0.0225
283,candidate_3,candidate_4,candidate_1,candidate_2,4,0.0225
284,candidate_3,candidate_4,candidate_1,candidate_2,4,0.0225
285,candidate_3,candidate_4,candidate_1,candidate_2,4,0.0225
286,candidate_3,candidate_4,candidate_1,candidate_2,4,0.0225
287,candidate_3,candidate_4,candidate_1,candidate_2,4,0.0225
288,candidate_3,candidate_4,candidate_1,candidate_2,4,0.0225
289,candidate_3,candidate_4,candidate_1,candidate_2,4,0.0225
290,candidate_3,candidate_4,candidate_1,candidate_2,4,0.0225
291,candidate_3,candidate_4,candidate_1,candidate_2,4,0.0225
292,candidate_3,candidate_4,candidate_1,candidate_2,4,0.0225
293,candidate_3,candidate_4,candidate_1,candidate_2,4,0.0225
294,candidate_3,candidate_4,candidate_1,candidate_2,4,0.0225
295,candidate_3,candidate_4,candidate_1,candidate_2,4,0.0225
296,candidate_3,candidate_4,candidate_1,candidate_2,4,0.0225
297,candidate_3,candidate_4,candidate_1,candidate_2,4,0.0225
298,candidate_3,candidate_4,candidate_1,candidate_2,4,0.0225
299,candidate_3,candidate_4,candidate_1,candidate_2,4,0.0225
300,candidate_3,candidate_4,candidate_1,candidate_2,4,0.0225
301,candidate_3,candidate_4,candidate_1,candidate_2,4,0.0225
302,candidate_3,candidate_4,candidate_1,candidate_2,4,0.0225
303,candidate_3,candidate_4,candidate_1,candidate_2,4,0.0225
304,candidate_3,candidate_4,candidate_1,candidate_2,4,0.0225
305,candidate_3,candidate_4,candidate_1,candidate_2,4,0.0225
306,candidate_3,candidate_4,candidate_1,candidate_2,4,0.0225
307,candidate_3,candidate_4,candidate_1,candidate_2,4,0.0225
308,candidate_3,candidate_4,candidate_1,candidate_2,4,0.0225
309,candidate_3,candidate_4,candidate_1,candidate_2,4,0.0225
310,candidate_3,candidate_4,candidate_1,candidate_2,4,0.0225
311,candidate_3,candidate_4,candidate_1,candidate_2,4,0.0225
312,candidate_3,candidate_4,candidate_1,candidate_2,4,0.0225
313,candidate_3,candidate_4,candidate_1,candidate_2,4,0.0225
314,candidate_3,candidate_4,candidate_1,candidate_2,4,0.0225
315,candidate_3,candidate_4,candidate_1,candidate_2,4,0.0225
316,candidate_3,candidate_4,candidate_1,candidate_2,4,0.0225
317,candidate_3,candidate_4,candidate_1,candidate_2,4,0.0225
318,candidate_3,candidate_4,candidate_1,candidate_2,4,0.0225
319,candidate_3,candidate_4,candidate_1,candidate_2,4,0.0225
320,candidate_3,candidate_4,candidate_1,candidate_2,4,0.0225
321,candidate_3,candidate_4,candidate_1,candidate_2,4,0.0225
322,candidate_3,candidate_4,candidate_1,candidate_2,4,0.0225
323,candidate_3,candidate_4,candidate_1,candidate_2,4,0.0225
324,candidate_3,candidate_4,candidate_1,candidate_2,4,0.0225
325,candidate_3,candidate_4,candidate_1,candidate_2,4,0.0225
326,candidate_3,candidate_4,candidate_1,candidate_2,4,0.0225
327,candidate_3,candidate_4,candidate_1,candidate_2,4,0.0225
328,candidate_3,candidate_4,candidate_1,candidate_2,4,0.0225
329,candidate_3,candidate_4,candidate_1,candidate_2,4,0.0225
330,candidate_3,candidate_4,candidate_1,candidate_2,4,0.0225
331,candidate_3,candidate_4,candidate_1,candidate_2,4,0.0225
332,candidate_3,candidate_4,candidate_1,candidate_2,4,0.0225
333,candidate_3,candidate_4,candidate_1,candidate_2,4,0.0225
334,candidate_3,candidate_4,candidate_1,candidate_2,4,0.0225
335,candidate_3,candidate_4,0,candidate_2,4,0.0225
336,candidate_3,candidate_4,candidate_1,candidate_2,4,0.0225
337,candidate_3,candidate_4,candidate_1,candidate_2,4,0.0225
338,candidate_3,candidate_4,candidate_1,candidate_2,4,0.0225
339,candidate_3,candidate_4,candidate_1,candidate_2,4,0.0225
340,candidate_3,candidate_4,candidate_1,candidate_2,4,0.0225
341,candidate_3,candidate_4,candidate_1,candidate_2,4,0.0225
342,candidate_3,candidate_4,candidate_1,candidate_2,4,0.0225
343,candidate_3,candidate_4,candidate_1,candidate_2,4,0.0225
344,candidate_3,candidate_4,candidate_1,candidate_2,4,0.0225
345,candidate_3,candidate_4,candidate_1,candidate_2,4,0.0225
346,candidate_3,candidate_4,candidate_1,candidate_2,4,0.0225
347,candidate_3,candidate_4,candidate_1,candidate_2,4,0.0225
348,0,candidate_4,candidate_1,candidate_2,4,0.0225
349,candidate_3,candidate_4,candidate_1,candidate_2,4,0.0225
350,candidate_3,candidate_4,candidate_1,candidate_2,4,0.0225
351,candidate_3,candidate_4,candidate_1,candidate_2,4,0.0225
352,0,candidate_4,candidate_1,candidate_2,4,0.0225
353,candidate_3,candidate_4,candidate_1,candidate_2,4,0.0225
354,candidate_3,candidate_4,candidate_1,candidate_2,4,0.0225
355,candidate_3,candidate_4,candidate_1,candidate_2,4,0.0225
356,candidate_3,candidate_4,candidate_1,candidate_2,4,0.0225
357,candidate_3,candidate_4,candidate_1,candidate_2,4,0.0225
358,candidate_3,candidate_4,candidate_1,candidate_2,4,0.0225
359,candidate_3,candidate_4,candidate_1,candidate_2,4,0.0225
360,candidate_3,candidate_4,candidate_1,candidate_2,4,0.0225
361,candidate_3,candidate_4,candidate_1,candidate_2,4,0.0225
362,candidate_3,candidate_4,candidate_1,candidate_2,4,0.0225
363,candidate_3,candidate_4,candidate_1,candidate_2,4,0.0225
364,candidate_3,candidate_4,candidate_1,candidate_2,4,0.0225
365,candidate_3,candidate_4,candidate_1,candidate_2,4,0.0225
366,candidate_3,candidate_4,candidate_1,candidate_2,4,0.0225
367,candidate_3,candidate_4,candidate_1,candidate_2,4,0.0225
368,candidate_3,candidate_4,candidate_1,candidate_2,4,0.0225
369,candidate_3,candidate_4,candidate_1,candidate_2,4,0.0225
370,candidate_3,candidate_4,candidate_1,candidate_2,4,0.0225
371,candidate_3,candidate_4,candidate_1,candidate_2,4,0.0225
372,candidate_3,candidate_4,0,candidate_2,4,0.0225
373,candidate_3,candidate_4,candidate_1,candidate_2,4,0.0225
374,candidate_3,candidate_4,candidate_1,candidate_2,4,0.0225
375,candidate_3,candidate_4,candidate_1,candidate_2,4,0.0225
376,candidate_3,candidate_4,candidate_1,candidate_2,4,0.0225
377,candidate_3,candidate_4,candidate_1,candidate_2,4,0.0225
378,candidate_3,candidate_4,candidate_1,candidate_2,4,0.0225
379,candidate_3,candidate_4,candidate_1,candidate_2,4,0.0225
380,candidate_3,candidate_4,candidate_1,candidate_2,4,0.0225
381,candidate_3,candidate_4,candidate_1,candidate_2,4,0.0225
382,candidate_3,candidate_4,candidate_1,candidate_2,4,0.0225
383,candidate_3,candidate_4,candidate_1,candidate_2,4,0.0225
384,candidate_3,candidate_4,candidate_1,candidate_2,4,0.0225
385,candidate_3,candidate_4,candidate_1,candidate_2,4,0.0225
386,candidate_3,0,candidate_1,candidate_2,4,0.0225
387,candidate_3,candidate_4,candidate_1,candidate_2,4,0.0225
388,candidate_3,candidate_4,candidate_1,0,4,0.0225
389,candidate_3,candidate_4,candidate_1,candidate_2,4,0.0225
390,candidate_3,candidate_4,candidate_1,candidate_2,4,0.0225
391,candidate_3,candidate_4,candidate_1,candidate_2,4,0.0225
392,candidate_3,candidate_4,candidate_1,candidate_2,4,0.0225
393,candidate_3,candidate_4,candidate_1,candidate_2,4,0.0225
394,candidate_3,candidate_4,candidate_1,candidate_2,4,0.0225
395,candidate_3,candidate_4,candidate_1,candidate_2,4,0.0225
396,candidate_3,candidate_4,candidate_1,candidate_2,4,0.0225
397,candidate_3,candidate_4,candidate_1,candidate_2,4,0.0225
398,candidate_3,candidate_4,candidate_1,0,4,0.0225
399,candidate_3,candidate_4,candidate_1,candidate_2,4,0.0225
400,0,candidate_4,candidate_1,candidate_2,4,0.0225
401,candidate_3,candidate_4,candidate_1,candidate_2,4,0.0225
402,candidate_3,candidate_4,candidate_1,candidate_2,4,0.0225
403,candidate_3,candidate_4,candidate_1,candidate_2,4,0.0225
404,0,candidate_4,candidate_1,candidate_2,4,0.0225
405,0,candidate_4,candidate_1,candidate_2,4,0.0225
406,candidate_3,candidate_4,candidate_1,candidate_2,4,0.0225
407,candidate_3,candidate_4,candidate_1,candidate_2,4,0.0225
408,candidate_3,candidate_4,candidate_1,candidate_2,4,0.0225
409,0,candidate_4,candidate_1,candidate_2,4,0.0225
410,candidate_3,candidate_4,candidate_1,candidate_2,4,0.0225
411,candidate_3,candidate_4,candidate_1,candidate_2,4,0.0225
412,candidate_3,candidate_4,candidate_1,candidate_2,4,0.0225
413,candidate_3,candidate_4,candidate_1,candidate_2,4,0.0225
414,candidate_3,candidate_4,candidate_1,candidate_2,4,0.0225
415,candidate_3,candidate_4,candidate_1,candidate_2,4,0.0225
416,candidate_3,candidate_4,candidate_1,candidate_2,4,0.0225
417,candidate_3,candidate_4,candidate_1,0,4,0.0225
418,candidate_3,candidate_4,candidate_1,candidate_2,4,0.0225
419,candidate_3,candidate_4,candidate_1,candidate_2,4,0.0225
420,candidate_3,candidate_4,candidate_1,candidate_2,4,0.0225
421,candidate_3,candidate_4,candidate_1,candidate_2,4,0.0225
422,candidate_3,candidate_4,candidate_1,candidate_2,4,0.0225
423,candidate_3,candidate_4,candidate_1,candidate_2,4,0.0225
424,candidate_3,candidate_4,candidate_1,candidate_2,4,0.0225
425,candidate_3,candidate_4,candidate_1,candidate_2,4,0.0225
426,candidate_3,candidate_4,candidate_1,candidate_2,4,0.0225
427,candidate_3,candidate_4,candidate_1,candidate_2,4,0.0225
428,candidate_3,candidate_4,candidate_1,candidate_2,4,0.0225
429,candidate_3,candidate_4,candidate_1,candidate_2,4,0.0225
430,candidate_3,candidate_4,candidate_1,candidate_2,4,0.0225
431,candidate_3,candidate_4,candidate_1,candidate_2,4,0.0225
432,candidate_3,candidate_4,candidate_1,candidate_2,4,0.0225
433,candidate_3,candidate_4,candidate_1,candidate_2,4,0.0225
434,candidate_3,candidate_4,candidate_1,candidate_2,4,0.0225
435,candidate_3,candidate_4,candidate_1,candidate_2,4,0.0225
436,candidate_3,candidate_4,candidate_1,candidate_2,4,0.0225
437,candidate_3,candidate_4,candidate_1,candidate_2,4,0.0225
438,candidate_3,candidate_4,candidate_1,candidate_2,4,0.0225
439,candidate_3,candidate_4,candidate_1,candidate_2,4,0.0225
440,candidate_3,candidate_4,candidate_1,candidate_2,4,0.0225
441,candidate_3,candidate_4,candidate_1,candidate_2,4,0.0225
442,candidate_3,candidate_4,candidate_1,candidate_2,4,0.0225
443,candidate_3,candidate_4,candidate_1,candidate_2,4,0.0225
444,candidate_3,candidate_4,candidate_1,candidate_2,4,0.0225
445,candidate_3,candidate_4,candidate_1,candidate_2,4,0.0225
446,candidate_3,candidate_4,candidate_1,candidate_2,4,0.0225
447,candidate_3,candidate_4,candidate_1,candidate_2,4,0.0225
448,candidate_3,candidate_4,candidate_1,candidate_2,4,0.0225
449,candidate_3,candidate_4,candidate_1,candidate_2,4,0.0225
450,candidate_3,candidate_4,candidate_1,candidate_2,4,0.0225
451,candidate_3,candidate_4,candidate_1,0,4,0.0225
452,candidate_3,candidate_4,candidate_1,candidate_2,4,0.0225
453,candidate_3,candidate_4,candidate_1,candidate_2,4,0.0225
454,candidate_3,candidate_4,candidate_1,candidate_2,4,0.0225
455,candidate_3,candidate_4,candidate_1,candidate_2,4,0.0225
456,candidate_3,candidate_4,candidate_1,candidate_2,4,0.0225
457,candidate_3,candidate_4,candidate_1,candidate_2,4,0.0225
458,candidate_3,candidate_4,candidate_1,candidate_2,4,0.0225
459,candidate_3,candidate_4,candidate_1,candidate_2,4,0.0225
460,candidate_3,candidate_4,candidate_1,candidate_2,4,0.0225
461,candidate_3,candidate_4,candidate_1,candidate_2,4,0.0225
462,candidate_3,candidate_4,candidate_1,candidate_2,4,0.0225
463,candidate_3,candidate_4,candidate_1,candidate_2,4,0.0225
464,candidate_3,candidate_4,candidate_1,candidate_2,4,0.0225
465,candidate_3,candidate_4,candidate_1,candidate_2,4,0.0225
0,candidate_3,candidate_4,candidate_2,candidate_1,4,0.0225
1,candidate_3,candidate_4,candidate_2,candidate_1,4,0.0225
2,candidate_3,candidate_4,candidate_2,candidate_1,4,0.0225
3,candidate_3,candidate_4,candidate_2,candidate_1,4,0.0225
4,candidate_3,candidate_4,candidate_2,candidate_1,4,0.0225
5,candidate_3,candidate_4,candidate_2,candidate_1,4,0.0225
6,candidate_3,0,candidate_2,candidate_1,4,0.0225
7,candidate_3,candidate_4,candidate_2,candidate_1,4,0.0225
8,candidate_3,candidate_4,candidate_2,candidate_1,4,0.0225
9,candidate_3,candidate_4,candidate_2,candidate_1,4,0.0225
10,candidate_3,candidate_4,candidate_2,candidate_1,4,0.0225
11,candidate_3,candidate_4,candidate_2,candidate_1,4,0.0225
12,candidate_3,candidate_4,candidate_2,candidate_1,4,0.0225
13,candidate_3,candidate_4,candidate_2,candidate_1,4,0.0225
14,candidate_3,candidate_4,candidate_2,candidate_1,4,0.0225
15,candidate_3,candidate_4,candidate_2,candidate_1,4,0.0225
16,candidate_3,candidate_4,candidate_2,candidate_1,4,0.0225
17,candidate_3,candidate_4,candidate_2,candidate_1,4,0.0225
18,candidate_3,candidate_4,candidate_2,candidate_1,4,0.0225
19,candidate_3,candidate_4,candidate_2,candidate_1,4,0.0225
20,candidate_3,candidate_4,candidate_2,candidate_1,4,0.0225
21,candidate_3,0,candidate_2,candidate_1,4,0.0225
22,candidate_3,candidate_4,candidate_2,candidate_1,4,0.0225
23,candidate_3,candidate_4,candidate_2,candidate_1,4,0.0225
24,candidate_3,candidate_4,candidate_2,candidate_1,4,0.0225
25,candidate_3,candidate_4,candidate_2,candidate_1,4,0.0225
26,candidate_3,candidate_4,candidate_2,candidate_1,4,0.0225
27,candidate_3,candidate_4,candidate_2,candidate_1,4,0.0225
28,candidate_3,candidate_4,candidate_2,candidate_1,4,0.0225
29,0,candidate_4,candidate_2,candidate_1,4,0.0225
30,candidate_3,candidate_4,candidate_2,candidate_1,4,0.0225
31,candidate_3,candidate_4,candidate_2,candidate_1,4,0.0225
32,candidate_3,candidate_4,candidate_2,candidate_1,4,0.0225
33,candidate_3,candidate_4,candidate_2,candidate_1,4,0.0225
34,candidate_3,candidate_4,candidate_2,candidate_1,4,0.0225
35,candidate_3,candidate_4,candidate_2,candidate_1,4,0.0225
36,candidate_3,candidate_4,candidate_2,candidate_1,4,0.0225
37,candidate_3,candidate_4,candidate_2,0,4,0.0225
38,candidate_3,candidate_4,candidate_2,candidate_1,4,0.0225
39,candidate_3,candidate_4,candidate_2,candidate_1,4,0.0225
40,candidate_3,candidate_4,candidate_2,candidate_1,4,0.0225
41,candidate_3,candidate_4,candidate_2,candidate_1,4,0.0225
42,candidate_3,0,candidate_2,candidate_1,4,0.0225
43,candidate_3,candidate_4,candidate_2,candidate_1,4,0.0225
44,candidate_3,candidate_4,candidate_2,candidate_1,4,0.0225
45,0,candidate_4,candidate_2,candidate_1,4,0.0225
46,candidate_3,candidate_4,0,candidate_1,4,0.0225
47,candidate_3,candidate_4,candidate_2,candidate_1,4,0.0225
48,candidate_3,0,candidate_2,candidate_1,4,0.0225
49,0,candidate_4,candidate_2,candidate_1,4,0.0225
50,candidate_3,candidate_4,candidate_2,candidate_1,4,0.0225
51,candidate_3,candidate_4,candidate_2,candidate_1,4,0.0225
52,candidate_3,candidate_4,candidate_2,candidate_1,4,0.0225
53,candidate_3,candidate_4,candidate_2,candidate_1,4,0.0225
54,candidate_3,candidate_4,candidate_2,candidate_1,4,0.0225
55,candidate_3,candidate_4,candidate_2,candidate_1,4,0.0225
56,candidate_3,candidate_4,candidate_2,candidate_1,4,0.0225
57,candidate_3,candidate_4,candidate_2,candidate_1,4,0.0225
58,candidate_3,candidate_4,candidate_2,candidate_1,4,0.0225
59,candidate_3,candidate_4,candidate_2,candidate_1,4,0.0225
60,candidate_3,candidate_4,candidate_2,candidate_1,4,0.0225
61,candidate_3,candidate_4,candidate_2,candidate_1,4,0.0225
62,candidate_3,candidate_4,candidate_2,candidate_1,4,0.0225
63,candidate_3,candidate_4,candidate_2,candidate_1,4,0.0225
64,candidate_3,candidate_4,candidate_2,candidate_1,4,0.0225
65,candidate_3,candidate_4,candidate_2,candidate_1,4,0.0225
66,candidate_3,candidate_4,candidate_2,candidate_1,4,0.0225
67,candidate_3,candidate_4,candidate_2,candidate_1,4,0.0225
68,candidate_3,candidate_4,candidate_2,candidate_1,4,0.0225
69,candidate_3,candidate_4,candidate_2,candidate_1,4,0.0225
70,candidate_3,candidate_4,candidate_2,candidate_1,4,0.0225
71,candidate_3,candidate_4,candidate_2,0,4,0.0225
72,candidate_3,candidate_4,candidate_2,candidate_1,4,0.0225
73,candidate_3,candidate_4,candidate_2,candidate_1,4,0.0225
74,candidate_3,candidate_4,candidate_2,candidate_1,4,0.0225
75,candidate_3,candidate_4,candidate_2,candidate_1,4,0.0225
76,candidate_3,candidate_4,candidate_2,candidate_1,4,0.0225
77,candidate_3,candidate_4,candidate_2,candidate_1,4,0.0225
78,candidate_3,candidate_4,candidate_2,candidate_1,4,0.0225
79,candidate_3,candidate_4,candidate_2,candidate_1,4,0.0225
80,candidate_3,candidate_4,candidate_2,candidate_1,4,0.0225
81,candidate_3,candidate_4,candidate_2,candidate_1,4,0.0225
82,candidate_3,candidate_4,candidate_2,candidate_1,4,0.0225
83,candidate_3,candidate_4,0,candidate_1,4,0.0225
84,candidate_3,candidate_4,candidate_2,candidate_1,4,0.0225
85,candidate_3,candidate_4,candidate_2,candidate_1,4,0.0225
86,candidate_3,candidate_4,candidate_2,candidate_1,4,0.0225
87,candidate_3,candidate_4,0,candidate_1,4,0.0225
88,candidate_3,candidate_4,candidate_2,0,4,0.0225
89,candidate_3,candidate_4,candidate_2,candidate_1,4,0.0225
90,candidate_3,candidate_4,candidate_2,candidate_1,4,0.0225
91,candidate_3,candidate_4,candidate_2,candidate_1,4,0.0225
92,candidate_3,candidate_4,candidate_2,candidate_1,4,0.0225
93,candidate_3,candidate_4,candidate_2,candidate_1,4,0.0225
94,candidate_3,candidate_4,candidate_2,candidate_1,4,0.0225
95,candidate_3,candidate_4,candidate_2,candidate_1,4,0.0225
96,candidate_3,candidate_4,candidate_2,candidate_1,4,0.0225
97,candidate_3,candidate_4,0,candidate_1,4,0.0225
98,candidate_3,candidate_4,candidate_2,candidate_1,4,0.0225
99,candidate_3,candidate_4,candidate_2,candidate_1,4,0.0225
100,candidate_3,candidate_4,candidate_2,candidate_1,4,0.0225
101,candidate_3,candidate_4,candidate_2,candidate_1,4,0.0225
102,candidate_3,candidate_4,candidate_2,candidate_1,4,0.0225
103,candidate_3,candidate_4,candidate_2,candidate_1,4,0.0225
104,candidate_3,candidate_4,candidate_2,candidate_1,4,0.0225
105,candidate_3,candidate_4,candidate_2,candidate_1,4,0.0225
106,candidate_3,candidate_4,candidate_2,candidate_1,4,0.0225
107,candidate_3,candidate_4,candidate_2,candidate_1,4,0.0225
108,candidate_3,candidate_4,candidate_2,candidate_1,4,0.0225
109,candidate_3,candidate_4,candidate_2,candidate_1,4,0.0225
110,candidate_3,candidate_4,candidate_2,candidate_1,4,0.0225
111,candidate_3,candidate_4,candidate_2,candidate_1,4,0.0225
112,candidate_3,candidate_4,0,candidate_1,4,0.0225
113,candidate_3,candidate_4,candidate_2,candidate_1,4,0.0225
114,candidate_3,candidate_4,candidate_2,candidate_1,4,0.0225
115,candidate_3,candidate_4,candidate_2,candidate_1,4,0.0225
116,candidate_3,candidate_4,candidate_2,candidate_1,4,0.0225
117,candidate_3,candidate_4,candidate_2,candidate_1,4,0.0225
118,candidate_3,candidate_4,candidate_2,candidate_1,4,0.0225
119,candidate_3,candidate_4,candidate_2,candidate_1,4,0.0225
120,candidate_3,candidate_4,candidate_2,candidate_1,4,0.0225
121,candidate_3,candidate_4,candidate_2,candidate_1,4,0.0225
122,candidate_3,candidate_4,candidate_2,candidate_1,4,0.0225
123,candidate_3,candidate_4,candidate_2,candidate_1,4,0.0225
124,candidate_3,candidate_4,candidate_2,candidate_1,4,0.0225
125,candidate_3,candidate_4,candidate_2,candidate_1,4,0.0225
126,candidate_3,candidate_4,candidate_2,candidate_1,4,0.0225
127,candidate_3,candidate_4,candidate_2,candidate_1,4,0.0225
128,candidate_3,candidate_4,candidate_2,0,4,0.0225
129,candidate_3,candidate_4,candidate_2,candidate_1,4,0.0225
130,candidate_3,candidate_4,candidate_2,candidate_1,4,0.0225
131,candidate_3,candidate_4,candidate_2,candidate_1,4,0.0225
132,candidate_3,candidate_4,candidate_2,candidate_1,4,0.0225
133,candidate_3,candidate_4,candidate_2,candidate_1,4,0.0225
134,candidate_3,candidate_4,candidate_2,candidate_1,4,0.0225
135,candidate_3,candidate_4,candidate_2,candidate_1,4,0.0225
136,candidate_3,candidate_4,candidate_2,candidate_1,4,0.0225
137,candidate_3,candidate_4,candidate_2,candidate_1,4,0.0225
138,candidate_3,candidate_4,candidate_2,candidate_1,4,0.0225
139,candidate_3,candidate_4,candidate_2,candidate_1,4,0.0225
140,0,candidate_4,candidate_2,candidate_1,4,0.0225
141,candidate_3,candidate_4,candidate_2,candidate_1,4,0.0225
142,candidate_3,candidate_4,candidate_2,candidate_1,4,0.0225
143,candidate_3,candidate_4,candidate_2,candidate_1,4,0.0225
144,candidate_3,candidate_4,candidate_2,candidate_1,4,0.0225
145,candidate_3,candidate_4,candidate_2,candidate_1,4,0.0225
146,candidate_3,candidate_4,candidate_2,candidate_1,4,0.0225
147,candidate_3,candidate_4,candidate_2,candidate_1,4,0.0225
148,candidate_3,candidate_4,candidate_2,candidate_1,4,0.0225
149,candidate_3,candidate_4,candidate_2,candidate_1,4,0.0225
150,candidate_3,candidate_4,candidate_2,candidate_1,4,0.0225
151,candidate_3,candidate_4,candidate_2,candidate_1,4,0.0225
152,candidate_3,candidate_4,candidate_2,candidate_1,4,0.0225
153,candidate_3,candidate_4,candidate_2,candidate_1,4,0.0225
154,candidate_3,candidate_4,candidate_2,candidate_1,4,0.0225
155,candidate_3,candidate_4,candidate_2,candidate_1,4,0.0225
156,candidate_3,candidate_4,candidate_2,candidate_1,4,0.0225
157,candidate_3,candidate_4,candidate_2,candidate_1,4,0.0225
158,candidate_3,candidate_4,candidate_2,candidate_1,4,0.0225
159,candidate_3,candidate_4,candidate_2,candidate_1,4,0.0225
160,candidate_3,candidate_4,0,candidate_1,4,0.0225
161,candidate_3,candidate_4,candidate_2,candidate_1,4,0.0225
162,candidate_3,candidate_4,candidate_2,candidate_1,4,0.0225
163,candidate_3,candidate_4,candidate_2,candidate_1,4,0.0225
164,candidate_3,candidate_4,candidate_2,candidate_1,4,0.0225
165,candidate_3,candidate_4,candidate_2,candidate_1,4,0.0225
166,candidate_3,candidate_4,candidate_2,candidate_1,4,0.0225
167,candidate_3,candidate_4,candidate_2,candidate_1,4,0.0225
168,candidate_3,candidate_4,candidate_2,candidate_1,4,0.0225
169,candidate_3,candidate_4,candidate_2,candidate_1,4,0.0225
170,candidate_3,candidate_4,candidate_2,candidate_1,4,0.0225
171,candidate_3,candidate_4,candidate_2,candidate_1,4,0.0225
172,candidate_3,candidate_4,candidate_2,candidate_1,4,0.0225
173,candidate_3,candidate_4,candidate_2,candidate_1,4,0.0225
174,candidate_3,candidate_4,candidate_2,candidate_1,4,0.0225
175,candidate_3,candidate_4,candidate_2,candidate_1,4,0.0225
176,candidate_3,candidate_4,candidate_2,candidate_1,4,0.0225
177,candidate_3,candidate_4,candidate_2,candidate_1,4,0.0225
178,candidate_3,candidate_4,candidate_2,candidate_1,4,0.0225
179,candidate_3,candidate_4,candidate_2,candidate_1,4,0.0225
180,candidate_3,candidate_4,candidate_2,candidate_1,4,0.0225
181,candidate_3,candidate_4,candidate_2,candidate_1,4,0.0225
182,candidate_3,candidate_4,candidate_2,candidate_1,4,0.0225
183,candidate_3,candidate_4,candidate_2,candidate_1,4,0.0225
184,candidate_3,candidate_4,candidate_2,candidate_1,4,0.0225
185,candidate_3,candidate_4,candidate_2,candidate_1,4,0.0225
186,candidate_3,candidate_4,candidate_2,candidate_1,4,0.0225
187,candidate_3,candidate_4,candidate_2,candidate_1,4,0.0225
188,candidate_3,candidate_4,candidate_2,candidate_1,4,0.0225
189,candidate_3,candidate_4,candidate_2,candidate_1,4,0.0225
190,candidate_3,candidate_4,candidate_2,candidate_1,4,0.0225
191,candidate_3,candidate_4,candidate_2,candidate_1,4,0.0225
192,candidate_3,candidate_4,candidate_2,candidate_1,4,0.0225
193,candidate_3,candidate_4,candidate_2,candidate_1,4,0.0225
194,candidate_3,candidate_4,candidate_2,candidate_1,4,0.0225
195,candidate_3,candidate_4,candidate_2,candidate_1,4,0.0225
196,candidate_3,candidate_4,candidate_2,candidate_1,4,0.0225
197,candidate_3,candidate_4,0,candidate_1,4,0.0225
198,candidate_3,candidate_4,candidate_2,candidate_1,4,0.0225
199,candidate_3,candidate_4,candidate_2,candidate_1,4,0.0225
200,candidate_3,candidate_4,candidate_2,candidate_1,4,0.0225
201,candidate_3,candidate_4,candidate_2,0,4,0.0225
202,candidate_3,candidate_4,candidate_2,candidate_1,4,0.0225
203,candidate_3,candidate_4,candidate_2,0,4,0.0225
204,candidate_3,candidate_4,candidate_2,candidate_1,4,0.0225
205,candidate_3,candidate_4,candidate_2,candidate_1,4,0.0225
206,candidate_3,candidate_4,candidate_2,candidate_1,4,0.0225
207,candidate_3,candidate_4,candidate_2,candidate_1,4,0.0225
208,candidate_3,candidate_4,candidate_2,candidate_1,4,0.0225
209,candidate_3,candidate_4,candidate_2,candidate_1,4,0.0225
210,candidate_3,candidate_4,candidate_2,candidate_1,4,0.0225
211,candidate_3,candidate_4,candidate_2,candidate_1,4,0.0225
212,candidate_3,candidate_4,candidate_2,candidate_1,4,0.0225
213,candidate_3,candidate_4,candidate_2,candidate_1,4,0.0225
214,candidate_3,candidate_4,candidate_2,candidate_1,4,0.0225
215,candidate_3,candidate_4,candidate_2,candidate_1,4,0.0225
216,candidate_3,candidate_4,0,candidate_1,4,0.0225
217,candidate_3,candidate_4,candidate_2,candidate_1,4,0.0225
218,candidate_3,candidate_4,candidate_2,candidate_1,4,0.0225
219,candidate_3,candidate_4,candidate_2,candidate_1,4,0.0225
220,candidate_3,candidate_4,candidate_2,candidate_1,4,0.0225
221,candidate_3,candidate_4,candidate_2,candidate_1,4,0.0225
222,candidate_3,candidate_4,candidate_2,candidate_1,4,0.0225
223,candidate_3,candidate_4,candidate_2,candidate_1,4,0.0225
224,candidate_3,candidate_4,candidate_2,candidate_1,4,0.0225
225,candidate_3,candidate_4,candidate_2,candidate_1,4,0.0225
226,candidate_3,candidate_4,candidate_2,candidate_1,4,0.0225
227,candidate_3,candidate_4,candidate_2,candidate_1,4,0.0225
228,candidate_3,candidate_4,candidate_2,candidate_1,4,0.0225
229,candidate_3,candidate_4,candidate_2,candidate_1,4,0.0225
230,candidate_3,candidate_4,candidate_2,candidate_1,4,0.0225
231,candidate_3,candidate_4,candidate_2,candidate_1,4,0.0225
232,candidate_3,candidate_4,candidate_2,candidate_1,4,0.0225
233,candidate_3,candidate_4,candidate_2,candidate_1,4,0.0225
234,candidate_3,candidate_4,candidate_2,candidate_1,4,0.0225
235,candidate_3,candidate_4,candidate_2,candidate_1,4,0.0225
236,candidate_3,candidate_4,candidate_2,candidate_1,4,0.0225
237,candidate_3,candidate_4,candidate_2,candidate_1,4,0.0225
238,candidate_3,candidate_4,candidate_2,candidate_1,4,0.0225
239,candidate_3,candidate_4,candidate_2,candidate_1,4,0.0225
240,candidate_3,candidate_4,candidate_2,candidate_1,4,0.0225
241,candidate_3,candidate_4,candidate_2,candidate_1,4,0.0225
242,candidate_3,candidate_4,candidate_2,candidate_1,4,0.0225
243,candidate_3,candidate_4,candidate_2,candidate_1,4,0.0225
244,candidate_3,candidate_4,candidate_2,candidate_1,4,0.0225
245,candidate_3,candidate_4,candidate_2,candidate_1,4,0.0225
246,candidate_3,candidate_4,candidate_2,candidate_1,4,0.0225
247,candidate_3,candidate_4,candidate_2,candidate_1,4,0.0225
248,candidate_3,candidate_4,candidate_2,candidate_1,4,0.0225
249,candidate_3,0,candidate_2,candidate_1,4,0.0225
250,candidate_3,candidate_4,candidate_2,candidate_1,4,0.0225
251,candidate_3,candidate_4,candidate_2,candidate_1,4,0.0225
252,candidate_3,candidate_4,candidate_2,candidate_1,4,0.0225
253,candidate_3,candidate_4,candidate_2,candidate_1,4,0.0225
254,candidate_3,candidate_4,candidate_2,candidate_1,4,0.0225
255,candidate_3,candidate_4,candidate_2,candidate_1,4,0.0225
256,candidate_3,candidate_4,candidate_2,candidate_1,4,0.0225
257,candidate_3,candidate_4,candidate_2,candidate_1,4,0.0225
258,candidate_3,candidate_4,candidate_2,candidate_1,4,0.0225
259,candidate_3,candidate_4,candidate_2,candidate_1,4,0.0225
260,candidate_3,candidate_4,candidate_2,candidate_1,4,0.0225
261,candidate_3,candidate_4,candidate_2,candidate_1,4,0.0225
262,candidate_3,candidate_4,candidate_2,candidate_1,4,0.0225
263,candidate_3,candidate_4,candidate_2,candidate_1,4,0.0225
264,candidate_3,candidate_4,candidate_2,candidate_1,4,0.0225
265,candidate_3,candidate_4,candidate_2,candidate_1,4,0.0225
266,candidate_3,candidate_4,candidate_2,candidate_1,4,0.0225
267,candidate_3,candidate_4,candidate_2,candidate_1,4,0.0225
268,candidate_3,candidate_4,candidate_2,candidate_1,4,0.0225
269,candidate_3,candidate_4,candidate_2,candidate_1,4,0.0225
270,candidate_3,candidate_4,candidate_2,candidate_1,4,0.0225
271,candidate_3,candidate_4,candidate_2,candidate_1,4,0.0225
272,candidate_3,candidate_4,candidate_2,candidate_1,4,0.0225
273,candidate_3,candidate_4,candidate_2,candidate_1,4,0.0225
274,candidate_3,candidate_4,candidate_2,candidate_1,4,0.0225
275,candidate_3,candidate_4,candidate_2,candidate_1,4,0.0225
276,candidate_3,candidate_4,candidate_2,candidate_1,4,0.0225
277,candidate_3,candidate_4,candidate_2,candidate_1,4,0.0225
278,candidate_3,candidate_4,candidate_2,candidate_1,4,0.0225
279,candidate_3,candidate_4,candidate_2,candidate_1,4,0.0225
280,candidate_3,candidate_4,candidate_2,candidate_1,4,0.0225
281,candidate_3,candidate_4,candidate_2,candidate_1,4,0.0225
282,candidate_3,candidate_4,candidate_2,0,4,0.0225
283,candidate_3,0,candidate_2,candidate_1,4,0.0225
284,candidate_3,candidate_4,candidate_2,candidate_1,4,0.0225
285,candidate_3,candidate_4,candidate_2,candidate_1,4,0.0225
286,candidate_3,candidate_4,candidate_2,candidate_1,4,0.0225
287,candidate_3,candidate_4,candidate_2,candidate_1,4,0.0225
288,candidate_3,candidate_4,candidate_2,candidate_1,4,0.0225
289,candidate_3,candidate_4,candidate_2,candidate_1,4,0.0225
290,candidate_3,candidate_4,candidate_2,candidate_1,4,0.0225
291,candidate_3,candidate_4,candidate_2,candidate_1,4,0.0225
292,candidate_3,candidate_4,candidate_2,candidate_1,4,0.0225
293,0,candidate_4,candidate_2,candidate_1,4,0.0225
294,candidate_3,candidate_4,candidate_2,candidate_1,4,0.0225
295,candidate_3,candidate_4,candidate_2,candidate_1,4,0.0225
296,candidate_3,candidate_4,candidate_2,candidate_1,4,0.0225
297,candidate_3,candidate_4,candidate_2,candidate_1,4,0.0225
298,candidate_3,candidate_4,candidate_2,candidate_1,4,0.0225
299,candidate_3,candidate_4,candidate_2,candidate_1,4,0.0225
300,candidate_3,candidate_4,candidate_2,candidate_1,4,0.0225
301,candidate_3,candidate_4,candidate_2,candidate_1,4,0.0225
302,candidate_3,candidate_4,candidate_2,candidate_1,4,0.0225
303,candidate_3,candidate_4,candidate_2,candidate_1,4,0.0225
304,candidate_3,candidate_4,0,candidate_1,4,0.0225
305,candidate_3,candidate_4,candidate_2,candidate_1,4,0.0225
306,candidate_3,candidate_4,candidate_2,candidate_1,4,0.0225
307,candidate_3,candidate_4,candidate_2,candidate_1,4,0.0225
308,candidate_3,candidate_4,candidate_2,candidate_1,4,0.0225
309,candidate_3,candidate_4,candidate_2,candidate_1,4,0.0225
310,candidate_3,candidate_4,candidate_2,candidate_1,4,0.0225
311,candidate_3,candidate_4,candidate_2,candidate_1,4,0.0225
312,candidate_3,candidate_4,candidate_2,candidate_1,4,0.0225
313,candidate_3,candidate_4,candidate_2,candidate_1,4,0.0225
314,candidate_3,candidate_4,candidate_2,candidate_1,4,0.0225
315,candidate_3,candidate_4,candidate_2,candidate_1,4,0.0225
316,candidate_3,candidate_4,candidate_2,candidate_1,4,0.0225
317,candidate_3,candidate_4,candidate_2,candidate_1,4,0.0225
318,candidate_3,candidate_4,candidate_2,candidate_1,4,0.0225
319,candidate_3,candidate_4,0,candidate_1,4,0.0225
320,candidate_3,candidate_4,candidate_2,candidate_1,4,0.0225
321,candidate_3,candidate_4,candidate_2,candidate_1,4,0.0225
322,candidate_3,candidate_4,candidate_2,candidate_1,4,0.0225
323,candidate_3,candidate_4,candidate_2,candidate_1,4,0.0225
324,candidate_3,candidate_4,candidate_2,candidate_1,4,0.0225
325,candidate_3,candidate_4,candidate_2,candidate_1,4,0.0225
326,candidate_3,candidate_4,candidate_2,candidate_1,4,0.0225
327,candidate_3,candidate_4,candidate_2,candidate_1,4,0.0225
328,candidate_3,candidate_4,candidate_2,0,4,0.0225
329,candidate_3,candidate_4,candidate_2,candidate_1,4,0.0225
330,candidate_3,candidate_4,candidate_2,candidate_1,4,0.0225
331,candidate_3,candidate_4,candidate_2,candidate_1,4,0.0225
332,candidate_3,candidate_4,candidate_2,candidate_1,4,0.0225
333,candidate_3,candidate_4,candidate_2,candidate_1,4,0.0225
334,candidate_3,candidate_4,candidate_2,candidate_1,4,0.0225
335,candidate_3,candidate_4,candidate_2,candidate_1,4,0.0225
336,candidate_3,candidate_4,candidate_2,candidate_1,4,0.0225
337,candidate_3,candidate_4,candidate_2,candidate_1,4,0.0225
338,candidate_3,candidate_4,candidate_2,candidate_1,4,0.0225
339,candidate_3,candidate_4,candidate_2,candidate_1,4,0.0225
340,candidate_3,candidate_4,candidate_2,candidate_1,4,0.0225
341,candidate_3,candidate_4,candidate_2,candidate_1,4,0.0225
342,candidate_3,candidate_4,candidate_2,candidate_1,4,0.0225
343,candidate_3,candidate_4,candidate_2,candidate_1,4,0.0225
344,candidate_3,candidate_4,candidate_2,candidate_1,4,0.0225
345,candidate_3,candidate_4,candidate_2,candidate_1,4,0.0225
346,candidate_3,candidate_4,candidate_2,candidate_1,4,0.0225
347,candidate_3,candidate_4,candidate_2,candidate_1,4,0.0225
348,candidate_3,candidate_4,candidate_2,candidate_1,4,0.0225
349,candidate_3,candidate_4,candidate_2,candidate_1,4,0.0225
350,candidate_3,candidate_4,candidate_2,candidate_1,4,0.0225
351,candidate_3,candidate_4,candidate_2,candidate_1,4,0.0225
352,candidate_3,candidate_4,candidate_2,candidate_1,4,0.0225
353,candidate_3,candidate_4,candidate_2,candidate_1,4,0.0225
354,candidate_3,candidate_4,candidate_2,candidate_1,4,0.0225
355,candidate_3,candidate_4,candidate_2,candidate_1,4,0.0225
356,candidate_3,candidate_4,candidate_2,candidate_1,4,0.0225
357,candidate_3,candidate_4,candidate_2,candidate_1,4,0.0225
358,candidate_3,candidate_4,candidate_2,candidate_1,4,0.0225
359,candidate_3,candidate_4,candidate_2,candidate_1,4,0.0225
360,candidate_3,candidate_4,0,0,4,0.0225
361,candidate_3,candidate_4,candidate_2,candidate_1,4,0.0225
362,candidate_3,candidate_4,candidate_2,candidate_1,4,0.0225
363,candidate_3,candidate_4,candidate_2,candidate_1,4,0.0225
364,candidate_3,0,candidate_2,candidate_1,4,0.0225
365,candidate_3,candidate_4,candidate_2,candidate_1,4,0.0225
366,candidate_3,candidate_4,candidate_2,candidate_1,4,0.0225
367,candidate_3,candidate_4,candidate_2,candidate_1,4,0.0225
368,candidate_3,candidate_4,0,candidate_1,4,0.0225
369,candidate_3,candidate_4,candidate_2,candidate_1,4,0.0225
370,candidate_3,candidate_4,candidate_2,candidate_1,4,0.0225
371,candidate_3,candidate_4,candidate_2,0,4,0.0225
372,candidate_3,candidate_4,candidate_2,candidate_1,4,0.0225
373,candidate_3,candidate_4,candidate_2,candidate_1,4,0.0225
374,candidate_3,candidate_4,candidate_2,candidate_1,4,0.0225
375,candidate_3,candidate_4,candidate_2,candidate_1,4,0.0225
376,candidate_3,candidate_4,candidate_2,candidate_1,4,0.0225
377,candidate_3,candidate_4,candidate_2,candidate_1,4,0.0225
378,candidate_3,candidate_4,candidate_2,candidate_1,4,0.0225
379,candidate_3,candidate_4,candidate_2,candidate_1,4,0.0225
380,candidate_3,candidate_4,candidate_2,candidate_1,4,0.0225
381,candidate_3,candidate_4,candidate_2,candidate_1,4,0.0225
382,candidate_3,candidate_4,candidate_2,candidate_1,4,0.0225
383,candidate_3,candidate_4,candidate_2,candidate_1,4,0.0225
384,candidate_3,candidate_4,candidate_2,candidate_1,4,0.0225
385,candidate_3,candidate_4,candidate_2,0,4,0.0225
386,candidate_3,0,candidate_2,candidate_1,4,0.0225
387,candidate_3,candidate_4,candidate_2,candidate_1,4,0.0225
388,candidate_3,candidate_4,candidate_2,candidate_1,4,0.0225
389,candidate_3,candidate_4,candidate_2,candidate_1,4,0.0225
390,candidate_3,candidate_4,candidate_2,candidate_1,4,0.0225
391,candidate_3,candidate_4,candidate_2,candidate_1,4,0.0225
392,candidate_3,candidate_4,candidate_2,candidate_1,4,0.0225
393,candidate_3,candidate_4,candidate_2,candidate_1,4,0.0225
394,candidate_3,candidate_4,candidate_2,candidate_1,4,0.0225
395,candidate_3,candidate_4,candidate_2,candidate_1,4,0.0225
396,candidate_3,candidate_4,candidate_2,candidate_1,4,0.0225
397,candidate_3,candidate_4,candidate_2,candidate_1,4,0.0225
398,candidate_3,candidate_4,candidate_2,candidate_1,4,0.0225
399,candidate_3,candidate_4,candidate_2,candidate_1,4,0.0225
400,candidate_3,candidate_4,candidate_2,candidate_1,4,0.0225
401,candidate_3,candidate_4,candidate_2,candidate_1,4,0.0225
402,candidate_3,candidate_4,candidate_2,candidate_1,4,0.0225
403,candidate_3,candidate_4,candidate_2,candidate_1,4,0.0225
404,candidate_3,candidate_4,candidate_2,candidate_1,4,0.0225
405,candidate_3,candidate_4,candidate_2,candidate_1,4,0.0225
406,candidate_3,candidate_4,candidate_2,candidate_1,4,0.0225
407,candidate_3,candidate_4,candidate_2,candidate_1,4,0.0225
408,candidate_3,candidate_4,candidate_2,candidate_1,4,0.0225
409,candidate_3,candidate_4,candidate_2,candidate_1,4,0.0225
410,candidate_3,candidate_4,candidate_2,candidate_1,4,0.0225
411,candidate_3,candidate_4,candidate_2,candidate_1,4,0.0225
412,candidate_3,candidate_4,candidate_2,candidate_1,4,0.0225
413,candidate_3,candidate_4,candidate_2,candidate_1,4,0.0225
414,candidate_3,candidate_4,candidate_2,candidate_1,4,0.0225
415,candidate_3,candidate_4,candidate_2,candidate_1,4,0.0225
416,candidate_3,candidate_4,candidate_2,candidate_1,4,0.0225
417,candidate_3,candidate_4,candidate_2,candidate_1,4,0.0225
418,candidate_3,candidate_4,candidate_2,candidate_1,4,0.0225
419,candidate_3,candidate_4,candidate_2,candidate_1,4,0.0225
420,candidate_3,candidate_4,candidate_2,candidate_1,4,0.0225
421,candidate_3,candidate_4,candidate_2,candidate_1,4,0.0225
422,candidate_3,candidate_4,candidate_2,candidate_1,4,0.0225
423,candidate_3,candidate_4,candidate_2,candidate_1,4,0.0225
424,0,candidate_4,candidate_2,candidate_1,4,0.0225
425,candidate_3,candidate_4,candidate_2,candidate_1,4,0.0225
426,candidate_3,candidate_4,candidate_2,candidate_1,4,0.0225
427,candidate_3,candidate_4,candidate_2,candidate_1,4,0.0225
428,candidate_3,candidate_4,candidate_2,candidate_1,4,0.0225
429,candidate_3,candidate_4,candidate_2,candidate_1,4,0.0225
430,0,candidate_4,candidate_2,candidate_1,4,0.0225
431,candidate_3,candidate_4,candidate_2,candidate_1,4,0.0225
432,candidate_3,candidate_4,candidate_2,candidate_1,4,0.0225
433,candidate_3,candidate_4,candidate_2,candidate_1,4,0.0225
434,candidate_3,candidate_4,candidate_2,candidate_1,4,0.0225
435,candidate_3,candidate_4,candidate_2,candidate_1,4,0.0225
436,candidate_3,candidate_4,candidate_2,candidate_1,4,0.0225
437,candidate_3,candidate_4,candidate_2,candidate_1,4,0.0225
438,candidate_3,candidate_4,candidate_2,candidate_1,4,0.0225
439,candidate_3,candidate_4,candidate_2,candidate_1,4,0.0225
440,candidate_3,candidate_4,candidate_2,candidate_1,4,0.0225
441,candidate_3,candidate_4,candidate_2,candidate_1,4,0.0225
442,candidate_3,candidate_4,candidate_2,candidate_1,4,0.0225
443,candidate_3,candidate_4,candidate_2,candidate_1,4,0.0225
444,candidate_3,candidate_4,candidate_2,candidate_1,4,0.0225
445,candidate_3,candidate_4,candidate_2,candidate_1,4,0.0225
446,candidate_3,candidate_4,candidate_2,candidate_1,4,0.0225
447,candidate_3,candidate_4,candidate_2,candidate_1,4,0.0225
448,candidate_3,candidate_4,candidate_2,candidate_1,4,0.0225
449,candidate_3,candidate_4,0,candidate_1,4,0.0225
450,candidate_3,candidate_4,candidate_2,candidate_1,4,0.0225
451,candidate_3,candidate_4,candidate_2,candidate_1,4,0.0225
452,candidate_3,candidate_4,candidate_2,candidate_1,4,0.0225
453,candidate_3,candidate_4,candidate_2,candidate_1,4,0.0225
454,candidate_3,candidate_4,candidate_2,candidate_1,4,0.0225
455,candidate_3,candidate_4,candidate_2,candidate_1,4,0.0225
456,candidate_3,candidate_4,candidate_2,candidate_1,4,0.0225
457,candidate_3,candidate_4,candidate_2,candidate_1,4,0.0225
458,candidate_3,candidate_4,candidate_2,candidate_1,4,0.0225
459,candidate_3,candidate_4,candidate_2,candidate_1,4,0.0225
460,candidate_3,candidate_4,candidate_2,candidate_1,4,0.0225
461,candidate_3,candidate_4,candidate_2,candidate_1,4,0.0225
462,candidate_3,candidate_4,candidate_2,candidate_1,4,0.0225
463,candidate_3,candidate_4,candidate_2,candidate_1,4,0.0225
464,candidate_3,candidate_4,candidate_2,candidate_1,4,0.0225
465,candidate_3,candidate_4,candidate_2,candidate_1,4,0.0225
466,candidate_3,candidate_4,candidate_2,candidate_1,4,0.0225
467,candidate_3,candidate_4,candidate_2,candidate_1,4,0.0225
468,candidate_3,candidate_4,candidate_2,candidate_1,4,0.0225
469,candidate_3,candidate_4,candidate_2,candidate_1,4,0.0225
470,candidate_3,candidate_4,candidate_2,candidate_1,4,0.0225
471,candidate_3,candidate_4,candidate_2,candidate_1,4,0.0225
472,candidate_3,candidate_4,candidate_2,candidate_1,4,0.0225
473,candidate_3,candidate_4,candidate_2,candidate_1,4,0.0225
474,candidate_3,0,candidate_2,candidate_1,4,0.0225
475,candidate_3,candidate_4,candidate_2,candidate_1,4,0.0225
476,candidate_3,candidate_4,candidate_2,candidate_1,4,0.0225
477,candidate_3,candidate_4,candidate_2,candidate_1,4,0.0225
478,candidate_3,candidate_4,candidate_2,candidate_1,4,0.0225
479,candidate_3,candidate_4,candidate_2,candidate_1,4,0.0225
480,candidate_3,candidate_4,candidate_2,0,4,0.0225
481,candidate_3,candidate_4,candidate_2,candidate_1,4,0.0225
482,candidate_3,candidate_4,candidate_2,candidate_1,4,0.0225
483,candidate_3,candidate_4,candidate_2,candidate_1,4,0.0225
484,0,candidate_4,candidate_2,candidate_1,4,0.0225
485,candidate_3,candidate_4,candidate_2,candidate_1,4,0.0225
486,candidate_3,candidate_4,candidate_2,candidate_1,4,0.0225
487,candidate_3,candidate_4,candidate_2,candidate_1,4,0.0225
488,candidate_3,candidate_4,candidate_2,candidate_1,4,0.0225
489,candidate_3,candidate_4,candidate_2,candidate_1,4,0.0225
490,candidate_3,candidate_4,candidate_2,candidate_1,4,0.0225
491,candidate_3,candidate_4,candidate_2,candidate_1,4,0.0225
492,candidate_3,candidate_4,candidate_2,candidate_1,4,0.0225
493,candidate_3,candidate_4,candidate_2,0,4,0.0225
494,candidate_3,candidate_4,candidate_2,candidate_1,4,0.0225
495,candidate_3,candidate_4,candidate_2,candidate_1,4,0.0225
496,candidate_3,candidate_4,candidate_2,candidate_1,4,0.0225
497,candidate_3,candidate_4,candidate_2,candidate_1,4,0.0225
498,candidate_3,candidate_4,candidate_2,candidate_1,4,0.0225
499,candidate_3,candidate_4,candidate_2,candidate_1,4,0.0225
500,candidate_3,candidate_4,candidate_2,candidate_1,4,0.0225
501,candidate_3,candidate_4,candidate_2,candidate_1,4,0.0225
502,candidate_3,candidate_4,candidate_2,candidate_1,4,0.0225
503,candidate_3,candidate_4,candidate_2,candidate_1,4,0.0225
504,0,candidate_4,candidate_2,candidate_1,4,0.0225
505,candidate_3,candidate_4,candidate_2,candidate_1,4,0.0225
506,candidate_3,candidate_4,candidate_2,candidate_1,4,0.0225
507,candidate_3,candidate_4,candidate_2,candidate_1,4,0.0225
508,candidate_3,candidate_4,candidate_2,candidate_1,4,0.0225
509,candidate_3,candidate_4,candidate_2,candidate_1,4,0.0225
510,candidate_3,candidate_4,candidate_2,candidate_1,4,0.0225
511,candidate_3,candidate_4,candidate_2,candidate_1,4,0.0225
512,candidate_3,candidate_4,0,candidate_1,4,0.0225
513,candidate_3,candidate_4,candidate_2,candidate_1,4,0.0225
514,candidate_3,candidate_4,candidate_2,candidate_1,4,0.0225
515,candidate_3,candidate_4,candidate_2,candidate_1,4,0.0225
516,candidate_3,candidate_4,candidate_2,candidate_1,4,0.0225
517,candidate_3,candidate_4,candidate_2,candidate_1,4,0.0225
518,candidate_3,candidate_4,candidate_2,candidate_1,4,0.0225
519,candidate_3,candidate_4,candidate_2,candidate_1,4,0.0225
520,candidate_3,candidate_4,candidate_2,candidate_1,4,0.0225
521,candidate_3,candidate_4,candidate_2,candidate_1,4,0.0225
522,candidate_3,candidate_4,candidate_2,candidate_1,4,0.0225
523,candidate_3,candidate_4,candidate_2,candidate_1,4,0.0225
524,candidate_3,candidate_4,candidate_2,0,4,0.0225
525,candidate_3,candidate_4,candidate_2,candidate_1,4,0.0225
526,candidate_3,candidate_4,candidate_2,candidate_1,4,0.0225
527,candidate_3,candidate_4,candidate_2,candidate_1,4,0.0225
528,candidate_3,candidate_4,candidate_2,0,4,0.0225
529,candidate_3,candidate_4,candidate_2,candidate_1,4,0.0225
530,candidate_3,candidate_4,candidate_2,candidate_1,4,0.0225
531,candidate_3,candidate_4,candidate_2,candidate_1,4,0.0225
532,candidate_3,candidate_4,candidate_2,candidate_1,4,0.0225
533,candidate_3,candidate_4,candidate_2,candidate_1,4,0.0225
534,candidate_3,candidate_4,candidate_2,candidate_1,4,0.0225
535,candidate_3,candidate_4,candidate_2,candidate_1,4,0.0225
536,candidate_3,candidate_4,candidate_2,candidate_1,4,0.0225
537,candidate_3,candidate_4,candidate_2,candidate_1,4,0.0225
538,candidate_3,candidate_4,candidate_2,candidate_1,4,0.0225
539,candidate_3,candidate_4,candidate_2,candidate_1,4,0.0225
540,candidate_3,candidate_4,candidate_2,candidate_1,4,0.0225
541,candidate_3,candidate_4,candidate_2,candidate_1,4,0.0225
542,candidate_3,candidate_4,candidate_2,candidate_1,4,0.0225
543,candidate_3,candidate_4,0,candidate_1,4,0.0225
544,candidate_3,candidate_4,candidate_2,candidate_1,4,0.0225
545,candidate_3,candidate_4,candidate_2,candidate_1,4,0.0225
546,candidate_3,candidate_4,candidate_2,candidate_1,4,0.0225
547,candidate_3,candidate_4,candidate_2,candidate_1,4,0.0225
548,candidate_3,candidate_4,candidate_2,candidate_1,4,0.0225
549,candidate_3,candidate_4,candidate_2,0,4,0.0225
550,candidate_3,candidate_4,candidate_2,candidate_1,4,0.0225
551,candidate_3,candidate_4,candidate_2,candidate_1,4,0.0225
552,candidate_3,candidate_4,candidate_2,candidate_1,4,0.0225
553,candidate_3,candidate_4,candidate_2,candidate_1,4,0.0225
554,candidate_3,candidate_4,candidate_2,candidate_1,4,0.0225
555,candidate_3,candidate_4,candidate_2,candidate_1,4,0.0225
556,candidate_3,candidate_4,candidate_2,candidate_1,4,0.0225
557,candidate_3,candidate_4,candidate_2,candidate_1,4,0.0225
558,candidate_3,candidate_4,candidate_2,candidate_1,4,0.0225
559,candidate_3,candidate_4,candidate_2,candidate_1,4,0.0225
560,candidate_3,candidate_4,candidate_2,candidate_1,4,0.0225
561,0,candidate_4,candidate_2,candidate_1,4,0.0225
562,candidate_3,candidate_4,candidate_2,candidate_1,4,0.0225
563,candidate_3,candidate_4,candidate_2,candidate_1,4,0.0225
564,candidate_3,candidate_4,candidate_2,candidate_1,4,0.0225
565,candidate_3,candidate_4,candidate_2,candidate_1,4,0.0225
566,candidate_3,candidate_4,candidate_2,candidate_1,4,0.0225
567,candidate_3,candidate_4,candidate_2,candidate_1,4,0.0225
568,candidate_3,candidate_4,candidate_2,candidate_1,4,0.0225
569,candidate_3,candidate_4,candidate_2,candidate_1,4,0.0225
570,candidate_3,candidate_4,candidate_2,candidate_1,4,0.0225
571,candidate_3,candidate_4,candidate_2,candidate_1,4,0.0225
572,candidate_3,candidate_4,candidate_2,0,4,0.0225
573,candidate_3,candidate_4,candidate_2,candidate_1,4,0.0225
574,candidate_3,candidate_4,candidate_2,candidate_1,4,0.0225
575,candidate_3,candidate_4,candidate_2,candidate_1,4,0.0225
576,candidate_3,candidate_4,candidate_2,candidate_1,4,0.0225
577,candidate_3,candidate_4,candidate_2,candidate_1,4,0.0225
578,candidate_3,candidate_4,candidate_2,candidate_1,4,0.0225
579,candidate_3,candidate_4,candidate_2,candidate_1,4,0.0225
580,candidate_3,candidate_4,candidate_2,candidate_1,4,0.0225
581,candidate_3,candidate_4,candidate_2,candidate_1,4,0.0225
582,candidate_3,candidate_4,candidate_2,candidate_1,4,0.0225
583,candidate_3,candidate_4,candidate_2,candidate_1,4,0.0225
584,candidate_3,candidate_4,candidate_2,candidate_1,4,0.0225
585,candidate_3,candidate_4,candidate_2,candidate_1,4,0.0225
586,candidate_3,candidate_4,candidate_2,candidate_1,4,0.0225
587,candidate_3,candidate_4,candidate_2,candidate_1,4,0.0225
588,candidate_3,candidate_4,candidate_2,candidate_1,4,0.0225
589,candidate_3,candidate_4,candidate_2,candidate_1,4,0.0225
590,candidate_3,candidate_4,candidate_2,candidate_1,4,0.0225
591,candidate_3,candidate_4,candidate_2,candidate_1,4,0.0225
592,candidate_3,candidate_4,candidate_2,candidate_1,4,0.0225
593,candidate_3,candidate_4,candidate_2,candidate_1,4,0.0225
594,0,candidate_4,candidate_2,candidate_1,4,0.0225
595,candidate_3,candidate_4,candidate_2,candidate_1,4,0.0225
596,candidate_3,candidate_4,candidate_2,candidate_1,4,0.0225
597,candidate_3,candidate_4,candidate_2,candidate_1,4,0.0225
598,candidate_3,candidate_4,candidate_2,candidate_1,4,0.0225
599,candidate_3,candidate_4,candidate_2,candidate_1,4,0.0225
600,candidate_3,candidate_4,candidate_2,candidate_1,4,0.0225
601,candidate_3,candidate_4,candidate_2,candidate_1,4,0.0225
602,candidate_3,candidate_4,candidate_2,candidate_1,4,0.0225
603,candidate_3,candidate_4,candidate_2,candidate_1,4,0.0225
604,candidate_3,candidate_4,candidate_2,candidate_1,4,0.0225
605,candidate_3,candidate_4,candidate_2,candidate_1,4,0.0225
606,candidate_3,candidate_4,candidate_2,candidate_1,4,0.0225
607,candidate_3,candidate_4,candidate_2,candidate_1,4,0.0225
608,candidate_3,candidate_4,candidate_2,candidate_1,4,0.0225
609,candidate_3,candidate_4,candidate_2,candidate_1,4,0.0225
610,candidate_3,candidate_4,candidate_2,candidate_1,4,0.0225
611,candidate_3,candidate_4,candidate_2,candidate_1,4,0.0225
612,candidate_3,candidate_4,candidate_2,candidate_1,4,0.0225
613,candidate_3,candidate_4,candidate_2,candidate_1,4,0.0225
614,candidate_3,candidate_4,candidate_2,candidate_1,4,0.0225
615,candidate_3,candidate_4,candidate_2,candidate_1,4,0.0225
616,candidate_3,candidate_4,candidate_2,candidate_1,4,0.0225
617,candidate_3,candidate_4,candidate_2,candidate_1,4,0.0225
618,candidate_3,candidate_4,candidate_2,candidate_1,4,0.0225
619,candidate_3,candidate_4,candidate_2,candidate_1,4,0.0225
620,candidate_3,candidate_4,candidate_2,candidate_1,4,0.0225
621,candidate_3,candidate_4,candidate_2,candidate_1,4,0.0225
622,candidate_3,candidate_4,candidate_2,candidate_1,4,0.0225
623,candidate_3,candidate_4,candidate_2,candidate_1,4,0.0225
624,candidate_3,candidate_4,candidate_2,candidate_1,4,0.0225
625,candidate_3,candidate_4,candidate_2,candidate_1,4,0.0225
626,candidate_3,candidate_4,candidate_2,candidate_1,4,0.0225
627,candidate_3,candidate_4,candidate_2,candidate_1,4,0.0225
628,candidate_3,candidate_4,candidate_2,candidate_1,4,0.0225
629,candidate_3,candidate_4,candidate_2,0,4,0.0225
630,candidate_3,candidate_4,candidate_2,candidate_1,4,0.0225
631,candidate_3,candidate_4,candidate_2,candidate_1,4,0.0225
632,candidate_3,candidate_4,candidate_2,candidate_1,4,0.0225
633,candidate_3,0,candidate_2,candidate_1,4,0.0225
634,candidate_3,candidate_4,candidate_2,candidate_1,4,0.0225
635,candidate_3,candidate_4,candidate_2,candidate_1,4,0.0225
636,candidate_3,candidate_4,candidate_2,candidate_1,4,0.0225
637,candidate_3,candidate_4,candidate_2,candidate_1,4,0.0225
638,candidate_3,candidate_4,candidate_2,candidate_1,4,0.0225
639,candidate_3,candidate_4,candidate_2,candidate_1,4,0.0225
640,candidate_3,candidate_4,candidate_2,candidate_1,4,0.0225
641,candidate_3,candidate_4,candidate_2,candidate_1,4,0.0225
642,candidate_3,candidate_4,candidate_2,candidate_1,4,0.0225
643,candidate_3,candidate_4,candidate_2,candidate_1,4,0.0225
644,candidate_3,candidate_4,candidate_2,candidate_1,4,0.0225
645,candidate_3,candidate_4,candidate_2,candidate_1,4,0.0225
646,candidate_3,candidate_4,candidate_2,candidate_1,4,0.0225
647,candidate_3,candidate_4,candidate_2,candidate_1,4,0.0225
648,candidate_3,candidate_4,candidate_2,candidate_1,4,0.0225
649,candidate_3,candidate_4,candidate_2,candidate_1,4,0.0225
650,candidate_3,candidate_4,candidate_2,candidate_1,4,0.0225
651,candidate_3,candidate_4,candidate_2,candidate_1,4,0.0225
652,candidate_3,candidate_4,candidate_2,candidate_1,4,0.0225
653,candidate_3,candidate_4,candidate_2,candidate_1,4,0.0225
654,candidate_3,candidate_4,candidate_2,0,4,0.0225
655,candidate_3,0,candidate_2,candidate_1,4,0.0225
656,candidate_3,candidate_4,candidate_2,candidate_1,4,0.0225
657,candidate_3,candidate_4,candidate_2,candidate_1,4,0.0225
658,candidate_3,candidate_4,candidate_2,candidate_1,4,0.0225
659,candidate_3,candidate_4,candidate_2,candidate_1,4,0.0225
660,candidate_3,candidate_4,candidate_2,candidate_1,4,0.0225
661,candidate_3,candidate_4,candidate_2,candidate_1,4,0.0225
662,candidate_3,candidate_4,candidate_2,candidate_1,4,0.0225
663,candidate_3,candidate_4,candidate_2,0,4,0.0225
664,candidate_3,candidate_4,candidate_2,candidate_1,4,0.0225
665,candidate_3,candidate_4,candidate_2,candidate_1,4,0.0225
666,candidate_3,candidate_4,candidate_2,candidate_1,4,0.0225
667,candidate_3,candidate_4,candidate_2,candidate_1,4,0.0225
668,candidate_3,candidate_4,candidate_2,candidate_1,4,0.0225
669,candidate_3,candidate_4,candidate_2,candidate_1,4,0.0225
670,candidate_3,candidate_4,candidate_2,candidate_1,4,0.0225
671,candidate_3,0,candidate_2,candidate_1,4,0.0225
672,candidate_3,candidate_4,candidate_2,candidate_1,4,0.0225
673,candidate_3,candidate_4,candidate_2,candidate_1,4,0.0225
674,candidate_3,candidate_4,candidate_2,candidate_1,4,0.0225
675,candidate_3,candidate_4,candidate_2,candidate_1,4,0.0225
676,candidate_3,candidate_4,candidate_2,candidate_1,4,0.0225
677,candidate_3,candidate_4,candidate_2,candidate_1,4,0.0225
678,candidate_3,candidate_4,candidate_2,candidate_1,4,0.0225
679,candidate_3,candidate_4,0,candidate_1,4,0.0225
680,candidate_3,candidate_4,candidate_2,candidate_1,4,0.0225
681,candidate_3,candidate_4,candidate_2,candidate_1,4,0.0225
682,candidate_3,candidate_4,candidate_2,candidate_1,4,0.0225
683,candidate_3,candidate_4,candidate_2,candidate_1,4,0.0225
684,candidate_3,candidate_4,candidate_2,candidate_1,4,0.0225
685,candidate_3,candidate_4,candidate_2,candidate_1,4,0.0225
686,candidate_3,candidate_4,candidate_2,candidate_1,4,0.0225
687,candidate_3,candidate_4,candidate_2,candidate_1,4,0.0225
688,candidate_3,candidate_4,candidate_2,candidate_1,4,0.0225
689,candidate_3,candidate_4,candidate_2,candidate_1,4,0.0225
690,candidate_3,candidate_4,candidate_2,candidate_1,4,0.0225
691,candidate_3,candidate_4,candidate_2,candidate_1,4,0.0225
692,candidate_3,candidate_4,candidate_2,candidate_1,4,0.0225
693,candidate_3,candidate_4,candidate_2,candidate_1,4,0.0225
694,candidate_3,candidate_4,candidate_2,candidate_1,4,0.0225
695,candidate_3,candidate_4,candidate_2,candidate_1,4,0.0225
696,candidate_3,candidate_4,candidate_2,candidate_1,4,0.0225
697,candidate_3,candidate_4,candidate_2,candidate_1,4,0.0225
698,candidate_3,candidate_4,candidate_2,candidate_1,4,0.0225
699,candidate_3,candidate_4,0,candidate_1,4,0.0225
700,candidate_3,candidate_4,candidate_2,candidate_1,4,0.0225
701,candidate_3,candidate_4,candidate_2,candidate_1,4,0.0225
702,candidate_3,candidate_4,candidate_2,candidate_1,4,0.0225
703,candidate_3,candidate_4,candidate_2,candidate_1,4,0.0225
704,candidate_3,candidate_4,candidate_2,candidate_1,4,0.0225
705,candidate_3,candidate_4,candidate_2,candidate_1,4,0.0225
706,candidate_3,candidate_4,candidate_2,candidate_1,4,0.0225
707,candidate_3,candidate_4,candidate_2,candidate_1,4,0.0225
708,candidate_3,candidate_4,candidate_2,candidate_1,4,0.0225
709,candidate_3,candidate_4,candidate_2,candidate_1,4,0.0225
710,candidate_3,candidate_4,candidate_2,candidate_1,4,0.0225
711,candidate_3,candidate_4,candidate_2,candidate_1,4,0.0225
712,candidate_3,candidate_4,candidate_2,candidate_1,4,0.0225
713,candidate_3,candidate_4,candidate_2,candidate_1,4,0.0225
714,candidate_3,candidate_4,candidate_2,candidate_1,4,0.0225
715,candidate_3,candidate_4,candidate_2,candidate_1,4,0.0225
716,candidate_3,candidate_4,candidate_2,candidate_1,4,0.0225
717,candidate_3,candidate_4,0,candidate_1,4,0.0225
718,candidate_3,candidate_4,candidate_2,candidate_1,4,0.0225
719,candidate_3,candidate_4,candidate_2,candidate_1,4,0.0225
720,candidate_3,candidate_4,candidate_2,candidate_1,4,0.0225
721,candidate_3,candidate_4,candidate_2,candidate_1,4,0.0225
722,candidate_3,candidate_4,candidate_2,candidate_1,4,0.0225
723,candidate_3,candidate_4,0,candidate_1,4,0.0225
724,candidate_3,candidate_4,0,candidate_1,4,0.0225
725,candidate_3,candidate_4,candidate_2,candidate_1,4,0.0225
726,candidate_3,candidate_4,candidate_2,candidate_1,4,0.0225
727,candidate_3,candidate_4,candidate_2,candidate_1,4,0.0225
728,candidate_3,candidate_4,candidate_2,candidate_1,4,0.0225
729,candidate_3,candidate_4,candidate_2,candidate_1,4,0.0225
730,candidate_3,0,candidate_2,candidate_1,4,0.0225
731,candidate_3,candidate_4,candidate_2,candidate_1,4,0.0225
732,0,candidate_4,candidate_2,candidate_1,4,0.0225
733,candidate_3,candidate_4,candidate_2,candidate_1,4,0.0225
734,candidate_3,candidate_4,candidate_2,candidate_1,4,0.0225
735,candidate_3,candidate_4,candidate_2,candidate_1,4,0.0225
736,0,candidate_4,candidate_2,0,4,0.0225
737,candidate_3,candidate_4,candidate_2,candidate_1,4,0.0225
738,candidate_3,candidate_4,candidate_2,candidate_1,4,0.0225
739,candidate_3,candidate_4,candidate_2,candidate_1,4,0.0225
740,candidate_3,candidate_4,candidate_2,candidate_1,4,0.0225
741,candidate_3,candidate_4,0,candidate_1,4,0.0225
742,candidate_3,candidate_4,candidate_2,0,4,0.0225
743,candidate_3,candidate_4,candidate_2,candidate_1,4,0.0225
744,candidate_3,candidate_4,candidate_2,candidate_1,4,0.0225
745,candidate_3,candidate_4,candidate_2,candidate_1,4,0.0225
746,candidate_3,candidate_4,candidate_2,candidate_1,4,0.0225
747,candidate_3,candidate_4,candidate_2,candidate_1,4,0.0225
748,candidate_3,candidate_4,candidate_2,candidate_1,4,0.0225
749,candidate_3,candidate_4,candidate_2,candidate_1,4,0.0225
750,candidate_3,candidate_4,candidate_2,candidate_1,4,0.0225
751,candidate_3,candidate_4,candidate_2,candidate_1,4,0.0225
752,candidate_3,candidate_4,candidate_2,candidate_1,4,0.0225
753,candidate_3,candidate_4,candidate_2,candidate_1,4,0.0225
754,candidate_3,candidate_4,candidate_2,candidate_1,4,0.0225
755,0,candidate_4,candidate_2,candidate_1,4,0.0225
756,candidate_3,candidate_4,candidate_2,candidate_1,4,0.0225
757,candidate_3,candidate_4,candidate_2,candidate_1,4,0.0225
758,candidate_3,candidate_4,candidate_2,0,4,0.0225
759,candidate_3,candidate_4,candidate_2,candidate_1,4,0.0225
760,0,candidate_4,candidate_2,candidate_1,4,0.0225
761,candidate_3,candidate_4,candidate_2,candidate_1,4,0.0225
762,candidate_3,candidate_4,candidate_2,candidate_1,4,0.0225
763,candidate_3,candidate_4,candidate_2,candidate_1,4,0.0225
764,candidate_3,candidate_4,candidate_2,candidate_1,4,0.0225
765,candidate_3,candidate_4,candidate_2,candidate_1,4,0.0225
766,candidate_3,candidate_4,candidate_2,candidate_1,4,0.0225
767,candidate_3,candidate_4,candidate_2,candidate_1,4,0.0225
768,candidate_3,candidate_4,candidate_2,candidate_1,4,0.0225
769,candidate_3,candidate_4,candidate_2,candidate_1,4,0.0225
770,candidate_3,candidate_4,candidate_2,candidate_1,4,0.0225
771,candidate_3,candidate_4,candidate_2,candidate_1,4,0.0225
772,candidate_3,candidate_4,candidate_2,candidate_1,4,0.0225
773,candidate_3,candidate_4,candidate_2,candidate_1,4,0.0225
774,candidate_3,candidate_4,candidate_2,candidate_1,4,0.0225
775,candidate_3,candidate_4,candidate_2,candidate_1,4,0.0225
776,candidate_3,candidate_4,candidate_2,candidate_1,4,0.0225
777,candidate_3,candidate_4,candidate_2,candidate_1,4,0.0225
778,candidate_3,candidate_4,candidate_2,candidate_1,4,0.0225
779,candidate_3,candidate_4,candidate_2,candidate_1,4,0.0225
780,candidate_3,candidate_4,candidate_2,candidate_1,4,0.0225
781,candidate_3,candidate_4,candidate_2,candidate_1,4,0.0225
782,candidate_3,0,candidate_2,candidate_1,4,0.0225
783,candidate_3,candidate_4,candidate_2,candidate_1,4,0.0225
784,candidate_3,candidate_4,candidate_2,candidate_1,4,0.0225
785,candidate_3,candidate_4,candidate_2,candidate_1,4,0.0225
786,candidate_3,candidate_4,candidate_2,candidate_1,4,0.0225
787,candidate_3,candidate_4,candidate_2,candidate_1,4,0.0225
788,candidate_3,candidate_4,candidate_2,candidate_1,4,0.0225
789,candidate_3,candidate_4,candidate_2,candidate_1,4,0.0225
790,candidate_3,candidate_4,candidate_2,candidate_1,4,0.0225
791,candidate_3,candidate_4,candidate_2,candidate_1,4,0.0225
792,candidate_3,candidate_4,candidate_2,candidate_1,4,0.0225
793,candidate_3,candidate_4,candidate_2,candidate_1,4,0.0225
794,candidate_3,candidate_4,candidate_2,candidate_1,4,0.0225
795,candidate_3,candidate_4,candidate_2,candidate_1,4,0.0225
796,candidate_3,candidate_4,candidate_2,candidate_1,4,0.0225
797,candidate_3,candidate_4,candidate_2,candidate_1,4,0.0225
798,candidate_3,candidate_4,candidate_2,candidate_1,4,0.0225
799,candidate_3,candidate_4,candidate_2,candidate_1,4,0.0225
800,candidate_3,candidate_4,candidate_2,candidate_1,4,0.0225
801,candidate_3,candidate_4,candidate_2,candidate_1,4,0.0225
802,candidate_3,candidate_4,candidate_2,candidate_1,4,0.0225
803,candidate_3,candidate_4,candidate_2,candidate_1,4,0.0225
804,candidate_3,candidate_4,candidate_2,candidate_1,4,0.0225
805,candidate_3,candidate_4,candidate_2,candidate_1,4,0.0225
806,candidate_3,candidate_4,candidate_2,candidate_1,4,0.0225
807,candidate_3,candidate_4,candidate_2,candidate_1,4,0.0225
808,candidate_3,candidate_4,candidate_2,candidate_1,4,0.0225
809,candidate_3,candidate_4,candidate_2,candidate_1,4,0.0225
810,candidate_3,candidate_4,candidate_2,candidate_1,4,0.0225
811,0,candidate_4,candidate_2,candidate_1,4,0.0225
812,candidate_3,candidate_4,candidate_2,candidate_1,4,0.0225
813,candidate_3,candidate_4,candidate_2,candidate_1,4,0.0225
814,candidate_3,candidate_4,candidate_2,candidate_1,4,0.0225
815,candidate_3,candidate_4,candidate_2,candidate_1,4,0.0225
816,candidate_3,candidate_4,candidate_2,candidate_1,4,0.0225
817,candidate_3,candidate_4,candidate_2,candidate_1,4,0.0225
818,candidate_3,candidate_4,candidate_2,candidate_1,4,0.0225
0,candidate_4,candidate_1,candidate_2,candidate_3,4,0.0225
1,candidate_4,candidate_1,candidate_2,candidate_3,4,0.0225
2,candidate_4,candidate_1,candidate_2,candidate_3,4,0.0225
3,candidate_4,candidate_1,candidate_2,candidate_3,4,0.0225
4,candidate_4,candidate_1,candidate_2,candidate_3,4,0.0225
5,candidate_4,candidate_1,candidate_2,candidate_3,4,0.0225
6,candidate_4,candidate_1,candidate_2,candidate_3,4,0.0225
7,candidate_4,candidate_1,candidate_2,candidate_3,4,0.0225
8,candidate_4,candidate_1,candidate_2,candidate_3,4,0.0225
9,candidate_4,candidate_1,candidate_2,candidate_3,4,0.0225
10,candidate_4,candidate_1,candidate_2,candidate_3,4,0.0225
11,candidate_4,candidate_1,candidate_2,candidate_3,4,0.0225
12,candidate_4,candidate_1,candidate_2,candidate_3,4,0.0225
13,candidate_4,candidate_1,candidate_2,candidate_3,4,0.0225
14,candidate_4,candidate_1,candidate_2,candidate_3,4,0.0225
15,candidate_4,candidate_1,candidate_2,candidate_3,4,0.0225
16,candidate_4,candidate_1,candidate_2,candidate_3,4,0.0225
17,candidate_4,candidate_1,candidate_2,candidate_3,4,0.0225
18,candidate_4,candidate_1,candidate_2,candidate_3,4,0.0225
19,candidate_4,candidate_1,candidate_2,candidate_3,4,0.0225
20,candidate_4,candidate_1,candidate_2,candidate_3,4,0.0225
21,candidate_4,candidate_1,candidate_2,candidate_3,4,0.0225
22,candidate_4,candidate_1,candidate_2,candidate_3,4,0.0225
23,candidate_4,candidate_1,candidate_2,candidate_3,4,0.0225
24,candidate_4,candidate_1,candidate_2,candidate_3,4,0.0225
25,candidate_4,candidate_1,candidate_2,candidate_3,4,0.0225
26,candidate_4,candidate_1,candidate_2,candidate_3,4,0.0225
27,candidate_4,candidate_1,candidate_2,candidate_3,4,0.0225
28,candidate_4,candidate_1,candidate_2,candidate_3,4,0.0225
29,candidate_4,candidate_1,candidate_2,candidate_3,4,0.0225
30,candidate_4,candidate_1,candidate_2,candidate_3,4,0.0225
31,candidate_4,candidate_1,candidate_2,candidate_3,4,0.0225
32,candidate_4,candidate_1,candidate_2,candidate_3,4,0.0225
33,candidate_4,candidate_1,candidate_2,candidate_3,4,0.0225
34,candidate_4,candidate_1,candidate_2,candidate_3,4,0.0225
35,candidate_4,candidate_1,candidate_2,candidate_3,4,0.0225
36,candidate_4,candidate_1,candidate_2,candidate_3,4,0.0225
37,candidate_4,candidate_1,candidate_2,candidate_3,4,0.0225
38,candidate_4,candidate_1,candidate_2,candidate_3,4,0.0225
39,0,candidate_1,candidate_2,candidate_3,4,0.0225
40,candidate_4,candidate_1,candidate_2,candidate_3,4,0.0225
41,candidate_4,candidate_1,candidate_2,candidate_3,4,0.0225
42,candidate_4,candidate_1,candidate_2,candidate_3,4,0.0225
43,candidate_4,candidate_1,candidate_2,candidate_3,4,0.0225
44,candidate_4,candidate_1,candidate_2,candidate_3,4,0.0225
45,candidate_4,candidate_1,candidate_2,candidate_3,4,0.0225
46,candidate_4,candidate_1,candidate_2,candidate_3,4,0.0225
47,0,candidate_1,candidate_2,candidate_3,4,0.0225
48,candidate_4,candidate_1,candidate_2,candidate_3,4,0.0225
49,candidate_4,candidate_1,candidate_2,candidate_3,4,0.0225
50,candidate_4,candidate_1,candidate_2,candidate_3,4,0.0225
51,candidate_4,candidate_1,candidate_2,candidate_3,4,0.0225
52,candidate_4,candidate_1,candidate_2,candidate_3,4,0.0225
53,0,candidate_1,candidate_2,candidate_3,4,0.0225
54,candidate_4,candidate_1,candidate_2,candidate_3,4,0.0225
55,candidate_4,candidate_1,candidate_2,candidate_3,4,0.0225
56,candidate_4,candidate_1,candidate_2,candidate_3,4,0.0225
57,candidate_4,candidate_1,candidate_2,candidate_3,4,0.0225
58,candidate_4,candidate_1,candidate_2,candidate_3,4,0.0225
59,candidate_4,candidate_1,candidate_2,candidate_3,4,0.0225
60,candidate_4,candidate_1,candidate_2,candidate_3,4,0.0225
61,candidate_4,candidate_1,candidate_2,candidate_3,4,0.0225
62,candidate_4,candidate_1,candidate_2,candidate_3,4,0.0225
63,candidate_4,candidate_1,candidate_2,candidate_3,4,0.0225
64,candidate_4,candidate_1,candidate_2,candidate_3,4,0.0225
65,candidate_4,candidate_1,candidate_2,candidate_3,4,0.0225
66,candidate_4,candidate_1,candidate_2,candidate_3,4,0.0225
67,candidate_4,candidate_1,candidate_2,candidate_3,4,0.0225
68,candidate_4,candidate_1,candidate_2,candidate_3,4,0.0225
69,candidate_4,candidate_1,candidate_2,candidate_3,4,0.0225
70,candidate_4,candidate_1,candidate_2,candidate_3,4,0.0225
71,candidate_4,candidate_1,candidate_2,candidate_3,4,0.0225
72,candidate_4,candidate_1,candidate_2,candidate_3,4,0.0225
73,candidate_4,candidate_1,candidate_2,candidate_3,4,0.0225
74,candidate_4,candidate_1,candidate_2,candidate_3,4,0.0225
75,candidate_4,candidate_1,candidate_2,candidate_3,4,0.0225
76,candidate_4,candidate_1,candidate_2,candidate_3,4,0.0225
77,candidate_4,candidate_1,candidate_2,0,4,0.0225
78,candidate_4,candidate_1,candidate_2,candidate_3,4,0.0225
79,candidate_4,candidate_1,candidate_2,candidate_3,4,0.0225
80,candidate_4,candidate_1,candidate_2,candidate_3,4,0.0225
81,candidate_4,candidate_1,candidate_2,candidate_3,4,0.0225
82,candidate_4,candidate_1,candidate_2,candidate_3,4,0.0225
83,candidate_4,candidate_1,candidate_2,candidate_3,4,0.0225
84,candidate_4,candidate_1,candidate_2,candidate_3,4,0.0225
85,0,candidate_1,candidate_2,candidate_3,4,0.0225
86,candidate_4,candidate_1,candidate_2,candidate_3,4,0.0225
87,candidate_4,candidate_1,0,candidate_3,4,0.0225
88,candidate_4,candidate_1,candidate_2,candidate_3,4,0.0225
89,candidate_4,candidate_1,candidate_2,candidate_3,4,0.0225
90,candidate_4,candidate_1,candidate_2,candidate_3,4,0.0225
91,candidate_4,candidate_1,candidate_2,candidate_3,4,0.0225
92,candidate_4,candidate_1,candidate_2,candidate_3,4,0.0225
93,candidate_4,candidate_1,candidate_2,candidate_3,4,0.0225
94,candidate_4,candidate_1,candidate_2,candidate_3,4,0.0225
95,candidate_4,candidate_1,candidate_2,candidate_3,4,0.0225
96,candidate_4,candidate_1,candidate_2,candidate_3,4,0.0225
97,candidate_4,candidate_1,candidate_2,candidate_3,4,0.0225
98,candidate_4,candidate_1,candidate_2,candidate_3,4,0.0225
99,candidate_4,candidate_1,candidate_2,candidate_3,4,0.0225
100,candidate_4,candidate_1,candidate_2,candidate_3,4,0.0225
101,candidate_4,candidate_1,candidate_2,candidate_3,4,0.0225
102,candidate_4,candidate_1,candidate_2,candidate_3,4,0.0225
103,candidate_4,candidate_1,candidate_2,candidate_3,4,0.0225
104,candidate_4,candidate_1,candidate_2,candidate_3,4,0.0225
105,candidate_4,candidate_1,candidate_2,candidate_3,4,0.0225
106,candidate_4,candidate_1,candidate_2,candidate_3,4,0.0225
107,candidate_4,candidate_1,candidate_2,candidate_3,4,0.0225
108,candidate_4,candidate_1,candidate_2,candidate_3,4,0.0225
109,candidate_4,candidate_1,candidate_2,candidate_3,4,0.0225
110,candidate_4,candidate_1,candidate_2,candidate_3,4,0.0225
111,candidate_4,candidate_1,candidate_2,candidate_3,4,0.0225
112,candidate_4,candidate_1,candidate_2,candidate_3,4,0.0225
113,candidate_4,candidate_1,candidate_2,candidate_3,4,0.0225
114,candidate_4,candidate_1,candidate_2,candidate_3,4,0.0225
115,candidate_4,candidate_1,candidate_2,candidate_3,4,0.0225
116,candidate_4,candidate_1,candidate_2,candidate_3,4,0.0225
117,candidate_4,candidate_1,candidate_2,candidate_3,4,0.0225
118,candidate_4,candidate_1,candidate_2,candidate_3,4,0.0225
119,candidate_4,candidate_1,candidate_2,candidate_3,4,0.0225
120,candidate_4,candidate_1,candidate_2,candidate_3,4,0.0225
121,candidate_4,candidate_1,candidate_2,candidate_3,4,0.0225
122,0,candidate_1,candidate_2,candidate_3,4,0.0225
123,candidate_4,candidate_1,candidate_2,candidate_3,4,0.0225
124,candidate_4,candidate_1,candidate_2,candidate_3,4,0.0225
125,candidate_4,candidate_1,candidate_2,candidate_3,4,0.0225
126,candidate_4,candidate_1,candidate_2,candidate_3,4,0.0225
127,candidate_4,candidate_1,candidate_2,candidate_3,4,0.0225
128,candidate_4,candidate_1,candidate_2,candidate_3,4,0.0225
129,candidate_4,candidate_1,candidate_2,0,4,0.0225
130,candidate_4,candidate_1,candidate_2,candidate_3,4,0.0225
131,candidate_4,candidate_1,candidate_2,candidate_3,4,0.0225
132,candidate_4,candidate_1,candidate_2,candidate_3,4,0.0225
133,candidate_4,candidate_1,candidate_2,candidate_3,4,0.0225
134,candidate_4,candidate_1,candidate_2,candidate_3,4,0.0225
135,candidate_4,candidate_1,candidate_2,candidate_3,4,0.0225
136,candidate_4,candidate_1,candidate_2,candidate_3,4,0.0225
137,candidate_4,candidate_1,candidate_2,candidate_3,4,0.0225
138,candidate_4,candidate_1,candidate_2,candidate_3,4,0.0225
139,candidate_4,candidate_1,candidate_2,candidate_3,4,0.0225
140,candidate_4,candidate_1,candidate_2,candidate_3,4,0.0225
141,candidate_4,candidate_1,candidate_2,candidate_3,4,0.0225
142,candidate_4,candidate_1,candidate_2,candidate_3,4,0.0225
143,candidate_4,candidate_1,candidate_2,candidate_3,4,0.0225
144,candidate_4,candidate_1,candidate_2,candidate_3,4,0.0225
145,candidate_4,candidate_1,candidate_2,candidate_3,4,0.0225
146,0,candidate_1,candidate_2,candidate_3,4,0.0225
147,candidate_4,candidate_1,candidate_2,candidate_3,4,0.0225
148,candidate_4,candidate_1,candidate_2,candidate_3,4,0.0225
149,candidate_4,candidate_1,candidate_2,candidate_3,4,0.0225
150,candidate_4,candidate_1,candidate_2,candidate_3,4,0.0225
151,candidate_4,candidate_1,candidate_2,candidate_3,4,0.0225
152,candidate_4,candidate_1,candidate_2,candidate_3,4,0.0225
153,candidate_4,candidate_1,candidate_2,candidate_3,4,0.0225
154,candidate_4,candidate_1,candidate_2,candidate_3,4,0.0225
155,candidate_4,candidate_1,candidate_2,candidate_3,4,0.0225
156,candidate_4,candidate_1,candidate_2,candidate_3,4,0.0225
157,candidate_4,candidate_1,candidate_2,candidate_3,4,0.0225
158,candidate_4,candidate_1,candidate_2,candidate_3,4,0.0225
159,candidate_4,candidate_1,candidate_2,candidate_3,4,0.0225
160,candidate_4,candidate_1,candidate_2,candidate_3,4,0.0225
161,candidate_4,candidate_1,candidate_2,candidate_3,4,0.0225
162,candidate_4,candidate_1,candidate_2,candidate_3,4,0.0225
163,candidate_4,candidate_1,candidate_2,candidate_3,4,0.0225
164,candidate_4,candidate_1,candidate_2,candidate_3,4,0.0225
165,candidate_4,0,candidate_2,candidate_3,4,0.0225
166,candidate_4,candidate_1,candidate_2,candidate_3,4,0.0225
167,candidate_4,candidate_1,candidate_2,candidate_3,4,0.0225
168,candidate_4,candidate_1,candidate_2,candidate_3,4,0.0225
169,candidate_4,candidate_1,candidate_2,candidate_3,4,0.0225
170,candidate_4,candidate_1,candidate_2,candidate_3,4,0.0225
171,candidate_4,candidate_1,candidate_2,candidate_3,4,0.0225
172,candidate_4,candidate_1,candidate_2,candidate_3,4,0.0225
173,candidate_4,candidate_1,candidate_2,candidate_3,4,0.0225
174,candidate_4,candidate_1,candidate_2,candidate_3,4,0.0225
175,candidate_4,candidate_1,candidate_2,candidate_3,4,0.0225
176,candidate_4,candidate_1,candidate_2,candidate_3,4,0.0225
177,candidate_4,candidate_1,candidate_2,candidate_3,4,0.0225
178,candidate_4,candidate_1,candidate_2,candidate_3,4,0.0225
179,candidate_4,candidate_1,candidate_2,candidate_3,4,0.0225
180,candidate_4,candidate_1,candidate_2,candidate_3,4,0.0225
181,candidate_4,candidate_1,candidate_2,candidate_3,4,0.0225
182,candidate_4,candidate_1,candidate_2,candidate_3,4,0.0225
183,candidate_4,candidate_1,candidate_2,candidate_3,4,0.0225
184,candidate_4,candidate_1,candidate_2,candidate_3,4,0.0225
185,candidate_4,candidate_1,candidate_2,candidate_3,4,0.0225
186,candidate_4,candidate_1,candidate_2,candidate_3,4,0.0225
187,candidate_4,candidate_1,candidate_2,candidate_3,4,0.0225
188,candidate_4,candidate_1,candidate_2,candidate_3,4,0.0225
189,0,candidate_1,candidate_2,candidate_3,4,0.0225
190,candidate_4,candidate_1,candidate_2,candidate_3,4,0.0225
191,candidate_4,candidate_1,candidate_2,candidate_3,4,0.0225
192,candidate_4,candidate_1,candidate_2,candidate_3,4,0.0225
193,candidate_4,candidate_1,candidate_2,candidate_3,4,0.0225
194,candidate_4,candidate_1,candidate_2,candidate_3,4,0.0225
195,candidate_4,candidate_1,candidate_2,candidate_3,4,0.0225
196,candidate_4,candidate_1,candidate_2,candidate_3,4,0.0225
197,candidate_4,candidate_1,candidate_2,candidate_3,4,0.0225
198,candidate_4,candidate_1,candidate_2,candidate_3,4,0.0225
199,candidate_4,candidate_1,candidate_2,candidate_3,4,0.0225
200,candidate_4,candidate_1,candidate_2,candidate_3,4,0.0225
201,candidate_4,candidate_1,candidate_2,candidate_3,4,0.0225
202,candidate_4,candidate_1,candidate_2,candidate_3,4,0.0225
203,candidate_4,candidate_1,candidate_2,candidate_3,4,0.0225
204,candidate_4,0,candidate_2,candidate_3,4,0.0225
205,candidate_4,candidate_1,candidate_2,candidate_3,4,0.0225
206,candidate_4,candidate_1,candidate_2,candidate_3,4,0.0225
207,candidate_4,candidate_1,candidate_2,candidate_3,4,0.0225
208,candidate_4,candidate_1,candidate_2,candidate_3,4,0.0225
209,candidate_4,candidate_1,candidate_2,candidate_3,4,0.0225
210,candidate_4,candidate_1,candidate_2,candidate_3,4,0.0225
211,candidate_4,candidate_1,candidate_2,candidate_3,4,0.0225
212,candidate_4,candidate_1,0,candidate_3,4,0.0225
213,candidate_4,candidate_1,candidate_2,candidate_3,4,0.0225
214,candidate_4,candidate_1,candidate_2,candidate_3,4,0.0225
215,candidate_4,candidate_1,candidate_2,candidate_3,4,0.0225
216,candidate_4,candidate_1,candidate_2,candidate_3,4,0.0225
217,candidate_4,0,candidate_2,candidate_3,4,0.0225
218,candidate_4,candidate_1,candidate_2,candidate_3,4,0.0225
219,candidate_4,candidate_1,candidate_2,candidate_3,4,0.0225
220,candidate_4,candidate_1,candidate_2,candidate_3,4,0.0225
221,candidate_4,candidate_1,candidate_2,candidate_3,4,0.0225
222,candidate_4,candidate_1,candidate_2,candidate_3,4,0.0225
223,candidate_4,candidate_1,candidate_2,candidate_3,4,0.0225
224,candidate_4,candidate_1,candidate_2,candidate_3,4,0.0225
225,candidate_4,candidate_1,0,candidate_3,4,0.0225
226,candidate_4,candidate_1,candidate_2,candidate_3,4,0.0225
227,candidate_4,candidate_1,candidate_2,candidate_3,4,0.0225
228,candidate_4,candidate_1,candidate_2,candidate_3,4,0.0225
229,candidate_4,candidate_1,candidate_2,candidate_3,4,0.0225
230,candidate_4,candidate_1,candidate_2,0,4,0.0225
231,candidate_4,candidate_1,candidate_2,candidate_3,4,0.0225
232,candidate_4,candidate_1,candidate_2,candidate_3,4,0.0225
233,candidate_4,candidate_1,candidate_2,candidate_3,4,0.0225
234,candidate_4,candidate_1,candidate_2,0,4,0.0225
235,candidate_4,candidate_1,candidate_2,candidate_3,4,0.0225
236,candidate_4,candidate_1,candidate_2,candidate_3,4,0.0225
237,candidate_4,candidate_1,candidate_2,candidate_3,4,0.0225
238,candidate_4,candidate_1,candidate_2,candidate_3,4,0.0225
239,candidate_4,candidate_1,candidate_2,candidate_3,4,0.0225
240,candidate_4,candidate_1,candidate_2,candidate_3,4,0.0225
241,candidate_4,candidate_1,candidate_2,candidate_3,4,0.0225
242,candidate_4,candidate_1,candidate_2,candidate_3,4,0.0225
243,candidate_4,candidate_1,candidate_2,candidate_3,4,0.0225
244,candidate_4,candidate_1,candidate_2,candidate_3,4,0.0225
245,candidate_4,candidate_1,candidate_2,candidate_3,4,0.0225
246,candidate_4,candidate_1,candidate_2,candidate_3,4,0.0225
247,candidate_4,candidate_1,candidate_2,candidate_3,4,0.0225
248,candidate_4,candidate_1,candidate_2,candidate_3,4,0.0225
249,candidate_4,candidate_1,candidate_2,candidate_3,4,0.0225
250,candidate_4,candidate_1,candidate_2,candidate_3,4,0.0225
251,candidate_4,candidate_1,candidate_2,candidate_3,4,0.0225
252,candidate_4,candidate_1,0,candidate_3,4,0.0225
253,candidate_4,candidate_1,candidate_2,candidate_3,4,0.0225
254,candidate_4,candidate_1,candidate_2,candidate_3,4,0.0225
255,candidate_4,candidate_1,candidate_2,candidate_3,4,0.0225
256,candidate_4,candidate_1,candidate_2,candidate_3,4,0.0225
257,candidate_4,candidate_1,candidate_2,candidate_3,4,0.0225
258,candidate_4,candidate_1,candidate_2,candidate_3,4,0.0225
259,candidate_4,candidate_1,candidate_2,candidate_3,4,0.0225
260,candidate_4,candidate_1,candidate_2,candidate_3,4,0.0225
261,candidate_4,candidate_1,candidate_2,candidate_3,4,0.0225
262,candidate_4,candidate_1,candidate_2,candidate_3,4,0.0225
263,candidate_4,candidate_1,candidate_2,candidate_3,4,0.0225
264,candidate_4,candidate_1,candidate_2,candidate_3,4,0.0225
265,candidate_4,candidate_1,candidate_2,candidate_3,4,0.0225
266,candidate_4,candidate_1,candidate_2,candidate_3,4,0.0225
267,candidate_4,candidate_1,candidate_2,candidate_3,4,0.0225
268,candidate_4,candidate_1,candidate_2,candidate_3,4,0.0225
269,candidate_4,candidate_1,candidate_2,candidate_3,4,0.0225
270,candidate_4,candidate_1,candidate_2,candidate_3,4,0.0225
271,candidate_4,candidate_1,candidate_2,candidate_3,4,0.0225
272,candidate_4,0,candidate_2,candidate_3,4,0.0225
273,candidate_4,candidate_1,candidate_2,candidate_3,4,0.0225
274,candidate_4,candidate_1,candidate_2,candidate_3,4,0.0225
275,candidate_4,candidate_1,candidate_2,candidate_3,4,0.0225
276,candidate_4,candidate_1,candidate_2,candidate_3,4,0.0225
277,candidate_4,candidate_1,candidate_2,candidate_3,4,0.0225
278,candidate_4,candidate_1,candidate_2,candidate_3,4,0.0225
279,candidate_4,candidate_1,candidate_2,candidate_3,4,0.0225
280,candidate_4,candidate_1,candidate_2,candidate_3,4,0.0225
281,candidate_4,candidate_1,candidate_2,candidate_3,4,0.0225
282,candidate_4,candidate_1,candidate_2,candidate_3,4,0.0225
283,candidate_4,candidate_1,candidate_2,candidate_3,4,0.0225
284,candidate_4,candidate_1,candidate_2,candidate_3,4,0.0225
285,candidate_4,candidate_1,candidate_2,candidate_3,4,0.0225
286,candidate_4,candidate_1,candidate_2,candidate_3,4,0.0225
287,candidate_4,candidate_1,0,candidate_3,4,0.0225
288,candidate_4,candidate_1,candidate_2,candidate_3,4,0.0225
289,candidate_4,candidate_1,candidate_2,candidate_3,4,0.0225
290,candidate_4,candidate_1,candidate_2,candidate_3,4,0.0225
291,candidate_4,candidate_1,candidate_2,candidate_3,4,0.0225
292,candidate_4,candidate_1,candidate_2,candidate_3,4,0.0225
293,candidate_4,candidate_1,candidate_2,candidate_3,4,0.0225
294,candidate_4,candidate_1,candidate_2,candidate_3,4,0.0225
295,candidate_4,candidate_1,candidate_2,candidate_3,4,0.0225
296,candidate_4,candidate_1,candidate_2,candidate_3,4,0.0225
297,candidate_4,candidate_1,candidate_2,candidate_3,4,0.0225
298,candidate_4,candidate_1,candidate_2,candidate_3,4,0.0225
299,candidate_4,candidate_1,candidate_2,candidate_3,4,0.0225
300,candidate_4,candidate_1,candidate_2,candidate_3,4,0.0225
301,candidate_4,candidate_1,candidate_2,candidate_3,4,0.0225
302,candidate_4,candidate_1,candidate_2,candidate_3,4,0.0225
303,candidate_4,candidate_1,candidate_2,candidate_3,4,0.0225
304,candidate_4,candidate_1,candidate_2,candidate_3,4,0.0225
305,candidate_4,candidate_1,candidate_2,candidate_3,4,0.0225
306,candidate_4,candidate_1,candidate_2,candidate_3,4,0.0225
307,candidate_4,candidate_1,candidate_2,candidate_3,4,0.0225
308,candidate_4,candidate_1,candidate_2,candidate_3,4,0.0225
309,candidate_4,candidate_1,candidate_2,candidate_3,4,0.0225
310,candidate_4,candidate_1,candidate_2,candidate_3,4,0.0225
311,candidate_4,candidate_1,candidate_2,candidate_3,4,0.0225
312,candidate_4,candidate_1,candidate_2,candidate_3,4,0.0225
313,candidate_4,candidate_1,candidate_2,candidate_3,4,0.0225
314,candidate_4,candidate_1,candidate_2,candidate_3,4,0.0225
315,candidate_4,candidate_1,candidate_2,candidate_3,4,0.0225
316,candidate_4,candidate_1,candidate_2,candidate_3,4,0.0225
317,candidate_4,candidate_1,candidate_2,candidate_3,4,0.0225
318,candidate_4,candidate_1,candidate_2,candidate_3,4,0.0225
319,candidate_4,candidate_1,candidate_2,candidate_3,4,0.0225
320,candidate_4,candidate_1,candidate_2,candidate_3,4,0.0225
321,candidate_4,candidate_1,candidate_2,candidate_3,4,0.0225
322,candidate_4,candidate_1,candidate_2,candidate_3,4,0.0225
323,candidate_4,candidate_1,candidate_2,candidate_3,4,0.0225
324,candidate_4,candidate_1,candidate_2,candidate_3,4,0.0225
325,candidate_4,candidate_1,candidate_2,candidate_3,4,0.0225
326,candidate_4,candidate_1,candidate_2,candidate_3,4,0.0225
327,candidate_4,candidate_1,candidate_2,candidate_3,4,0.0225
328,candidate_4,candidate_1,candidate_2,candidate_3,4,0.0225
329,candidate_4,candidate_1,candidate_2,candidate_3,4,0.0225
330,candidate_4,candidate_1,candidate_2,candidate_3,4,0.0225
331,candidate_4,candidate_1,candidate_2,candidate_3,4,0.0225
332,candidate_4,candidate_1,candidate_2,candidate_3,4,0.0225
333,candidate_4,candidate_1,candidate_2,candidate_3,4,0.0225
334,candidate_4,candidate_1,candidate_2,candidate_3,4,0.0225
335,candidate_4,candidate_1,candidate_2,candidate_3,4,0.0225
336,candidate_4,candidate_1,candidate_2,candidate_3,4,0.0225
337,candidate_4,candidate_1,candidate_2,candidate_3,4,0.0225
338,candidate_4,candidate_1,candidate_2,candidate_3,4,0.0225
339,candidate_4,candidate_1,candidate_2,candidate_3,4,0.0225
340,candidate_4,candidate_1,candidate_2,candidate_3,4,0.0225
341,candidate_4,candidate_1,candidate_2,candidate_3,4,0.0225
342,candidate_4,candidate_1,candidate_2,candidate_3,4,0.0225
343,candidate_4,candidate_1,candidate_2,candidate_3,4,0.0225
344,candidate_4,candidate_1,0,candidate_3,4,0.0225
345,candidate_4,candidate_1,candidate_2,candidate_3,4,0.0225
346,candidate_4,candidate_1,candidate_2,candidate_3,4,0.0225
347,candidate_4,candidate_1,0,candidate_3,4,0.0225
348,candidate_4,candidate_1,candidate_2,candidate_3,4,0.0225
349,candidate_4,candidate_1,candidate_2,candidate_3,4,0.0225
350,candidate_4,candidate_1,candidate_2,candidate_3,4,0.0225
351,candidate_4,candidate_1,candidate_2,candidate_3,4,0.0225
352,candidate_4,candidate_1,candidate_2,candidate_3,4,0.0225
353,candidate_4,candidate_1,candidate_2,candidate_3,4,0.0225
354,candidate_4,candidate_1,candidate_2,candidate_3,4,0.0225
355,candidate_4,candidate_1,candidate_2,candidate_3,4,0.0225
356,candidate_4,candidate_1,candidate_2,candidate_3,4,0.0225
357,candidate_4,0,candidate_2,candidate_3,4,0.0225
358,candidate_4,candidate_1,candidate_2,candidate_3,4,0.0225
359,candidate_4,candidate_1,candidate_2,candidate_3,4,0.0225
360,candidate_4,candidate_1,candidate_2,candidate_3,4,0.0225
361,candidate_4,candidate_1,candidate_2,candidate_3,4,0.0225
362,candidate_4,candidate_1,candidate_2,candidate_3,4,0.0225
363,candidate_4,candidate_1,candidate_2,candidate_3,4,0.0225
364,candidate_4,candidate_1,candidate_2,0,4,0.0225
365,candidate_4,candidate_1,candidate_2,candidate_3,4,0.0225
366,candidate_4,candidate_1,candidate_2,candidate_3,4,0.0225
367,candidate_4,candidate_1,candidate_2,candidate_3,4,0.0225
368,candidate_4,candidate_1,candidate_2,candidate_3,4,0.0225
369,candidate_4,candidate_1,candidate_2,candidate_3,4,0.0225
370,candidate_4,candidate_1,candidate_2,candidate_3,4,0.0225
371,candidate_4,candidate_1,candidate_2,candidate_3,4,0.0225
372,candidate_4,candidate_1,candidate_2,candidate_3,4,0.0225
373,candidate_4,0,candidate_2,candidate_3,4,0.0225
374,candidate_4,candidate_1,0,candidate_3,4,0.0225
375,candidate_4,candidate_1,candidate_2,candidate_3,4,0.0225
376,candidate_4,candidate_1,candidate_2,candidate_3,4,0.0225
377,candidate_4,candidate_1,candidate_2,candidate_3,4,0.0225
378,candidate_4,candidate_1,candidate_2,candidate_3,4,0.0225
379,candidate_4,candidate_1,candidate_2,candidate_3,4,0.0225
380,candidate_4,candidate_1,candidate_2,candidate_3,4,0.0225
381,candidate_4,candidate_1,candidate_2,candidate_3,4,0.0225
382,candidate_4,0,candidate_2,candidate_3,4,0.0225
383,candidate_4,candidate_1,candidate_2,candidate_3,4,0.0225
384,candidate_4,candidate_1,candidate_2,candidate_3,4,0.0225
385,candidate_4,candidate_1,candidate_2,candidate_3,4,0.0225
386,candidate_4,candidate_1,candidate_2,candidate_3,4,0.0225
387,candidate_4,candidate_1,candidate_2,candidate_3,4,0.0225
388,candidate_4,candidate_1,candidate_2,0,4,0.0225
389,candidate_4,candidate_1,candidate_2,candidate_3,4,0.0225
390,candidate_4,candidate_1,candidate_2,candidate_3,4,0.0225
391,candidate_4,candidate_1,candidate_2,candidate_3,4,0.0225
392,candidate_4,candidate_1,candidate_2,candidate_3,4,0.0225
393,candidate_4,candidate_1,candidate_2,candidate_3,4,0.0225
394,candidate_4,candidate_1,candidate_2,candidate_3,4,0.0225
395,candidate_4,candidate_1,candidate_2,candidate_3,4,0.0225
396,candidate_4,candidate_1,candidate_2,candidate_3,4,0.0225
397,candidate_4,candidate_1,candidate_2,candidate_3,4,0.0225
398,candidate_4,candidate_1,candidate_2,candidate_3,4,0.0225
399,candidate_4,0,candidate_2,candidate_3,4,0.0225
400,candidate_4,candidate_1,candidate_2,candidate_3,4,0.0225
401,candidate_4,candidate_1,candidate_2,candidate_3,4,0.0225
402,candidate_4,candidate_1,candidate_2,candidate_3,4,0.0225
403,candidate_4,candidate_1,candidate_2,candidate_3,4,0.0225
404,candidate_4,candidate_1,candidate_2,candidate_3,4,0.0225
405,candidate_4,candidate_1,candidate_2,candidate_3,4,0.0225
406,candidate_4,candidate_1,candidate_2,candidate_3,4,0.0225
407,candidate_4,candidate_1,candidate_2,candidate_3,4,0.0225
408,candidate_4,candidate_1,candidate_2,candidate_3,4,0.0225
409,candidate_4,candidate_1,candidate_2,candidate_3,4,0.0225
410,candidate_4,candidate_1,candidate_2,candidate_3,4,0.0225
411,candidate_4,candidate_1,candidate_2,candidate_3,4,0.0225
412,candidate_4,candidate_1,candidate_2,candidate_3,4,0.0225
413,candidate_4,candidate_1,candidate_2,candidate_3,4,0.0225
414,candidate_4,candidate_1,candidate_2,candidate_3,4,0.0225
415,candidate_4,candidate_1,candidate_2,candidate_3,4,0.0225
416,candidate_4,candidate_1,candidate_2,candidate_3,4,0.0225
417,candidate_4,candidate_1,candidate_2,candidate_3,4,0.0225
418,candidate_4,candidate_1,candidate_2,candidate_3,4,0.0225
419,candidate_4,candidate_1,candidate_2,candidate_3,4,0.0225
420,candidate_4,candidate_1,candidate_2,candidate_3,4,0.0225
421,candidate_4,candidate_1,candidate_2,candidate_3,4,0.0225
422,candidate_4,candidate_1,candidate_2,candidate_3,4,0.0225
423,candidate_4,candidate_1,candidate_2,candidate_3,4,0.0225
424,candidate_4,candidate_1,candidate_2,0,4,0.0225
425,candidate_4,candidate_1,candidate_2,candidate_3,4,0.0225
426,candidate_4,candidate_1,candidate_2,candidate_3,4,0.0225
427,candidate_4,candidate_1,candidate_2,candidate_3,4,0.0225
428,candidate_4,candidate_1,candidate_2,candidate_3,4,0.0225
429,candidate_4,candidate_1,candidate_2,candidate_3,4,0.0225
430,candidate_4,candidate_1,candidate_2,candidate_3,4,0.0225
431,0,candidate_1,candidate_2,candidate_3,4,0.0225
432,candidate_4,candidate_1,candidate_2,candidate_3,4,0.0225
433,candidate_4,candidate_1,candidate_2,candidate_3,4,0.0225
434,candidate_4,candidate_1,candidate_2,candidate_3,4,0.0225
435,candidate_4,candidate_1,candidate_2,candidate_3,4,0.0225
436,candidate_4,candidate_1,candidate_2,candidate_3,4,0.0225
437,candidate_4,candidate_1,candidate_2,candidate_3,4,0.0225
438,candidate_4,candidate_1,candidate_2,candidate_3,4,0.0225
439,candidate_4,candidate_1,candidate_2,candidate_3,4,0.0225
440,candidate_4,0,candidate_2,candidate_3,4,0.0225
441,candidate_4,candidate_1,candidate_2,0,4,0.0225
442,candidate_4,candidate_1,candidate_2,candidate_3,4,0.0225
443,candidate_4,candidate_1,candidate_2,candidate_3,4,0.0225
444,candidate_4,candidate_1,candidate_2,candidate_3,4,0.0225
445,candidate_4,0,candidate_2,candidate_3,4,0.0225
446,candidate_4,candidate_1,candidate_2,candidate_3,4,0.0225
447,candidate_4,candidate_1,candidate_2,candidate_3,4,0.0225
448,candidate_4,candidate_1,candidate_2,candidate_3,4,0.0225
449,candidate_4,candidate_1,candidate_2,candidate_3,4,0.0225
450,candidate_4,candidate_1,candidate_2,candidate_3,4,0.0225
451,candidate_4,candidate_1,candidate_2,candidate_3,4,0.0225
452,candidate_4,candidate_1,candidate_2,candidate_3,4,0.0225
453,candidate_4,candidate_1,candidate_2,0,4,0.0225
454,candidate_4,candidate_1,candidate_2,candidate_3,4,0.0225
455,candidate_4,candidate_1,candidate_2,candidate_3,4,0.0225
456,candidate_4,candidate_1,candidate_2,candidate_3,4,0.0225
457,candidate_4,candidate_1,candidate_2,candidate_3,4,0.0225
458,candidate_4,candidate_1,candidate_2,candidate_3,4,0.0225
459,candidate_4,candidate_1,candidate_2,candidate_3,4,0.0225
460,candidate_4,candidate_1,candidate_2,candidate_3,4,0.0225
461,candidate_4,candidate_1,candidate_2,candidate_3,4,0.0225
462,candidate_4,candidate_1,candidate_2,candidate_3,4,0.0225
463,candidate_4,candidate_1,candidate_2,candidate_3,4,0.0225
464,candidate_4,candidate_1,candidate_2,0,4,0.0225
465,candidate_4,candidate_1,candidate_2,candidate_3,4,0.0225
466,candidate_4,candidate_1,candidate_2,candidate_3,4,0.0225
467,candidate_4,candidate_1,candidate_2,candidate_3,4,0.0225
468,candidate_4,candidate_1,candidate_2,candidate_3,4,0.0225
469,candidate_4,candidate_1,candidate_2,candidate_3,4,0.0225
470,candidate_4,candidate_1,candidate_2,candidate_3,4,0.0225
471,candidate_4,candidate_1,candidate_2,candidate_3,4,0.0225
472,candidate_4,candidate_1,candidate_2,candidate_3,4,0.0225
473,candidate_4,candidate_1,candidate_2,candidate_3,4,0.0225
474,candidate_4,candidate_1,candidate_2,candidate_3,4,0.0225
475,candidate_4,candidate_1,candidate_2,candidate_3,4,0.0225
476,candidate_4,candidate_1,candidate_2,candidate_3,4,0.0225
477,candidate_4,candidate_1,candidate_2,candidate_3,4,0.0225
478,candidate_4,candidate_1,0,candidate_3,4,0.0225
479,candidate_4,candidate_1,candidate_2,candidate_3,4,0.0225
480,candidate_4,candidate_1,candidate_2,candidate_3,4,0.0225
481,candidate_4,candidate_1,candidate_2,candidate_3,4,0.0225
482,candidate_4,candidate_1,candidate_2,candidate_3,4,0.0225
483,candidate_4,candidate_1,candidate_2,candidate_3,4,0.0225
484,candidate_4,candidate_1,candidate_2,candidate_3,4,0.0225
485,candidate_4,candidate_1,candidate_2,candidate_3,4,0.0225
486,candidate_4,candidate_1,candidate_2,candidate_3,4,0.0225
487,candidate_4,candidate_1,candidate_2,candidate_3,4,0.0225
488,candidate_4,candidate_1,candidate_2,candidate_3,4,0.0225
489,candidate_4,candidate_1,candidate_2,candidate_3,4,0.0225
490,candidate_4,candidate_1,candidate_2,candidate_3,4,0.0225
491,candidate_4,candidate_1,candidate_2,candidate_3,4,0.0225
492,candidate_4,candidate_1,candidate_2,candidate_3,4,0.0225
493,candidate_4,candidate_1,candidate_2,candidate_3,4,0.0225
494,candidate_4,candidate_1,candidate_2,candidate_3,4,0.0225
495,candidate_4,candidate_1,candidate_2,candidate_3,4,0.0225
496,candidate_4,candidate_1,candidate_2,candidate_3,4,0.0225
497,candidate_4,candidate_1,candidate_2,candidate_3,4,0.0225
498,candidate_4,candidate_1,candidate_2,candidate_3,4,0.0225
499,candidate_4,candidate_1,candidate_2,candidate_3,4,0.0225
500,candidate_4,candidate_1,candidate_2,candidate_3,4,0.0225
501,candidate_4,candidate_1,candidate_2,0,4,0.0225
502,candidate_4,candidate_1,candidate_2,candidate_3,4,0.0225
503,candidate_4,candidate_1,candidate_2,candidate_3,4,0.0225
504,candidate_4,candidate_1,candidate_2,candidate_3,4,0.0225
505,candidate_4,candidate_1,0,candidate_3,4,0.0225
506,candidate_4,candidate_1,candidate_2,candidate_3,4,0.0225
507,0,candidate_1,candidate_2,0,4,0.0225
508,candidate_4,candidate_1,candidate_2,candidate_3,4,0.0225
509,0,candidate_1,candidate_2,candidate_3,4,0.0225
510,candidate_4,candidate_1,candidate_2,candidate_3,4,0.0225
511,candidate_4,candidate_1,candidate_2,candidate_3,4,0.0225
512,candidate_4,candidate_1,candidate_2,candidate_3,4,0.0225
513,candidate_4,candidate_1,candidate_2,candidate_3,4,0.0225
514,candidate_4,candidate_1,candidate_2,candidate_3,4,0.0225
515,candidate_4,candidate_1,candidate_2,candidate_3,4,0.0225
516,candidate_4,candidate_1,candidate_2,candidate_3,4,0.0225
517,candidate_4,candidate_1,candidate_2,candidate_3,4,0.0225
518,candidate_4,candidate_1,candidate_2,candidate_3,4,0.0225
519,candidate_4,candidate_1,candidate_2,candidate_3,4,0.0225
520,candidate_4,candidate_1,candidate_2,candidate_3,4,0.0225
521,candidate_4,candidate_1,candidate_2,candidate_3,4,0.0225
522,candidate_4,candidate_1,candidate_2,candidate_3,4,0.0225
523,candidate_4,candidate_1,candidate_2,candidate_3,4,0.0225
524,candidate_4,candidate_1,candidate_2,candidate_3,4,0.0225
525,candidate_4,candidate_1,candidate_2,candidate_3,4,0.0225
526,candidate_4,candidate_1,candidate_2,candidate_3,4,0.0225
527,candidate_4,candidate_1,candidate_2,candidate_3,4,0.0225
528,candidate_4,candidate_1,candidate_2,candidate_3,4,0.0225
529,candidate_4,candidate_1,candidate_2,candidate_3,4,0.0225
530,candidate_4,candidate_1,candidate_2,candidate_3,4,0.0225
531,candidate_4,candidate_1,candidate_2,candidate_3,4,0.0225
532,candidate_4,candidate_1,candidate_2,candidate_3,4,0.0225
533,candidate_4,candidate_1,candidate_2,candidate_3,4,0.0225
534,candidate_4,candidate_1,candidate_2,candidate_3,4,0.0225
535,candidate_4,candidate_1,candidate_2,candidate_3,4,0.0225
536,candidate_4,candidate_1,candidate_2,candidate_3,4,0.0225
537,0,candidate_1,candidate_2,candidate_3,4,0.0225
538,candidate_4,candidate_1,candidate_2,candidate_3,4,0.0225
539,candidate_4,candidate_1,candidate_2,candidate_3,4,0.0225
540,candidate_4,candidate_1,candidate_2,candidate_3,4,0.0225
541,candidate_4,candidate_1,candidate_2,candidate_3,4,0.0225
542,candidate_4,candidate_1,candidate_2,candidate_3,4,0.0225
543,candidate_4,candidate_1,candidate_2,candidate_3,4,0.0225
544,candidate_4,candidate_1,candidate_2,candidate_3,4,0.0225
545,candidate_4,candidate_1,candidate_2,candidate_3,4,0.0225
546,candidate_4,candidate_1,candidate_2,candidate_3,4,0.0225
547,candidate_4,candidate_1,candidate_2,candidate_3,4,0.0225
548,candidate_4,candidate_1,candidate_2,candidate_3,4,0.0225
549,candidate_4,candidate_1,candidate_2,candidate_3,4,0.0225
550,candidate_4,candidate_1,candidate_2,candidate_3,4,0.0225
551,candidate_4,candidate_1,candidate_2,candidate_3,4,0.0225
552,candidate_4,candidate_1,candidate_2,candidate_3,4,0.0225
553,candidate_4,candidate_1,candidate_2,candidate_3,4,0.0225
554,candidate_4,candidate_1,candidate_2,candidate_3,4,0.0225
555,candidate_4,candidate_1,candidate_2,candidate_3,4,0.0225
556,candidate_4,candidate_1,candidate_2,candidate_3,4,0.0225
557,candidate_4,candidate_1,candidate_2,candidate_3,4,0.0225
558,candidate_4,candidate_1,candidate_2,0,4,0.0225
559,candidate_4,candidate_1,candidate_2,candidate_3,4,0.0225
560,candidate_4,candidate_1,candidate_2,candidate_3,4,0.0225
561,candidate_4,candidate_1,candidate_2,candidate_3,4,0.0225
562,candidate_4,candidate_1,candidate_2,candidate_3,4,0.0225
563,candidate_4,candidate_1,candidate_2,candidate_3,4,0.0225
564,candidate_4,candidate_1,candidate_2,candidate_3,4,0.0225
565,candidate_4,candidate_1,candidate_2,candidate_3,4,0.0225
566,0,candidate_1,candidate_2,candidate_3,4,0.0225
567,candidate_4,candidate_1,candidate_2,candidate_3,4,0.0225
568,candidate_4,candidate_1,candidate_2,candidate_3,4,0.0225
569,candidate_4,candidate_1,candidate_2,0,4,0.0225
570,candidate_4,candidate_1,candidate_2,candidate_3,4,0.0225
571,candidate_4,candidate_1,candidate_2,candidate_3,4,0.0225
572,candidate_4,candidate_1,candidate_2,candidate_3,4,0.0225
573,candidate_4,candidate_1,candidate_2,candidate_3,4,0.0225
574,candidate_4,candidate_1,candidate_2,candidate_3,4,0.0225
575,candidate_4,candidate_1,candidate_2,candidate_3,4,0.0225
576,candidate_4,candidate_1,candidate_2,candidate_3,4,0.0225
577,candidate_4,candidate_1,candidate_2,candidate_3,4,0.0225
578,candidate_4,candidate_1,candidate_2,candidate_3,4,0.0225
579,candidate_4,candidate_1,candidate_2,candidate_3,4,0.0225
580,candidate_4,candidate_1,candidate_2,candidate_3,4,0.0225
581,candidate_4,candidate_1,candidate_2,candidate_3,4,0.0225
582,candidate_4,candidate_1,candidate_2,candidate_3,4,0.0225
583,candidate_4,candidate_1,candidate_2,candidate_3,4,0.0225
584,candidate_4,candidate_1,candidate_2,candidate_3,4,0.0225
585,candidate_4,candidate_1,candidate_2,candidate_3,4,0.0225
586,candidate_4,candidate_1,candidate_2,candidate_3,4,0.0225
587,candidate_4,candidate_1,candidate_2,candidate_3,4,0.0225
588,candidate_4,candidate_1,candidate_2,candidate_3,4,0.0225
589,candidate_4,candidate_1,candidate_2,candidate_3,4,0.0225
590,candidate_4,candidate_1,candidate_2,candidate_3,4,0.0225
591,candidate_4,candidate_1,candidate_2,candidate_3,4,0.0225
592,candidate_4,candidate_1,candidate_2,candidate_3,4,0.0225
593,candidate_4,candidate_1,candidate_2,candidate_3,4,0.0225
594,candidate_4,candidate_1,candidate_2,candidate_3,4,0.0225
595,candidate_4,candidate_1,candidate_2,candidate_3,4,0.0225
596,candidate_4,candidate_1,candidate_2,candidate_3,4,0.0225
597,candidate_4,candidate_1,candidate_2,candidate_3,4,0.0225
598,candidate_4,candidate_1,candidate_2,candidate_3,4,0.0225
599,candidate_4,candidate_1,candidate_2,candidate_3,4,0.0225
600,candidate_4,candidate_1,candidate_2,candidate_3,4,0.0225
601,candidate_4,candidate_1,candidate_2,candidate_3,4,0.0225
602,candidate_4,candidate_1,candidate_2,candidate_3,4,0.0225
603,candidate_4,candidate_1,candidate_2,0,4,0.0225
604,candidate_4,candidate_1,candidate_2,candidate_3,4,0.0225
605,candidate_4,candidate_1,candidate_2,candidate_3,4,0.0225
606,candidate_4,candidate_1,candidate_2,candidate_3,4,0.0225
607,candidate_4,candidate_1,candidate_2,candidate_3,4,0.0225
608,candidate_4,candidate_1,candidate_2,candidate_3,4,0.0225
609,candidate_4,candidate_1,candidate_2,candidate_3,4,0.0225
610,candidate_4,candidate_1,candidate_2,candidate_3,4,0.0225
611,candidate_4,candidate_1,candidate_2,candidate_3,4,0.0225
612,candidate_4,candidate_1,candidate_2,candidate_3,4,0.0225
613,candidate_4,candidate_1,candidate_2,candidate_3,4,0.0225
614,candidate_4,candidate_1,candidate_2,candidate_3,4,0.0225
615,candidate_4,candidate_1,candidate_2,candidate_3,4,0.0225
616,candidate_4,candidate_1,candidate_2,candidate_3,4,0.0225
617,candidate_4,candidate_1,candidate_2,candidate_3,4,0.0225
618,candidate_4,candidate_1,candidate_2,candidate_3,4,0.0225
619,candidate_4,candidate_1,candidate_2,candidate_3,4,0.0225
620,candidate_4,candidate_1,candidate_2,candidate_3,4,0.0225
621,candidate_4,candidate_1,candidate_2,candidate_3,4,0.0225
622,candidate_4,0,candidate_2,candidate_3,4,0.0225
623,candidate_4,candidate_1,candidate_2,candidate_3,4,0.0225
624,0,candidate_1,candidate_2,candidate_3,4,0.0225
625,candidate_4,candidate_1,candidate_2,candidate_3,4,0.0225
626,candidate_4,candidate_1,candidate_2,candidate_3,4,0.0225
627,candidate_4,candidate_1,candidate_2,candidate_3,4,0.0225
628,candidate_4,candidate_1,candidate_2,candidate_3,4,0.0225
629,candidate_4,candidate_1,candidate_2,candidate_3,4,0.0225
630,candidate_4,candidate_1,candidate_2,candidate_3,4,0.0225
631,candidate_4,candidate_1,candidate_2,candidate_3,4,0.0225
632,candidate_4,0,candidate_2,candidate_3,4,0.0225
633,candidate_4,candidate_1,candidate_2,candidate_3,4,0.0225
634,candidate_4,candidate_1,candidate_2,candidate_3,4,0.0225
635,candidate_4,candidate_1,candidate_2,candidate_3,4,0.0225
636,candidate_4,candidate_1,candidate_2,candidate_3,4,0.0225
637,candidate_4,candidate_1,candidate_2,candidate_3,4,0.0225
638,candidate_4,candidate_1,candidate_2,candidate_3,4,0.0225
639,candidate_4,candidate_1,candidate_2,candidate_3,4,0.0225
640,candidate_4,candidate_1,candidate_2,candidate_3,4,0.0225
641,candidate_4,candidate_1,candidate_2,candidate_3,4,0.0225
642,candidate_4,candidate_1,candidate_2,candidate_3,4,0.0225
643,candidate_4,candidate_1,candidate_2,candidate_3,4,0.0225
644,candidate_4,candidate_1,candidate_2,candidate_3,4,0.0225
645,candidate_4,candidate_1,candidate_2,candidate_3,4,0.0225
646,candidate_4,candidate_1,candidate_2,candidate_3,4,0.0225
647,candidate_4,candidate_1,candidate_2,candidate_3,4,0.0225
648,candidate_4,candidate_1,candidate_2,candidate_3,4,0.0225
649,candidate_4,candidate_1,candidate_2,candidate_3,4,0.0225
650,candidate_4,candidate_1,candidate_2,candidate_3,4,0.0225
651,candidate_4,candidate_1,candidate_2,candidate_3,4,0.0225
652,candidate_4,candidate_1,candidate_2,candidate_3,4,0.0225
653,candidate_4,candidate_1,candidate_2,candidate_3,4,0.0225
654,candidate_4,candidate_1,candidate_2,candidate_3,4,0.0225
655,candidate_4,candidate_1,candidate_2,candidate_3,4,0.0225
656,candidate_4,candidate_1,candidate_2,candidate_3,4,0.0225
657,candidate_4,candidate_1,candidate_2,candidate_3,4,0.0225
658,candidate_4,candidate_1,candidate_2,candidate_3,4,0.0225
659,candidate_4,candidate_1,candidate_2,candidate_3,4,0.0225
660,candidate_4,candidate_1,candidate_2,candidate_3,4,0.0225
661,candidate_4,candidate_1,candidate_2,candidate_3,4,0.0225
662,candidate_4,candidate_1,candidate_2,candidate_3,4,0.0225
663,candidate_4,candidate_1,candidate_2,candidate_3,4,0.0225
664,candidate_4,candidate_1,candidate_2,candidate_3,4,0.0225
665,candidate_4,candidate_1,candidate_2,candidate_3,4,0.0225
666,candidate_4,candidate_1,candidate_2,candidate_3,4,0.0225
667,candidate_4,candidate_1,candidate_2,0,4,0.0225
668,candidate_4,candidate_1,candidate_2,candidate_3,4,0.0225
669,candidate_4,candidate_1,candidate_2,candidate_3,4,0.0225
670,candidate_4,candidate_1,candidate_2,candidate_3,4,0.0225
671,candidate_4,candidate_1,candidate_2,candidate_3,4,0.0225
672,candidate_4,candidate_1,candidate_2,candidate_3,4,0.0225
0,candidate_4,candidate_1,candidate_3,candidate_2,4,0.0225
1,candidate_4,candidate_1,candidate_3,candidate_2,4,0.0225
2,candidate_4,candidate_1,candidate_3,candidate_2,4,0.0225
3,candidate_4,candidate_1,candidate_3,candidate_2,4,0.0225
4,candidate_4,candidate_1,candidate_3,candidate_2,4,0.0225
5,candidate_4,candidate_1,candidate_3,candidate_2,4,0.0225
6,candidate_4,candidate_1,candidate_3,candidate_2,4,0.0225
7,candidate_4,candidate_1,candidate_3,candidate_2,4,0.0225
8,candidate_4,candidate_1,candidate_3,candidate_2,4,0.0225
9,candidate_4,candidate_1,candidate_3,candidate_2,4,0.0225
10,candidate_4,candidate_1,candidate_3,candidate_2,4,0.0225
11,candidate_4,candidate_1,candidate_3,candidate_2,4,0.0225
12,candidate_4,candidate_1,candidate_3,candidate_2,4,0.0225
13,candidate_4,candidate_1,candidate_3,candidate_2,4,0.0225
14,candidate_4,candidate_1,candidate_3,candidate_2,4,0.0225
15,candidate_4,candidate_1,candidate_3,candidate_2,4,0.0225
16,candidate_4,candidate_1,candidate_3,candidate_2,4,0.0225
17,candidate_4,candidate_1,candidate_3,candidate_2,4,0.0225
18,candidate_4,candidate_1,candidate_3,candidate_2,4,0.0225
19,candidate_4,candidate_1,candidate_3,candidate_2,4,0.0225
20,candidate_4,candidate_1,candidate_3,candidate_2,4,0.0225
21,candidate_4,candidate_1,candidate_3,candidate_2,4,0.0225
22,candidate_4,candidate_1,candidate_3,candidate_2,4,0.0225
23,candidate_4,candidate_1,candidate_3,candidate_2,4,0.0225
24,candidate_4,candidate_1,candidate_3,candidate_2,4,0.0225
25,candidate_4,candidate_1,candidate_3,candidate_2,4,0.0225
26,candidate_4,candidate_1,candidate_3,candidate_2,4,0.0225
27,candidate_4,candidate_1,candidate_3,candidate_2,4,0.0225
28,0,candidate_1,candidate_3,candidate_2,4,0.0225
29,candidate_4,candidate_1,candidate_3,candidate_2,4,0.0225
30,candidate_4,candidate_1,candidate_3,candidate_2,4,0.0225
31,candidate_4,candidate_1,candidate_3,candidate_2,4,0.0225
32,candidate_4,candidate_1,candidate_3,candidate_2,4,0.0225
33,candidate_4,candidate_1,candidate_3,candidate_2,4,0.0225
34,candidate_4,candidate_1,candidate_3,candidate_2,4,0.0225
35,candidate_4,candidate_1,candidate_3,candidate_2,4,0.0225
36,candidate_4,candidate_1,candidate_3,candidate_2,4,0.0225
37,candidate_4,candidate_1,candidate_3,candidate_2,4,0.0225
38,candidate_4,candidate_1,candidate_3,candidate_2,4,0.0225
39,candidate_4,candidate_1,candidate_3,candidate_2,4,0.0225
40,candidate_4,candidate_1,candidate_3,candidate_2,4,0.0225
41,candidate_4,candidate_1,candidate_3,candidate_2,4,0.0225
42,candidate_4,candidate_1,candidate_3,candidate_2,4,0.0225
43,candidate_4,candidate_1,candidate_3,candidate_2,4,0.0225
44,candidate_4,candidate_1,candidate_3,candidate_2,4,0.0225
45,candidate_4,candidate_1,candidate_3,0,4,0.0225
46,candidate_4,candidate_1,candidate_3,candidate_2,4,0.0225
47,candidate_4,candidate_1,candidate_3,candidate_2,4,0.0225
48,candidate_4,candidate_1,candidate_3,0,4,0.0225
49,candidate_4,candidate_1,candidate_3,candidate_2,4,0.0225
50,candidate_4,candidate_1,0,candidate_2,4,0.0225
51,candidate_4,candidate_1,candidate_3,candidate_2,4,0.0225
52,candidate_4,candidate_1,candidate_3,candidate_2,4,0.0225
53,candidate_4,candidate_1,candidate_3,candidate_2,4,0.0225
54,candidate_4,candidate_1,candidate_3,candidate_2,4,0.0225
55,candidate_4,candidate_1,candidate_3,candidate_2,4,0.0225
56,candidate_4,candidate_1,candidate_3,candidate_2,4,0.0225
57,candidate_4,candidate_1,candidate_3,candidate_2,4,0.0225
58,candidate_4,candidate_1,candidate_3,candidate_2,4,0.0225
59,candidate_4,candidate_1,candidate_3,candidate_2,4,0.0225
60,candidate_4,candidate_1,candidate_3,candidate_2,4,0.0225
61,candidate_4,0,candidate_3,candidate_2,4,0.0225
62,candidate_4,candidate_1,candidate_3,candidate_2,4,0.0225
63,candidate_4,candidate_1,candidate_3,candidate_2,4,0.0225
64,candidate_4,candidate_1,0,candidate_2,4,0.0225
65,candidate_4,candidate_1,candidate_3,candidate_2,4,0.0225
66,candidate_4,candidate_1,candidate_3,candidate_2,4,0.0225
67,candidate_4,candidate_1,candidate_3,candidate_2,4,0.0225
68,candidate_4,0,candidate_3,candidate_2,4,0.0225
69,candidate_4,candidate_1,candidate_3,candidate_2,4,0.0225
70,candidate_4,candidate_1,candidate_3,candidate_2,4,0.0225
71,candidate_4,candidate_1,candidate_3,candidate_2,4,0.0225
72,candidate_4,candidate_1,candidate_3,candidate_2,4,0.0225
73,candidate_4,candidate_1,candidate_3,candidate_2,4,0.0225
74,candidate_4,candidate_1,candidate_3,candidate_2,4,0.0225
75,candidate_4,candidate_1,candidate_3,candidate_2,4,0.0225
76,candidate_4,candidate_1,candidate_3,candidate_2,4,0.0225
77,candidate_4,candidate_1,candidate_3,candidate_2,4,0.0225
78,candidate_4,candidate_1,candidate_3,candidate_2,4,0.0225
79,candidate_4,candidate_1,candidate_3,candidate_2,4,0.0225
80,candidate_4,candidate_1,candidate_3,candidate_2,4,0.0225
81,candidate_4,candidate_1,candidate_3,candidate_2,4,0.0225
82,candidate_4,candidate_1,candidate_3,candidate_2,4,0.0225
83,candidate_4,candidate_1,candidate_3,candidate_2,4,0.0225
84,candidate_4,candidate_1,candidate_3,candidate_2,4,0.0225
85,candidate_4,candidate_1,candidate_3,candidate_2,4,0.0225
86,candidate_4,candidate_1,candidate_3,candidate_2,4,0.0225
87,candidate_4,candidate_1,candidate_3,candidate_2,4,0.0225
88,candidate_4,candidate_1,candidate_3,candidate_2,4,0.0225
89,candidate_4,candidate_1,candidate_3,candidate_2,4,0.0225
90,candidate_4,candidate_1,candidate_3,candidate_2,4,0.0225
91,candidate_4,candidate_1,candidate_3,candidate_2,4,0.0225
92,candidate_4,candidate_1,candidate_3,candidate_2,4,0.0225
93,candidate_4,candidate_1,candidate_3,candidate_2,4,0.0225
94,candidate_4,candidate_1,candidate_3,candidate_2,4,0.0225
95,candidate_4,candidate_1,candidate_3,candidate_2,4,0.0225
96,candidate_4,candidate_1,candidate_3,candidate_2,4,0.0225
97,candidate_4,candidate_1,candidate_3,candidate_2,4,0.0225
98,candidate_4,candidate_1,candidate_3,candidate_2,4,0.0225
99,candidate_4,candidate_1,candidate_3,candidate_2,4,0.0225
100,candidate_4,candidate_1,candidate_3,candidate_2,4,0.0225
101,candidate_4,candidate_1,candidate_3,candidate_2,4,0.0225
102,candidate_4,candidate_1,candidate_3,candidate_2,4,0.0225
103,candidate_4,candidate_1,candidate_3,candidate_2,4,0.0225
104,candidate_4,candidate_1,candidate_3,candidate_2,4,0.0225
105,candidate_4,candidate_1,candidate_3,candidate_2,4,0.0225
106,candidate_4,candidate_1,candidate_3,candidate_2,4,0.0225
107,candidate_4,0,candidate_3,candidate_2,4,0.0225
108,candidate_4,candidate_1,candidate_3,candidate_2,4,0.0225
109,candidate_4,candidate_1,candidate_3,candidate_2,4,0.0225
110,candidate_4,candidate_1,candidate_3,candidate_2,4,0.0225
111,candidate_4,candidate_1,candidate_3,candidate_2,4,0.0225
112,candidate_4,candidate_1,candidate_3,candidate_2,4,0.0225
113,candidate_4,candidate_1,candidate_3,candidate_2,4,0.0225
114,candidate_4,candidate_1,candidate_3,candidate_2,4,0.0225
115,candidate_4,candidate_1,candidate_3,candidate_2,4,0.0225
116,candidate_4,0,candidate_3,candidate_2,4,0.0225
117,candidate_4,candidate_1,candidate_3,candidate_2,4,0.0225
118,candidate_4,candidate_1,candidate_3,candidate_2,4,0.0225
119,candidate_4,candidate_1,candidate_3,candidate_2,4,0.0225
120,candidate_4,candidate_1,candidate_3,candidate_2,4,0.0225
121,candidate_4,candidate_1,candidate_3,candidate_2,4,0.0225
122,candidate_4,candidate_1,candidate_3,candidate_2,4,0.0225
123,candidate_4,candidate_1,candidate_3,candidate_2,4,0.0225
124,candidate_4,candidate_1,candidate_3,candidate_2,4,0.0225
125,0,candidate_1,candidate_3,candidate_2,4,0.0225
126,candidate_4,candidate_1,candidate_3,candidate_2,4,0.0225
127,candidate_4,candidate_1,candidate_3,candidate_2,4,0.0225
128,candidate_4,candidate_1,candidate_3,candidate_2,4,0.0225
129,candidate_4,candidate_1,candidate_3,candidate_2,4,0.0225
130,candidate_4,candidate_1,candidate_3,candidate_2,4,0.0225
131,candidate_4,candidate_1,candidate_3,candidate_2,4,0.0225
132,candidate_4,candidate_1,candidate_3,candidate_2,4,0.0225
133,candidate_4,candidate_1,candidate_3,candidate_2,4,0.0225
134,candidate_4,candidate_1,candidate_3,candidate_2,4,0.0225
135,candidate_4,candidate_1,candidate_3,candidate_2,4,0.0225
136,candidate_4,candidate_1,candidate_3,candidate_2,4,0.0225
137,candidate_4,candidate_1,candidate_3,candidate_2,4,0.0225
138,candidate_4,candidate_1,candidate_3,candidate_2,4,0.0225
139,candidate_4,candidate_1,candidate_3,candidate_2,4,0.0225
140,candidate_4,candidate_1,candidate_3,candidate_2,4,0.0225
141,candidate_4,candidate_1,candidate_3,candidate_2,4,0.0225
142,candidate_4,candidate_1,candidate_3,candidate_2,4,0.0225
143,candidate_4,candidate_1,candidate_3,candidate_2,4,0.0225
144,candidate_4,candidate_1,candidate_3,candidate_2,4,0.0225
145,candidate_4,candidate_1,candidate_3,candidate_2,4,0.0225
146,candidate_4,candidate_1,candidate_3,0,4,0.0225
147,candidate_4,candidate_1,candidate_3,candidate_2,4,0.0225
148,candidate_4,candidate_1,candidate_3,0,4,0.0225
149,candidate_4,candidate_1,candidate_3,candidate_2,4,0.0225
150,candidate_4,candidate_1,candidate_3,candidate_2,4,0.0225
151,candidate_4,candidate_1,candidate_3,candidate_2,4,0.0225
152,candidate_4,candidate_1,candidate_3,candidate_2,4,0.0225
153,candidate_4,candidate_1,candidate_3,candidate_2,4,0.0225
154,candidate_4,candidate_1,candidate_3,0,4,0.0225
155,candidate_4,candidate_1,candidate_3,candidate_2,4,0.0225
156,candidate_4,candidate_1,candidate_3,candidate_2,4,0.0225
157,candidate_4,candidate_1,candidate_3,candidate_2,4,0.0225
158,candidate_4,candidate_1,candidate_3,candidate_2,4,0.0225
159,candidate_4,candidate_1,candidate_3,candidate_2,4,0.0225
160,candidate_4,candidate_1,candidate_3,candidate_2,4,0.0225
161,candidate_4,candidate_1,candidate_3,candidate_2,4,0.0225
162,candidate_4,candidate_1,candidate_3,candidate_2,4,0.0225
163,candidate_4,candidate_1,candidate_3,candidate_2,4,0.0225
164,candidate_4,candidate_1,candidate_3,candidate_2,4,0.0225
165,candidate_4,candidate_1,candidate_3,candidate_2,4,0.0225
166,candidate_4,candidate_1,candidate_3,candidate_2,4,0.0225
167,candidate_4,candidate_1,candidate_3,candidate_2,4,0.0225
168,candidate_4,candidate_1,0,0,4,0.0225
169,candidate_4,candidate_1,candidate_3,candidate_2,4,0.0225
170,candidate_4,candidate_1,candidate_3,candidate_2,4,0.0225
171,candidate_4,candidate_1,candidate_3,candidate_2,4,0.0225
172,candidate_4,candidate_1,candidate_3,candidate_2,4,0.0225
173,candidate_4,candidate_1,candidate_3,candidate_2,4,0.0225
174,candidate_4,candidate_1,candidate_3,candidate_2,4,0.0225
175,candidate_4,candidate_1,candidate_3,candidate_2,4,0.0225
176,candidate_4,0,candidate_3,candidate_2,4,0.0225
177,candidate_4,candidate_1,candidate_3,candidate_2,4,0.0225
178,candidate_4,candidate_1,candidate_3,candidate_2,4,0.0225
179,candidate_4,candidate_1,candidate_3,candidate_2,4,0.0225
180,candidate_4,candidate_1,candidate_3,candidate_2,4,0.0225
181,candidate_4,candidate_1,candidate_3,candidate_2,4,0.0225
182,candidate_4,candidate_1,candidate_3,candidate_2,4,0.0225
183,candidate_4,candidate_1,candidate_3,candidate_2,4,0.0225
184,candidate_4,candidate_1,candidate_3,candidate_2,4,0.0225
185,candidate_4,candidate_1,candidate_3,candidate_2,4,0.0225
186,candidate_4,candidate_1,candidate_3,candidate_2,4,0.0225
187,candidate_4,candidate_1,candidate_3,candidate_2,4,0.0225
188,candidate_4,candidate_1,candidate_3,candidate_2,4,0.0225
189,candidate_4,candidate_1,candidate_3,candidate_2,4,0.0225
190,candidate_4,candidate_1,candidate_3,candidate_2,4,0.0225
191,candidate_4,candidate_1,candidate_3,0,4,0.0225
192,candidate_4,0,candidate_3,candidate_2,4,0.0225
193,candidate_4,candidate_1,candidate_3,candidate_2,4,0.0225
194,candidate_4,candidate_1,candidate_3,candidate_2,4,0.0225
195,candidate_4,candidate_1,0,candidate_2,4,0.0225
196,candidate_4,candidate_1,candidate_3,candidate_2,4,0.0225
197,candidate_4,candidate_1,candidate_3,candidate_2,4,0.0225
198,candidate_4,candidate_1,candidate_3,candidate_2,4,0.0225
199,candidate_4,candidate_1,candidate_3,candidate_2,4,0.0225
200,candidate_4,candidate_1,candidate_3,candidate_2,4,0.0225
201,candidate_4,candidate_1,candidate_3,candidate_2,4,0.0225
202,candidate_4,candidate_1,candidate_3,candidate_2,4,0.0225
203,candidate_4,candidate_1,candidate_3,candidate_2,4,0.0225
204,candidate_4,candidate_1,candidate_3,candidate_2,4,0.0225
205,candidate_4,candidate_1,candidate_3,candidate_2,4,0.0225
206,candidate_4,candidate_1,candidate_3,candidate_2,4,0.0225
207,candidate_4,candidate_1,candidate_3,candidate_2,4,0.0225
208,candidate_4,candidate_1,candidate_3,candidate_2,4,0.0225
209,candidate_4,candidate_1,candidate_3,candidate_2,4,0.0225
210,candidate_4,candidate_1,candidate_3,candidate_2,4,0.0225
211,candidate_4,candidate_1,candidate_3,candidate_2,4,0.0225
212,candidate_4,candidate_1,candidate_3,candidate_2,4,0.0225
213,candidate_4,candidate_1,candidate_3,candidate_2,4,0.0225
214,candidate_4,candidate_1,candidate_3,candidate_2,4,0.0225
215,candidate_4,candidate_1,candidate_3,candidate_2,4,0.0225
216,candidate_4,candidate_1,candidate_3,candidate_2,4,0.0225
217,candidate_4,candidate_1,candidate_3,candidate_2,4,0.0225
0,candidate_4,candidate_2,candidate_1,candidate_3,4,0.0225
1,candidate_4,candidate_2,candidate_1,candidate_3,4,0.0225
2,candidate_4,candidate_2,candidate_1,candidate_3,4,0.0225
3,candidate_4,candidate_2,candidate_1,candidate_3,4,0.0225
4,candidate_4,candidate_2,candidate_1,candidate_3,4,0.0225
5,candidate_4,candidate_2,candidate_1,candidate_3,4,0.0225
6,candidate_4,candidate_2,candidate_1,candidate_3,4,0.0225
7,candidate_4,candidate_2,candidate_1,candidate_3,4,0.0225
8,0,candidate_2,candidate_1,candidate_3,4,0.0225
9,candidate_4,candidate_2,candidate_1,candidate_3,4,0.0225
10,candidate_4,candidate_2,candidate_1,candidate_3,4,0.0225
11,candidate_4,candidate_2,candidate_1,candidate_3,4,0.0225
12,candidate_4,candidate_2,candidate_1,candidate_3,4,0.0225
13,candidate_4,candidate_2,0,candidate_3,4,0.0225
14,candidate_4,candidate_2,candidate_1,candidate_3,4,0.0225
15,candidate_4,candidate_2,candidate_1,candidate_3,4,0.0225
16,candidate_4,candidate_2,candidate_1,candidate_3,4,0.0225
17,candidate_4,candidate_2,candidate_1,candidate_3,4,0.0225
18,candidate_4,candidate_2,candidate_1,candidate_3,4,0.0225
19,candidate_4,candidate_2,candidate_1,candidate_3,4,0.0225
20,candidate_4,candidate_2,candidate_1,candidate_3,4,0.0225
21,candidate_4,candidate_2,candidate_1,candidate_3,4,0.0225
22,candidate_4,candidate_2,candidate_1,candidate_3,4,0.0225
23,candidate_4,candidate_2,candidate_1,candidate_3,4,0.0225
24,candidate_4,candidate_2,candidate_1,candidate_3,4,0.0225
25,0,candidate_2,candidate_1,candidate_3,4,0.0225
26,candidate_4,candidate_2,candidate_1,candidate_3,4,0.0225
27,candidate_4,candidate_2,candidate_1,candidate_3,4,0.0225
28,candidate_4,candidate_2,candidate_1,candidate_3,4,0.0225
29,candidate_4,candidate_2,candidate_1,candidate_3,4,0.0225
30,candidate_4,candidate_2,candidate_1,candidate_3,4,0.0225
31,candidate_4,candidate_2,candidate_1,candidate_3,4,0.0225
32,candidate_4,candidate_2,candidate_1,candidate_3,4,0.0225
33,candidate_4,candidate_2,candidate_1,candidate_3,4,0.0225
34,candidate_4,candidate_2,candidate_1,candidate_3,4,0.0225
35,candidate_4,candidate_2,candidate_1,candidate_3,4,0.0225
36,candidate_4,candidate_2,candidate_1,candidate_3,4,0.0225
37,candidate_4,candidate_2,candidate_1,candidate_3,4,0.0225
38,candidate_4,candidate_2,candidate_1,candidate_3,4,0.0225
39,candidate_4,candidate_2,candidate_1,candidate_3,4,0.0225
40,candidate_4,candidate_2,candidate_1,candidate_3,4,0.0225
41,candidate_4,candidate_2,candidate_1,candidate_3,4,0.0225
42,candidate_4,candidate_2,candidate_1,candidate_3,4,0.0225
43,candidate_4,candidate_2,candidate_1,candidate_3,4,0.0225
44,candidate_4,candidate_2,candidate_1,candidate_3,4,0.0225
45,candidate_4,candidate_2,candidate_1,candidate_3,4,0.0225
46,candidate_4,candidate_2,candidate_1,candidate_3,4,0.0225
47,candidate_4,candidate_2,candidate_1,candidate_3,4,0.0225
48,candidate_4,candidate_2,candidate_1,candidate_3,4,0.0225
49,candidate_4,candidate_2,candidate_1,candidate_3,4,0.0225
50,candidate_4,candidate_2,candidate_1,candidate_3,4,0.0225
51,candidate_4,candidate_2,candidate_1,candidate_3,4,0.0225
52,candidate_4,candidate_2,0,candidate_3,4,0.0225
53,candidate_4,candidate_2,0,candidate_3,4,0.0225
54,candidate_4,candidate_2,candidate_1,candidate_3,4,0.0225
55,candidate_4,candidate_2,candidate_1,candidate_3,4,0.0225
56,candidate_4,candidate_2,candidate_1,candidate_3,4,0.0225
57,candidate_4,0,candidate_1,candidate_3,4,0.0225
58,candidate_4,candidate_2,candidate_1,candidate_3,4,0.0225
59,candidate_4,candidate_2,candidate_1,candidate_3,4,0.0225
60,candidate_4,candidate_2,candidate_1,candidate_3,4,0.0225
61,candidate_4,candidate_2,candidate_1,candidate_3,4,0.0225
62,candidate_4,candidate_2,candidate_1,candidate_3,4,0.0225
63,candidate_4,candidate_2,candidate_1,candidate_3,4,0.0225
64,candidate_4,candidate_2,candidate_1,candidate_3,4,0.0225
65,candidate_4,candidate_2,candidate_1,candidate_3,4,0.0225
66,candidate_4,candidate_2,candidate_1,candidate_3,4,0.0225
67,candidate_4,candidate_2,candidate_1,candidate_3,4,0.0225
68,candidate_4,candidate_2,candidate_1,candidate_3,4,0.0225
69,candidate_4,candidate_2,candidate_1,candidate_3,4,0.0225
70,candidate_4,candidate_2,candidate_1,candidate_3,4,0.0225
71,candidate_4,candidate_2,candidate_1,candidate_3,4,0.0225
72,candidate_4,candidate_2,candidate_1,candidate_3,4,0.0225
73,0,candidate_2,candidate_1,candidate_3,4,0.0225
74,candidate_4,candidate_2,candidate_1,candidate_3,4,0.0225
75,0,candidate_2,candidate_1,candidate_3,4,0.0225
76,candidate_4,candidate_2,candidate_1,candidate_3,4,0.0225
77,candidate_4,candidate_2,candidate_1,candidate_3,4,0.0225
78,candidate_4,candidate_2,candidate_1,candidate_3,4,0.0225
79,candidate_4,candidate_2,candidate_1,candidate_3,4,0.0225
80,candidate_4,candidate_2,candidate_1,candidate_3,4,0.0225
81,candidate_4,candidate_2,candidate_1,candidate_3,4,0.0225
82,candidate_4,candidate_2,candidate_1,candidate_3,4,0.0225
83,candidate_4,candidate_2,candidate_1,candidate_3,4,0.0225
84,candidate_4,candidate_2,candidate_1,candidate_3,4,0.0225
85,candidate_4,0,candidate_1,candidate_3,4,0.0225
86,candidate_4,candidate_2,candidate_1,candidate_3,4,0.0225
87,candidate_4,candidate_2,candidate_1,candidate_3,4,0.0225
88,candidate_4,candidate_2,candidate_1,candidate_3,4,0.0225
89,candidate_4,candidate_2,candidate_1,candidate_3,4,0.0225
90,candidate_4,candidate_2,candidate_1,candidate_3,4,0.0225
91,candidate_4,candidate_2,0,candidate_3,4,0.0225
92,candidate_4,candidate_2,candidate_1,candidate_3,4,0.0225
93,candidate_4,candidate_2,candidate_1,candidate_3,4,0.0225
94,candidate_4,candidate_2,candidate_1,candidate_3,4,0.0225
95,candidate_4,candidate_2,candidate_1,candidate_3,4,0.0225
96,candidate_4,candidate_2,candidate_1,candidate_3,4,0.0225
97,candidate_4,candidate_2,candidate_1,candidate_3,4,0.0225
98,candidate_4,candidate_2,candidate_1,candidate_3,4,0.0225
99,candidate_4,candidate_2,candidate_1,candidate_3,4,0.0225
100,candidate_4,candidate_2,candidate_1,candidate_3,4,0.0225
101,candidate_4,candidate_2,candidate_1,candidate_3,4,0.0225
102,candidate_4,candidate_2,candidate_1,candidate_3,4,0.0225
103,candidate_4,candidate_2,candidate_1,candidate_3,4,0.0225
104,candidate_4,candidate_2,candidate_1,candidate_3,4,0.0225
105,candidate_4,candidate_2,candidate_1,candidate_3,4,0.0225
106,candidate_4,candidate_2,candidate_1,candidate_3,4,0.0225
107,candidate_4,candidate_2,candidate_1,candidate_3,4,0.0225
108,candidate_4,candidate_2,candidate_1,candidate_3,4,0.0225
109,candidate_4,candidate_2,candidate_1,candidate_3,4,0.0225
110,candidate_4,candidate_2,candidate_1,candidate_3,4,0.0225
111,candidate_4,candidate_2,candidate_1,candidate_3,4,0.0225
112,candidate_4,candidate_2,candidate_1,candidate_3,4,0.0225
113,candidate_4,candidate_2,candidate_1,candidate_3,4,0.0225
114,candidate_4,candidate_2,candidate_1,candidate_3,4,0.0225
115,candidate_4,candidate_2,candidate_1,candidate_3,4,0.0225
116,candidate_4,candidate_2,candidate_1,candidate_3,4,0.0225
117,candidate_4,candidate_2,candidate_1,candidate_3,4,0.0225
118,candidate_4,candidate_2,candidate_1,candidate_3,4,0.0225
119,candidate_4,candidate_2,candidate_1,candidate_3,4,0.0225
120,candidate_4,candidate_2,candidate_1,candidate_3,4,0.0225
121,candidate_4,candidate_2,candidate_1,candidate_3,4,0.0225
122,candidate_4,candidate_2,candidate_1,candidate_3,4,0.0225
123,candidate_4,candidate_2,candidate_1,candidate_3,4,0.0225
124,candidate_4,candidate_2,candidate_1,candidate_3,4,0.0225
125,candidate_4,candidate_2,candidate_1,candidate_3,4,0.0225
126,candidate_4,candidate_2,candidate_1,candidate_3,4,0.0225
127,candidate_4,candidate_2,candidate_1,candidate_3,4,0.0225
128,candidate_4,candidate_2,candidate_1,candidate_3,4,0.0225
129,candidate_4,candidate_2,candidate_1,candidate_3,4,0.0225
130,candidate_4,candidate_2,candidate_1,0,4,0.0225
131,candidate_4,candidate_2,candidate_1,candidate_3,4,0.0225
132,candidate_4,candidate_2,candidate_1,candidate_3,4,0.0225
133,0,candidate_2,candidate_1,candidate_3,4,0.0225
134,candidate_4,candidate_2,candidate_1,candidate_3,4,0.0225
135,candidate_4,candidate_2,candidate_1,candidate_3,4,0.0225
136,candidate_4,candidate_2,candidate_1,candidate_3,4,0.0225
137,candidate_4,candidate_2,candidate_1,candidate_3,4,0.0225
138,candidate_4,candidate_2,candidate_1,candidate_3,4,0.0225
139,candidate_4,candidate_2,candidate_1,candidate_3,4,0.0225
140,candidate_4,candidate_2,candidate_1,candidate_3,4,0.0225
141,candidate_4,candidate_2,candidate_1,candidate_3,4,0.0225
142,candidate_4,candidate_2,candidate_1,candidate_3,4,0.0225
143,candidate_4,candidate_2,candidate_1,candidate_3,4,0.0225
144,candidate_4,candidate_2,candidate_1,candidate_3,4,0.0225
145,candidate_4,candidate_2,candidate_1,candidate_3,4,0.0225
146,candidate_4,candidate_2,candidate_1,candidate_3,4,0.0225
147,candidate_4,candidate_2,candidate_1,candidate_3,4,0.0225
148,candidate_4,candidate_2,candidate_1,candidate_3,4,0.0225
149,0,candidate_2,candidate_1,candidate_3,4,0.0225
150,candidate_4,candidate_2,candidate_1,candidate_3,4,0.0225
151,candidate_4,candidate_2,candidate_1,candidate_3,4,0.0225
152,candidate_4,candidate_2,candidate_1,candidate_3,4,0.0225
153,candidate_4,candidate_2,candidate_1,candidate_3,4,0.0225
154,candidate_4,candidate_2,candidate_1,candidate_3,4,0.0225
155,candidate_4,candidate_2,candidate_1,candidate_3,4,0.0225
156,candidate_4,candidate_2,candidate_1,candidate_3,4,0.0225
157,candidate_4,candidate_2,candidate_1,candidate_3,4,0.0225
158,candidate_4,candidate_2,candidate_1,candidate_3,4,0.0225
159,candidate_4,candidate_2,candidate_1,candidate_3,4,0.0225
160,0,candidate_2,candidate_1,candidate_3,4,0.0225
161,candidate_4,candidate_2,candidate_1,candidate_3,4,0.0225
162,candidate_4,candidate_2,candidate_1,candidate_3,4,0.0225
163,candidate_4,candidate_2,candidate_1,0,4,0.0225
164,candidate_4,candidate_2,candidate_1,candidate_3,4,0.0225
165,candidate_4,candidate_2,candidate_1,candidate_3,4,0.0225
166,candidate_4,0,candidate_1,candidate_3,4,0.0225
167,candidate_4,candidate_2,candidate_1,candidate_3,4,0.0225
168,candidate_4,candidate_2,candidate_1,candidate_3,4,0.0225
169,candidate_4,candidate_2,candidate_1,candidate_3,4,0.0225
170,candidate_4,candidate_2,candidate_1,0,4,0.0225
171,candidate_4,candidate_2,candidate_1,candidate_3,4,0.0225
172,candidate_4,candidate_2,candidate_1,candidate_3,4,0.0225
173,candidate_4,candidate_2,candidate_1,candidate_3,4,0.0225
174,candidate_4,candidate_2,candidate_1,candidate_3,4,0.0225
175,candidate_4,candidate_2,candidate_1,candidate_3,4,0.0225
176,candidate_4,candidate_2,candidate_1,candidate_3,4,0.0225
177,candidate_4,candidate_2,candidate_1,candidate_3,4,0.0225
178,0,candidate_2,candidate_1,candidate_3,4,0.0225
179,candidate_4,candidate_2,candidate_1,candidate_3,4,0.0225
180,candidate_4,candidate_2,candidate_1,candidate_3,4,0.0225
181,candidate_4,candidate_2,candidate_1,candidate_3,4,0.0225
182,candidate_4,candidate_2,candidate_1,candidate_3,4,0.0225
183,candidate_4,candidate_2,candidate_1,candidate_3,4,0.0225
184,candidate_4,candidate_2,0,candidate_3,4,0.0225
185,0,candidate_2,candidate_1,candidate_3,4,0.0225
186,candidate_4,candidate_2,candidate_1,candidate_3,4,0.0225
187,candidate_4,candidate_2,candidate_1,candidate_3,4,0.0225
188,candidate_4,candidate_2,candidate_1,candidate_3,4,0.0225
189,candidate_4,candidate_2,candidate_1,candidate_3,4,0.0225
190,candidate_4,candidate_2,candidate_1,candidate_3,4,0.0225
191,candidate_4,candidate_2,candidate_1,0,4,0.0225
192,candidate_4,candidate_2,candidate_1,candidate_3,4,0.0225
193,candidate_4,candidate_2,candidate_1,candidate_3,4,0.0225
194,candidate_4,candidate_2,candidate_1,candidate_3,4,0.0225
195,candidate_4,candidate_2,candidate_1,candidate_3,4,0.0225
196,candidate_4,candidate_2,candidate_1,candidate_3,4,0.0225
197,candidate_4,candidate_2,candidate_1,candidate_3,4,0.0225
198,candidate_4,candidate_2,candidate_1,candidate_3,4,0.0225
199,candidate_4,candidate_2,candidate_1,candidate_3,4,0.0225
200,candidate_4,candidate_2,candidate_1,candidate_3,4,0.0225
201,candidate_4,0,candidate_1,candidate_3,4,0.0225
202,candidate_4,candidate_2,candidate_1,candidate_3,4,0.0225
203,candidate_4,candidate_2,candidate_1,0,4,0.0225
204,candidate_4,candidate_2,candidate_1,candidate_3,4,0.0225
205,candidate_4,candidate_2,candidate_1,candidate_3,4,0.0225
206,candidate_4,candidate_2,candidate_1,candidate_3,4,0.0225
207,candidate_4,candidate_2,candidate_1,candidate_3,4,0.0225
208,candidate_4,candidate_2,candidate_1,candidate_3,4,0.0225
209,candidate_4,candidate_2,candidate_1,candidate_3,4,0.0225
210,candidate_4,candidate_2,candidate_1,0,4,0.0225
211,candidate_4,candidate_2,candidate_1,candidate_3,4,0.0225
212,candidate_4,candidate_2,candidate_1,candidate_3,4,0.0225
213,candidate_4,candidate_2,candidate_1,candidate_3,4,0.0225
214,candidate_4,candidate_2,candidate_1,candidate_3,4,0.0225
215,candidate_4,candidate_2,candidate_1,candidate_3,4,0.0225
216,candidate_4,candidate_2,candidate_1,candidate_3,4,0.0225
217,candidate_4,candidate_2,candidate_1,candidate_3,4,0.0225
218,candidate_4,candidate_2,candidate_1,candidate_3,4,0.0225
219,candidate_4,candidate_2,0,candidate_3,4,0.0225
220,candidate_4,candidate_2,candidate_1,candidate_3,4,0.0225
221,candidate_4,candidate_2,candidate_1,candidate_3,4,0.0225
222,candidate_4,candidate_2,candidate_1,candidate_3,4,0.0225
223,candidate_4,candidate_2,candidate_1,candidate_3,4,0.0225
224,candidate_4,candidate_2,candidate_1,candidate_3,4,0.0225
225,candidate_4,candidate_2,candidate_1,candidate_3,4,0.0225
226,candidate_4,0,candidate_1,candidate_3,4,0.0225
227,candidate_4,candidate_2,candidate_1,candidate_3,4,0.0225
228,candidate_4,candidate_2,0,candidate_3,4,0.0225
229,candidate_4,candidate_2,candidate_1,candidate_3,4,0.0225
230,candidate_4,candidate_2,candidate_1,candidate_3,4,0.0225
231,candidate_4,candidate_2,candidate_1,candidate_3,4,0.0225
232,candidate_4,candidate_2,candidate_1,candidate_3,4,0.0225
233,candidate_4,candidate_2,candidate_1,candidate_3,4,0.0225
234,candidate_4,candidate_2,candidate_1,candidate_3,4,0.0225
235,candidate_4,candidate_2,candidate_1,candidate_3,4,0.0225
236,candidate_4,candidate_2,candidate_1,candidate_3,4,0.0225
237,candidate_4,candidate_2,candidate_1,candidate_3,4,0.0225
238,candidate_4,candidate_2,candidate_1,candidate_3,4,0.0225
239,candidate_4,candidate_2,candidate_1,candidate_3,4,0.0225
240,candidate_4,candidate_2,candidate_1,candidate_3,4,0.0225
241,candidate_4,candidate_2,candidate_1,candidate_3,4,0.0225
242,candidate_4,candidate_2,candidate_1,candidate_3,4,0.0225
243,candidate_4,candidate_2,candidate_1,candidate_3,4,0.0225
244,candidate_4,candidate_2,candidate_1,candidate_3,4,0.0225
245,candidate_4,candidate_2,candidate_1,candidate_3,4,0.0225
246,candidate_4,candidate_2,candidate_1,candidate_3,4,0.0225
247,candidate_4,candidate_2,candidate_1,candidate_3,4,0.0225
248,candidate_4,candidate_2,candidate_1,candidate_3,4,0.0225
249,candidate_4,candidate_2,candidate_1,candidate_3,4,0.0225
250,candidate_4,candidate_2,candidate_1,candidate_3,4,0.0225
251,candidate_4,candidate_2,candidate_1,0,4,0.0225
252,candidate_4,candidate_2,0,candidate_3,4,0.0225
253,candidate_4,candidate_2,candidate_1,candidate_3,4,0.0225
254,candidate_4,candidate_2,candidate_1,candidate_3,4,0.0225
255,candidate_4,candidate_2,0,candidate_3,4,0.0225
256,candidate_4,candidate_2,candidate_1,0,4,0.0225
257,candidate_4,candidate_2,candidate_1,candidate_3,4,0.0225
258,0,candidate_2,candidate_1,candidate_3,4,0.0225
259,candidate_4,candidate_2,candidate_1,candidate_3,4,0.0225
260,candidate_4,candidate_2,candidate_1,candidate_3,4,0.0225
261,candidate_4,candidate_2,candidate_1,candidate_3,4,0.0225
262,candidate_4,candidate_2,candidate_1,candidate_3,4,0.0225
263,candidate_4,candidate_2,candidate_1,candidate_3,4,0.0225
264,candidate_4,candidate_2,candidate_1,candidate_3,4,0.0225
265,candidate_4,candidate_2,candidate_1,candidate_3,4,0.0225
266,candidate_4,candidate_2,candidate_1,candidate_3,4,0.0225
267,0,candidate_2,candidate_1,candidate_3,4,0.0225
268,candidate_4,candidate_2,candidate_1,candidate_3,4,0.0225
269,candidate_4,candidate_2,candidate_1,candidate_3,4,0.0225
270,candidate_4,candidate_2,candidate_1,candidate_3,4,0.0225
271,candidate_4,candidate_2,candidate_1,candidate_3,4,0.0225
272,candidate_4,candidate_2,candidate_1,candidate_3,4,0.0225
273,candidate_4,candidate_2,candidate_1,candidate_3,4,0.0225
274,candidate_4,candidate_2,candidate_1,candidate_3,4,0.0225
275,candidate_4,candidate_2,candidate_1,candidate_3,4,0.0225
276,candidate_4,candidate_2,candidate_1,candidate_3,4,0.0225
277,candidate_4,candidate_2,candidate_1,candidate_3,4,0.0225
278,candidate_4,candidate_2,candidate_1,candidate_3,4,0.0225
279,candidate_4,candidate_2,candidate_1,candidate_3,4,0.0225
280,candidate_4,candidate_2,candidate_1,candidate_3,4,0.0225
281,candidate_4,candidate_2,candidate_1,candidate_3,4,0.0225
282,candidate_4,candidate_2,candidate_1,candidate_3,4,0.0225
283,candidate_4,candidate_2,candidate_1,candidate_3,4,0.0225
284,candidate_4,candidate_2,candidate_1,candidate_3,4,0.0225
285,candidate_4,candidate_2,candidate_1,candidate_3,4,0.0225
286,candidate_4,candidate_2,candidate_1,0,4,0.0225
287,candidate_4,candidate_2,candidate_1,candidate_3,4,0.0225
288,candidate_4,candidate_2,0,candidate_3,4,0.0225
289,candidate_4,candidate_2,candidate_1,candidate_3,4,0.0225
290,candidate_4,candidate_2,candidate_1,candidate_3,4,0.0225
291,candidate_4,candidate_2,candidate_1,candidate_3,4,0.0225
292,candidate_4,candidate_2,candidate_1,candidate_3,4,0.0225
293,candidate_4,candidate_2,candidate_1,candidate_3,4,0.0225
294,0,candidate_2,candidate_1,candidate_3,4,0.0225
295,candidate_4,candidate_2,candidate_1,candidate_3,4,0.0225
296,candidate_4,candidate_2,candidate_1,candidate_3,4,0.0225
297,candidate_4,candidate_2,candidate_1,candidate_3,4,0.0225
298,candidate_4,candidate_2,candidate_1,candidate_3,4,0.0225
299,candidate_4,candidate_2,candidate_1,candidate_3,4,0.0225
300,candidate_4,candidate_2,candidate_1,candidate_3,4,0.0225
301,candidate_4,candidate_2,candidate_1,candidate_3,4,0.0225
302,candidate_4,candidate_2,candidate_1,candidate_3,4,0.0225
303,candidate_4,candidate_2,candidate_1,candidate_3,4,0.0225
304,candidate_4,candidate_2,candidate_1,candidate_3,4,0.0225
305,candidate_4,candidate_2,candidate_1,candidate_3,4,0.0225
306,candidate_4,candidate_2,candidate_1,candidate_3,4,0.0225
307,candidate_4,candidate_2,candidate_1,candidate_3,4,0.0225
308,candidate_4,candidate_2,candidate_1,candidate_3,4,0.0225
309,candidate_4,candidate_2,candidate_1,candidate_3,4,0.0225
310,candidate_4,candidate_2,0,candidate_3,4,0.0225
311,candidate_4,candidate_2,candidate_1,candidate_3,4,0.0225
312,candidate_4,candidate_2,candidate_1,candidate_3,4,0.0225
313,candidate_4,candidate_2,candidate_1,candidate_3,4,0.0225
314,candidate_4,candidate_2,candidate_1,candidate_3,4,0.0225
315,candidate_4,candidate_2,candidate_1,candidate_3,4,0.0225
316,candidate_4,candidate_2,candidate_1,candidate_3,4,0.0225
317,candidate_4,candidate_2,candidate_1,candidate_3,4,0.0225
318,candidate_4,candidate_2,candidate_1,candidate_3,4,0.0225
319,candidate_4,candidate_2,0,candidate_3,4,0.0225
320,candidate_4,candidate_2,candidate_1,candidate_3,4,0.0225
321,candidate_4,candidate_2,candidate_1,candidate_3,4,0.0225
322,candidate_4,candidate_2,candidate_1,candidate_3,4,0.0225
323,candidate_4,candidate_2,candidate_1,candidate_3,4,0.0225
324,candidate_4,candidate_2,candidate_1,candidate_3,4,0.0225
325,candidate_4,candidate_2,candidate_1,candidate_3,4,0.0225
326,candidate_4,candidate_2,candidate_1,candidate_3,4,0.0225
327,candidate_4,candidate_2,candidate_1,candidate_3,4,0.0225
328,candidate_4,candidate_2,candidate_1,0,4,0.0225
329,candidate_4,candidate_2,candidate_1,candidate_3,4,0.0225
330,candidate_4,candidate_2,candidate_1,candidate_3,4,0.0225
331,candidate_4,candidate_2,candidate_1,candidate_3,4,0.0225
332,candidate_4,candidate_2,candidate_1,candidate_3,4,0.0225
333,candidate_4,candidate_2,candidate_1,candidate_3,4,0.0225
334,candidate_4,candidate_2,candidate_1,candidate_3,4,0.0225
335,candidate_4,candidate_2,candidate_1,candidate_3,4,0.0225
336,candidate_4,candidate_2,candidate_1,candidate_3,4,0.0225
337,candidate_4,candidate_2,candidate_1,candidate_3,4,0.0225
338,candidate_4,candidate_2,candidate_1,candidate_3,4,0.0225
339,candidate_4,candidate_2,candidate_1,candidate_3,4,0.0225
340,candidate_4,candidate_2,candidate_1,candidate_3,4,0.0225
341,0,candidate_2,candidate_1,candidate_3,4,0.0225
342,candidate_4,candidate_2,candidate_1,candidate_3,4,0.0225
343,candidate_4,candidate_2,candidate_1,candidate_3,4,0.0225
344,candidate_4,candidate_2,candidate_1,candidate_3,4,0.0225
345,candidate_4,candidate_2,candidate_1,candidate_3,4,0.0225
346,candidate_4,candidate_2,candidate_1,candidate_3,4,0.0225
347,candidate_4,candidate_2,candidate_1,candidate_3,4,0.0225
348,candidate_4,candidate_2,candidate_1,candidate_3,4,0.0225
349,0,candidate_2,candidate_1,candidate_3,4,0.0225
350,candidate_4,candidate_2,candidate_1,candidate_3,4,0.0225
351,candidate_4,candidate_2,candidate_1,candidate_3,4,0.0225
352,candidate_4,candidate_2,candidate_1,candidate_3,4,0.0225
353,candidate_4,candidate_2,candidate_1,0,4,0.0225
354,candidate_4,candidate_2,candidate_1,candidate_3,4,0.0225
355,candidate_4,candidate_2,candidate_1,candidate_3,4,0.0225
356,candidate_4,candidate_2,candidate_1,candidate_3,4,0.0225
357,candidate_4,candidate_2,candidate_1,candidate_3,4,0.0225
358,candidate_4,candidate_2,candidate_1,candidate_3,4,0.0225
359,candidate_4,candidate_2,candidate_1,candidate_3,4,0.0225
360,candidate_4,candidate_2,candidate_1,candidate_3,4,0.0225
361,candidate_4,candidate_2,candidate_1,candidate_3,4,0.0225
362,candidate_4,candidate_2,candidate_1,candidate_3,4,0.0225
363,candidate_4,candidate_2,candidate_1,candidate_3,4,0.0225
364,candidate_4,candidate_2,candidate_1,candidate_3,4,0.0225
365,candidate_4,candidate_2,candidate_1,candidate_3,4,0.0225
366,candidate_4,candidate_2,candidate_1,0,4,0.0225
367,candidate_4,candidate_2,candidate_1,candidate_3,4,0.0225
368,candidate_4,candidate_2,candidate_1,candidate_3,4,0.0225
369,candidate_4,candidate_2,candidate_1,candidate_3,4,0.0225
370,candidate_4,candidate_2,candidate_1,candidate_3,4,0.0225
371,candidate_4,candidate_2,candidate_1,candidate_3,4,0.0225
372,candidate_4,candidate_2,candidate_1,candidate_3,4,0.0225
373,candidate_4,candidate_2,candidate_1,candidate_3,4,0.0225
374,candidate_4,candidate_2,candidate_1,candidate_3,4,0.0225
375,candidate_4,candidate_2,candidate_1,candidate_3,4,0.0225
376,candidate_4,candidate_2,candidate_1,candidate_3,4,0.0225
377,candidate_4,candidate_2,candidate_1,candidate_3,4,0.0225
378,candidate_4,candidate_2,candidate_1,candidate_3,4,0.0225
379,candidate_4,candidate_2,candidate_1,candidate_3,4,0.0225
380,candidate_4,candidate_2,candidate_1,candidate_3,4,0.0225
381,candidate_4,candidate_2,candidate_1,candidate_3,4,0.0225
382,candidate_4,candidate_2,candidate_1,candidate_3,4,0.0225
383,candidate_4,candidate_2,candidate_1,candidate_3,4,0.0225
384,candidate_4,candidate_2,candidate_1,candidate_3,4,0.0225
385,candidate_4,candidate_2,candidate_1,candidate_3,4,0.0225
386,candidate_4,candidate_2,candidate_1,candidate_3,4,0.0225
387,candidate_4,candidate_2,candidate_1,candidate_3,4,0.0225
388,candidate_4,candidate_2,candidate_1,candidate_3,4,0.0225
389,candidate_4,candidate_2,candidate_1,candidate_3,4,0.0225
390,candidate_4,candidate_2,candidate_1,candidate_3,4,0.0225
391,candidate_4,candidate_2,candidate_1,candidate_3,4,0.0225
392,candidate_4,candidate_2,candidate_1,candidate_3,4,0.0225
393,candidate_4,candidate_2,candidate_1,candidate_3,4,0.0225
394,candidate_4,candidate_2,candidate_1,candidate_3,4,0.0225
395,candidate_4,candidate_2,candidate_1,0,4,0.0225
396,candidate_4,candidate_2,candidate_1,candidate_3,4,0.0225
397,candidate_4,candidate_2,candidate_1,candidate_3,4,0.0225
398,candidate_4,candidate_2,candidate_1,candidate_3,4,0.0225
399,candidate_4,candidate_2,candidate_1,candidate_3,4,0.0225
400,candidate_4,candidate_2,candidate_1,0,4,0.0225
401,candidate_4,candidate_2,candidate_1,candidate_3,4,0.0225
402,candidate_4,candidate_2,candidate_1,candidate_3,4,0.0225
403,candidate_4,candidate_2,candidate_1,candidate_3,4,0.0225
404,candidate_4,candidate_2,candidate_1,candidate_3,4,0.0225
405,candidate_4,candidate_2,candidate_1,candidate_3,4,0.0225
406,candidate_4,candidate_2,candidate_1,candidate_3,4,0.0225
407,candidate_4,candidate_2,candidate_1,0,4,0.0225
408,candidate_4,candidate_2,candidate_1,candidate_3,4,0.0225
409,candidate_4,candidate_2,candidate_1,candidate_3,4,0.0225
410,candidate_4,candidate_2,candidate_1,candidate_3,4,0.0225
411,candidate_4,candidate_2,candidate_1,candidate_3,4,0.0225
412,candidate_4,candidate_2,candidate_1,candidate_3,4,0.0225
413,candidate_4,candidate_2,candidate_1,candidate_3,4,0.0225
414,candidate_4,candidate_2,candidate_1,candidate_3,4,0.0225
415,candidate_4,candidate_2,candidate_1,candidate_3,4,0.0225
416,candidate_4,candidate_2,candidate_1,candidate_3,4,0.0225
417,candidate_4,candidate_2,candidate_1,candidate_3,4,0.0225
418,candidate_4,candidate_2,candidate_1,candidate_3,4,0.0225
419,candidate_4,candidate_2,candidate_1,candidate_3,4,0.0225
420,candidate_4,candidate_2,candidate_1,candidate_3,4,0.0225
421,candidate_4,candidate_2,candidate_1,candidate_3,4,0.0225
422,candidate_4,candidate_2,candidate_1,candidate_3,4,0.0225
423,candidate_4,candidate_2,candidate_1,candidate_3,4,0.0225
424,candidate_4,candidate_2,candidate_1,candidate_3,4,0.0225
425,candidate_4,candidate_2,candidate_1,candidate_3,4,0.0225
426,candidate_4,candidate_2,candidate_1,candidate_3,4,0.0225
427,candidate_4,candidate_2,candidate_1,candidate_3,4,0.0225
428,candidate_4,candidate_2,candidate_1,candidate_3,4,0.0225
429,candidate_4,candidate_2,candidate_1,candidate_3,4,0.0225
430,candidate_4,candidate_2,candidate_1,candidate_3,4,0.0225
431,candidate_4,candidate_2,candidate_1,candidate_3,4,0.0225
432,candidate_4,candidate_2,candidate_1,candidate_3,4,0.0225
433,candidate_4,candidate_2,candidate_1,candidate_3,4,0.0225
434,candidate_4,candidate_2,candidate_1,candidate_3,4,0.0225
435,candidate_4,candidate_2,candidate_1,candidate_3,4,0.0225
436,candidate_4,candidate_2,candidate_1,candidate_3,4,0.0225
437,candidate_4,candidate_2,candidate_1,candidate_3,4,0.0225
438,candidate_4,candidate_2,candidate_1,candidate_3,4,0.0225
439,candidate_4,candidate_2,candidate_1,candidate_3,4,0.0225
440,candidate_4,candidate_2,candidate_1,candidate_3,4,0.0225
441,candidate_4,candidate_2,candidate_1,candidate_3,4,0.0225
442,candidate_4,candidate_2,candidate_1,candidate_3,4,0.0225
443,candidate_4,candidate_2,candidate_1,candidate_3,4,0.0225
444,candidate_4,candidate_2,candidate_1,candidate_3,4,0.0225
445,candidate_4,candidate_2,candidate_1,candidate_3,4,0.0225
446,candidate_4,candidate_2,candidate_1,candidate_3,4,0.0225
447,candidate_4,candidate_2,candidate_1,candidate_3,4,0.0225
448,candidate_4,candidate_2,candidate_1,candidate_3,4,0.0225
449,candidate_4,candidate_2,candidate_1,candidate_3,4,0.0225
450,candidate_4,candidate_2,candidate_1,candidate_3,4,0.0225
451,candidate_4,0,candidate_1,candidate_3,4,0.0225
452,candidate_4,candidate_2,candidate_1,candidate_3,4,0.0225
453,candidate_4,candidate_2,candidate_1,candidate_3,4,0.0225
454,candidate_4,candidate_2,candidate_1,candidate_3,4,0.0225
455,candidate_4,candidate_2,candidate_1,candidate_3,4,0.0225
456,candidate_4,candidate_2,candidate_1,candidate_3,4,0.0225
457,candidate_4,candidate_2,candidate_1,candidate_3,4,0.0225
458,candidate_4,candidate_2,candidate_1,candidate_3,4,0.0225
459,candidate_4,candidate_2,candidate_1,candidate_3,4,0.0225
460,candidate_4,candidate_2,candidate_1,candidate_3,4,0.0225
461,candidate_4,candidate_2,candidate_1,candidate_3,4,0.0225
462,candidate_4,candidate_2,candidate_1,candidate_3,4,0.0225
463,candidate_4,candidate_2,candidate_1,candidate_3,4,0.0225
464,candidate_4,candidate_2,candidate_1,candidate_3,4,0.0225
465,candidate_4,candidate_2,candidate_1,candidate_3,4,0.0225
466,candidate_4,candidate_2,candidate_1,candidate_3,4,0.0225
467,candidate_4,candidate_2,candidate_1,candidate_3,4,0.0225
468,candidate_4,candidate_2,candidate_1,candidate_3,4,0.0225
469,candidate_4,candidate_2,candidate_1,0,4,0.0225
470,candidate_4,candidate_2,candidate_1,candidate_3,4,0.0225
471,candidate_4,candidate_2,candidate_1,candidate_3,4,0.0225
472,candidate_4,candidate_2,candidate_1,candidate_3,4,0.0225
473,candidate_4,candidate_2,candidate_1,candidate_3,4,0.0225
474,candidate_4,candidate_2,candidate_1,candidate_3,4,0.0225
475,candidate_4,candidate_2,candidate_1,candidate_3,4,0.0225
476,candidate_4,candidate_2,candidate_1,0,4,0.0225
477,candidate_4,candidate_2,candidate_1,candidate_3,4,0.0225
478,candidate_4,candidate_2,candidate_1,candidate_3,4,0.0225
479,candidate_4,candidate_2,candidate_1,candidate_3,4,0.0225
480,candidate_4,candidate_2,candidate_1,candidate_3,4,0.0225
481,candidate_4,candidate_2,candidate_1,candidate_3,4,0.0225
482,candidate_4,candidate_2,candidate_1,candidate_3,4,0.0225
483,candidate_4,candidate_2,candidate_1,candidate_3,4,0.0225
484,candidate_4,candidate_2,candidate_1,candidate_3,4,0.0225
485,candidate_4,candidate_2,candidate_1,candidate_3,4,0.0225
486,candidate_4,candidate_2,candidate_1,candidate_3,4,0.0225
487,candidate_4,candidate_2,candidate_1,0,4,0.0225
488,candidate_4,candidate_2,candidate_1,candidate_3,4,0.0225
489,candidate_4,candidate_2,candidate_1,candidate_3,4,0.0225
490,candidate_4,candidate_2,candidate_1,candidate_3,4,0.0225
491,candidate_4,candidate_2,candidate_1,candidate_3,4,0.0225
492,candidate_4,candidate_2,candidate_1,candidate_3,4,0.0225
493,candidate_4,candidate_2,candidate_1,candidate_3,4,0.0225
494,candidate_4,candidate_2,candidate_1,candidate_3,4,0.0225
495,candidate_4,candidate_2,candidate_1,candidate_3,4,0.0225
496,candidate_4,candidate_2,candidate_1,candidate_3,4,0.0225
0,candidate_4,candidate_2,candidate_3,candidate_1,4,0.0225
1,candidate_4,candidate_2,candidate_3,candidate_1,4,0.0225
2,candidate_4,candidate_2,candidate_3,candidate_1,4,0.0225
3,candidate_4,candidate_2,candidate_3,candidate_1,4,0.0225
4,candidate_4,candidate_2,candidate_3,candidate_1,4,0.0225
5,candidate_4,candidate_2,0,candidate_1,4,0.0225
6,candidate_4,candidate_2,candidate_3,candidate_1,4,0.0225
7,candidate_4,candidate_2,candidate_3,candidate_1,4,0.0225
8,candidate_4,candidate_2,candidate_3,candidate_1,4,0.0225
9,candidate_4,candidate_2,candidate_3,candidate_1,4,0.0225
10,candidate_4,candidate_2,candidate_3,candidate_1,4,0.0225
11,candidate_4,candidate_2,candidate_3,candidate_1,4,0.0225
12,candidate_4,candidate_2,candidate_3,candidate_1,4,0.0225
13,candidate_4,candidate_2,candidate_3,candidate_1,4,0.0225
14,0,candidate_2,candidate_3,candidate_1,4,0.0225
15,candidate_4,candidate_2,candidate_3,candidate_1,4,0.0225
16,candidate_4,candidate_2,candidate_3,candidate_1,4,0.0225
17,candidate_4,candidate_2,candidate_3,candidate_1,4,0.0225
18,candidate_4,candidate_2,candidate_3,candidate_1,4,0.0225
19,candidate_4,candidate_2,candidate_3,candidate_1,4,0.0225
20,candidate_4,candidate_2,candidate_3,candidate_1,4,0.0225
21,candidate_4,candidate_2,candidate_3,candidate_1,4,0.0225
22,candidate_4,candidate_2,candidate_3,candidate_1,4,0.0225
23,candidate_4,candidate_2,candidate_3,candidate_1,4,0.0225
24,candidate_4,candidate_2,candidate_3,candidate_1,4,0.0225
25,candidate_4,candidate_2,candidate_3,candidate_1,4,0.0225
26,candidate_4,candidate_2,candidate_3,candidate_1,4,0.0225
27,candidate_4,candidate_2,candidate_3,candidate_1,4,0.0225
28,candidate_4,candidate_2,candidate_3,candidate_1,4,0.0225
29,candidate_4,candidate_2,candidate_3,candidate_1,4,0.0225
30,candidate_4,candidate_2,candidate_3,candidate_1,4,0.0225
31,candidate_4,candidate_2,candidate_3,candidate_1,4,0.0225
32,candidate_4,candidate_2,candidate_3,candidate_1,4,0.0225
33,candidate_4,candidate_2,0,candidate_1,4,0.0225
34,candidate_4,candidate_2,candidate_3,candidate_1,4,0.0225
35,candidate_4,candidate_2,candidate_3,candidate_1,4,0.0225
36,candidate_4,candidate_2,candidate_3,candidate_1,4,0.0225
37,candidate_4,candidate_2,candidate_3,candidate_1,4,0.0225
38,candidate_4,candidate_2,candidate_3,candidate_1,4,0.0225
39,candidate_4,candidate_2,candidate_3,candidate_1,4,0.0225
40,candidate_4,0,candidate_3,candidate_1,4,0.0225
41,candidate_4,candidate_2,candidate_3,candidate_1,4,0.0225
42,candidate_4,candidate_2,candidate_3,candidate_1,4,0.0225
43,candidate_4,candidate_2,candidate_3,candidate_1,4,0.0225
44,candidate_4,candidate_2,candidate_3,candidate_1,4,0.0225
45,candidate_4,candidate_2,candidate_3,candidate_1,4,0.0225
46,candidate_4,candidate_2,candidate_3,candidate_1,4,0.0225
47,candidate_4,candidate_2,candidate_3,candidate_1,4,0.0225
48,candidate_4,candidate_2,candidate_3,candidate_1,4,0.0225
49,candidate_4,candidate_2,candidate_3,candidate_1,4,0.0225
50,candidate_4,candidate_2,candidate_3,candidate_1,4,0.0225
51,candidate_4,candidate_2,candidate_3,candidate_1,4,0.0225
52,candidate_4,candidate_2,candidate_3,candidate_1,4,0.0225
53,candidate_4,candidate_2,candidate_3,candidate_1,4,0.0225
54,candidate_4,candidate_2,candidate_3,candidate_1,4,0.0225
55,0,candidate_2,candidate_3,candidate_1,4,0.0225
56,candidate_4,candidate_2,candidate_3,candidate_1,4,0.0225
57,candidate_4,0,candidate_3,candidate_1,4,0.0225
58,candidate_4,candidate_2,candidate_3,candidate_1,4,0.0225
59,candidate_4,candidate_2,candidate_3,candidate_1,4,0.0225
60,candidate_4,candidate_2,candidate_3,candidate_1,4,0.0225
61,candidate_4,candidate_2,candidate_3,candidate_1,4,0.0225
62,candidate_4,candidate_2,candidate_3,candidate_1,4,0.0225
63,candidate_4,candidate_2,candidate_3,candidate_1,4,0.0225
64,candidate_4,candidate_2,candidate_3,candidate_1,4,0.0225
65,candidate_4,candidate_2,candidate_3,candidate_1,4,0.0225
66,candidate_4,candidate_2,candidate_3,candidate_1,4,0.0225
67,candidate_4,candidate_2,candidate_3,candidate_1,4,0.0225
68,candidate_4,candidate_2,candidate_3,candidate_1,4,0.0225
69,candidate_4,candidate_2,candidate_3,candidate_1,4,0.0225
70,candidate_4,candidate_2,candidate_3,candidate_1,4,0.0225
71,candidate_4,candidate_2,candidate_3,candidate_1,4,0.0225
72,candidate_4,candidate_2,candidate_3,candidate_1,4,0.0225
73,candidate_4,candidate_2,candidate_3,candidate_1,4,0.0225
74,candidate_4,candidate_2,candidate_3,candidate_1,4,0.0225
75,candidate_4,candidate_2,candidate_3,candidate_1,4,0.0225
76,candidate_4,candidate_2,candidate_3,candidate_1,4,0.0225
77,candidate_4,candidate_2,candidate_3,candidate_1,4,0.0225
78,0,candidate_2,candidate_3,candidate_1,4,0.0225
79,candidate_4,candidate_2,candidate_3,candidate_1,4,0.0225
80,candidate_4,candidate_2,candidate_3,candidate_1,4,0.0225
81,candidate_4,candidate_2,candidate_3,candidate_1,4,0.0225
82,candidate_4,candidate_2,candidate_3,candidate_1,4,0.0225
83,candidate_4,candidate_2,candidate_3,candidate_1,4,0.0225
84,candidate_4,candidate_2,0,candidate_1,4,0.0225
85,candidate_4,candidate_2,candidate_3,candidate_1,4,0.0225
86,candidate_4,candidate_2,candidate_3,candidate_1,4,0.0225
87,candidate_4,candidate_2,candidate_3,candidate_1,4,0.0225
88,candidate_4,candidate_2,candidate_3,candidate_1,4,0.0225
89,candidate_4,candidate_2,candidate_3,candidate_1,4,0.0225
90,candidate_4,candidate_2,candidate_3,candidate_1,4,0.0225
91,candidate_4,candidate_2,candidate_3,candidate_1,4,0.0225
92,candidate_4,candidate_2,candidate_3,candidate_1,4,0.0225
93,candidate_4,candidate_2,candidate_3,candidate_1,4,0.0225
94,candidate_4,candidate_2,candidate_3,candidate_1,4,0.0225
95,candidate_4,candidate_2,candidate_3,candidate_1,4,0.0225
96,candidate_4,candidate_2,candidate_3,candidate_1,4,0.0225
97,candidate_4,candidate_2,candidate_3,candidate_1,4,0.0225
98,candidate_4,candidate_2,candidate_3,candidate_1,4,0.0225
99,candidate_4,candidate_2,candidate_3,candidate_1,4,0.0225
100,candidate_4,candidate_2,candidate_3,candidate_1,4,0.0225
101,candidate_4,candidate_2,candidate_3,candidate_1,4,0.0225
102,candidate_4,candidate_2,candidate_3,candidate_1,4,0.0225
103,candidate_4,candidate_2,candidate_3,candidate_1,4,0.0225
104,candidate_4,candidate_2,candidate_3,candidate_1,4,0.0225
105,candidate_4,candidate_2,candidate_3,candidate_1,4,0.0225
106,candidate_4,candidate_2,candidate_3,candidate_1,4,0.0225
107,candidate_4,candidate_2,candidate_3,candidate_1,4,0.0225
108,candidate_4,candidate_2,candidate_3,candidate_1,4,0.0225
109,candidate_4,candidate_2,candidate_3,candidate_1,4,0.0225
110,candidate_4,candidate_2,candidate_3,candidate_1,4,0.0225
111,candidate_4,candidate_2,candidate_3,candidate_1,4,0.0225
112,candidate_4,candidate_2,candidate_3,candidate_1,4,0.0225
113,candidate_4,candidate_2,candidate_3,candidate_1,4,0.0225
114,candidate_4,candidate_2,candidate_3,candidate_1,4,0.0225
115,candidate_4,candidate_2,candidate_3,candidate_1,4,0.0225
116,candidate_4,candidate_2,candidate_3,candidate_1,4,0.0225
117,candidate_4,candidate_2,candidate_3,candidate_1,4,0.0225
118,candidate_4,candidate_2,candidate_3,candidate_1,4,0.0225
119,candidate_4,candidate_2,candidate_3,candidate_1,4,0.0225
120,candidate_4,candidate_2,candidate_3,candidate_1,4,0.0225
121,candidate_4,candidate_2,candidate_3,candidate_1,4,0.0225
122,candidate_4,candidate_2,candidate_3,candidate_1,4,0.0225
123,candidate_4,candidate_2,candidate_3,candidate_1,4,0.0225
124,candidate_4,candidate_2,candidate_3,candidate_1,4,0.0225
125,candidate_4,candidate_2,candidate_3,candidate_1,4,0.0225
126,candidate_4,candidate_2,candidate_3,candidate_1,4,0.0225
127,candidate_4,candidate_2,candidate_3,candidate_1,4,0.0225
128,candidate_4,candidate_2,candidate_3,candidate_1,4,0.0225
129,candidate_4,candidate_2,candidate_3,candidate_1,4,0.0225
130,candidate_4,candidate_2,candidate_3,candidate_1,4,0.0225
131,candidate_4,candidate_2,candidate_3,candidate_1,4,0.0225
132,candidate_4,candidate_2,candidate_3,candidate_1,4,0.0225
133,candidate_4,candidate_2,candidate_3,candidate_1,4,0.0225
134,candidate_4,candidate_2,candidate_3,0,4,0.0225
135,candidate_4,candidate_2,candidate_3,candidate_1,4,0.0225
136,candidate_4,candidate_2,candidate_3,candidate_1,4,0.0225
137,candidate_4,candidate_2,candidate_3,candidate_1,4,0.0225
138,candidate_4,candidate_2,0,candidate_1,4,0.0225
139,candidate_4,candidate_2,candidate_3,candidate_1,4,0.0225
140,candidate_4,candidate_2,candidate_3,candidate_1,4,0.0225
141,candidate_4,candidate_2,candidate_3,candidate_1,4,0.0225
142,candidate_4,candidate_2,candidate_3,candidate_1,4,0.0225
143,candidate_4,candidate_2,candidate_3,candidate_1,4,0.0225
144,candidate_4,candidate_2,candidate_3,candidate_1,4,0.0225
145,candidate_4,candidate_2,candidate_3,candidate_1,4,0.0225
146,candidate_4,candidate_2,candidate_3,candidate_1,4,0.0225
147,candidate_4,candidate_2,candidate_3,candidate_1,4,0.0225
148,candidate_4,candidate_2,candidate_3,candidate_1,4,0.0225
149,candidate_4,candidate_2,candidate_3,candidate_1,4,0.0225
150,0,candidate_2,candidate_3,candidate_1,4,0.0225
151,candidate_4,candidate_2,candidate_3,candidate_1,4,0.0225
152,0,candidate_2,candidate_3,candidate_1,4,0.0225
153,candidate_4,0,candidate_3,candidate_1,4,0.0225
154,candidate_4,candidate_2,candidate_3,candidate_1,4,0.0225
155,candidate_4,candidate_2,candidate_3,candidate_1,4,0.0225
156,candidate_4,candidate_2,candidate_3,candidate_1,4,0.0225
157,candidate_4,candidate_2,candidate_3,candidate_1,4,0.0225
158,candidate_4,candidate_2,candidate_3,candidate_1,4,0.0225
159,candidate_4,candidate_2,candidate_3,candidate_1,4,0.0225
160,candidate_4,candidate_2,candidate_3,candidate_1,4,0.0225
161,candidate_4,candidate_2,candidate_3,candidate_1,4,0.0225
162,candidate_4,candidate_2,candidate_3,candidate_1,4,0.0225
163,candidate_4,candidate_2,candidate_3,candidate_1,4,0.0225
164,candidate_4,candidate_2,candidate_3,candidate_1,4,0.0225
165,candidate_4,candidate_2,candidate_3,candidate_1,4,0.0225
166,candidate_4,candidate_2,candidate_3,candidate_1,4,0.0225
167,candidate_4,candidate_2,0,candidate_1,4,0.0225
168,candidate_4,candidate_2,candidate_3,candidate_1,4,0.0225
169,candidate_4,candidate_2,candidate_3,candidate_1,4,0.0225
170,candidate_4,candidate_2,candidate_3,candidate_1,4,0.0225
171,candidate_4,candidate_2,candidate_3,candidate_1,4,0.0225
172,candidate_4,candidate_2,candidate_3,candidate_1,4,0.0225
173,candidate_4,candidate_2,candidate_3,0,4,0.0225
174,candidate_4,candidate_2,candidate_3,candidate_1,4,0.0225
175,candidate_4,candidate_2,candidate_3,candidate_1,4,0.0225
176,candidate_4,candidate_2,candidate_3,candidate_1,4,0.0225
177,candidate_4,candidate_2,candidate_3,candidate_1,4,0.0225
178,candidate_4,candidate_2,candidate_3,candidate_1,4,0.0225
179,candidate_4,candidate_2,candidate_3,candidate_1,4,0.0225
180,candidate_4,candidate_2,candidate_3,candidate_1,4,0.0225
181,candidate_4,candidate_2,candidate_3,candidate_1,4,0.0225
182,candidate_4,candidate_2,candidate_3,candidate_1,4,0.0225
183,candidate_4,candidate_2,candidate_3,candidate_1,4,0.0225
184,candidate_4,candidate_2,candidate_3,candidate_1,4,0.0225
185,candidate_4,candidate_2,candidate_3,candidate_1,4,0.0225
186,candidate_4,candidate_2,candidate_3,candidate_1,4,0.0225
187,candidate_4,candidate_2,candidate_3,candidate_1,4,0.0225
188,candidate_4,candidate_2,candidate_3,candidate_1,4,0.0225
189,candidate_4,candidate_2,candidate_3,candidate_1,4,0.0225
190,candidate_4,candidate_2,candidate_3,candidate_1,4,0.0225
191,candidate_4,candidate_2,candidate_3,candidate_1,4,0.0225
192,candidate_4,candidate_2,candidate_3,candidate_1,4,0.0225
193,candidate_4,candidate_2,candidate_3,candidate_1,4,0.0225
194,candidate_4,candidate_2,candidate_3,candidate_1,4,0.0225
195,candidate_4,candidate_2,candidate_3,candidate_1,4,0.0225
196,candidate_4,candidate_2,candidate_3,candidate_1,4,0.0225
197,candidate_4,candidate_2,candidate_3,candidate_1,4,0.0225
198,candidate_4,candidate_2,candidate_3,0,4,0.0225
199,candidate_4,candidate_2,candidate_3,candidate_1,4,0.0225
200,candidate_4,candidate_2,candidate_3,candidate_1,4,0.0225
201,candidate_4,candidate_2,candidate_3,candidate_1,4,0.0225
202,candidate_4,candidate_2,candidate_3,candidate_1,4,0.0225
203,candidate_4,candidate_2,candidate_3,candidate_1,4,0.0225
204,candidate_4,candidate_2,candidate_3,candidate_1,4,0.0225
205,candidate_4,candidate_2,candidate_3,candidate_1,4,0.0225
206,candidate_4,candidate_2,candidate_3,candidate_1,4,0.0225
207,candidate_4,candidate_2,candidate_3,candidate_1,4,0.0225
208,candidate_4,candidate_2,candidate_3,candidate_1,4,0.0225
209,candidate_4,candidate_2,candidate_3,candidate_1,4,0.0225
210,candidate_4,candidate_2,candidate_3,candidate_1,4,0.0225
211,candidate_4,candidate_2,candidate_3,candidate_1,4,0.0225
212,candidate_4,candidate_2,candidate_3,candidate_1,4,0.0225
213,candidate_4,candidate_2,candidate_3,candidate_1,4,0.0225
214,candidate_4,candidate_2,candidate_3,candidate_1,4,0.0225
215,candidate_4,candidate_2,candidate_3,candidate_1,4,0.0225
216,candidate_4,candidate_2,candidate_3,candidate_1,4,0.0225
217,candidate_4,candidate_2,candidate_3,candidate_1,4,0.0225
218,candidate_4,candidate_2,candidate_3,candidate_1,4,0.0225
219,candidate_4,candidate_2,candidate_3,candidate_1,4,0.0225
220,candidate_4,candidate_2,candidate_3,candidate_1,4,0.0225
221,candidate_4,candidate_2,candidate_3,candidate_1,4,0.0225
222,candidate_4,candidate_2,candidate_3,candidate_1,4,0.0225
223,candidate_4,candidate_2,candidate_3,candidate_1,4,0.0225
224,candidate_4,candidate_2,candidate_3,candidate_1,4,0.0225
225,candidate_4,candidate_2,candidate_3,candidate_1,4,0.0225
226,candidate_4,candidate_2,candidate_3,candidate_1,4,0.0225
227,candidate_4,candidate_2,candidate_3,candidate_1,4,0.0225
228,candidate_4,candidate_2,candidate_3,candidate_1,4,0.0225
229,candidate_4,candidate_2,candidate_3,candidate_1,4,0.0225
230,candidate_4,0,candidate_3,candidate_1,4,0.0225
231,candidate_4,candidate_2,candidate_3,candidate_1,4,0.0225
232,candidate_4,candidate_2,candidate_3,candidate_1,4,0.0225
233,candidate_4,candidate_2,candidate_3,candidate_1,4,0.0225
234,candidate_4,candidate_2,candidate_3,candidate_1,4,0.0225
235,candidate_4,candidate_2,candidate_3,candidate_1,4,0.0225
236,candidate_4,candidate_2,candidate_3,candidate_1,4,0.0225
237,candidate_4,candidate_2,candidate_3,candidate_1,4,0.0225
238,candidate_4,candidate_2,candidate_3,candidate_1,4,0.0225
239,candidate_4,candidate_2,candidate_3,candidate_1,4,0.0225
240,candidate_4,candidate_2,candidate_3,candidate_1,4,0.0225
241,candidate_4,candidate_2,candidate_3,candidate_1,4,0.0225
242,candidate_4,candidate_2,candidate_3,candidate_1,4,0.0225
243,candidate_4,candidate_2,candidate_3,candidate_1,4,0.0225
244,candidate_4,candidate_2,candidate_3,candidate_1,4,0.0225
245,0,candidate_2,candidate_3,candidate_1,4,0.0225
246,candidate_4,candidate_2,candidate_3,candidate_1,4,0.0225
247,candidate_4,candidate_2,candidate_3,candidate_1,4,0.0225
248,candidate_4,candidate_2,candidate_3,candidate_1,4,0.0225
249,candidate_4,candidate_2,candidate_3,candidate_1,4,0.0225
250,candidate_4,candidate_2,candidate_3,candidate_1,4,0.0225
251,candidate_4,candidate_2,candidate_3,candidate_1,4,0.0225
252,candidate_4,candidate_2,candidate_3,candidate_1,4,0.0225
253,candidate_4,candidate_2,candidate_3,candidate_1,4,0.0225
254,candidate_4,candidate_2,candidate_3,candidate_1,4,0.0225
255,candidate_4,candidate_2,candidate_3,candidate_1,4,0.0225
256,candidate_4,candidate_2,candidate_3,candidate_1,4,0.0225
257,candidate_4,candidate_2,candidate_3,candidate_1,4,0.0225
258,candidate_4,candidate_2,candidate_3,candidate_1,4,0.0225
259,candidate_4,candidate_2,candidate_3,candidate_1,4,0.0225
260,candidate_4,candidate_2,candidate_3,candidate_1,4,0.0225
261,candidate_4,candidate_2,candidate_3,candidate_1,4,0.0225
262,candidate_4,candidate_2,candidate_3,candidate_1,4,0.0225
263,candidate_4,candidate_2,candidate_3,candidate_1,4,0.0225
264,candidate_4,candidate_2,candidate_3,candidate_1,4,0.0225
265,candidate_4,candidate_2,candidate_3,candidate_1,4,0.0225
266,candidate_4,candidate_2,candidate_3,candidate_1,4,0.0225
267,candidate_4,candidate_2,candidate_3,candidate_1,4,0.0225
268,candidate_4,candidate_2,candidate_3,candidate_1,4,0.0225
269,candidate_4,candidate_2,candidate_3,candidate_1,4,0.0225
270,candidate_4,candidate_2,candidate_3,candidate_1,4,0.0225
271,candidate_4,candidate_2,candidate_3,candidate_1,4,0.0225
272,candidate_4,candidate_2,candidate_3,candidate_1,4,0.0225
273,candidate_4,candidate_2,candidate_3,candidate_1,4,0.0225
274,0,candidate_2,candidate_3,candidate_1,4,0.0225
275,candidate_4,candidate_2,candidate_3,candidate_1,4,0.0225
276,candidate_4,candidate_2,0,candidate_1,4,0.0225
277,candidate_4,candidate_2,candidate_3,candidate_1,4,0.0225
278,candidate_4,candidate_2,candidate_3,candidate_1,4,0.0225
279,candidate_4,candidate_2,candidate_3,candidate_1,4,0.0225
280,candidate_4,candidate_2,candidate_3,candidate_1,4,0.0225
281,candidate_4,candidate_2,candidate_3,candidate_1,4,0.0225
282,candidate_4,candidate_2,candidate_3,candidate_1,4,0.0225
283,candidate_4,candidate_2,candidate_3,candidate_1,4,0.0225
284,candidate_4,candidate_2,candidate_3,candidate_1,4,0.0225
285,candidate_4,candidate_2,candidate_3,candidate_1,4,0.0225
286,candidate_4,candidate_2,candidate_3,candidate_1,4,0.0225
287,candidate_4,candidate_2,candidate_3,candidate_1,4,0.0225
288,candidate_4,candidate_2,candidate_3,candidate_1,4,0.0225
289,candidate_4,candidate_2,candidate_3,candidate_1,4,0.0225
290,candidate_4,candidate_2,candidate_3,candidate_1,4,0.0225
291,candidate_4,candidate_2,candidate_3,candidate_1,4,0.0225
292,candidate_4,candidate_2,candidate_3,candidate_1,4,0.0225
293,candidate_4,candidate_2,candidate_3,candidate_1,4,0.0225
294,candidate_4,candidate_2,candidate_3,candidate_1,4,0.0225
295,candidate_4,candidate_2,candidate_3,candidate_1,4,0.0225
296,candidate_4,candidate_2,candidate_3,candidate_1,4,0.0225
297,candidate_4,candidate_2,candidate_3,candidate_1,4,0.0225
298,candidate_4,candidate_2,candidate_3,candidate_1,4,0.0225
299,0,candidate_2,candidate_3,candidate_1,4,0.0225
300,candidate_4,candidate_2,candidate_3,candidate_1,4,0.0225
301,candidate_4,candidate_2,candidate_3,candidate_1,4,0.0225
302,candidate_4,candidate_2,candidate_3,candidate_1,4,0.0225
303,candidate_4,candidate_2,candidate_3,candidate_1,4,0.0225
304,candidate_4,candidate_2,candidate_3,candidate_1,4,0.0225
305,candidate_4,candidate_2,candidate_3,candidate_1,4,0.0225
306,candidate_4,candidate_2,candidate_3,candidate_1,4,0.0225
307,candidate_4,candidate_2,candidate_3,candidate_1,4,0.0225
308,candidate_4,candidate_2,candidate_3,candidate_1,4,0.0225
309,candidate_4,candidate_2,candidate_3,candidate_1,4,0.0225
310,candidate_4,candidate_2,candidate_3,candidate_1,4,0.0225
311,candidate_4,candidate_2,candidate_3,candidate_1,4,0.0225
312,candidate_4,candidate_2,candidate_3,candidate_1,4,0.0225
313,candidate_4,candidate_2,candidate_3,0,4,0.0225
314,candidate_4,candidate_2,candidate_3,candidate_1,4,0.0225
315,candidate_4,candidate_2,candidate_3,candidate_1,4,0.0225
316,candidate_4,candidate_2,candidate_3,candidate_1,4,0.0225
317,candidate_4,candidate_2,candidate_3,candidate_1,4,0.0225
318,candidate_4,candidate_2,candidate_3,candidate_1,4,0.0225
319,candidate_4,candidate_2,candidate_3,candidate_1,4,0.0225
320,candidate_4,candidate_2,candidate_3,candidate_1,4,0.0225
321,candidate_4,candidate_2,candidate_3,0,4,0.0225
322,candidate_4,candidate_2,candidate_3,candidate_1,4,0.0225
323,candidate_4,candidate_2,candidate_3,candidate_1,4,0.0225
324,candidate_4,candidate_2,candidate_3,candidate_1,4,0.0225
325,candidate_4,0,candidate_3,candidate_1,4,0.0225
326,candidate_4,candidate_2,candidate_3,candidate_1,4,0.0225
327,candidate_4,candidate_2,candidate_3,candidate_1,4,0.0225
328,candidate_4,candidate_2,candidate_3,candidate_1,4,0.0225
329,candidate_4,candidate_2,candidate_3,candidate_1,4,0.0225
330,candidate_4,candidate_2,candidate_3,candidate_1,4,0.0225
331,candidate_4,candidate_2,candidate_3,candidate_1,4,0.0225
332,candidate_4,candidate_2,candidate_3,candidate_1,4,0.0225
333,candidate_4,candidate_2,candidate_3,candidate_1,4,0.0225
334,candidate_4,candidate_2,candidate_3,candidate_1,4,0.0225
335,candidate_4,candidate_2,candidate_3,candidate_1,4,0.0225
336,candidate_4,candidate_2,candidate_3,candidate_1,4,0.0225
337,candidate_4,candidate_2,candidate_3,candidate_1,4,0.0225
338,candidate_4,candidate_2,candidate_3,candidate_1,4,0.0225
339,candidate_4,candidate_2,candidate_3,candidate_1,4,0.0225
340,candidate_4,candidate_2,0,candidate_1,4,0.0225
341,candidate_4,candidate_2,candidate_3,candidate_1,4,0.0225
342,candidate_4,candidate_2,candidate_3,candidate_1,4,0.0225
343,candidate_4,candidate_2,candidate_3,candidate_1,4,0.0225
344,candidate_4,candidate_2,0,candidate_1,4,0.0225
345,candidate_4,candidate_2,candidate_3,candidate_1,4,0.0225
346,candidate_4,candidate_2,candidate_3,candidate_1,4,0.0225
347,candidate_4,candidate_2,candidate_3,candidate_1,4,0.0225
348,candidate_4,candidate_2,candidate_3,candidate_1,4,0.0225
349,candidate_4,candidate_2,candidate_3,candidate_1,4,0.0225
350,candidate_4,candidate_2,candidate_3,0,4,0.0225
351,candidate_4,candidate_2,candidate_3,candidate_1,4,0.0225
352,candidate_4,candidate_2,candidate_3,candidate_1,4,0.0225
353,candidate_4,candidate_2,candidate_3,candidate_1,4,0.0225
354,candidate_4,candidate_2,candidate_3,candidate_1,4,0.0225
355,candidate_4,candidate_2,candidate_3,candidate_1,4,0.0225
356,candidate_4,candidate_2,candidate_3,candidate_1,4,0.0225
357,candidate_4,candidate_2,candidate_3,candidate_1,4,0.0225
358,candidate_4,candidate_2,candidate_3,candidate_1,4,0.0225
359,candidate_4,candidate_2,candidate_3,candidate_1,4,0.0225
360,candidate_4,candidate_2,candidate_3,candidate_1,4,0.0225
361,candidate_4,candidate_2,candidate_3,candidate_1,4,0.0225
362,candidate_4,candidate_2,candidate_3,candidate_1,4,0.0225
363,candidate_4,candidate_2,candidate_3,candidate_1,4,0.0225
364,candidate_4,candidate_2,candidate_3,candidate_1,4,0.0225
365,candidate_4,candidate_2,candidate_3,candidate_1,4,0.0225
366,candidate_4,candidate_2,candidate_3,candidate_1,4,0.0225
367,candidate_4,candidate_2,candidate_3,candidate_1,4,0.0225
368,candidate_4,candidate_2,candidate_3,candidate_1,4,0.0225
369,candidate_4,candidate_2,candidate_3,candidate_1,4,0.0225
370,candidate_4,candidate_2,candidate_3,candidate_1,4,0.0225
371,candidate_4,candidate_2,candidate_3,candidate_1,4,0.0225
372,candidate_4,candidate_2,candidate_3,candidate_1,4,0.0225
373,candidate_4,candidate_2,candidate_3,candidate_1,4,0.0225
374,candidate_4,candidate_2,candidate_3,candidate_1,4,0.0225
375,candidate_4,candidate_2,candidate_3,candidate_1,4,0.0225
376,candidate_4,candidate_2,candidate_3,candidate_1,4,0.0225
377,candidate_4,candidate_2,candidate_3,candidate_1,4,0.0225
378,candidate_4,candidate_2,candidate_3,candidate_1,4,0.0225
379,candidate_4,candidate_2,candidate_3,candidate_1,4,0.0225
380,candidate_4,candidate_2,candidate_3,candidate_1,4,0.0225
381,candidate_4,candidate_2,candidate_3,candidate_1,4,0.0225
382,candidate_4,candidate_2,candidate_3,candidate_1,4,0.0225
383,candidate_4,candidate_2,candidate_3,candidate_1,4,0.0225
384,candidate_4,candidate_2,candidate_3,candidate_1,4,0.0225
385,candidate_4,candidate_2,candidate_3,candidate_1,4,0.0225
386,candidate_4,candidate_2,candidate_3,candidate_1,4,0.0225
387,candidate_4,candidate_2,candidate_3,candidate_1,4,0.0225
388,candidate_4,candidate_2,candidate_3,candidate_1,4,0.0225
389,candidate_4,candidate_2,candidate_3,candidate_1,4,0.0225
390,candidate_4,candidate_2,candidate_3,candidate_1,4,0.0225
391,candidate_4,candidate_2,candidate_3,candidate_1,4,0.0225
392,candidate_4,candidate_2,candidate_3,candidate_1,4,0.0225
393,candidate_4,candidate_2,candidate_3,candidate_1,4,0.0225
394,candidate_4,candidate_2,candidate_3,candidate_1,4,0.0225
395,candidate_4,candidate_2,candidate_3,candidate_1,4,0.0225
396,candidate_4,candidate_2,candidate_3,candidate_1,4,0.0225
397,candidate_4,candidate_2,candidate_3,candidate_1,4,0.0225
398,candidate_4,candidate_2,candidate_3,candidate_1,4,0.0225
399,candidate_4,candidate_2,candidate_3,candidate_1,4,0.0225
400,candidate_4,candidate_2,candidate_3,candidate_1,4,0.0225
401,candidate_4,candidate_2,candidate_3,candidate_1,4,0.0225
402,candidate_4,candidate_2,candidate_3,candidate_1,4,0.0225
403,candidate_4,candidate_2,candidate_3,candidate_1,4,0.0225
404,candidate_4,candidate_2,candidate_3,candidate_1,4,0.0225
405,candidate_4,candidate_2,candidate_3,candidate_1,4,0.0225
406,candidate_4,candidate_2,candidate_3,candidate_1,4,0.0225
407,candidate_4,candidate_2,candidate_3,candidate_1,4,0.0225
408,candidate_4,candidate_2,candidate_3,candidate_1,4,0.0225
409,candidate_4,candidate_2,candidate_3,candidate_1,4,0.0225
410,candidate_4,candidate_2,candidate_3,candidate_1,4,0.0225
411,candidate_4,candidate_2,candidate_3,candidate_1,4,0.0225
412,candidate_4,candidate_2,candidate_3,candidate_1,4,0.0225
413,candidate_4,candidate_2,candidate_3,candidate_1,4,0.0225
414,candidate_4,candidate_2,candidate_3,candidate_1,4,0.0225
415,candidate_4,candidate_2,candidate_3,candidate_1,4,0.0225
416,candidate_4,0,candidate_3,candidate_1,4,0.0225
417,candidate_4,candidate_2,candidate_3,candidate_1,4,0.0225
418,candidate_4,candidate_2,candidate_3,candidate_1,4,0.0225
419,candidate_4,candidate_2,candidate_3,candidate_1,4,0.0225
420,candidate_4,candidate_2,candidate_3,candidate_1,4,0.0225
421,candidate_4,candidate_2,candidate_3,candidate_1,4,0.0225
422,candidate_4,candidate_2,candidate_3,candidate_1,4,0.0225
423,candidate_4,candidate_2,candidate_3,candidate_1,4,0.0225
424,candidate_4,candidate_2,candidate_3,candidate_1,4,0.0225
425,0,candidate_2,candidate_3,candidate_1,4,0.0225
426,candidate_4,candidate_2,candidate_3,candidate_1,4,0.0225
427,candidate_4,candidate_2,candidate_3,candidate_1,4,0.0225
428,candidate_4,candidate_2,candidate_3,candidate_1,4,0.0225
429,candidate_4,candidate_2,candidate_3,candidate_1,4,0.0225
430,candidate_4,candidate_2,candidate_3,candidate_1,4,0.0225
431,candidate_4,candidate_2,candidate_3,candidate_1,4,0.0225
432,candidate_4,candidate_2,candidate_3,candidate_1,4,0.0225
433,candidate_4,candidate_2,candidate_3,candidate_1,4,0.0225
434,candidate_4,candidate_2,candidate_3,candidate_1,4,0.0225
435,candidate_4,candidate_2,candidate_3,candidate_1,4,0.0225
436,candidate_4,candidate_2,candidate_3,candidate_1,4,0.0225
437,candidate_4,candidate_2,candidate_3,candidate_1,4,0.0225
438,candidate_4,candidate_2,candidate_3,candidate_1,4,0.0225
439,candidate_4,candidate_2,candidate_3,candidate_1,4,0.0225
440,candidate_4,candidate_2,candidate_3,candidate_1,4,0.0225
441,candidate_4,candidate_2,candidate_3,candidate_1,4,0.0225
442,candidate_4,candidate_2,candidate_3,candidate_1,4,0.0225
443,candidate_4,candidate_2,candidate_3,candidate_1,4,0.0225
444,candidate_4,candidate_2,candidate_3,candidate_1,4,0.0225
445,candidate_4,candidate_2,candidate_3,candidate_1,4,0.0225
446,candidate_4,candidate_2,candidate_3,0,4,0.0225
447,candidate_4,candidate_2,candidate_3,candidate_1,4,0.0225
448,candidate_4,candidate_2,0,candidate_1,4,0.0225
449,candidate_4,candidate_2,candidate_3,candidate_1,4,0.0225
450,candidate_4,candidate_2,candidate_3,candidate_1,4,0.0225
451,candidate_4,candidate_2,candidate_3,candidate_1,4,0.0225
452,candidate_4,candidate_2,candidate_3,candidate_1,4,0.0225
453,candidate_4,candidate_2,candidate_3,candidate_1,4,0.0225
454,candidate_4,candidate_2,0,candidate_1,4,0.0225
455,candidate_4,candidate_2,candidate_3,candidate_1,4,0.0225
456,candidate_4,candidate_2,candidate_3,candidate_1,4,0.0225
457,candidate_4,candidate_2,candidate_3,candidate_1,4,0.0225
458,candidate_4,candidate_2,candidate_3,candidate_1,4,0.0225
459,candidate_4,candidate_2,candidate_3,candidate_1,4,0.0225
460,candidate_4,candidate_2,candidate_3,candidate_1,4,0.0225
461,candidate_4,candidate_2,candidate_3,candidate_1,4,0.0225
462,candidate_4,candidate_2,candidate_3,candidate_1,4,0.0225
463,candidate_4,candidate_2,candidate_3,candidate_1,4,0.0225
464,0,candidate_2,candidate_3,candidate_1,4,0.0225
465,candidate_4,candidate_2,candidate_3,candidate_1,4,0.0225
466,candidate_4,candidate_2,candidate_3,candidate_1,4,0.0225
467,candidate_4,candidate_2,candidate_3,candidate_1,4,0.0225
468,candidate_4,candidate_2,candidate_3,candidate_1,4,0.0225
469,candidate_4,candidate_2,candidate_3,candidate_1,4,0.0225
470,candidate_4,candidate_2,candidate_3,candidate_1,4,0.0225
471,candidate_4,candidate_2,candidate_3,candidate_1,4,0.0225
472,candidate_4,candidate_2,candidate_3,candidate_1,4,0.0225
473,candidate_4,candidate_2,candidate_3,candidate_1,4,0.0225
474,candidate_4,candidate_2,candidate_3,candidate_1,4,0.0225
475,candidate_4,candidate_2,candidate_3,candidate_1,4,0.0225
476,candidate_4,candidate_2,candidate_3,candidate_1,4,0.0225
477,candidate_4,candidate_2,candidate_3,candidate_1,4,0.0225
478,candidate_4,candidate_2,candidate_3,candidate_1,4,0.0225
479,candidate_4,candidate_2,candidate_3,candidate_1,4,0.0225
480,candidate_4,candidate_2,candidate_3,candidate_1,4,0.0225
481,candidate_4,candidate_2,candidate_3,candidate_1,4,0.0225
482,candidate_4,candidate_2,candidate_3,candidate_1,4,0.0225
483,candidate_4,candidate_2,candidate_3,candidate_1,4,0.0225
484,candidate_4,candidate_2,candidate_3,candidate_1,4,0.0225
485,candidate_4,candidate_2,candidate_3,candidate_1,4,0.0225
486,candidate_4,0,candidate_3,candidate_1,4,0.0225
487,candidate_4,candidate_2,candidate_3,candidate_1,4,0.0225
488,candidate_4,candidate_2,candidate_3,candidate_1,4,0.0225
489,candidate_4,candidate_2,candidate_3,candidate_1,4,0.0225
490,candidate_4,candidate_2,candidate_3,candidate_1,4,0.0225
491,candidate_4,candidate_2,candidate_3,candidate_1,4,0.0225
492,candidate_4,candidate_2,candidate_3,candidate_1,4,0.0225
493,candidate_4,candidate_2,candidate_3,candidate_1,4,0.0225
494,candidate_4,candidate_2,candidate_3,candidate_1,4,0.0225
495,candidate_4,candidate_2,candidate_3,candidate_1,4,0.0225
496,candidate_4,candidate_2,candidate_3,candidate_1,4,0.0225
497,candidate_4,candidate_2,candidate_3,candidate_1,4,0.0225
498,candidate_4,candidate_2,candidate_3,candidate_1,4,0.0225
499,candidate_4,candidate_2,candidate_3,candidate_1,4,0.0225
500,candidate_4,candidate_2,candidate_3,candidate_1,4,0.0225
501,candidate_4,candidate_2,candidate_3,candidate_1,4,0.0225
502,candidate_4,candidate_2,candidate_3,candidate_1,4,0.0225
503,candidate_4,candidate_2,candidate_3,0,4,0.0225
504,candidate_4,candidate_2,candidate_3,candidate_1,4,0.0225
505,candidate_4,candidate_2,candidate_3,candidate_1,4,0.0225
506,candidate_4,candidate_2,0,candidate_1,4,0.0225
507,candidate_4,candidate_2,candidate_3,candidate_1,4,0.0225
508,candidate_4,candidate_2,candidate_3,candidate_1,4,0.0225
509,candidate_4,candidate_2,candidate_3,candidate_1,4,0.0225
510,candidate_4,candidate_2,candidate_3,candidate_1,4,0.0225
511,candidate_4,0,candidate_3,candidate_1,4,0.0225
512,candidate_4,candidate_2,candidate_3,candidate_1,4,0.0225
513,candidate_4,candidate_2,candidate_3,candidate_1,4,0.0225
514,candidate_4,candidate_2,candidate_3,candidate_1,4,0.0225
515,candidate_4,candidate_2,candidate_3,candidate_1,4,0.0225
516,candidate_4,candidate_2,candidate_3,candidate_1,4,0.0225
517,candidate_4,candidate_2,candidate_3,candidate_1,4,0.0225
518,candidate_4,candidate_2,candidate_3,candidate_1,4,0.0225
519,candidate_4,candidate_2,candidate_3,candidate_1,4,0.0225
520,candidate_4,0,candidate_3,candidate_1,4,0.0225
521,candidate_4,candidate_2,candidate_3,candidate_1,4,0.0225
522,candidate_4,candidate_2,candidate_3,candidate_1,4,0.0225
523,candidate_4,candidate_2,candidate_3,candidate_1,4,0.0225
524,candidate_4,candidate_2,candidate_3,candidate_1,4,0.0225
525,candidate_4,candidate_2,candidate_3,candidate_1,4,0.0225
526,candidate_4,candidate_2,candidate_3,candidate_1,4,0.0225
527,candidate_4,candidate_2,candidate_3,candidate_1,4,0.0225
528,0,candidate_2,candidate_3,candidate_1,4,0.0225
529,candidate_4,candidate_2,candidate_3,candidate_1,4,0.0225
530,candidate_4,candidate_2,candidate_3,candidate_1,4,0.0225
531,candidate_4,candidate_2,candidate_3,candidate_1,4,0.0225
532,candidate_4,candidate_2,candidate_3,candidate_1,4,0.0225
533,candidate_4,candidate_2,candidate_3,candidate_1,4,0.0225
534,candidate_4,candidate_2,candidate_3,candidate_1,4,0.0225
535,candidate_4,candidate_2,candidate_3,candidate_1,4,0.0225
536,candidate_4,candidate_2,candidate_3,candidate_1,4,0.0225
537,candidate_4,candidate_2,candidate_3,candidate_1,4,0.0225
538,candidate_4,candidate_2,candidate_3,candidate_1,4,0.0225
539,candidate_4,candidate_2,candidate_3,candidate_1,4,0.0225
540,candidate_4,candidate_2,candidate_3,candidate_1,4,0.0225
541,candidate_4,candidate_2,candidate_3,candidate_1,4,0.0225
542,candidate_4,candidate_2,candidate_3,candidate_1,4,0.0225
543,candidate_4,candidate_2,candidate_3,candidate_1,4,0.0225
544,candidate_4,candidate_2,candidate_3,candidate_1,4,0.0225
545,candidate_4,candidate_2,candidate_3,candidate_1,4,0.0225
546,candidate_4,candidate_2,candidate_3,candidate_1,4,0.0225
547,candidate_4,candidate_2,candidate_3,candidate_1,4,0.0225
548,candidate_4,candidate_2,candidate_3,candidate_1,4,0.0225
549,candidate_4,candidate_2,candidate_3,candidate_1,4,0.0225
550,candidate_4,candidate_2,candidate_3,candidate_1,4,0.0225
551,candidate_4,candidate_2,candidate_3,candidate_1,4,0.0225
552,candidate_4,candidate_2,candidate_3,candidate_1,4,0.0225
553,candidate_4,candidate_2,candidate_3,candidate_1,4,0.0225
554,candidate_4,candidate_2,candidate_3,candidate_1,4,0.0225
555,candidate_4,candidate_2,candidate_3,candidate_1,4,0.0225
556,candidate_4,candidate_2,candidate_3,candidate_1,4,0.0225
557,candidate_4,candidate_2,candidate_3,candidate_1,4,0.0225
558,candidate_4,candidate_2,candidate_3,candidate_1,4,0.0225
559,candidate_4,candidate_2,candidate_3,candidate_1,4,0.0225
560,candidate_4,candidate_2,candidate_3,candidate_1,4,0.0225
561,candidate_4,candidate_2,candidate_3,candidate_1,4,0.0225
562,candidate_4,candidate_2,candidate_3,candidate_1,4,0.0225
563,candidate_4,candidate_2,candidate_3,candidate_1,4,0.0225
564,candidate_4,candidate_2,candidate_3,candidate_1,4,0.0225
565,candidate_4,0,candidate_3,candidate_1,4,0.0225
566,candidate_4,candidate_2,candidate_3,candidate_1,4,0.0225
567,candidate_4,candidate_2,candidate_3,candidate_1,4,0.0225
568,candidate_4,candidate_2,candidate_3,candidate_1,4,0.0225
569,candidate_4,candidate_2,candidate_3,candidate_1,4,0.0225
570,candidate_4,candidate_2,candidate_3,candidate_1,4,0.0225
571,candidate_4,candidate_2,candidate_3,candidate_1,4,0.0225
572,candidate_4,candidate_2,candidate_3,candidate_1,4,0.0225
573,candidate_4,candidate_2,candidate_3,0,4,0.0225
574,candidate_4,candidate_2,candidate_3,candidate_1,4,0.0225
575,candidate_4,candidate_2,candidate_3,candidate_1,4,0.0225
576,candidate_4,candidate_2,candidate_3,candidate_1,4,0.0225
577,candidate_4,candidate_2,candidate_3,candidate_1,4,0.0225
578,candidate_4,candidate_2,candidate_3,candidate_1,4,0.0225
579,candidate_4,0,candidate_3,candidate_1,4,0.0225
580,candidate_4,candidate_2,candidate_3,candidate_1,4,0.0225
581,candidate_4,candidate_2,candidate_3,candidate_1,4,0.0225
582,candidate_4,candidate_2,candidate_3,candidate_1,4,0.0225
583,candidate_4,candidate_2,candidate_3,candidate_1,4,0.0225
584,candidate_4,candidate_2,candidate_3,candidate_1,4,0.0225
585,candidate_4,candidate_2,candidate_3,candidate_1,4,0.0225
586,candidate_4,candidate_2,candidate_3,candidate_1,4,0.0225
587,candidate_4,candidate_2,candidate_3,candidate_1,4,0.0225
588,candidate_4,candidate_2,candidate_3,candidate_1,4,0.0225
589,candidate_4,candidate_2,candidate_3,candidate_1,4,0.0225
590,candidate_4,candidate_2,candidate_3,candidate_1,4,0.0225
591,0,candidate_2,candidate_3,candidate_1,4,0.0225
592,candidate_4,candidate_2,candidate_3,candidate_1,4,0.0225
593,candidate_4,candidate_2,candidate_3,candidate_1,4,0.0225
594,candidate_4,candidate_2,candidate_3,candidate_1,4,0.0225
595,candidate_4,0,candidate_3,candidate_1,4,0.0225
596,candidate_4,candidate_2,candidate_3,candidate_1,4,0.0225
597,candidate_4,candidate_2,candidate_3,candidate_1,4,0.0225
598,candidate_4,candidate_2,candidate_3,candidate_1,4,0.0225
599,candidate_4,candidate_2,candidate_3,candidate_1,4,0.0225
600,candidate_4,candidate_2,candidate_3,candidate_1,4,0.0225
601,candidate_4,candidate_2,candidate_3,candidate_1,4,0.0225
602,candidate_4,candidate_2,candidate_3,candidate_1,4,0.0225
603,candidate_4,candidate_2,candidate_3,candidate_1,4,0.0225
604,candidate_4,candidate_2,candidate_3,candidate_1,4,0.0225
605,candidate_4,candidate_2,candidate_3,candidate_1,4,0.0225
606,candidate_4,candidate_2,candidate_3,0,4,0.0225
607,candidate_4,candidate_2,candidate_3,candidate_1,4,0.0225
608,candidate_4,candidate_2,candidate_3,candidate_1,4,0.0225
609,candidate_4,candidate_2,candidate_3,candidate_1,4,0.0225
610,candidate_4,candidate_2,candidate_3,candidate_1,4,0.0225
611,candidate_4,candidate_2,candidate_3,candidate_1,4,0.0225
612,candidate_4,candidate_2,candidate_3,candidate_1,4,0.0225
613,candidate_4,candidate_2,0,candidate_1,4,0.0225
614,0,candidate_2,candidate_3,candidate_1,4,0.0225
615,candidate_4,candidate_2,candidate_3,candidate_1,4,0.0225
616,candidate_4,candidate_2,candidate_3,candidate_1,4,0.0225
617,candidate_4,candidate_2,candidate_3,candidate_1,4,0.0225
618,candidate_4,candidate_2,candidate_3,candidate_1,4,0.0225
619,candidate_4,candidate_2,candidate_3,candidate_1,4,0.0225
620,candidate_4,candidate_2,candidate_3,candidate_1,4,0.0225
621,candidate_4,candidate_2,candidate_3,candidate_1,4,0.0225
622,candidate_4,candidate_2,candidate_3,candidate_1,4,0.0225
623,candidate_4,candidate_2,candidate_3,candidate_1,4,0.0225
624,candidate_4,candidate_2,candidate_3,candidate_1,4,0.0225
625,candidate_4,candidate_2,candidate_3,candidate_1,4,0.0225
626,candidate_4,candidate_2,candidate_3,candidate_1,4,0.0225
627,candidate_4,candidate_2,candidate_3,candidate_1,4,0.0225
628,candidate_4,candidate_2,candidate_3,candidate_1,4,0.0225
629,candidate_4,candidate_2,candidate_3,candidate_1,4,0.0225
630,candidate_4,candidate_2,candidate_3,candidate_1,4,0.0225
631,candidate_4,candidate_2,candidate_3,candidate_1,4,0.0225
0,candidate_4,candidate_3,candidate_1,candidate_2,4,0.0225
1,candidate_4,candidate_3,candidate_1,candidate_2,4,0.0225
2,candidate_4,candidate_3,candidate_1,candidate_2,4,0.0225
3,candidate_4,candidate_3,candidate_1,candidate_2,4,0.0225
4,candidate_4,candidate_3,candidate_1,candidate_2,4,0.0225
5,candidate_4,candidate_3,candidate_1,candidate_2,4,0.0225
6,candidate_4,candidate_3,candidate_1,candidate_2,4,0.0225
7,candidate_4,candidate_3,candidate_1,candidate_2,4,0.0225
8,candidate_4,candidate_3,candidate_1,candidate_2,4,0.0225
9,candidate_4,candidate_3,candidate_1,candidate_2,4,0.0225
10,candidate_4,candidate_3,candidate_1,candidate_2,4,0.0225
11,candidate_4,candidate_3,candidate_1,candidate_2,4,0.0225
12,candidate_4,candidate_3,candidate_1,candidate_2,4,0.0225
13,candidate_4,candidate_3,candidate_1,candidate_2,4,0.0225
14,candidate_4,candidate_3,candidate_1,candidate_2,4,0.0225
15,candidate_4,candidate_3,candidate_1,candidate_2,4,0.0225
16,candidate_4,candidate_3,candidate_1,candidate_2,4,0.0225
17,candidate_4,candidate_3,candidate_1,candidate_2,4,0.0225
18,candidate_4,candidate_3,candidate_1,candidate_2,4,0.0225
19,candidate_4,candidate_3,candidate_1,candidate_2,4,0.0225
20,candidate_4,candidate_3,candidate_1,candidate_2,4,0.0225
21,candidate_4,candidate_3,candidate_1,candidate_2,4,0.0225
22,candidate_4,candidate_3,candidate_1,candidate_2,4,0.0225
23,candidate_4,candidate_3,candidate_1,candidate_2,4,0.0225
24,candidate_4,candidate_3,candidate_1,candidate_2,4,0.0225
25,candidate_4,candidate_3,candidate_1,candidate_2,4,0.0225
26,candidate_4,candidate_3,candidate_1,candidate_2,4,0.0225
27,candidate_4,candidate_3,candidate_1,candidate_2,4,0.0225
28,candidate_4,candidate_3,candidate_1,candidate_2,4,0.0225
29,candidate_4,candidate_3,candidate_1,candidate_2,4,0.0225
30,candidate_4,candidate_3,candidate_1,candidate_2,4,0.0225
31,candidate_4,candidate_3,candidate_1,candidate_2,4,0.0225
32,candidate_4,candidate_3,candidate_1,candidate_2,4,0.0225
33,candidate_4,candidate_3,candidate_1,candidate_2,4,0.0225
34,candidate_4,candidate_3,candidate_1,candidate_2,4,0.0225
35,0,candidate_3,candidate_1,candidate_2,4,0.0225
36,candidate_4,candidate_3,candidate_1,candidate_2,4,0.0225
37,candidate_4,candidate_3,candidate_1,0,4,0.0225
38,candidate_4,candidate_3,candidate_1,candidate_2,4,0.0225
39,candidate_4,candidate_3,candidate_1,candidate_2,4,0.0225
40,candidate_4,candidate_3,candidate_1,candidate_2,4,0.0225
41,candidate_4,candidate_3,candidate_1,candidate_2,4,0.0225
42,candidate_4,0,candidate_1,0,4,0.0225
43,candidate_4,candidate_3,candidate_1,candidate_2,4,0.0225
44,candidate_4,candidate_3,candidate_1,candidate_2,4,0.0225
45,candidate_4,candidate_3,candidate_1,candidate_2,4,0.0225
46,candidate_4,candidate_3,candidate_1,candidate_2,4,0.0225
47,candidate_4,candidate_3,candidate_1,candidate_2,4,0.0225
48,candidate_4,candidate_3,candidate_1,candidate_2,4,0.0225
49,candidate_4,candidate_3,candidate_1,candidate_2,4,0.0225
50,candidate_4,candidate_3,candidate_1,candidate_2,4,0.0225
51,candidate_4,candidate_3,candidate_1,candidate_2,4,0.0225
52,candidate_4,candidate_3,candidate_1,candidate_2,4,0.0225
53,candidate_4,candidate_3,candidate_1,candidate_2,4,0.0225
54,0,candidate_3,0,candidate_2,4,0.0225
55,candidate_4,candidate_3,candidate_1,candidate_2,4,0.0225
56,candidate_4,candidate_3,candidate_1,candidate_2,4,0.0225
57,candidate_4,candidate_3,candidate_1,candidate_2,4,0.0225
58,0,candidate_3,candidate_1,candidate_2,4,0.0225
59,candidate_4,candidate_3,candidate_1,candidate_2,4,0.0225
60,candidate_4,candidate_3,candidate_1,candidate_2,4,0.0225
61,candidate_4,candidate_3,candidate_1,candidate_2,4,0.0225
62,candidate_4,candidate_3,candidate_1,candidate_2,4,0.0225
63,candidate_4,candidate_3,0,candidate_2,4,0.0225
64,candidate_4,candidate_3,candidate_1,candidate_2,4,0.0225
65,candidate_4,candidate_3,candidate_1,candidate_2,4,0.0225
66,candidate_4,candidate_3,candidate_1,candidate_2,4,0.0225
67,candidate_4,candidate_3,candidate_1,candidate_2,4,0.0225
68,candidate_4,candidate_3,candidate_1,candidate_2,4,0.0225
69,candidate_4,candidate_3,candidate_1,candidate_2,4,0.0225
70,candidate_4,candidate_3,candidate_1,candidate_2,4,0.0225
71,candidate_4,candidate_3,candidate_1,candidate_2,4,0.0225
72,candidate_4,candidate_3,candidate_1,candidate_2,4,0.0225
73,candidate_4,candidate_3,0,candidate_2,4,0.0225
74,candidate_4,candidate_3,candidate_1,candidate_2,4,0.0225
75,0,candidate_3,candidate_1,candidate_2,4,0.0225
76,candidate_4,candidate_3,candidate_1,candidate_2,4,0.0225
77,candidate_4,candidate_3,candidate_1,candidate_2,4,0.0225
78,candidate_4,candidate_3,candidate_1,candidate_2,4,0.0225
79,candidate_4,candidate_3,candidate_1,candidate_2,4,0.0225
80,candidate_4,candidate_3,candidate_1,candidate_2,4,0.0225
81,candidate_4,candidate_3,candidate_1,candidate_2,4,0.0225
82,candidate_4,0,candidate_1,candidate_2,4,0.0225
83,candidate_4,candidate_3,candidate_1,candidate_2,4,0.0225
84,candidate_4,candidate_3,candidate_1,candidate_2,4,0.0225
85,candidate_4,candidate_3,candidate_1,candidate_2,4,0.0225
86,candidate_4,candidate_3,candidate_1,candidate_2,4,0.0225
87,candidate_4,candidate_3,candidate_1,candidate_2,4,0.0225
88,candidate_4,candidate_3,candidate_1,candidate_2,4,0.0225
89,candidate_4,candidate_3,candidate_1,candidate_2,4,0.0225
90,candidate_4,candidate_3,candidate_1,candidate_2,4,0.0225
91,candidate_4,candidate_3,candidate_1,candidate_2,4,0.0225
92,candidate_4,candidate_3,candidate_1,candidate_2,4,0.0225
93,candidate_4,candidate_3,candidate_1,candidate_2,4,0.0225
94,candidate_4,candidate_3,candidate_1,candidate_2,4,0.0225
95,candidate_4,candidate_3,candidate_1,candidate_2,4,0.0225
96,candidate_4,candidate_3,candidate_1,candidate_2,4,0.0225
97,candidate_4,candidate_3,candidate_1,candidate_2,4,0.0225
98,candidate_4,candidate_3,candidate_1,candidate_2,4,0.0225
99,candidate_4,candidate_3,candidate_1,candidate_2,4,0.0225
100,candidate_4,candidate_3,0,candidate_2,4,0.0225
101,candidate_4,candidate_3,candidate_1,candidate_2,4,0.0225
102,candidate_4,candidate_3,candidate_1,0,4,0.0225
103,candidate_4,candidate_3,candidate_1,candidate_2,4,0.0225
104,candidate_4,candidate_3,candidate_1,candidate_2,4,0.0225
105,candidate_4,candidate_3,0,candidate_2,4,0.0225
106,candidate_4,candidate_3,candidate_1,candidate_2,4,0.0225
107,candidate_4,candidate_3,candidate_1,candidate_2,4,0.0225
108,candidate_4,candidate_3,candidate_1,candidate_2,4,0.0225
109,candidate_4,candidate_3,candidate_1,candidate_2,4,0.0225
110,candidate_4,candidate_3,candidate_1,candidate_2,4,0.0225
111,candidate_4,candidate_3,candidate_1,candidate_2,4,0.0225
112,candidate_4,candidate_3,candidate_1,candidate_2,4,0.0225
113,candidate_4,candidate_3,candidate_1,candidate_2,4,0.0225
114,candidate_4,candidate_3,candidate_1,candidate_2,4,0.0225
115,candidate_4,candidate_3,candidate_1,candidate_2,4,0.0225
116,candidate_4,candidate_3,0,candidate_2,4,0.0225
117,candidate_4,candidate_3,candidate_1,candidate_2,4,0.0225
118,candidate_4,candidate_3,candidate_1,candidate_2,4,0.0225
119,candidate_4,candidate_3,candidate_1,candidate_2,4,0.0225
120,candidate_4,candidate_3,candidate_1,candidate_2,4,0.0225
121,candidate_4,candidate_3,candidate_1,candidate_2,4,0.0225
122,candidate_4,candidate_3,candidate_1,candidate_2,4,0.0225
123,candidate_4,candidate_3,candidate_1,candidate_2,4,0.0225
124,candidate_4,candidate_3,candidate_1,candidate_2,4,0.0225
125,candidate_4,candidate_3,candidate_1,candidate_2,4,0.0225
126,candidate_4,candidate_3,candidate_1,candidate_2,4,0.0225
127,candidate_4,candidate_3,candidate_1,candidate_2,4,0.0225
128,candidate_4,candidate_3,candidate_1,candidate_2,4,0.0225
129,candidate_4,candidate_3,candidate_1,candidate_2,4,0.0225
130,candidate_4,candidate_3,candidate_1,candidate_2,4,0.0225
131,candidate_4,candidate_3,candidate_1,candidate_2,4,0.0225
132,candidate_4,candidate_3,candidate_1,candidate_2,4,0.0225
133,candidate_4,candidate_3,candidate_1,candidate_2,4,0.0225
134,candidate_4,candidate_3,candidate_1,candidate_2,4,0.0225
135,candidate_4,candidate_3,candidate_1,candidate_2,4,0.0225
136,candidate_4,candidate_3,candidate_1,candidate_2,4,0.0225
137,candidate_4,candidate_3,candidate_1,candidate_2,4,0.0225
138,candidate_4,candidate_3,candidate_1,candidate_2,4,0.0225
139,candidate_4,candidate_3,candidate_1,candidate_2,4,0.0225
140,candidate_4,candidate_3,candidate_1,candidate_2,4,0.0225
141,candidate_4,candidate_3,candidate_1,candidate_2,4,0.0225
142,candidate_4,candidate_3,candidate_1,candidate_2,4,0.0225
143,candidate_4,candidate_3,candidate_1,candidate_2,4,0.0225
144,candidate_4,candidate_3,candidate_1,candidate_2,4,0.0225
145,candidate_4,candidate_3,candidate_1,candidate_2,4,0.0225
146,candidate_4,candidate_3,candidate_1,candidate_2,4,0.0225
147,candidate_4,candidate_3,candidate_1,candidate_2,4,0.0225
148,candidate_4,candidate_3,candidate_1,candidate_2,4,0.0225
149,candidate_4,candidate_3,candidate_1,candidate_2,4,0.0225
150,candidate_4,candidate_3,candidate_1,candidate_2,4,0.0225
151,candidate_4,candidate_3,candidate_1,candidate_2,4,0.0225
152,candidate_4,candidate_3,candidate_1,candidate_2,4,0.0225
153,candidate_4,candidate_3,candidate_1,candidate_2,4,0.0225
154,candidate_4,candidate_3,candidate_1,candidate_2,4,0.0225
155,candidate_4,candidate_3,candidate_1,candidate_2,4,0.0225
156,candidate_4,candidate_3,candidate_1,candidate_2,4,0.0225
157,candidate_4,candidate_3,candidate_1,candidate_2,4,0.0225
158,candidate_4,candidate_3,candidate_1,candidate_2,4,0.0225
159,candidate_4,candidate_3,candidate_1,candidate_2,4,0.0225
160,candidate_4,candidate_3,candidate_1,candidate_2,4,0.0225
161,candidate_4,candidate_3,candidate_1,candidate_2,4,0.0225
162,candidate_4,candidate_3,candidate_1,candidate_2,4,0.0225
163,candidate_4,candidate_3,candidate_1,0,4,0.0225
164,candidate_4,candidate_3,candidate_1,candidate_2,4,0.0225
165,candidate_4,candidate_3,candidate_1,candidate_2,4,0.0225
166,candidate_4,candidate_3,candidate_1,candidate_2,4,0.0225
167,candidate_4,candidate_3,candidate_1,candidate_2,4,0.0225
168,candidate_4,candidate_3,candidate_1,candidate_2,4,0.0225
169,candidate_4,0,candidate_1,candidate_2,4,0.0225
170,candidate_4,candidate_3,candidate_1,candidate_2,4,0.0225
171,candidate_4,candidate_3,candidate_1,candidate_2,4,0.0225
172,candidate_4,candidate_3,0,candidate_2,4,0.0225
173,candidate_4,candidate_3,candidate_1,candidate_2,4,0.0225
174,candidate_4,candidate_3,candidate_1,candidate_2,4,0.0225
175,candidate_4,candidate_3,candidate_1,candidate_2,4,0.0225
176,candidate_4,candidate_3,candidate_1,candidate_2,4,0.0225
177,0,candidate_3,candidate_1,candidate_2,4,0.0225
178,0,candidate_3,candidate_1,candidate_2,4,0.0225
179,candidate_4,candidate_3,candidate_1,candidate_2,4,0.0225
180,candidate_4,candidate_3,candidate_1,candidate_2,4,0.0225
181,0,candidate_3,candidate_1,candidate_2,4,0.0225
182,candidate_4,candidate_3,candidate_1,candidate_2,4,0.0225
183,candidate_4,candidate_3,candidate_1,candidate_2,4,0.0225
184,candidate_4,candidate_3,candidate_1,candidate_2,4,0.0225
185,0,candidate_3,candidate_1,candidate_2,4,0.0225
186,candidate_4,candidate_3,candidate_1,candidate_2,4,0.0225
187,candidate_4,candidate_3,candidate_1,candidate_2,4,0.0225
188,candidate_4,candidate_3,candidate_1,candidate_2,4,0.0225
189,candidate_4,candidate_3,candidate_1,candidate_2,4,0.0225
190,candidate_4,candidate_3,candidate_1,candidate_2,4,0.0225
191,candidate_4,candidate_3,candidate_1,candidate_2,4,0.0225
192,candidate_4,candidate_3,candidate_1,candidate_2,4,0.0225
193,candidate_4,candidate_3,candidate_1,candidate_2,4,0.0225
194,candidate_4,candidate_3,candidate_1,candidate_2,4,0.0225
195,candidate_4,candidate_3,candidate_1,candidate_2,4,0.0225
196,candidate_4,candidate_3,candidate_1,candidate_2,4,0.0225
197,candidate_4,candidate_3,candidate_1,candidate_2,4,0.0225
198,candidate_4,candidate_3,candidate_1,candidate_2,4,0.0225
199,candidate_4,candidate_3,0,candidate_2,4,0.0225
200,candidate_4,candidate_3,candidate_1,candidate_2,4,0.0225
201,candidate_4,candidate_3,candidate_1,candidate_2,4,0.0225
202,candidate_4,candidate_3,0,candidate_2,4,0.0225
203,candidate_4,candidate_3,candidate_1,candidate_2,4,0.0225
204,candidate_4,candidate_3,candidate_1,candidate_2,4,0.0225
205,candidate_4,candidate_3,candidate_1,candidate_2,4,0.0225
206,candidate_4,candidate_3,candidate_1,candidate_2,4,0.0225
207,candidate_4,candidate_3,candidate_1,candidate_2,4,0.0225
208,candidate_4,candidate_3,candidate_1,candidate_2,4,0.0225
209,candidate_4,candidate_3,candidate_1,candidate_2,4,0.0225
210,candidate_4,candidate_3,candidate_1,candidate_2,4,0.0225
211,candidate_4,candidate_3,candidate_1,candidate_2,4,0.0225
212,candidate_4,candidate_3,candidate_1,candidate_2,4,0.0225
213,candidate_4,candidate_3,candidate_1,candidate_2,4,0.0225
214,candidate_4,candidate_3,candidate_1,candidate_2,4,0.0225
215,candidate_4,candidate_3,candidate_1,candidate_2,4,0.0225
216,candidate_4,candidate_3,candidate_1,candidate_2,4,0.0225
217,candidate_4,candidate_3,candidate_1,candidate_2,4,0.0225
218,candidate_4,candidate_3,candidate_1,candidate_2,4,0.0225
219,candidate_4,candidate_3,candidate_1,candidate_2,4,0.0225
220,candidate_4,candidate_3,candidate_1,candidate_2,4,0.0225
221,candidate_4,candidate_3,candidate_1,candidate_2,4,0.0225
222,candidate_4,candidate_3,candidate_1,candidate_2,4,0.0225
223,candidate_4,candidate_3,candidate_1,candidate_2,4,0.0225
224,candidate_4,candidate_3,candidate_1,candidate_2,4,0.0225
225,candidate_4,candidate_3,candidate_1,candidate_2,4,0.0225
226,candidate_4,candidate_3,candidate_1,candidate_2,4,0.0225
227,candidate_4,candidate_3,candidate_1,candidate_2,4,0.0225
228,candidate_4,candidate_3,candidate_1,candidate_2,4,0.0225
229,candidate_4,candidate_3,candidate_1,candidate_2,4,0.0225
230,candidate_4,candidate_3,candidate_1,candidate_2,4,0.0225
231,candidate_4,candidate_3,candidate_1,candidate_2,4,0.0225
232,candidate_4,candidate_3,candidate_1,candidate_2,4,0.0225
233,candidate_4,candidate_3,candidate_1,candidate_2,4,0.0225
234,candidate_4,candidate_3,candidate_1,candidate_2,4,0.0225
235,candidate_4,candidate_3,candidate_1,candidate_2,4,0.0225
236,candidate_4,candidate_3,candidate_1,candidate_2,4,0.0225
237,candidate_4,candidate_3,candidate_1,candidate_2,4,0.0225
238,candidate_4,candidate_3,candidate_1,candidate_2,4,0.0225
239,candidate_4,candidate_3,candidate_1,candidate_2,4,0.0225
240,candidate_4,candidate_3,candidate_1,candidate_2,4,0.0225
241,candidate_4,candidate_3,candidate_1,candidate_2,4,0.0225
242,candidate_4,candidate_3,candidate_1,candidate_2,4,0.0225
243,candidate_4,candidate_3,candidate_1,candidate_2,4,0.0225
244,candidate_4,candidate_3,candidate_1,candidate_2,4,0.0225
245,candidate_4,candidate_3,candidate_1,candidate_2,4,0.0225
246,candidate_4,candidate_3,candidate_1,candidate_2,4,0.0225
247,candidate_4,candidate_3,candidate_1,candidate_2,4,0.0225
248,candidate_4,candidate_3,candidate_1,candidate_2,4,0.0225
249,candidate_4,candidate_3,candidate_1,candidate_2,4,0.0225
250,candidate_4,candidate_3,candidate_1,candidate_2,4,0.0225
251,candidate_4,candidate_3,candidate_1,candidate_2,4,0.0225
252,candidate_4,candidate_3,candidate_1,candidate_2,4,0.0225
253,candidate_4,candidate_3,candidate_1,candidate_2,4,0.0225
254,candidate_4,candidate_3,candidate_1,candidate_2,4,0.0225
255,candidate_4,candidate_3,candidate_1,candidate_2,4,0.0225
256,candidate_4,candidate_3,candidate_1,candidate_2,4,0.0225
257,candidate_4,candidate_3,candidate_1,candidate_2,4,0.0225
258,candidate_4,candidate_3,candidate_1,candidate_2,4,0.0225
259,candidate_4,candidate_3,candidate_1,candidate_2,4,0.0225
260,candidate_4,candidate_3,candidate_1,candidate_2,4,0.0225
261,candidate_4,candidate_3,candidate_1,candidate_2,4,0.0225
262,candidate_4,candidate_3,candidate_1,candidate_2,4,0.0225
263,candidate_4,candidate_3,candidate_1,candidate_2,4,0.0225
264,candidate_4,candidate_3,candidate_1,candidate_2,4,0.0225
265,candidate_4,candidate_3,candidate_1,candidate_2,4,0.0225
266,candidate_4,candidate_3,candidate_1,candidate_2,4,0.0225
267,candidate_4,candidate_3,candidate_1,candidate_2,4,0.0225
268,candidate_4,candidate_3,candidate_1,candidate_2,4,0.0225
269,candidate_4,candidate_3,candidate_1,candidate_2,4,0.0225
270,candidate_4,candidate_3,candidate_1,candidate_2,4,0.0225
271,candidate_4,candidate_3,candidate_1,candidate_2,4,0.0225
272,candidate_4,candidate_3,candidate_1,candidate_2,4,0.0225
273,candidate_4,candidate_3,candidate_1,candidate_2,4,0.0225
274,candidate_4,candidate_3,candidate_1,candidate_2,4,0.0225
275,candidate_4,candidate_3,candidate_1,candidate_2,4,0.0225
276,candidate_4,candidate_3,candidate_1,candidate_2,4,0.0225
277,candidate_4,candidate_3,candidate_1,candidate_2,4,0.0225
278,candidate_4,candidate_3,candidate_1,candidate_2,4,0.0225
279,candidate_4,candidate_3,candidate_1,candidate_2,4,0.0225
280,candidate_4,candidate_3,candidate_1,candidate_2,4,0.0225
281,candidate_4,candidate_3,candidate_1,candidate_2,4,0.0225
282,candidate_4,candidate_3,candidate_1,candidate_2,4,0.0225
283,candidate_4,candidate_3,candidate_1,candidate_2,4,0.0225
284,candidate_4,candidate_3,candidate_1,candidate_2,4,0.0225
285,candidate_4,candidate_3,candidate_1,candidate_2,4,0.0225
286,candidate_4,candidate_3,candidate_1,candidate_2,4,0.0225
287,candidate_4,candidate_3,candidate_1,candidate_2,4,0.0225
288,candidate_4,candidate_3,candidate_1,candidate_2,4,0.0225
289,candidate_4,candidate_3,candidate_1,candidate_2,4,0.0225
290,candidate_4,candidate_3,candidate_1,candidate_2,4,0.0225
291,candidate_4,candidate_3,candidate_1,candidate_2,4,0.0225
292,candidate_4,candidate_3,candidate_1,candidate_2,4,0.0225
293,candidate_4,candidate_3,candidate_1,candidate_2,4,0.0225
294,candidate_4,candidate_3,candidate_1,candidate_2,4,0.0225
295,0,candidate_3,candidate_1,candidate_2,4,0.0225
296,candidate_4,candidate_3,candidate_1,candidate_2,4,0.0225
297,candidate_4,candidate_3,candidate_1,candidate_2,4,0.0225
298,candidate_4,candidate_3,candidate_1,candidate_2,4,0.0225
299,candidate_4,candidate_3,candidate_1,candidate_2,4,0.0225
300,candidate_4,candidate_3,candidate_1,candidate_2,4,0.0225
301,candidate_4,candidate_3,candidate_1,candidate_2,4,0.0225
302,candidate_4,candidate_3,candidate_1,candidate_2,4,0.0225
303,candidate_4,candidate_3,candidate_1,candidate_2,4,0.0225
304,candidate_4,candidate_3,candidate_1,candidate_2,4,0.0225
305,candidate_4,candidate_3,candidate_1,candidate_2,4,0.0225
306,candidate_4,candidate_3,candidate_1,candidate_2,4,0.0225
307,candidate_4,candidate_3,candidate_1,candidate_2,4,0.0225
308,candidate_4,candidate_3,candidate_1,candidate_2,4,0.0225
309,candidate_4,candidate_3,candidate_1,candidate_2,4,0.0225
310,candidate_4,candidate_3,candidate_1,candidate_2,4,0.0225
311,candidate_4,candidate_3,candidate_1,candidate_2,4,0.0225
312,candidate_4,candidate_3,candidate_1,candidate_2,4,0.0225
313,candidate_4,candidate_3,candidate_1,candidate_2,4,0.0225
314,candidate_4,candidate_3,candidate_1,candidate_2,4,0.0225
315,candidate_4,candidate_3,candidate_1,candidate_2,4,0.0225
316,candidate_4,candidate_3,candidate_1,candidate_2,4,0.0225
317,candidate_4,candidate_3,candidate_1,candidate_2,4,0.0225
318,candidate_4,candidate_3,candidate_1,candidate_2,4,0.0225
319,candidate_4,0,candidate_1,candidate_2,4,0.0225
320,candidate_4,candidate_3,candidate_1,candidate_2,4,0.0225
321,candidate_4,candidate_3,candidate_1,candidate_2,4,0.0225
322,candidate_4,candidate_3,candidate_1,candidate_2,4,0.0225
323,candidate_4,candidate_3,candidate_1,candidate_2,4,0.0225
324,candidate_4,candidate_3,candidate_1,candidate_2,4,0.0225
325,candidate_4,candidate_3,candidate_1,candidate_2,4,0.0225
326,candidate_4,candidate_3,candidate_1,candidate_2,4,0.0225
327,candidate_4,candidate_3,candidate_1,candidate_2,4,0.0225
328,candidate_4,candidate_3,candidate_1,candidate_2,4,0.0225
329,candidate_4,candidate_3,candidate_1,candidate_2,4,0.0225
330,candidate_4,candidate_3,candidate_1,candidate_2,4,0.0225
331,candidate_4,candidate_3,candidate_1,candidate_2,4,0.0225
332,candidate_4,candidate_3,candidate_1,candidate_2,4,0.0225
333,candidate_4,candidate_3,candidate_1,candidate_2,4,0.0225
334,candidate_4,candidate_3,candidate_1,candidate_2,4,0.0225
335,candidate_4,candidate_3,candidate_1,candidate_2,4,0.0225
336,candidate_4,candidate_3,candidate_1,candidate_2,4,0.0225
337,candidate_4,candidate_3,candidate_1,candidate_2,4,0.0225
338,candidate_4,candidate_3,candidate_1,candidate_2,4,0.0225
339,candidate_4,candidate_3,0,candidate_2,4,0.0225
340,candidate_4,candidate_3,candidate_1,candidate_2,4,0.0225
341,candidate_4,candidate_3,candidate_1,candidate_2,4,0.0225
342,candidate_4,candidate_3,candidate_1,candidate_2,4,0.0225
343,candidate_4,candidate_3,candidate_1,candidate_2,4,0.0225
344,candidate_4,candidate_3,candidate_1,candidate_2,4,0.0225
345,candidate_4,candidate_3,candidate_1,candidate_2,4,0.0225
346,candidate_4,candidate_3,candidate_1,candidate_2,4,0.0225
347,candidate_4,candidate_3,0,candidate_2,4,0.0225
348,candidate_4,candidate_3,candidate_1,candidate_2,4,0.0225
349,candidate_4,0,candidate_1,candidate_2,4,0.0225
350,candidate_4,candidate_3,candidate_1,candidate_2,4,0.0225
351,candidate_4,candidate_3,candidate_1,candidate_2,4,0.0225
352,candidate_4,candidate_3,candidate_1,candidate_2,4,0.0225
353,candidate_4,candidate_3,candidate_1,candidate_2,4,0.0225
354,candidate_4,candidate_3,candidate_1,candidate_2,4,0.0225
355,candidate_4,candidate_3,candidate_1,candidate_2,4,0.0225
356,candidate_4,candidate_3,candidate_1,candidate_2,4,0.0225
357,candidate_4,candidate_3,candidate_1,candidate_2,4,0.0225
358,candidate_4,candidate_3,candidate_1,candidate_2,4,0.0225
359,candidate_4,candidate_3,candidate_1,candidate_2,4,0.0225
360,candidate_4,candidate_3,candidate_1,0,4,0.0225
361,candidate_4,candidate_3,candidate_1,candidate_2,4,0.0225
362,candidate_4,candidate_3,candidate_1,candidate_2,4,0.0225
363,candidate_4,candidate_3,candidate_1,candidate_2,4,0.0225
364,candidate_4,candidate_3,candidate_1,candidate_2,4,0.0225
365,candidate_4,candidate_3,candidate_1,candidate_2,4,0.0225
366,candidate_4,candidate_3,candidate_1,candidate_2,4,0.0225
367,candidate_4,candidate_3,candidate_1,candidate_2,4,0.0225
368,candidate_4,candidate_3,candidate_1,candidate_2,4,0.0225
369,candidate_4,candidate_3,0,candidate_2,4,0.0225
370,candidate_4,candidate_3,candidate_1,candidate_2,4,0.0225
371,candidate_4,candidate_3,candidate_1,candidate_2,4,0.0225
372,candidate_4,candidate_3,candidate_1,candidate_2,4,0.0225
373,candidate_4,candidate_3,candidate_1,candidate_2,4,0.0225
374,candidate_4,candidate_3,candidate_1,candidate_2,4,0.0225
375,candidate_4,candidate_3,candidate_1,candidate_2,4,0.0225
376,candidate_4,candidate_3,candidate_1,candidate_2,4,0.0225
377,candidate_4,candidate_3,candidate_1,candidate_2,4,0.0225
378,candidate_4,candidate_3,candidate_1,candidate_2,4,0.0225
379,candidate_4,candidate_3,candidate_1,candidate_2,4,0.0225
380,candidate_4,candidate_3,candidate_1,candidate_2,4,0.0225
381,candidate_4,candidate_3,candidate_1,candidate_2,4,0.0225
382,candidate_4,candidate_3,candidate_1,candidate_2,4,0.0225
383,candidate_4,candidate_3,candidate_1,candidate_2,4,0.0225
384,candidate_4,candidate_3,candidate_1,candidate_2,4,0.0225
385,candidate_4,candidate_3,candidate_1,candidate_2,4,0.0225
386,candidate_4,candidate_3,candidate_1,candidate_2,4,0.0225
387,candidate_4,candidate_3,candidate_1,candidate_2,4,0.0225
388,candidate_4,candidate_3,candidate_1,candidate_2,4,0.0225
389,candidate_4,candidate_3,candidate_1,candidate_2,4,0.0225
390,candidate_4,candidate_3,candidate_1,candidate_2,4,0.0225
391,candidate_4,candidate_3,candidate_1,candidate_2,4,0.0225
392,candidate_4,candidate_3,candidate_1,candidate_2,4,0.0225
393,candidate_4,candidate_3,candidate_1,candidate_2,4,0.0225
394,candidate_4,candidate_3,candidate_1,candidate_2,4,0.0225
395,candidate_4,0,candidate_1,candidate_2,4,0.0225
396,candidate_4,candidate_3,candidate_1,candidate_2,4,0.0225
397,candidate_4,candidate_3,candidate_1,candidate_2,4,0.0225
398,candidate_4,candidate_3,candidate_1,candidate_2,4,0.0225
399,candidate_4,candidate_3,candidate_1,candidate_2,4,0.0225
400,candidate_4,candidate_3,candidate_1,candidate_2,4,0.0225
401,candidate_4,candidate_3,candidate_1,candidate_2,4,0.0225
402,0,candidate_3,candidate_1,candidate_2,4,0.0225
403,candidate_4,candidate_3,candidate_1,candidate_2,4,0.0225
404,candidate_4,candidate_3,candidate_1,candidate_2,4,0.0225
405,candidate_4,candidate_3,candidate_1,0,4,0.0225
406,candidate_4,candidate_3,candidate_1,candidate_2,4,0.0225
407,candidate_4,candidate_3,candidate_1,candidate_2,4,0.0225
408,candidate_4,candidate_3,candidate_1,candidate_2,4,0.0225
409,candidate_4,candidate_3,candidate_1,candidate_2,4,0.0225
410,candidate_4,candidate_3,candidate_1,candidate_2,4,0.0225
411,candidate_4,candidate_3,candidate_1,candidate_2,4,0.0225
412,candidate_4,candidate_3,candidate_1,0,4,0.0225
413,candidate_4,candidate_3,candidate_1,0,4,0.0225
414,candidate_4,candidate_3,candidate_1,candidate_2,4,0.0225
415,candidate_4,candidate_3,candidate_1,candidate_2,4,0.0225
416,candidate_4,candidate_3,candidate_1,candidate_2,4,0.0225
417,candidate_4,candidate_3,candidate_1,candidate_2,4,0.0225
418,candidate_4,candidate_3,candidate_1,candidate_2,4,0.0225
419,candidate_4,candidate_3,candidate_1,candidate_2,4,0.0225
420,candidate_4,candidate_3,candidate_1,candidate_2,4,0.0225
421,candidate_4,candidate_3,candidate_1,candidate_2,4,0.0225
422,candidate_4,candidate_3,candidate_1,candidate_2,4,0.0225
423,candidate_4,candidate_3,candidate_1,candidate_2,4,0.0225
424,candidate_4,candidate_3,candidate_1,candidate_2,4,0.0225
425,candidate_4,candidate_3,candidate_1,candidate_2,4,0.0225
426,candidate_4,candidate_3,0,candidate_2,4,0.0225
427,candidate_4,candidate_3,candidate_1,candidate_2,4,0.0225
428,candidate_4,candidate_3,0,candidate_2,4,0.0225
429,candidate_4,candidate_3,candidate_1,candidate_2,4,0.0225
430,candidate_4,candidate_3,candidate_1,candidate_2,4,0.0225
431,candidate_4,candidate_3,candidate_1,candidate_2,4,0.0225
432,candidate_4,candidate_3,candidate_1,candidate_2,4,0.0225
433,candidate_4,candidate_3,0,candidate_2,4,0.0225
434,candidate_4,candidate_3,candidate_1,candidate_2,4,0.0225
435,candidate_4,candidate_3,candidate_1,candidate_2,4,0.0225
436,candidate_4,candidate_3,candidate_1,candidate_2,4,0.0225
437,candidate_4,candidate_3,candidate_1,candidate_2,4,0.0225
438,candidate_4,candidate_3,0,candidate_2,4,0.0225
439,candidate_4,candidate_3,candidate_1,candidate_2,4,0.0225
440,candidate_4,candidate_3,candidate_1,candidate_2,4,0.0225
441,candidate_4,candidate_3,candidate_1,candidate_2,4,0.0225
442,candidate_4,candidate_3,candidate_1,candidate_2,4,0.0225
443,candidate_4,candidate_3,candidate_1,candidate_2,4,0.0225
444,candidate_4,candidate_3,candidate_1,candidate_2,4,0.0225
445,candidate_4,candidate_3,candidate_1,candidate_2,4,0.0225
446,candidate_4,candidate_3,candidate_1,candidate_2,4,0.0225
447,candidate_4,0,candidate_1,candidate_2,4,0.0225
448,0,candidate_3,candidate_1,candidate_2,4,0.0225
449,candidate_4,candidate_3,candidate_1,candidate_2,4,0.0225
450,candidate_4,candidate_3,candidate_1,candidate_2,4,0.0225
451,candidate_4,candidate_3,candidate_1,candidate_2,4,0.0225
452,candidate_4,candidate_3,candidate_1,candidate_2,4,0.0225
453,candidate_4,candidate_3,candidate_1,candidate_2,4,0.0225
454,candidate_4,candidate_3,candidate_1,candidate_2,4,0.0225
455,candidate_4,candidate_3,candidate_1,candidate_2,4,0.0225
456,candidate_4,candidate_3,candidate_1,candidate_2,4,0.0225
457,candidate_4,candidate_3,candidate_1,candidate_2,4,0.0225
458,candidate_4,candidate_3,candidate_1,candidate_2,4,0.0225
459,candidate_4,candidate_3,candidate_1,candidate_2,4,0.0225
460,candidate_4,candidate_3,candidate_1,candidate_2,4,0.0225
461,candidate_4,candidate_3,candidate_1,candidate_2,4,0.0225
462,candidate_4,candidate_3,candidate_1,candidate_2,4,0.0225
463,candidate_4,candidate_3,candidate_1,candidate_2,4,0.0225
464,candidate_4,candidate_3,candidate_1,candidate_2,4,0.0225
465,candidate_4,candidate_3,candidate_1,candidate_2,4,0.0225
466,candidate_4,candidate_3,candidate_1,candidate_2,4,0.0225
467,candidate_4,candidate_3,candidate_1,candidate_2,4,0.0225
468,candidate_4,candidate_3,candidate_1,candidate_2,4,0.0225
469,candidate_4,candidate_3,candidate_1,candidate_2,4,0.0225
470,candidate_4,candidate_3,candidate_1,candidate_2,4,0.0225
471,candidate_4,candidate_3,candidate_1,candidate_2,4,0.0225
472,candidate_4,candidate_3,candidate_1,candidate_2,4,0.0225
473,candidate_4,candidate_3,candidate_1,candidate_2,4,0.0225
474,candidate_4,candidate_3,candidate_1,candidate_2,4,0.0225
475,candidate_4,candidate_3,candidate_1,candidate_2,4,0.0225
476,candidate_4,candidate_3,candidate_1,candidate_2,4,0.0225
477,candidate_4,candidate_3,candidate_1,candidate_2,4,0.0225
478,candidate_4,candidate_3,candidate_1,candidate_2,4,0.0225
479,candidate_4,candidate_3,candidate_1,candidate_2,4,0.0225
480,candidate_4,candidate_3,candidate_1,candidate_2,4,0.0225
481,candidate_4,candidate_3,candidate_1,candidate_2,4,0.0225
482,candidate_4,candidate_3,candidate_1,candidate_2,4,0.0225
483,candidate_4,candidate_3,candidate_1,candidate_2,4,0.0225
484,candidate_4,candidate_3,candidate_1,candidate_2,4,0.0225
485,candidate_4,candidate_3,candidate_1,candidate_2,4,0.0225
486,candidate_4,candidate_3,candidate_1,candidate_2,4,0.0225
487,candidate_4,candidate_3,candidate_1,candidate_2,4,0.0225
488,candidate_4,candidate_3,candidate_1,candidate_2,4,0.0225
489,candidate_4,candidate_3,candidate_1,candidate_2,4,0.0225
490,candidate_4,candidate_3,candidate_1,candidate_2,4,0.0225
491,candidate_4,candidate_3,candidate_1,candidate_2,4,0.0225
492,candidate_4,candidate_3,candidate_1,candidate_2,4,0.0225
493,candidate_4,candidate_3,candidate_1,candidate_2,4,0.0225
494,candidate_4,candidate_3,candidate_1,candidate_2,4,0.0225
495,candidate_4,candidate_3,candidate_1,candidate_2,4,0.0225
496,candidate_4,candidate_3,candidate_1,candidate_2,4,0.0225
497,candidate_4,candidate_3,candidate_1,candidate_2,4,0.0225
498,candidate_4,candidate_3,candidate_1,candidate_2,4,0.0225
499,candidate_4,candidate_3,candidate_1,candidate_2,4,0.0225
500,candidate_4,candidate_3,candidate_1,candidate_2,4,0.0225
501,candidate_4,candidate_3,candidate_1,candidate_2,4,0.0225
502,candidate_4,candidate_3,candidate_1,candidate_2,4,0.0225
503,candidate_4,candidate_3,candidate_1,candidate_2,4,0.0225
504,0,candidate_3,candidate_1,candidate_2,4,0.0225
505,candidate_4,candidate_3,candidate_1,candidate_2,4,0.0225
506,candidate_4,candidate_3,candidate_1,candidate_2,4,0.0225
507,candidate_4,candidate_3,candidate_1,candidate_2,4,0.0225
508,candidate_4,candidate_3,0,candidate_2,4,0.0225
509,candidate_4,candidate_3,candidate_1,candidate_2,4,0.0225
510,candidate_4,candidate_3,candidate_1,candidate_2,4,0.0225
511,candidate_4,candidate_3,candidate_1,candidate_2,4,0.0225
512,candidate_4,candidate_3,candidate_1,candidate_2,4,0.0225
513,candidate_4,candidate_3,candidate_1,candidate_2,4,0.0225
514,candidate_4,candidate_3,candidate_1,candidate_2,4,0.0225
515,candidate_4,0,candidate_1,candidate_2,4,0.0225
516,candidate_4,candidate_3,candidate_1,candidate_2,4,0.0225
517,candidate_4,candidate_3,candidate_1,candidate_2,4,0.0225
518,candidate_4,candidate_3,0,candidate_2,4,0.0225
519,candidate_4,candidate_3,candidate_1,candidate_2,4,0.0225
520,0,candidate_3,candidate_1,candidate_2,4,0.0225
521,candidate_4,candidate_3,candidate_1,candidate_2,4,0.0225
522,candidate_4,candidate_3,candidate_1,candidate_2,4,0.0225
523,candidate_4,candidate_3,candidate_1,candidate_2,4,0.0225
524,candidate_4,candidate_3,candidate_1,candidate_2,4,0.0225
525,candidate_4,candidate_3,candidate_1,candidate_2,4,0.0225
526,candidate_4,candidate_3,candidate_1,candidate_2,4,0.0225
527,candidate_4,candidate_3,candidate_1,0,4,0.0225
528,candidate_4,candidate_3,candidate_1,candidate_2,4,0.0225
529,candidate_4,candidate_3,candidate_1,candidate_2,4,0.0225
530,candidate_4,candidate_3,candidate_1,candidate_2,4,0.0225
531,candidate_4,candidate_3,candidate_1,candidate_2,4,0.0225
532,candidate_4,candidate_3,candidate_1,candidate_2,4,0.0225
533,candidate_4,candidate_3,candidate_1,candidate_2,4,0.0225
534,candidate_4,candidate_3,candidate_1,candidate_2,4,0.0225
535,candidate_4,candidate_3,candidate_1,candidate_2,4,0.0225
536,candidate_4,candidate_3,candidate_1,candidate_2,4,0.0225
537,candidate_4,candidate_3,candidate_1,candidate_2,4,0.0225
538,candidate_4,candidate_3,candidate_1,candidate_2,4,0.0225
539,candidate_4,0,candidate_1,candidate_2,4,0.0225
540,candidate_4,candidate_3,candidate_1,candidate_2,4,0.0225
541,candidate_4,candidate_3,candidate_1,candidate_2,4,0.0225
542,candidate_4,candidate_3,candidate_1,candidate_2,4,0.0225
543,candidate_4,candidate_3,candidate_1,candidate_2,4,0.0225
544,candidate_4,candidate_3,candidate_1,candidate_2,4,0.0225
545,candidate_4,candidate_3,0,candidate_2,4,0.0225
546,candidate_4,candidate_3,candidate_1,candidate_2,4,0.0225
547,candidate_4,candidate_3,candidate_1,candidate_2,4,0.0225
548,candidate_4,candidate_3,candidate_1,candidate_2,4,0.0225
549,0,candidate_3,candidate_1,candidate_2,4,0.0225
550,candidate_4,candidate_3,candidate_1,candidate_2,4,0.0225
551,candidate_4,candidate_3,candidate_1,candidate_2,4,0.0225
552,candidate_4,candidate_3,candidate_1,candidate_2,4,0.0225
553,candidate_4,candidate_3,0,candidate_2,4,0.0225
554,candidate_4,candidate_3,candidate_1,candidate_2,4,0.0225
555,candidate_4,candidate_3,candidate_1,candidate_2,4,0.0225
556,candidate_4,candidate_3,candidate_1,candidate_2,4,0.0225
557,candidate_4,candidate_3,candidate_1,candidate_2,4,0.0225
558,candidate_4,candidate_3,candidate_1,candidate_2,4,0.0225
559,candidate_4,candidate_3,candidate_1,candidate_2,4,0.0225
560,candidate_4,candidate_3,candidate_1,candidate_2,4,0.0225
561,candidate_4,candidate_3,candidate_1,candidate_2,4,0.0225
562,candidate_4,candidate_3,candidate_1,candidate_2,4,0.0225
563,candidate_4,candidate_3,candidate_1,candidate_2,4,0.0225
564,candidate_4,candidate_3,candidate_1,candidate_2,4,0.0225
565,candidate_4,candidate_3,candidate_1,candidate_2,4,0.0225
566,candidate_4,candidate_3,candidate_1,candidate_2,4,0.0225
567,candidate_4,candidate_3,candidate_1,candidate_2,4,0.0225
568,candidate_4,candidate_3,candidate_1,candidate_2,4,0.0225
569,candidate_4,candidate_3,candidate_1,candidate_2,4,0.0225
570,candidate_4,candidate_3,candidate_1,candidate_2,4,0.0225
571,candidate_4,candidate_3,candidate_1,candidate_2,4,0.0225
572,candidate_4,candidate_3,0,candidate_2,4,0.0225
573,candidate_4,candidate_3,candidate_1,candidate_2,4,0.0225
574,0,candidate_3,candidate_1,candidate_2,4,0.0225
575,candidate_4,candidate_3,candidate_1,candidate_2,4,0.0225
576,candidate_4,candidate_3,candidate_1,candidate_2,4,0.0225
577,candidate_4,candidate_3,candidate_1,candidate_2,4,0.0225
578,0,candidate_3,candidate_1,candidate_2,4,0.0225
579,candidate_4,candidate_3,candidate_1,candidate_2,4,0.0225
580,candidate_4,candidate_3,candidate_1,candidate_2,4,0.0225
581,candidate_4,candidate_3,candidate_1,candidate_2,4,0.0225
582,candidate_4,candidate_3,candidate_1,candidate_2,4,0.0225
583,candidate_4,candidate_3,candidate_1,candidate_2,4,0.0225
584,candidate_4,candidate_3,candidate_1,candidate_2,4,0.0225
585,candidate_4,candidate_3,candidate_1,candidate_2,4,0.0225
586,candidate_4,candidate_3,candidate_1,candidate_2,4,0.0225
587,candidate_4,candidate_3,candidate_1,candidate_2,4,0.0225
588,candidate_4,candidate_3,candidate_1,candidate_2,4,0.0225
589,candidate_4,candidate_3,candidate_1,0,4,0.0225
590,candidate_4,candidate_3,candidate_1,candidate_2,4,0.0225
591,candidate_4,candidate_3,candidate_1,candidate_2,4,0.0225
592,candidate_4,candidate_3,candidate_1,candidate_2,4,0.0225
593,candidate_4,candidate_3,candidate_1,candidate_2,4,0.0225
594,candidate_4,0,candidate_1,candidate_2,4,0.0225
595,candidate_4,candidate_3,candidate_1,candidate_2,4,0.0225
596,candidate_4,candidate_3,candidate_1,candidate_2,4,0.0225
597,candidate_4,candidate_3,candidate_1,candidate_2,4,0.0225
598,candidate_4,candidate_3,candidate_1,candidate_2,4,0.0225
599,candidate_4,candidate_3,candidate_1,candidate_2,4,0.0225
600,candidate_4,candidate_3,candidate_1,candidate_2,4,0.0225
601,candidate_4,candidate_3,candidate_1,candidate_2,4,0.0225
602,candidate_4,candidate_3,candidate_1,candidate_2,4,0.0225
603,0,candidate_3,candidate_1,candidate_2,4,0.0225
604,candidate_4,candidate_3,candidate_1,candidate_2,4,0.0225
605,candidate_4,candidate_3,candidate_1,candidate_2,4,0.0225
606,candidate_4,candidate_3,candidate_1,candidate_2,4,0.0225
607,candidate_4,candidate_3,candidate_1,candidate_2,4,0.0225
608,candidate_4,candidate_3,candidate_1,candidate_2,4,0.0225
609,candidate_4,candidate_3,candidate_1,candidate_2,4,0.0225
610,candidate_4,candidate_3,candidate_1,candidate_2,4,0.0225
611,candidate_4,candidate_3,candidate_1,candidate_2,4,0.0225
612,candidate_4,candidate_3,candidate_1,candidate_2,4,0.0225
613,candidate_4,candidate_3,candidate_1,candidate_2,4,0.0225
614,candidate_4,candidate_3,candidate_1,candidate_2,4,0.0225
615,candidate_4,candidate_3,candidate_1,candidate_2,4,0.0225
616,candidate_4,candidate_3,candidate_1,candidate_2,4,0.0225
617,candidate_4,candidate_3,candidate_1,candidate_2,4,0.0225
618,candidate_4,candidate_3,candidate_1,candidate_2,4,0.0225
619,candidate_4,candidate_3,candidate_1,candidate_2,4,0.0225
620,candidate_4,candidate_3,candidate_1,candidate_2,4,0.0225
621,candidate_4,candidate_3,candidate_1,candidate_2,4,0.0225
622,candidate_4,candidate_3,candidate_1,candidate_2,4,0.0225
623,candidate_4,candidate_3,candidate_1,candidate_2,4,0.0225
624,candidate_4,candidate_3,candidate_1,candidate_2,4,0.0225
625,candidate_4,candidate_3,candidate_1,candidate_2,4,0.0225
626,0,candidate_3,candidate_1,candidate_2,4,0.0225
627,candidate_4,candidate_3,candidate_1,candidate_2,4,0.0225
628,candidate_4,candidate_3,candidate_1,candidate_2,4,0.0225
629,candidate_4,candidate_3,candidate_1,candidate_2,4,0.0225
630,candidate_4,candidate_3,candidate_1,candidate_2,4,0.0225
631,candidate_4,candidate_3,candidate_1,candidate_2,4,0.0225
632,candidate_4,candidate_3,candidate_1,candidate_2,4,0.0225
633,candidate_4,candidate_3,candidate_1,candidate_2,4,0.0225
634,candidate_4,candidate_3,candidate_1,candidate_2,4,0.0225
635,candidate_4,candidate_3,candidate_1,candidate_2,4,0.0225
636,candidate_4,candidate_3,candidate_1,candidate_2,4,0.0225
637,candidate_4,candidate_3,candidate_1,candidate_2,4,0.0225
638,candidate_4,candidate_3,candidate_1,candidate_2,4,0.0225
639,candidate_4,candidate_3,candidate_1,candidate_2,4,0.0225
640,candidate_4,candidate_3,candidate_1,candidate_2,4,0.0225
641,candidate_4,candidate_3,candidate_1,candidate_2,4,0.0225
642,candidate_4,candidate_3,candidate_1,candidate_2,4,0.0225
643,candidate_4,candidate_3,candidate_1,candidate_2,4,0.0225
644,candidate_4,candidate_3,candidate_1,candidate_2,4,0.0225
645,candidate_4,candidate_3,candidate_1,candidate_2,4,0.0225
646,candidate_4,candidate_3,candidate_1,candidate_2,4,0.0225
647,candidate_4,candidate_3,candidate_1,candidate_2,4,0.0225
648,candidate_4,candidate_3,candidate_1,candidate_2,4,0.0225
649,candidate_4,0,candidate_1,candidate_2,4,0.0225
650,candidate_4,candidate_3,candidate_1,candidate_2,4,0.0225
651,candidate_4,candidate_3,candidate_1,candidate_2,4,0.0225
652,candidate_4,candidate_3,candidate_1,candidate_2,4,0.0225
653,candidate_4,candidate_3,candidate_1,candidate_2,4,0.0225
654,candidate_4,candidate_3,candidate_1,candidate_2,4,0.0225
655,candidate_4,candidate_3,candidate_1,candidate_2,4,0.0225
656,candidate_4,candidate_3,candidate_1,candidate_2,4,0.0225
657,candidate_4,candidate_3,candidate_1,candidate_2,4,0.0225
658,candidate_4,candidate_3,candidate_1,candidate_2,4,0.0225
659,candidate_4,candidate_3,candidate_1,candidate_2,4,0.0225
660,candidate_4,candidate_3,candidate_1,candidate_2,4,0.0225
661,candidate_4,candidate_3,candidate_1,candidate_2,4,0.0225
662,candidate_4,candidate_3,candidate_1,candidate_2,4,0.0225
663,candidate_4,candidate_3,candidate_1,candidate_2,4,0.0225
664,candidate_4,candidate_3,candidate_1,candidate_2,4,0.0225
665,candidate_4,candidate_3,candidate_1,candidate_2,4,0.0225
666,candidate_4,candidate_3,candidate_1,candidate_2,4,0.0225
667,candidate_4,candidate_3,candidate_1,candidate_2,4,0.0225
668,candidate_4,candidate_3,candidate_1,candidate_2,4,0.0225
669,candidate_4,candidate_3,candidate_1,candidate_2,4,0.0225
670,0,candidate_3,candidate_1,candidate_2,4,0.0225
671,candidate_4,candidate_3,candidate_1,0,4,0.0225
672,candidate_4,candidate_3,candidate_1,candidate_2,4,0.0225
673,candidate_4,candidate_3,candidate_1,candidate_2,4,0.0225
674,candidate_4,candidate_3,candidate_1,candidate_2,4,0.0225
675,candidate_4,candidate_3,candidate_1,candidate_2,4,0.0225
676,candidate_4,candidate_3,candidate_1,candidate_2,4,0.0225
677,candidate_4,candidate_3,candidate_1,candidate_2,4,0.0225
678,candidate_4,candidate_3,candidate_1,candidate_2,4,0.0225
679,candidate_4,candidate_3,candidate_1,candidate_2,4,0.0225
680,candidate_4,0,candidate_1,candidate_2,4,0.0225
681,candidate_4,candidate_3,candidate_1,candidate_2,4,0.0225
682,candidate_4,candidate_3,candidate_1,candidate_2,4,0.0225
683,candidate_4,candidate_3,candidate_1,candidate_2,4,0.0225
684,candidate_4,candidate_3,candidate_1,candidate_2,4,0.0225
685,candidate_4,candidate_3,candidate_1,candidate_2,4,0.0225
686,candidate_4,candidate_3,candidate_1,candidate_2,4,0.0225
687,candidate_4,candidate_3,candidate_1,candidate_2,4,0.0225
688,candidate_4,candidate_3,candidate_1,candidate_2,4,0.0225
689,candidate_4,candidate_3,candidate_1,candidate_2,4,0.0225
690,candidate_4,candidate_3,candidate_1,candidate_2,4,0.0225
691,candidate_4,candidate_3,candidate_1,candidate_2,4,0.0225
692,candidate_4,candidate_3,candidate_1,candidate_2,4,0.0225
693,candidate_4,candidate_3,candidate_1,candidate_2,4,0.0225
694,candidate_4,candidate_3,candidate_1,candidate_2,4,0.0225
695,candidate_4,candidate_3,candidate_1,candidate_2,4,0.0225
696,candidate_4,candidate_3,candidate_1,candidate_2,4,0.0225
697,candidate_4,candidate_3,candidate_1,candidate_2,4,0.0225
698,candidate_4,candidate_3,candidate_1,candidate_2,4,0.0225
699,candidate_4,candidate_3,candidate_1,candidate_2,4,0.0225
700,candidate_4,candidate_3,candidate_1,candidate_2,4,0.0225
701,candidate_4,candidate_3,candidate_1,candidate_2,4,0.0225
702,candidate_4,candidate_3,candidate_1,candidate_2,4,0.0225
703,candidate_4,candidate_3,candidate_1,candidate_2,4,0.0225
704,candidate_4,candidate_3,candidate_1,candidate_2,4,0.0225
705,candidate_4,candidate_3,candidate_1,candidate_2,4,0.0225
706,candidate_4,candidate_3,candidate_1,candidate_2,4,0.0225
707,candidate_4,candidate_3,candidate_1,candidate_2,4,0.0225
708,candidate_4,candidate_3,candidate_1,candidate_2,4,0.0225
709,candidate_4,candidate_3,candidate_1,candidate_2,4,0.0225
710,candidate_4,candidate_3,candidate_1,candidate_2,4,0.0225
711,candidate_4,candidate_3,candidate_1,candidate_2,4,0.0225
712,candidate_4,candidate_3,candidate_1,candidate_2,4,0.0225
713,candidate_4,candidate_3,candidate_1,candidate_2,4,0.0225
714,candidate_4,candidate_3,candidate_1,candidate_2,4,0.0225
715,candidate_4,candidate_3,candidate_1,candidate_2,4,0.0225
716,candidate_4,candidate_3,candidate_1,candidate_2,4,0.0225
717,candidate_4,candidate_3,candidate_1,candidate_2,4,0.0225
718,candidate_4,candidate_3,candidate_1,candidate_2,4,0.0225
719,candidate_4,candidate_3,candidate_1,candidate_2,4,0.0225
720,candidate_4,candidate_3,candidate_1,candidate_2,4,0.0225
721,candidate_4,candidate_3,candidate_1,candidate_2,4,0.0225
722,candidate_4,candidate_3,candidate_1,candidate_2,4,0.0225
723,candidate_4,candidate_3,candidate_1,candidate_2,4,0.0225
724,candidate_4,candidate_3,candidate_1,candidate_2,4,0.0225
725,candidate_4,candidate_3,candidate_1,candidate_2,4,0.0225
726,candidate_4,candidate_3,candidate_1,candidate_2,4,0.0225
727,candidate_4,candidate_3,candidate_1,candidate_2,4,0.0225
728,candidate_4,candidate_3,candidate_1,candidate_2,4,0.0225
729,candidate_4,candidate_3,candidate_1,candidate_2,4,0.0225
730,candidate_4,candidate_3,candidate_1,candidate_2,4,0.0225
731,candidate_4,candidate_3,candidate_1,candidate_2,4,0.0225
732,candidate_4,candidate_3,candidate_1,candidate_2,4,0.0225
733,candidate_4,candidate_3,candidate_1,0,4,0.0225
734,candidate_4,candidate_3,candidate_1,candidate_2,4,0.0225
735,candidate_4,candidate_3,candidate_1,candidate_2,4,0.0225
736,candidate_4,0,candidate_1,candidate_2,4,0.0225
737,candidate_4,candidate_3,candidate_1,candidate_2,4,0.0225
738,candidate_4,candidate_3,candidate_1,candidate_2,4,0.0225
739,candidate_4,candidate_3,candidate_1,candidate_2,4,0.0225
740,candidate_4,candidate_3,candidate_1,candidate_2,4,0.0225
741,candidate_4,candidate_3,candidate_1,candidate_2,4,0.0225
742,candidate_4,0,candidate_1,candidate_2,4,0.0225
743,candidate_4,candidate_3,candidate_1,candidate_2,4,0.0225
744,candidate_4,candidate_3,candidate_1,candidate_2,4,0.0225
745,candidate_4,candidate_3,candidate_1,candidate_2,4,0.0225
746,candidate_4,candidate_3,candidate_1,candidate_2,4,0.0225
747,candidate_4,candidate_3,candidate_1,candidate_2,4,0.0225
748,candidate_4,0,0,candidate_2,4,0.0225
749,candidate_4,candidate_3,candidate_1,candidate_2,4,0.0225
750,candidate_4,candidate_3,candidate_1,candidate_2,4,0.0225
751,candidate_4,candidate_3,candidate_1,candidate_2,4,0.0225
752,candidate_4,candidate_3,candidate_1,candidate_2,4,0.0225
753,candidate_4,candidate_3,candidate_1,candidate_2,4,0.0225
754,candidate_4,candidate_3,candidate_1,candidate_2,4,0.0225
755,candidate_4,candidate_3,candidate_1,candidate_2,4,0.0225
756,candidate_4,candidate_3,candidate_1,candidate_2,4,0.0225
757,candidate_4,0,candidate_1,candidate_2,4,0.0225
758,candidate_4,candidate_3,candidate_1,candidate_2,4,0.0225
759,candidate_4,candidate_3,candidate_1,candidate_2,4,0.0225
760,candidate_4,candidate_3,candidate_1,candidate_2,4,0.0225
761,candidate_4,candidate_3,candidate_1,candidate_2,4,0.0225
762,candidate_4,candidate_3,candidate_1,candidate_2,4,0.0225
763,candidate_4,candidate_3,candidate_1,candidate_2,4,0.0225
764,candidate_4,candidate_3,candidate_1,candidate_2,4,0.0225
765,candidate_4,candidate_3,candidate_1,candidate_2,4,0.0225
766,candidate_4,candidate_3,candidate_1,candidate_2,4,0.0225
767,candidate_4,candidate_3,candidate_1,candidate_2,4,0.0225
768,candidate_4,candidate_3,candidate_1,candidate_2,4,0.0225
769,candidate_4,candidate_3,candidate_1,candidate_2,4,0.0225
770,candidate_4,candidate_3,candidate_1,candidate_2,4,0.0225
771,candidate_4,candidate_3,candidate_1,candidate_2,4,0.0225
772,0,candidate_3,candidate_1,candidate_2,4,0.0225
773,candidate_4,candidate_3,candidate_1,candidate_2,4,0.0225
774,candidate_4,candidate_3,candidate_1,candidate_2,4,0.0225
775,candidate_4,candidate_3,candidate_1,candidate_2,4,0.0225
776,candidate_4,candidate_3,candidate_1,candidate_2,4,0.0225
777,candidate_4,candidate_3,candidate_1,candidate_2,4,0.0225
778,candidate_4,candidate_3,candidate_1,candidate_2,4,0.0225
779,candidate_4,candidate_3,candidate_1,candidate_2,4,0.0225
780,candidate_4,candidate_3,candidate_1,candidate_2,4,0.0225
781,candidate_4,candidate_3,candidate_1,candidate_2,4,0.0225
782,candidate_4,candidate_3,candidate_1,candidate_2,4,0.0225
783,candidate_4,candidate_3,candidate_1,candidate_2,4,0.0225
784,candidate_4,candidate_3,candidate_1,candidate_2,4,0.0225
785,candidate_4,candidate_3,candidate_1,candidate_2,4,0.0225
786,candidate_4,candidate_3,candidate_1,candidate_2,4,0.0225
787,candidate_4,candidate_3,candidate_1,candidate_2,4,0.0225
788,candidate_4,candidate_3,candidate_1,candidate_2,4,0.0225
789,candidate_4,candidate_3,candidate_1,candidate_2,4,0.0225
790,candidate_4,candidate_3,candidate_1,candidate_2,4,0.0225
791,candidate_4,candidate_3,candidate_1,candidate_2,4,0.0225
792,candidate_4,candidate_3,candidate_1,candidate_2,4,0.0225
793,candidate_4,candidate_3,candidate_1,candidate_2,4,0.0225
794,candidate_4,candidate_3,candidate_1,candidate_2,4,0.0225
795,candidate_4,candidate_3,candidate_1,candidate_2,4,0.0225
796,candidate_4,candidate_3,candidate_1,candidate_2,4,0.0225
797,candidate_4,candidate_3,candidate_1,candidate_2,4,0.0225
798,candidate_4,candidate_3,candidate_1,candidate_2,4,0.0225
799,candidate_4,candidate_3,candidate_1,candidate_2,4,0.0225
800,candidate_4,candidate_3,candidate_1,candidate_2,4,0.0225
801,candidate_4,candidate_3,candidate_1,candidate_2,4,0.0225
802,candidate_4,candidate_3,candidate_1,candidate_2,4,0.0225
803,candidate_4,candidate_3,candidate_1,candidate_2,4,0.0225
804,candidate_4,candidate_3,0,candidate_2,4,0.0225
805,candidate_4,candidate_3,candidate_1,candidate_2,4,0.0225
806,candidate_4,candidate_3,candidate_1,candidate_2,4,0.0225
807,candidate_4,candidate_3,candidate_1,candidate_2,4,0.0225
808,candidate_4,candidate_3,candidate_1,candidate_2,4,0.0225
809,candidate_4,candidate_3,candidate_1,candidate_2,4,0.0225
810,candidate_4,candidate_3,candidate_1,candidate_2,4,0.0225
811,candidate_4,candidate_3,candidate_1,candidate_2,4,0.0225
812,candidate_4,candidate_3,candidate_1,candidate_2,4,0.0225
813,candidate_4,candidate_3,candidate_1,candidate_2,4,0.0225
814,candidate_4,candidate_3,candidate_1,candidate_2,4,0.0225
815,candidate_4,candidate_3,candidate_1,candidate_2,4,0.0225
816,candidate_4,candidate_3,candidate_1,candidate_2,4,0.0225
817,candidate_4,candidate_3,candidate_1,candidate_2,4,0.0225
818,candidate_4,candidate_3,candidate_1,candidate_2,4,0.0225
819,candidate_4,candidate_3,candidate_1,candidate_2,4,0.0225
820,candidate_4,candidate_3,candidate_1,candidate_2,4,0.0225
821,candidate_4,candidate_3,candidate_1,candidate_2,4,0.0225
822,candidate_4,candidate_3,candidate_1,candidate_2,4,0.0225
823,candidate_4,candidate_3,candidate_1,candidate_2,4,0.0225
824,candidate_4,candidate_3,candidate_1,candidate_2,4,0.0225
825,candidate_4,candidate_3,candidate_1,candidate_2,4,0.0225
826,candidate_4,candidate_3,candidate_1,candidate_2,4,0.0225
827,candidate_4,candidate_3,candidate_1,candidate_2,4,0.0225
828,candidate_4,candidate_3,candidate_1,0,4,0.0225
829,candidate_4,candidate_3,candidate_1,candidate_2,4,0.0225
830,candidate_4,candidate_3,candidate_1,candidate_2,4,0.0225
831,candidate_4,candidate_3,candidate_1,candidate_2,4,0.0225
832,candidate_4,candidate_3,candidate_1,candidate_2,4,0.0225
833,candidate_4,candidate_3,candidate_1,candidate_2,4,0.0225
834,candidate_4,candidate_3,candidate_1,candidate_2,4,0.0225
835,candidate_4,candidate_3,candidate_1,candidate_2,4,0.0225
836,candidate_4,candidate_3,candidate_1,candidate_2,4,0.0225
837,candidate_4,candidate_3,candidate_1,candidate_2,4,0.0225
838,candidate_4,candidate_3,candidate_1,candidate_2,4,0.0225
839,candidate_4,candidate_3,candidate_1,candidate_2,4,0.0225
840,candidate_4,candidate_3,candidate_1,candidate_2,4,0.0225
841,candidate_4,candidate_3,candidate_1,candidate_2,4,0.0225
842,candidate_4,candidate_3,candidate_1,candidate_2,4,0.0225
843,candidate_4,candidate_3,candidate_1,candidate_2,4,0.0225
844,candidate_4,candidate_3,candidate_1,candidate_2,4,0.0225
845,candidate_4,candidate_3,candidate_1,candidate_2,4,0.0225
846,candidate_4,candidate_3,candidate_1,candidate_2,4,0.0225
847,candidate_4,candidate_3,candidate_1,candidate_2,4,0.0225
848,candidate_4,candidate_3,candidate_1,candidate_2,4,0.0225
849,candidate_4,candidate_3,candidate_1,candidate_2,4,0.0225
850,candidate_4,candidate_3,candidate_1,candidate_2,4,0.0225
851,candidate_4,candidate_3,candidate_1,candidate_2,4,0.0225
852,candidate_4,candidate_3,candidate_1,candidate_2,4,0.0225
853,candidate_4,candidate_3,candidate_1,candidate_2,4,0.0225
854,candidate_4,candidate_3,candidate_1,candidate_2,4,0.0225
855,candidate_4,candidate_3,candidate_1,candidate_2,4,0.0225
856,candidate_4,candidate_3,candidate_1,candidate_2,4,0.0225
857,candidate_4,candidate_3,candidate_1,candidate_2,4,0.0225
858,candidate_4,candidate_3,candidate_1,candidate_2,4,0.0225
859,0,candidate_3,candidate_1,candidate_2,4,0.0225
860,candidate_4,candidate_3,candidate_1,candidate_2,4,0.0225
861,candidate_4,candidate_3,candidate_1,candidate_2,4,0.0225
862,candidate_4,candidate_3,candidate_1,candidate_2,4,0.0225
863,candidate_4,candidate_3,candidate_1,candidate_2,4,0.0225
864,candidate_4,candidate_3,candidate_1,0,4,0.0225
865,candidate_4,candidate_3,candidate_1,candidate_2,4,0.0225
866,candidate_4,candidate_3,candidate_1,candidate_2,4,0.0225
867,candidate_4,candidate_3,candidate_1,candidate_2,4,0.0225
868,candidate_4,candidate_3,candidate_1,candidate_2,4,0.0225
869,candidate_4,candidate_3,candidate_1,candidate_2,4,0.0225
870,candidate_4,candidate_3,candidate_1,candidate_2,4,0.0225
871,candidate_4,candidate_3,candidate_1,candidate_2,4,0.0225
872,candidate_4,candidate_3,candidate_1,candidate_2,4,0.0225
873,candidate_4,candidate_3,candidate_1,candidate_2,4,0.0225
874,candidate_4,0,candidate_1,candidate_2,4,0.0225
875,candidate_4,candidate_3,candidate_1,candidate_2,4,0.0225
876,candidate_4,candidate_3,candidate_1,candidate_2,4,0.0225
877,candidate_4,candidate_3,candidate_1,candidate_2,4,0.0225
878,candidate_4,0,candidate_1,candidate_2,4,0.0225
879,candidate_4,candidate_3,candidate_1,candidate_2,4,0.0225
880,candidate_4,candidate_3,candidate_1,candidate_2,4,0.0225
881,candidate_4,candidate_3,candidate_1,candidate_2,4,0.0225
882,candidate_4,candidate_3,candidate_1,candidate_2,4,0.0225
883,candidate_4,candidate_3,candidate_1,candidate_2,4,0.0225
884,candidate_4,candidate_3,candidate_1,candidate_2,4,0.0225
885,candidate_4,candidate_3,candidate_1,candidate_2,4,0.0225
886,candidate_4,candidate_3,candidate_1,candidate_2,4,0.0225
887,candidate_4,candidate_3,candidate_1,candidate_2,4,0.0225
888,candidate_4,candidate_3,candidate_1,candidate_2,4,0.0225
889,candidate_4,0,candidate_1,candidate_2,4,0.0225
890,candidate_4,candidate_3,candidate_1,candidate_2,4,0.0225
891,candidate_4,candidate_3,candidate_1,candidate_2,4,0.0225
892,candidate_4,candidate_3,candidate_1,candidate_2,4,0.0225
893,candidate_4,candidate_3,candidate_1,candidate_2,4,0.0225
894,candidate_4,candidate_3,candidate_1,candidate_2,4,0.0225
895,candidate_4,candidate_3,candidate_1,candidate_2,4,0.0225
896,candidate_4,candidate_3,candidate_1,candidate_2,4,0.0225
897,candidate_4,candidate_3,candidate_1,candidate_2,4,0.0225
898,candidate_4,candidate_3,candidate_1,candidate_2,4,0.0225
899,candidate_4,candidate_3,candidate_1,candidate_2,4,0.0225
900,candidate_4,candidate_3,candidate_1,candidate_2,4,0.0225
901,candidate_4,candidate_3,candidate_1,candidate_2,4,0.0225
902,candidate_4,candidate_3,candidate_1,candidate_2,4,0.0225
903,candidate_4,candidate_3,candidate_1,candidate_2,4,0.0225
904,candidate_4,candidate_3,candidate_1,candidate_2,4,0.0225
905,candidate_4,candidate_3,candidate_1,candidate_2,4,0.0225
906,candidate_4,candidate_3,candidate_1,candidate_2,4,0.0225
907,candidate_4,candidate_3,candidate_1,candidate_2,4,0.0225
908,candidate_4,candidate_3,candidate_1,candidate_2,4,0.0225
909,candidate_4,candidate_3,candidate_1,candidate_2,4,0.0225
910,candidate_4,candidate_3,candidate_1,candidate_2,4,0.0225
911,candidate_4,candidate_3,candidate_1,candidate_2,4,0.0225
912,candidate_4,candidate_3,candidate_1,candidate_2,4,0.0225
913,candidate_4,candidate_3,candidate_1,candidate_2,4,0.0225
914,candidate_4,candidate_3,candidate_1,candidate_2,4,0.0225
915,candidate_4,candidate_3,candidate_1,candidate_2,4,0.0225
916,candidate_4,candidate_3,candidate_1,candidate_2,4,0.0225
917,candidate_4,candidate_3,candidate_1,candidate_2,4,0.0225
918,candidate_4,candidate_3,candidate_1,candidate_2,4,0.0225
919,candidate_4,candidate_3,candidate_1,candidate_2,4,0.0225
920,candidate_4,candidate_3,candidate_1,candidate_2,4,0.0225
921,candidate_4,candidate_3,candidate_1,candidate_2,4,0.0225
922,candidate_4,candidate_3,0,0,4,0.0225
923,candidate_4,0,candidate_1,candidate_2,4,0.0225
924,candidate_4,candidate_3,candidate_1,candidate_2,4,0.0225
925,candidate_4,candidate_3,candidate_1,candidate_2,4,0.0225
926,candidate_4,candidate_3,candidate_1,candidate_2,4,0.0225
927,candidate_4,candidate_3,candidate_1,candidate_2,4,0.0225
928,candidate_4,candidate_3,candidate_1,candidate_2,4,0.0225
929,candidate_4,candidate_3,candidate_1,candidate_2,4,0.0225
930,candidate_4,candidate_3,candidate_1,candidate_2,4,0.0225
931,candidate_4,candidate_3,candidate_1,candidate_2,4,0.0225
932,candidate_4,candidate_3,candidate_1,candidate_2,4,0.0225
933,candidate_4,candidate_3,candidate_1,candidate_2,4,0.0225
934,candidate_4,candidate_3,candidate_1,candidate_2,4,0.0225
935,candidate_4,candidate_3,candidate_1,candidate_2,4,0.0225
936,candidate_4,candidate_3,candidate_1,candidate_2,4,0.0225
937,candidate_4,candidate_3,candidate_1,candidate_2,4,0.0225
938,candidate_4,candidate_3,candidate_1,candidate_2,4,0.0225
939,candidate_4,candidate_3,candidate_1,candidate_2,4,0.0225
940,candidate_4,candidate_3,candidate_1,candidate_2,4,0.0225
941,candidate_4,candidate_3,candidate_1,candidate_2,4,0.0225
942,candidate_4,candidate_3,candidate_1,candidate_2,4,0.0225
943,candidate_4,candidate_3,candidate_1,candidate_2,4,0.0225
944,candidate_4,candidate_3,candidate_1,candidate_2,4,0.0225
945,candidate_4,candidate_3,candidate_1,candidate_2,4,0.0225
946,candidate_4,candidate_3,0,candidate_2,4,0.0225
947,candidate_4,candidate_3,candidate_1,candidate_2,4,0.0225
948,candidate_4,candidate_3,candidate_1,candidate_2,4,0.0225
949,candidate_4,candidate_3,candidate_1,candidate_2,4,0.0225
950,candidate_4,candidate_3,candidate_1,candidate_2,4,0.0225
951,candidate_4,candidate_3,candidate_1,candidate_2,4,0.0225
952,candidate_4,candidate_3,candidate_1,candidate_2,4,0.0225
953,candidate_4,candidate_3,candidate_1,candidate_2,4,0.0225
954,candidate_4,candidate_3,0,0,4,0.0225
955,candidate_4,candidate_3,candidate_1,candidate_2,4,0.0225
956,candidate_4,candidate_3,candidate_1,candidate_2,4,0.0225
957,candidate_4,candidate_3,candidate_1,candidate_2,4,0.0225
958,candidate_4,candidate_3,candidate_1,candidate_2,4,0.0225
959,candidate_4,candidate_3,candidate_1,candidate_2,4,0.0225
960,candidate_4,candidate_3,candidate_1,candidate_2,4,0.0225
961,candidate_4,candidate_3,candidate_1,candidate_2,4,0.0225
962,candidate_4,candidate_3,candidate_1,candidate_2,4,0.0225
963,candidate_4,candidate_3,candidate_1,candidate_2,4,0.0225
964,candidate_4,candidate_3,candidate_1,candidate_2,4,0.0225
965,candidate_4,candidate_3,candidate_1,candidate_2,4,0.0225
966,candidate_4,candidate_3,candidate_1,candidate_2,4,0.0225
967,candidate_4,candidate_3,candidate_1,candidate_2,4,0.0225
968,candidate_4,candidate_3,candidate_1,candidate_2,4,0.0225
969,candidate_4,candidate_3,candidate_1,candidate_2,4,0.0225
970,candidate_4,candidate_3,candidate_1,candidate_2,4,0.0225
971,candidate_4,candidate_3,candidate_1,candidate_2,4,0.0225
972,candidate_4,candidate_3,candidate_1,candidate_2,4,0.0225
973,candidate_4,candidate_3,candidate_1,candidate_2,4,0.0225
974,0,candidate_3,candidate_1,candidate_2,4,0.0225
975,candidate_4,candidate_3,candidate_1,candidate_2,4,0.0225
976,candidate_4,candidate_3,candidate_1,candidate_2,4,0.0225
977,candidate_4,candidate_3,candidate_1,candidate_2,4,0.0225
978,candidate_4,candidate_3,candidate_1,candidate_2,4,0.0225
979,candidate_4,candidate_3,candidate_1,candidate_2,4,0.0225
980,0,candidate_3,candidate_1,candidate_2,4,0.0225
981,candidate_4,candidate_3,candidate_1,candidate_2,4,0.0225
982,candidate_4,candidate_3,candidate_1,candidate_2,4,0.0225
983,candidate_4,candidate_3,candidate_1,candidate_2,4,0.0225
984,candidate_4,candidate_3,candidate_1,candidate_2,4,0.0225
985,candidate_4,candidate_3,candidate_1,candidate_2,4,0.0225
986,candidate_4,candidate_3,candidate_1,candidate_2,4,0.0225
987,candidate_4,candidate_3,candidate_1,candidate_2,4,0.0225
988,candidate_4,candidate_3,candidate_1,candidate_2,4,0.0225
989,candidate_4,candidate_3,candidate_1,candidate_2,4,0.0225
990,candidate_4,candidate_3,candidate_1,candidate_2,4,0.0225
991,candidate_4,candidate_3,candidate_1,candidate_2,4,0.0225
992,candidate_4,candidate_3,candidate_1,candidate_2,4,0.0225
993,candidate_4,candidate_3,candidate_1,candidate_2,4,0.0225
994,0,candidate_3,candidate_1,candidate_2,4,0.0225
995,candidate_4,candidate_3,candidate_1,candidate_2,4,0.0225
996,candidate_4,candidate_3,0,0,4,0.0225
997,candidate_4,candidate_3,candidate_1,candidate_2,4,0.0225
998,candidate_4,candidate_3,candidate_1,candidate_2,4,0.0225
999,candidate_4,candidate_3,candidate_1,candidate_2,4,0.0225
1000,candidate_4,candidate_3,candidate_1,0,4,0.0225
1001,candidate_4,candidate_3,candidate_1,candidate_2,4,0.0225
1002,candidate_4,candidate_3,candidate_1,candidate_2,4,0.0225
1003,candidate_4,0,candidate_1,candidate_2,4,0.0225
1004,candidate_4,candidate_3,candidate_1,candidate_2,4,0.0225
0,candidate_4,candidate_3,candidate_2,candidate_1,4,0.0225
1,candidate_4,candidate_3,candidate_2,candidate_1,4,0.0225
2,candidate_4,candidate_3,candidate_2,candidate_1,4,0.0225
3,candidate_4,candidate_3,candidate_2,candidate_1,4,0.0225
4,candidate_4,candidate_3,candidate_2,candidate_1,4,0.0225
5,candidate_4,candidate_3,candidate_2,candidate_1,4,0.0225
6,candidate_4,candidate_3,candidate_2,candidate_1,4,0.0225
7,candidate_4,candidate_3,candidate_2,candidate_1,4,0.0225
8,candidate_4,candidate_3,candidate_2,candidate_1,4,0.0225
9,candidate_4,candidate_3,candidate_2,candidate_1,4,0.0225
10,candidate_4,candidate_3,candidate_2,candidate_1,4,0.0225
11,candidate_4,candidate_3,candidate_2,candidate_1,4,0.0225
12,candidate_4,candidate_3,candidate_2,candidate_1,4,0.0225
13,candidate_4,candidate_3,candidate_2,candidate_1,4,0.0225
14,candidate_4,candidate_3,candidate_2,candidate_1,4,0.0225
15,candidate_4,candidate_3,candidate_2,candidate_1,4,0.0225
16,candidate_4,candidate_3,candidate_2,candidate_1,4,0.0225
17,candidate_4,candidate_3,candidate_2,candidate_1,4,0.0225
18,candidate_4,candidate_3,0,candidate_1,4,0.0225
19,candidate_4,candidate_3,candidate_2,candidate_1,4,0.0225
20,candidate_4,candidate_3,candidate_2,candidate_1,4,0.0225
21,candidate_4,candidate_3,candidate_2,candidate_1,4,0.0225
22,candidate_4,candidate_3,candidate_2,candidate_1,4,0.0225
23,candidate_4,candidate_3,candidate_2,candidate_1,4,0.0225
24,candidate_4,candidate_3,candidate_2,candidate_1,4,0.0225
25,candidate_4,candidate_3,candidate_2,candidate_1,4,0.0225
26,candidate_4,candidate_3,candidate_2,candidate_1,4,0.0225
27,candidate_4,candidate_3,candidate_2,candidate_1,4,0.0225
28,candidate_4,candidate_3,candidate_2,candidate_1,4,0.0225
29,candidate_4,candidate_3,candidate_2,candidate_1,4,0.0225
30,candidate_4,candidate_3,candidate_2,candidate_1,4,0.0225
31,candidate_4,candidate_3,candidate_2,candidate_1,4,0.0225
32,candidate_4,candidate_3,candidate_2,candidate_1,4,0.0225
33,candidate_4,candidate_3,candidate_2,candidate_1,4,0.0225
34,candidate_4,candidate_3,candidate_2,candidate_1,4,0.0225
35,candidate_4,candidate_3,candidate_2,candidate_1,4,0.0225
36,candidate_4,candidate_3,candidate_2,candidate_1,4,0.0225
37,candidate_4,candidate_3,candidate_2,candidate_1,4,0.0225
38,candidate_4,candidate_3,candidate_2,candidate_1,4,0.0225
39,candidate_4,candidate_3,candidate_2,candidate_1,4,0.0225
40,candidate_4,candidate_3,candidate_2,candidate_1,4,0.0225
41,candidate_4,candidate_3,candidate_2,candidate_1,4,0.0225
42,candidate_4,candidate_3,candidate_2,candidate_1,4,0.0225
43,candidate_4,candidate_3,candidate_2,candidate_1,4,0.0225
44,candidate_4,candidate_3,candidate_2,candidate_1,4,0.0225
45,candidate_4,candidate_3,candidate_2,candidate_1,4,0.0225
46,candidate_4,candidate_3,candidate_2,candidate_1,4,0.0225
47,candidate_4,candidate_3,candidate_2,candidate_1,4,0.0225
48,candidate_4,candidate_3,candidate_2,candidate_1,4,0.0225
49,candidate_4,candidate_3,candidate_2,candidate_1,4,0.0225
50,candidate_4,candidate_3,candidate_2,candidate_1,4,0.0225
51,candidate_4,candidate_3,candidate_2,candidate_1,4,0.0225
52,candidate_4,candidate_3,candidate_2,candidate_1,4,0.0225
53,candidate_4,candidate_3,candidate_2,candidate_1,4,0.0225
54,candidate_4,0,candidate_2,candidate_1,4,0.0225
55,candidate_4,0,candidate_2,candidate_1,4,0.0225
56,candidate_4,candidate_3,candidate_2,candidate_1,4,0.0225
57,candidate_4,candidate_3,candidate_2,candidate_1,4,0.0225
58,candidate_4,candidate_3,candidate_2,candidate_1,4,0.0225
59,candidate_4,candidate_3,candidate_2,candidate_1,4,0.0225
60,candidate_4,candidate_3,candidate_2,candidate_1,4,0.0225
61,candidate_4,candidate_3,candidate_2,candidate_1,4,0.0225
62,candidate_4,candidate_3,candidate_2,candidate_1,4,0.0225
63,candidate_4,candidate_3,candidate_2,candidate_1,4,0.0225
64,candidate_4,candidate_3,candidate_2,candidate_1,4,0.0225
65,candidate_4,candidate_3,candidate_2,candidate_1,4,0.0225
66,candidate_4,candidate_3,candidate_2,candidate_1,4,0.0225
67,candidate_4,candidate_3,candidate_2,candidate_1,4,0.0225
68,candidate_4,candidate_3,candidate_2,candidate_1,4,0.0225
69,candidate_4,candidate_3,candidate_2,candidate_1,4,0.0225
70,candidate_4,candidate_3,candidate_2,candidate_1,4,0.0225
71,candidate_4,candidate_3,candidate_2,candidate_1,4,0.0225
72,candidate_4,candidate_3,candidate_2,candidate_1,4,0.0225
73,candidate_4,candidate_3,candidate_2,candidate_1,4,0.0225
74,candidate_4,candidate_3,candidate_2,candidate_1,4,0.0225
75,candidate_4,candidate_3,candidate_2,candidate_1,4,0.0225
76,candidate_4,candidate_3,candidate_2,candidate_1,4,0.0225
77,candidate_4,candidate_3,candidate_2,candidate_1,4,0.0225
78,candidate_4,candidate_3,candidate_2,candidate_1,4,0.0225
79,candidate_4,candidate_3,candidate_2,candidate_1,4,0.0225
80,candidate_4,candidate_3,candidate_2,candidate_1,4,0.0225
81,candidate_4,0,candidate_2,candidate_1,4,0.0225
82,candidate_4,candidate_3,candidate_2,candidate_1,4,0.0225
83,candidate_4,0,candidate_2,candidate_1,4,0.0225
84,candidate_4,candidate_3,candidate_2,candidate_1,4,0.0225
85,candidate_4,candidate_3,candidate_2,candidate_1,4,0.0225
86,candidate_4,candidate_3,candidate_2,candidate_1,4,0.0225
87,candidate_4,candidate_3,candidate_2,candidate_1,4,0.0225
88,candidate_4,candidate_3,candidate_2,candidate_1,4,0.0225
89,candidate_4,candidate_3,candidate_2,candidate_1,4,0.0225
90,candidate_4,candidate_3,candidate_2,candidate_1,4,0.0225
91,candidate_4,candidate_3,candidate_2,candidate_1,4,0.0225
92,candidate_4,candidate_3,candidate_2,candidate_1,4,0.0225
93,candidate_4,candidate_3,candidate_2,candidate_1,4,0.0225
94,candidate_4,candidate_3,candidate_2,candidate_1,4,0.0225
95,candidate_4,candidate_3,0,candidate_1,4,0.0225
96,candidate_4,candidate_3,candidate_2,candidate_1,4,0.0225
97,candidate_4,candidate_3,candidate_2,candidate_1,4,0.0225
98,candidate_4,candidate_3,candidate_2,candidate_1,4,0.0225
99,candidate_4,candidate_3,candidate_2,candidate_1,4,0.0225
100,candidate_4,candidate_3,candidate_2,candidate_1,4,0.0225
101,candidate_4,candidate_3,candidate_2,candidate_1,4,0.0225
102,candidate_4,candidate_3,candidate_2,candidate_1,4,0.0225
103,candidate_4,candidate_3,candidate_2,candidate_1,4,0.0225
104,candidate_4,candidate_3,candidate_2,candidate_1,4,0.0225
105,candidate_4,candidate_3,candidate_2,candidate_1,4,0.0225
106,candidate_4,candidate_3,candidate_2,candidate_1,4,0.0225
107,candidate_4,candidate_3,candidate_2,candidate_1,4,0.0225
108,candidate_4,candidate_3,candidate_2,candidate_1,4,0.0225
109,candidate_4,candidate_3,candidate_2,candidate_1,4,0.0225
110,candidate_4,candidate_3,candidate_2,candidate_1,4,0.0225
111,candidate_4,candidate_3,candidate_2,candidate_1,4,0.0225
112,candidate_4,candidate_3,candidate_2,candidate_1,4,0.0225
113,candidate_4,candidate_3,candidate_2,candidate_1,4,0.0225
114,candidate_4,candidate_3,candidate_2,candidate_1,4,0.0225
115,candidate_4,candidate_3,candidate_2,candidate_1,4,0.0225
116,candidate_4,candidate_3,candidate_2,candidate_1,4,0.0225
117,candidate_4,candidate_3,candidate_2,candidate_1,4,0.0225
118,0,candidate_3,candidate_2,candidate_1,4,0.0225
119,candidate_4,candidate_3,candidate_2,candidate_1,4,0.0225
120,candidate_4,candidate_3,0,candidate_1,4,0.0225
121,candidate_4,candidate_3,candidate_2,candidate_1,4,0.0225
122,candidate_4,candidate_3,candidate_2,candidate_1,4,0.0225
123,candidate_4,candidate_3,candidate_2,candidate_1,4,0.0225
124,candidate_4,candidate_3,candidate_2,candidate_1,4,0.0225
125,candidate_4,candidate_3,candidate_2,candidate_1,4,0.0225
126,candidate_4,candidate_3,candidate_2,candidate_1,4,0.0225
127,candidate_4,candidate_3,candidate_2,candidate_1,4,0.0225
128,candidate_4,candidate_3,candidate_2,candidate_1,4,0.0225
129,candidate_4,candidate_3,candidate_2,candidate_1,4,0.0225
130,candidate_4,candidate_3,candidate_2,candidate_1,4,0.0225
131,candidate_4,candidate_3,candidate_2,candidate_1,4,0.0225
132,candidate_4,candidate_3,candidate_2,candidate_1,4,0.0225
133,candidate_4,candidate_3,candidate_2,candidate_1,4,0.0225
134,candidate_4,candidate_3,candidate_2,candidate_1,4,0.0225
135,candidate_4,candidate_3,candidate_2,candidate_1,4,0.0225
136,candidate_4,candidate_3,candidate_2,candidate_1,4,0.0225
137,candidate_4,candidate_3,candidate_2,candidate_1,4,0.0225
138,candidate_4,candidate_3,candidate_2,candidate_1,4,0.0225
139,0,candidate_3,candidate_2,candidate_1,4,0.0225
140,candidate_4,candidate_3,candidate_2,candidate_1,4,0.0225
141,candidate_4,candidate_3,candidate_2,candidate_1,4,0.0225
142,candidate_4,candidate_3,candidate_2,candidate_1,4,0.0225
143,candidate_4,candidate_3,candidate_2,candidate_1,4,0.0225
144,candidate_4,candidate_3,candidate_2,candidate_1,4,0.0225
145,candidate_4,candidate_3,candidate_2,candidate_1,4,0.0225
146,candidate_4,candidate_3,candidate_2,candidate_1,4,0.0225
147,candidate_4,0,candidate_2,candidate_1,4,0.0225
148,candidate_4,candidate_3,candidate_2,candidate_1,4,0.0225
149,candidate_4,candidate_3,candidate_2,candidate_1,4,0.0225
150,candidate_4,candidate_3,candidate_2,candidate_1,4,0.0225
151,candidate_4,candidate_3,candidate_2,candidate_1,4,0.0225
152,candidate_4,candidate_3,candidate_2,candidate_1,4,0.0225
153,candidate_4,candidate_3,candidate_2,candidate_1,4,0.0225
154,candidate_4,candidate_3,candidate_2,candidate_1,4,0.0225
155,candidate_4,candidate_3,candidate_2,candidate_1,4,0.0225
156,candidate_4,candidate_3,candidate_2,candidate_1,4,0.0225
157,0,candidate_3,candidate_2,candidate_1,4,0.0225
158,candidate_4,0,candidate_2,candidate_1,4,0.0225
159,candidate_4,candidate_3,candidate_2,candidate_1,4,0.0225
160,candidate_4,candidate_3,candidate_2,candidate_1,4,0.0225
161,candidate_4,candidate_3,candidate_2,candidate_1,4,0.0225
162,candidate_4,candidate_3,candidate_2,candidate_1,4,0.0225
163,candidate_4,candidate_3,candidate_2,candidate_1,4,0.0225
164,candidate_4,candidate_3,candidate_2,candidate_1,4,0.0225
165,candidate_4,candidate_3,candidate_2,candidate_1,4,0.0225
166,candidate_4,candidate_3,candidate_2,candidate_1,4,0.0225
167,candidate_4,candidate_3,candidate_2,candidate_1,4,0.0225
168,candidate_4,candidate_3,candidate_2,candidate_1,4,0.0225
169,0,candidate_3,candidate_2,candidate_1,4,0.0225
170,candidate_4,candidate_3,candidate_2,candidate_1,4,0.0225
171,candidate_4,candidate_3,candidate_2,candidate_1,4,0.0225
172,candidate_4,candidate_3,candidate_2,candidate_1,4,0.0225
173,candidate_4,candidate_3,candidate_2,candidate_1,4,0.0225
174,candidate_4,candidate_3,candidate_2,candidate_1,4,0.0225
175,candidate_4,candidate_3,candidate_2,candidate_1,4,0.0225
176,candidate_4,candidate_3,candidate_2,candidate_1,4,0.0225
177,candidate_4,candidate_3,candidate_2,candidate_1,4,0.0225
178,candidate_4,candidate_3,candidate_2,candidate_1,4,0.0225
179,candidate_4,candidate_3,candidate_2,0,4,0.0225
180,candidate_4,candidate_3,candidate_2,candidate_1,4,0.0225
181,candidate_4,candidate_3,candidate_2,candidate_1,4,0.0225
182,candidate_4,candidate_3,candidate_2,candidate_1,4,0.0225
183,candidate_4,candidate_3,candidate_2,candidate_1,4,0.0225
184,candidate_4,candidate_3,candidate_2,candidate_1,4,0.0225
185,candidate_4,candidate_3,candidate_2,candidate_1,4,0.0225
186,candidate_4,candidate_3,candidate_2,candidate_1,4,0.0225
187,candidate_4,candidate_3,candidate_2,candidate_1,4,0.0225
188,candidate_4,candidate_3,candidate_2,candidate_1,4,0.0225
189,candidate_4,candidate_3,candidate_2,candidate_1,4,0.0225
190,candidate_4,candidate_3,candidate_2,candidate_1,4,0.0225
191,candidate_4,candidate_3,candidate_2,candidate_1,4,0.0225
192,candidate_4,candidate_3,candidate_2,candidate_1,4,0.0225
193,candidate_4,candidate_3,candidate_2,candidate_1,4,0.0225
194,candidate_4,candidate_3,candidate_2,candidate_1,4,0.0225
195,candidate_4,0,candidate_2,candidate_1,4,0.0225
196,candidate_4,candidate_3,candidate_2,candidate_1,4,0.0225
197,candidate_4,candidate_3,candidate_2,candidate_1,4,0.0225
198,candidate_4,candidate_3,candidate_2,candidate_1,4,0.0225
199,candidate_4,candidate_3,candidate_2,candidate_1,4,0.0225
200,candidate_4,candidate_3,candidate_2,candidate_1,4,0.0225
201,candidate_4,candidate_3,candidate_2,candidate_1,4,0.0225
202,candidate_4,candidate_3,candidate_2,candidate_1,4,0.0225
203,candidate_4,candidate_3,candidate_2,candidate_1,4,0.0225
204,candidate_4,candidate_3,candidate_2,candidate_1,4,0.0225
205,candidate_4,candidate_3,candidate_2,candidate_1,4,0.0225
206,candidate_4,candidate_3,candidate_2,candidate_1,4,0.0225
207,candidate_4,candidate_3,candidate_2,candidate_1,4,0.0225
208,candidate_4,candidate_3,candidate_2,candidate_1,4,0.0225
209,candidate_4,candidate_3,candidate_2,candidate_1,4,0.0225
210,candidate_4,candidate_3,candidate_2,0,4,0.0225
211,candidate_4,candidate_3,candidate_2,candidate_1,4,0.0225
212,candidate_4,candidate_3,candidate_2,0,4,0.0225
213,candidate_4,candidate_3,candidate_2,candidate_1,4,0.0225
214,candidate_4,candidate_3,candidate_2,candidate_1,4,0.0225
215,candidate_4,candidate_3,candidate_2,candidate_1,4,0.0225
216,candidate_4,candidate_3,candidate_2,candidate_1,4,0.0225
217,candidate_4,candidate_3,candidate_2,candidate_1,4,0.0225
218,candidate_4,0,candidate_2,candidate_1,4,0.0225
219,candidate_4,candidate_3,candidate_2,candidate_1,4,0.0225
220,candidate_4,candidate_3,candidate_2,candidate_1,4,0.0225
221,candidate_4,candidate_3,candidate_2,candidate_1,4,0.0225
222,candidate_4,candidate_3,0,candidate_1,4,0.0225
223,candidate_4,candidate_3,candidate_2,candidate_1,4,0.0225
224,candidate_4,candidate_3,0,candidate_1,4,0.0225
225,candidate_4,candidate_3,candidate_2,candidate_1,4,0.0225
226,candidate_4,candidate_3,candidate_2,candidate_1,4,0.0225
227,candidate_4,candidate_3,candidate_2,candidate_1,4,0.0225
228,candidate_4,candidate_3,candidate_2,candidate_1,4,0.0225
229,candidate_4,candidate_3,candidate_2,candidate_1,4,0.0225
230,candidate_4,candidate_3,candidate_2,candidate_1,4,0.0225
231,candidate_4,candidate_3,candidate_2,candidate_1,4,0.0225
232,candidate_4,candidate_3,candidate_2,candidate_1,4,0.0225
233,candidate_4,candidate_3,candidate_2,candidate_1,4,0.0225
234,candidate_4,candidate_3,candidate_2,candidate_1,4,0.0225
235,candidate_4,candidate_3,candidate_2,candidate_1,4,0.0225
236,candidate_4,candidate_3,candidate_2,candidate_1,4,0.0225
237,candidate_4,candidate_3,candidate_2,candidate_1,4,0.0225
238,candidate_4,candidate_3,candidate_2,candidate_1,4,0.0225
239,candidate_4,candidate_3,candidate_2,candidate_1,4,0.0225
240,candidate_4,candidate_3,candidate_2,candidate_1,4,0.0225
241,candidate_4,candidate_3,candidate_2,candidate_1,4,0.0225
242,candidate_4,candidate_3,candidate_2,candidate_1,4,0.0225
243,candidate_4,candidate_3,candidate_2,candidate_1,4,0.0225
244,candidate_4,candidate_3,candidate_2,candidate_1,4,0.0225
245,candidate_4,candidate_3,candidate_2,candidate_1,4,0.0225
246,candidate_4,candidate_3,candidate_2,candidate_1,4,0.0225
247,candidate_4,candidate_3,candidate_2,candidate_1,4,0.0225
248,candidate_4,candidate_3,candidate_2,candidate_1,4,0.0225
249,candidate_4,candidate_3,candidate_2,candidate_1,4,0.0225
250,candidate_4,candidate_3,candidate_2,candidate_1,4,0.0225
251,candidate_4,candidate_3,candidate_2,candidate_1,4,0.0225
252,candidate_4,candidate_3,candidate_2,candidate_1,4,0.0225
253,0,candidate_3,candidate_2,candidate_1,4,0.0225
254,candidate_4,candidate_3,candidate_2,candidate_1,4,0.0225
255,candidate_4,candidate_3,0,candidate_1,4,0.0225
256,candidate_4,candidate_3,candidate_2,candidate_1,4,0.0225
257,candidate_4,candidate_3,candidate_2,candidate_1,4,0.0225
258,candidate_4,candidate_3,candidate_2,candidate_1,4,0.0225
259,candidate_4,candidate_3,candidate_2,candidate_1,4,0.0225
260,candidate_4,candidate_3,candidate_2,candidate_1,4,0.0225
261,candidate_4,candidate_3,candidate_2,candidate_1,4,0.0225
262,candidate_4,candidate_3,candidate_2,candidate_1,4,0.0225
263,candidate_4,candidate_3,candidate_2,candidate_1,4,0.0225
264,candidate_4,candidate_3,candidate_2,candidate_1,4,0.0225
265,candidate_4,candidate_3,candidate_2,candidate_1,4,0.0225
266,candidate_4,candidate_3,candidate_2,candidate_1,4,0.0225
267,candidate_4,candidate_3,candidate_2,candidate_1,4,0.0225
268,candidate_4,candidate_3,candidate_2,candidate_1,4,0.0225
269,candidate_4,candidate_3,candidate_2,candidate_1,4,0.0225
270,candidate_4,candidate_3,candidate_2,candidate_1,4,0.0225
271,candidate_4,candidate_3,candidate_2,candidate_1,4,0.0225
272,candidate_4,candidate_3,candidate_2,candidate_1,4,0.0225
273,candidate_4,candidate_3,candidate_2,candidate_1,4,0.0225
274,candidate_4,candidate_3,candidate_2,candidate_1,4,0.0225
275,candidate_4,candidate_3,candidate_2,candidate_1,4,0.0225
276,candidate_4,candidate_3,candidate_2,candidate_1,4,0.0225
277,candidate_4,candidate_3,candidate_2,candidate_1,4,0.0225
278,candidate_4,candidate_3,candidate_2,candidate_1,4,0.0225
279,candidate_4,candidate_3,candidate_2,candidate_1,4,0.0225
280,candidate_4,candidate_3,candidate_2,candidate_1,4,0.0225
281,candidate_4,candidate_3,candidate_2,candidate_1,4,0.0225
282,candidate_4,candidate_3,candidate_2,candidate_1,4,0.0225
283,candidate_4,candidate_3,candidate_2,candidate_1,4,0.0225
284,candidate_4,candidate_3,candidate_2,candidate_1,4,0.0225
285,candidate_4,candidate_3,candidate_2,candidate_1,4,0.0225
286,candidate_4,candidate_3,candidate_2,candidate_1,4,0.0225
287,candidate_4,candidate_3,candidate_2,candidate_1,4,0.0225
288,0,candidate_3,candidate_2,candidate_1,4,0.0225
289,candidate_4,candidate_3,candidate_2,candidate_1,4,0.0225
290,candidate_4,candidate_3,candidate_2,candidate_1,4,0.0225
291,candidate_4,candidate_3,candidate_2,candidate_1,4,0.0225
292,candidate_4,candidate_3,candidate_2,candidate_1,4,0.0225
293,candidate_4,candidate_3,candidate_2,candidate_1,4,0.0225
294,candidate_4,candidate_3,candidate_2,candidate_1,4,0.0225
295,candidate_4,candidate_3,candidate_2,candidate_1,4,0.0225
296,candidate_4,candidate_3,candidate_2,candidate_1,4,0.0225
297,candidate_4,candidate_3,candidate_2,candidate_1,4,0.0225
298,candidate_4,candidate_3,candidate_2,candidate_1,4,0.0225
299,candidate_4,candidate_3,candidate_2,candidate_1,4,0.0225
300,candidate_4,candidate_3,candidate_2,candidate_1,4,0.0225
301,candidate_4,candidate_3,candidate_2,candidate_1,4,0.0225
302,candidate_4,candidate_3,candidate_2,candidate_1,4,0.0225
303,candidate_4,candidate_3,candidate_2,candidate_1,4,0.0225
304,candidate_4,candidate_3,0,candidate_1,4,0.0225
305,candidate_4,candidate_3,candidate_2,candidate_1,4,0.0225
306,candidate_4,candidate_3,candidate_2,candidate_1,4,0.0225
307,candidate_4,candidate_3,candidate_2,candidate_1,4,0.0225
308,candidate_4,candidate_3,candidate_2,candidate_1,4,0.0225
309,candidate_4,candidate_3,candidate_2,0,4,0.0225
310,0,candidate_3,candidate_2,candidate_1,4,0.0225
311,candidate_4,candidate_3,candidate_2,candidate_1,4,0.0225
312,candidate_4,candidate_3,candidate_2,candidate_1,4,0.0225
313,candidate_4,candidate_3,candidate_2,candidate_1,4,0.0225
314,candidate_4,candidate_3,candidate_2,candidate_1,4,0.0225
315,candidate_4,candidate_3,candidate_2,candidate_1,4,0.0225
316,candidate_4,candidate_3,candidate_2,candidate_1,4,0.0225
317,candidate_4,candidate_3,candidate_2,candidate_1,4,0.0225
318,candidate_4,candidate_3,candidate_2,candidate_1,4,0.0225
319,candidate_4,candidate_3,candidate_2,candidate_1,4,0.0225
320,candidate_4,candidate_3,candidate_2,candidate_1,4,0.0225
321,candidate_4,candidate_3,candidate_2,candidate_1,4,0.0225
322,candidate_4,candidate_3,candidate_2,candidate_1,4,0.0225
323,candidate_4,candidate_3,0,candidate_1,4,0.0225
324,candidate_4,candidate_3,candidate_2,candidate_1,4,0.0225
325,candidate_4,candidate_3,candidate_2,candidate_1,4,0.0225
326,candidate_4,candidate_3,candidate_2,candidate_1,4,0.0225
327,candidate_4,candidate_3,candidate_2,candidate_1,4,0.0225
328,candidate_4,candidate_3,candidate_2,candidate_1,4,0.0225
329,candidate_4,candidate_3,candidate_2,candidate_1,4,0.0225
330,candidate_4,0,candidate_2,candidate_1,4,0.0225
331,candidate_4,candidate_3,candidate_2,candidate_1,4,0.0225
332,candidate_4,0,candidate_2,candidate_1,4,0.0225
333,candidate_4,candidate_3,candidate_2,candidate_1,4,0.0225
334,candidate_4,candidate_3,candidate_2,candidate_1,4,0.0225
335,candidate_4,0,candidate_2,candidate_1,4,0.0225
336,candidate_4,candidate_3,candidate_2,candidate_1,4,0.0225
337,candidate_4,candidate_3,candidate_2,candidate_1,4,0.0225
338,candidate_4,candidate_3,candidate_2,candidate_1,4,0.0225
339,candidate_4,candidate_3,candidate_2,candidate_1,4,0.0225
340,candidate_4,candidate_3,candidate_2,candidate_1,4,0.0225
341,candidate_4,candidate_3,candidate_2,candidate_1,4,0.0225
342,candidate_4,candidate_3,candidate_2,candidate_1,4,0.0225
343,candidate_4,candidate_3,candidate_2,candidate_1,4,0.0225
344,candidate_4,candidate_3,candidate_2,0,4,0.0225
345,candidate_4,candidate_3,candidate_2,candidate_1,4,0.0225
346,candidate_4,candidate_3,candidate_2,candidate_1,4,0.0225
347,candidate_4,candidate_3,candidate_2,candidate_1,4,0.0225
348,candidate_4,candidate_3,candidate_2,candidate_1,4,0.0225
349,candidate_4,candidate_3,candidate_2,candidate_1,4,0.0225
350,candidate_4,candidate_3,candidate_2,candidate_1,4,0.0225
351,candidate_4,candidate_3,candidate_2,candidate_1,4,0.0225
352,candidate_4,candidate_3,candidate_2,candidate_1,4,0.0225
353,candidate_4,candidate_3,candidate_2,candidate_1,4,0.0225
354,candidate_4,candidate_3,candidate_2,candidate_1,4,0.0225
355,candidate_4,candidate_3,candidate_2,candidate_1,4,0.0225
356,candidate_4,candidate_3,candidate_2,candidate_1,4,0.0225
357,candidate_4,candidate_3,candidate_2,candidate_1,4,0.0225
358,candidate_4,candidate_3,candidate_2,candidate_1,4,0.0225
359,candidate_4,candidate_3,candidate_2,candidate_1,4,0.0225
360,candidate_4,candidate_3,candidate_2,candidate_1,4,0.0225
361,candidate_4,candidate_3,candidate_2,candidate_1,4,0.0225
362,candidate_4,candidate_3,candidate_2,candidate_1,4,0.0225
363,candidate_4,candidate_3,candidate_2,candidate_1,4,0.0225
364,candidate_4,candidate_3,candidate_2,candidate_1,4,0.0225
365,candidate_4,candidate_3,candidate_2,0,4,0.0225
366,candidate_4,candidate_3,candidate_2,candidate_1,4,0.0225
367,candidate_4,candidate_3,candidate_2,candidate_1,4,0.0225
368,candidate_4,candidate_3,candidate_2,0,4,0.0225
369,candidate_4,candidate_3,candidate_2,candidate_1,4,0.0225
370,candidate_4,candidate_3,candidate_2,candidate_1,4,0.0225
371,candidate_4,candidate_3,candidate_2,candidate_1,4,0.0225
372,candidate_4,candidate_3,candidate_2,candidate_1,4,0.0225
373,candidate_4,candidate_3,candidate_2,candidate_1,4,0.0225
374,candidate_4,candidate_3,candidate_2,candidate_1,4,0.0225
375,candidate_4,candidate_3,candidate_2,candidate_1,4,0.0225
376,candidate_4,candidate_3,0,candidate_1,4,0.0225
377,candidate_4,candidate_3,candidate_2,candidate_1,4,0.0225
378,candidate_4,candidate_3,candidate_2,candidate_1,4,0.0225
379,candidate_4,candidate_3,candidate_2,candidate_1,4,0.0225
380,candidate_4,candidate_3,candidate_2,candidate_1,4,0.0225
381,candidate_4,candidate_3,candidate_2,candidate_1,4,0.0225
382,candidate_4,candidate_3,candidate_2,candidate_1,4,0.0225
383,candidate_4,candidate_3,candidate_2,candidate_1,4,0.0225
384,candidate_4,candidate_3,candidate_2,candidate_1,4,0.0225
385,candidate_4,candidate_3,candidate_2,candidate_1,4,0.0225
386,candidate_4,candidate_3,candidate_2,candidate_1,4,0.0225
387,candidate_4,0,candidate_2,candidate_1,4,0.0225
388,candidate_4,candidate_3,candidate_2,candidate_1,4,0.0225
389,candidate_4,candidate_3,candidate_2,candidate_1,4,0.0225
390,candidate_4,candidate_3,candidate_2,candidate_1,4,0.0225
391,candidate_4,candidate_3,candidate_2,candidate_1,4,0.0225
392,candidate_4,candidate_3,candidate_2,candidate_1,4,0.0225
393,candidate_4,candidate_3,candidate_2,candidate_1,4,0.0225
394,candidate_4,candidate_3,candidate_2,candidate_1,4,0.0225
395,candidate_4,candidate_3,candidate_2,candidate_1,4,0.0225
396,candidate_4,candidate_3,candidate_2,candidate_1,4,0.0225
397,candidate_4,candidate_3,candidate_2,candidate_1,4,0.0225
398,candidate_4,candidate_3,candidate_2,candidate_1,4,0.0225
399,candidate_4,candidate_3,candidate_2,candidate_1,4,0.0225
400,candidate_4,candidate_3,candidate_2,candidate_1,4,0.0225
401,candidate_4,candidate_3,candidate_2,candidate_1,4,0.0225
402,candidate_4,candidate_3,candidate_2,candidate_1,4,0.0225
403,candidate_4,candidate_3,candidate_2,candidate_1,4,0.0225
404,candidate_4,candidate_3,candidate_2,candidate_1,4,0.0225
405,candidate_4,candidate_3,candidate_2,candidate_1,4,0.0225
406,0,candidate_3,candidate_2,candidate_1,4,0.0225
407,candidate_4,candidate_3,candidate_2,candidate_1,4,0.0225
408,candidate_4,candidate_3,candidate_2,candidate_1,4,0.0225
409,candidate_4,candidate_3,candidate_2,candidate_1,4,0.0225
410,candidate_4,candidate_3,candidate_2,candidate_1,4,0.0225
411,candidate_4,candidate_3,candidate_2,candidate_1,4,0.0225
412,candidate_4,candidate_3,candidate_2,candidate_1,4,0.0225
413,candidate_4,candidate_3,candidate_2,candidate_1,4,0.0225
414,candidate_4,candidate_3,candidate_2,candidate_1,4,0.0225
415,candidate_4,candidate_3,candidate_2,candidate_1,4,0.0225
416,candidate_4,candidate_3,candidate_2,0,4,0.0225
417,candidate_4,candidate_3,candidate_2,candidate_1,4,0.0225
418,candidate_4,candidate_3,candidate_2,candidate_1,4,0.0225
419,candidate_4,candidate_3,candidate_2,candidate_1,4,0.0225
420,candidate_4,candidate_3,candidate_2,candidate_1,4,0.0225
421,candidate_4,candidate_3,candidate_2,candidate_1,4,0.0225
422,candidate_4,candidate_3,candidate_2,candidate_1,4,0.0225
423,candidate_4,candidate_3,candidate_2,candidate_1,4,0.0225
424,candidate_4,candidate_3,candidate_2,candidate_1,4,0.0225
425,candidate_4,candidate_3,candidate_2,candidate_1,4,0.0225
426,candidate_4,candidate_3,candidate_2,candidate_1,4,0.0225
427,candidate_4,candidate_3,candidate_2,candidate_1,4,0.0225
428,candidate_4,candidate_3,candidate_2,candidate_1,4,0.0225
429,candidate_4,candidate_3,candidate_2,candidate_1,4,0.0225
430,candidate_4,candidate_3,candidate_2,candidate_1,4,0.0225
431,candidate_4,candidate_3,candidate_2,candidate_1,4,0.0225
432,candidate_4,candidate_3,candidate_2,candidate_1,4,0.0225
433,candidate_4,candidate_3,candidate_2,candidate_1,4,0.0225
434,candidate_4,candidate_3,candidate_2,candidate_1,4,0.0225
435,candidate_4,candidate_3,candidate_2,candidate_1,4,0.0225
436,candidate_4,candidate_3,candidate_2,candidate_1,4,0.0225
437,candidate_4,candidate_3,candidate_2,candidate_1,4,0.0225
438,candidate_4,candidate_3,candidate_2,candidate_1,4,0.0225
439,candidate_4,candidate_3,candidate_2,candidate_1,4,0.0225
440,candidate_4,candidate_3,candidate_2,candidate_1,4,0.0225
441,candidate_4,candidate_3,candidate_2,candidate_1,4,0.0225
442,candidate_4,candidate_3,candidate_2,candidate_1,4,0.0225
443,candidate_4,candidate_3,candidate_2,candidate_1,4,0.0225
444,candidate_4,candidate_3,candidate_2,candidate_1,4,0.0225
445,candidate_4,candidate_3,candidate_2,candidate_1,4,0.0225
446,candidate_4,candidate_3,candidate_2,candidate_1,4,0.0225
447,candidate_4,candidate_3,candidate_2,candidate_1,4,0.0225
448,candidate_4,candidate_3,candidate_2,candidate_1,4,0.0225
449,candidate_4,candidate_3,candidate_2,candidate_1,4,0.0225
450,candidate_4,candidate_3,candidate_2,candidate_1,4,0.0225
451,candidate_4,candidate_3,candidate_2,candidate_1,4,0.0225
452,candidate_4,0,candidate_2,candidate_1,4,0.0225
453,candidate_4,candidate_3,candidate_2,candidate_1,4,0.0225
454,candidate_4,candidate_3,candidate_2,candidate_1,4,0.0225
455,candidate_4,candidate_3,candidate_2,candidate_1,4,0.0225
456,candidate_4,candidate_3,candidate_2,candidate_1,4,0.0225
457,candidate_4,candidate_3,candidate_2,candidate_1,4,0.0225
458,candidate_4,0,candidate_2,candidate_1,4,0.0225
459,candidate_4,candidate_3,candidate_2,candidate_1,4,0.0225
460,candidate_4,candidate_3,candidate_2,candidate_1,4,0.0225
461,candidate_4,candidate_3,candidate_2,candidate_1,4,0.0225
462,candidate_4,candidate_3,candidate_2,candidate_1,4,0.0225
463,candidate_4,candidate_3,candidate_2,candidate_1,4,0.0225
464,candidate_4,candidate_3,candidate_2,candidate_1,4,0.0225
465,candidate_4,candidate_3,candidate_2,candidate_1,4,0.0225
466,candidate_4,candidate_3,candidate_2,candidate_1,4,0.0225
467,candidate_4,candidate_3,candidate_2,candidate_1,4,0.0225
468,candidate_4,candidate_3,candidate_2,candidate_1,4,0.0225
469,candidate_4,candidate_3,candidate_2,candidate_1,4,0.0225
470,candidate_4,candidate_3,candidate_2,candidate_1,4,0.0225
471,candidate_4,candidate_3,candidate_2,candidate_1,4,0.0225
472,candidate_4,0,candidate_2,candidate_1,4,0.0225
473,candidate_4,candidate_3,candidate_2,candidate_1,4,0.0225
474,candidate_4,candidate_3,candidate_2,candidate_1,4,0.0225
475,candidate_4,candidate_3,candidate_2,candidate_1,4,0.0225
476,candidate_4,candidate_3,candidate_2,candidate_1,4,0.0225
477,candidate_4,candidate_3,candidate_2,candidate_1,4,0.0225
478,candidate_4,candidate_3,candidate_2,candidate_1,4,0.0225
479,candidate_4,candidate_3,candidate_2,candidate_1,4,0.0225
480,candidate_4,candidate_3,candidate_2,candidate_1,4,0.0225
481,candidate_4,0,candidate_2,candidate_1,4,0.0225
482,candidate_4,candidate_3,candidate_2,candidate_1,4,0.0225
483,candidate_4,candidate_3,candidate_2,candidate_1,4,0.0225
484,candidate_4,candidate_3,candidate_2,candidate_1,4,0.0225
485,candidate_4,candidate_3,candidate_2,candidate_1,4,0.0225
486,candidate_4,candidate_3,candidate_2,candidate_1,4,0.0225
487,candidate_4,candidate_3,candidate_2,candidate_1,4,0.0225
488,candidate_4,candidate_3,candidate_2,candidate_1,4,0.0225
489,candidate_4,candidate_3,candidate_2,candidate_1,4,0.0225
490,candidate_4,candidate_3,candidate_2,candidate_1,4,0.0225
491,candidate_4,candidate_3,candidate_2,candidate_1,4,0.0225
492,candidate_4,candidate_3,candidate_2,candidate_1,4,0.0225
493,candidate_4,candidate_3,candidate_2,candidate_1,4,0.0225
494,candidate_4,candidate_3,candidate_2,candidate_1,4,0.0225
495,candidate_4,candidate_3,candidate_2,candidate_1,4,0.0225
496,candidate_4,candidate_3,candidate_2,candidate_1,4,0.0225
497,candidate_4,candidate_3,candidate_2,candidate_1,4,0.0225
498,candidate_4,candidate_3,candidate_2,candidate_1,4,0.0225
499,0,candidate_3,candidate_2,candidate_1,4,0.0225
500,candidate_4,candidate_3,candidate_2,candidate_1,4,0.0225
501,candidate_4,candidate_3,candidate_2,candidate_1,4,0.0225
502,candidate_4,candidate_3,candidate_2,candidate_1,4,0.0225
503,candidate_4,candidate_3,candidate_2,candidate_1,4,0.0225
504,candidate_4,candidate_3,candidate_2,candidate_1,4,0.0225
505,candidate_4,candidate_3,candidate_2,candidate_1,4,0.0225
506,candidate_4,candidate_3,candidate_2,candidate_1,4,0.0225
507,candidate_4,candidate_3,candidate_2,candidate_1,4,0.0225
508,candidate_4,candidate_3,candidate_2,candidate_1,4,0.0225
509,candidate_4,candidate_3,candidate_2,candidate_1,4,0.0225
510,candidate_4,candidate_3,candidate_2,candidate_1,4,0.0225
511,candidate_4,candidate_3,candidate_2,candidate_1,4,0.0225
512,candidate_4,candidate_3,candidate_2,candidate_1,4,0.0225
513,candidate_4,candidate_3,candidate_2,candidate_1,4,0.0225
514,candidate_4,candidate_3,candidate_2,candidate_1,4,0.0225
515,candidate_4,candidate_3,candidate_2,candidate_1,4,0.0225
516,candidate_4,candidate_3,candidate_2,candidate_1,4,0.0225
517,candidate_4,candidate_3,candidate_2,candidate_1,4,0.0225
518,candidate_4,candidate_3,candidate_2,candidate_1,4,0.0225
519,candidate_4,candidate_3,candidate_2,candidate_1,4,0.0225
520,candidate_4,candidate_3,candidate_2,candidate_1,4,0.0225
521,candidate_4,candidate_3,candidate_2,candidate_1,4,0.0225
522,candidate_4,candidate_3,candidate_2,candidate_1,4,0.0225
523,candidate_4,candidate_3,candidate_2,candidate_1,4,0.0225
524,candidate_4,candidate_3,candidate_2,candidate_1,4,0.0225
525,candidate_4,candidate_3,candidate_2,candidate_1,4,0.0225
526,candidate_4,candidate_3,candidate_2,candidate_1,4,0.0225
527,candidate_4,candidate_3,candidate_2,candidate_1,4,0.0225
528,candidate_4,candidate_3,candidate_2,candidate_1,4,0.0225
529,candidate_4,candidate_3,candidate_2,candidate_1,4,0.0225
530,candidate_4,candidate_3,candidate_2,candidate_1,4,0.0225
531,candidate_4,candidate_3,0,candidate_1,4,0.0225
532,candidate_4,candidate_3,candidate_2,candidate_1,4,0.0225
533,candidate_4,candidate_3,candidate_2,candidate_1,4,0.0225
534,candidate_4,candidate_3,candidate_2,candidate_1,4,0.0225
535,candidate_4,candidate_3,candidate_2,candidate_1,4,0.0225
536,candidate_4,candidate_3,candidate_2,candidate_1,4,0.0225
537,0,candidate_3,candidate_2,candidate_1,4,0.0225
538,candidate_4,candidate_3,candidate_2,candidate_1,4,0.0225
539,candidate_4,candidate_3,candidate_2,candidate_1,4,0.0225
540,candidate_4,candidate_3,candidate_2,candidate_1,4,0.0225
541,candidate_4,candidate_3,candidate_2,candidate_1,4,0.0225
542,candidate_4,candidate_3,candidate_2,candidate_1,4,0.0225
543,candidate_4,candidate_3,candidate_2,candidate_1,4,0.0225
544,candidate_4,candidate_3,0,candidate_1,4,0.0225
545,candidate_4,candidate_3,candidate_2,candidate_1,4,0.0225
546,candidate_4,candidate_3,candidate_2,candidate_1,4,0.0225
547,candidate_4,candidate_3,candidate_2,candidate_1,4,0.0225
548,candidate_4,candidate_3,candidate_2,candidate_1,4,0.0225
549,candidate_4,candidate_3,candidate_2,candidate_1,4,0.0225
550,candidate_4,candidate_3,candidate_2,candidate_1,4,0.0225
551,candidate_4,0,candidate_2,candidate_1,4,0.0225
552,candidate_4,0,candidate_2,candidate_1,4,0.0225
553,candidate_4,candidate_3,candidate_2,candidate_1,4,0.0225
554,candidate_4,candidate_3,candidate_2,candidate_1,4,0.0225
555,0,candidate_3,candidate_2,candidate_1,4,0.0225
556,candidate_4,candidate_3,candidate_2,candidate_1,4,0.0225
557,candidate_4,candidate_3,candidate_2,candidate_1,4,0.0225
558,candidate_4,candidate_3,0,candidate_1,4,0.0225
559,candidate_4,candidate_3,candidate_2,candidate_1,4,0.0225
560,candidate_4,candidate_3,candidate_2,candidate_1,4,0.0225
561,candidate_4,candidate_3,candidate_2,candidate_1,4,0.0225
562,candidate_4,candidate_3,candidate_2,candidate_1,4,0.0225
563,candidate_4,candidate_3,candidate_2,candidate_1,4,0.0225
564,candidate_4,candidate_3,candidate_2,0,4,0.0225
565,candidate_4,candidate_3,candidate_2,candidate_1,4,0.0225
566,candidate_4,0,candidate_2,candidate_1,4,0.0225
567,candidate_4,candidate_3,candidate_2,candidate_1,4,0.0225
568,candidate_4,candidate_3,candidate_2,candidate_1,4,0.0225
569,candidate_4,candidate_3,candidate_2,candidate_1,4,0.0225
570,candidate_4,candidate_3,candidate_2,candidate_1,4,0.0225
571,candidate_4,candidate_3,candidate_2,candidate_1,4,0.0225
572,candidate_4,candidate_3,candidate_2,candidate_1,4,0.0225
573,candidate_4,candidate_3,candidate_2,candidate_1,4,0.0225
574,candidate_4,candidate_3,candidate_2,candidate_1,4,0.0225
575,candidate_4,candidate_3,candidate_2,candidate_1,4,0.0225
576,candidate_4,candidate_3,candidate_2,candidate_1,4,0.0225
577,candidate_4,candidate_3,candidate_2,candidate_1,4,0.0225
578,candidate_4,candidate_3,candidate_2,candidate_1,4,0.0225
579,candidate_4,candidate_3,candidate_2,candidate_1,4,0.0225
580,candidate_4,candidate_3,candidate_2,candidate_1,4,0.0225
581,0,candidate_3,candidate_2,candidate_1,4,0.0225
582,candidate_4,candidate_3,candidate_2,candidate_1,4,0.0225
583,candidate_4,0,candidate_2,candidate_1,4,0.0225
584,candidate_4,candidate_3,candidate_2,candidate_1,4,0.0225
585,candidate_4,candidate_3,candidate_2,candidate_1,4,0.0225
586,candidate_4,candidate_3,candidate_2,candidate_1,4,0.0225
587,candidate_4,candidate_3,candidate_2,candidate_1,4,0.0225
588,candidate_4,candidate_3,candidate_2,candidate_1,4,0.0225
589,candidate_4,candidate_3,candidate_2,candidate_1,4,0.0225
590,candidate_4,candidate_3,candidate_2,candidate_1,4,0.0225
591,candidate_4,candidate_3,candidate_2,candidate_1,4,0.0225
592,candidate_4,candidate_3,candidate_2,candidate_1,4,0.0225
593,candidate_4,candidate_3,candidate_2,candidate_1,4,0.0225
594,candidate_4,candidate_3,candidate_2,candidate_1,4,0.0225
595,candidate_4,candidate_3,candidate_2,candidate_1,4,0.0225
596,candidate_4,candidate_3,candidate_2,candidate_1,4,0.0225
597,candidate_4,candidate_3,candidate_2,candidate_1,4,0.0225
598,candidate_4,candidate_3,candidate_2,0,4,0.0225
599,candidate_4,candidate_3,candidate_2,candidate_1,4,0.0225
600,candidate_4,candidate_3,candidate_2,candidate_1,4,0.0225
601,candidate_4,candidate_3,candidate_2,candidate_1,4,0.0225
602,candidate_4,candidate_3,candidate_2,candidate_1,4,0.0225
603,candidate_4,candidate_3,candidate_2,candidate_1,4,0.0225
604,candidate_4,candidate_3,0,candidate_1,4,0.0225
605,candidate_4,candidate_3,candidate_2,candidate_1,4,0.0225
606,candidate_4,candidate_3,candidate_2,candidate_1,4,0.0225
607,candidate_4,candidate_3,candidate_2,candidate_1,4,0.0225
608,candidate_4,candidate_3,candidate_2,candidate_1,4,0.0225
609,candidate_4,candidate_3,candidate_2,candidate_1,4,0.0225
610,candidate_4,candidate_3,candidate_2,candidate_1,4,0.0225
611,candidate_4,candidate_3,0,candidate_1,4,0.0225
612,candidate_4,candidate_3,candidate_2,candidate_1,4,0.0225
613,candidate_4,candidate_3,candidate_2,candidate_1,4,0.0225
614,candidate_4,candidate_3,candidate_2,candidate_1,4,0.0225
615,candidate_4,candidate_3,candidate_2,candidate_1,4,0.0225
616,candidate_4,candidate_3,candidate_2,candidate_1,4,0.0225
617,candidate_4,candidate_3,candidate_2,candidate_1,4,0.0225
618,candidate_4,0,candidate_2,candidate_1,4,0.0225
619,candidate_4,candidate_3,candidate_2,candidate_1,4,0.0225
620,candidate_4,candidate_3,candidate_2,candidate_1,4,0.0225
621,candidate_4,0,candidate_2,candidate_1,4,0.0225
622,candidate_4,candidate_3,0,candidate_1,4,0.0225
623,candidate_4,candidate_3,candidate_2,candidate_1,4,0.0225
624,candidate_4,candidate_3,candidate_2,candidate_1,4,0.0225
625,candidate_4,0,candidate_2,candidate_1,4,0.0225
626,candidate_4,candidate_3,candidate_2,candidate_1,4,0.0225
627,candidate_4,candidate_3,candidate_2,candidate_1,4,0.0225
628,candidate_4,candidate_3,candidate_2,candidate_1,4,0.0225
629,candidate_4,candidate_3,candidate_2,candidate_1,4,0.0225
630,candidate_4,candidate_3,candidate_2,candidate_1,4,0.0225
631,candidate_4,candidate_3,candidate_2,candidate_1,4,0.0225
632,candidate_4,candidate_3,candidate_2,candidate_1,4,0.0225
633,candidate_4,candidate_3,candidate_2,candidate_1,4,0.0225
634,candidate_4,candidate_3,candidate_2,candidate_1,4,0.0225
635,candidate_4,candidate_3,candidate_2,candidate_1,4,0.0225
636,0,candidate_3,candidate_2,candidate_1,4,0.0225
637,candidate_4,candidate_3,candidate_2,candidate_1,4,0.0225
638,candidate_4,candidate_3,candidate_2,candidate_1,4,0.0225
639,candidate_4,candidate_3,candidate_2,candidate_1,4,0.0225
640,candidate_4,candidate_3,candidate_2,candidate_1,4,0.0225
641,candidate_4,candidate_3,candidate_2,candidate_1,4,0.0225
642,candidate_4,candidate_3,candidate_2,candidate_1,4,0.0225
643,candidate_4,candidate_3,candidate_2,candidate_1,4,0.0225
644,candidate_4,candidate_3,candidate_2,candidate_1,4,0.0225
645,candidate_4,candidate_3,candidate_2,candidate_1,4,0.0225
646,candidate_4,candidate_3,candidate_2,candidate_1,4,0.0225
647,candidate_4,candidate_3,candidate_2,candidate_1,4,0.0225
648,candidate_4,candidate_3,candidate_2,candidate_1,4,0.0225
649,candidate_4,candidate_3,candidate_2,candidate_1,4,0.0225
650,candidate_4,candidate_3,candidate_2,candidate_1,4,0.0225
651,candidate_4,candidate_3,candidate_2,candidate_1,4,0.0225
652,candidate_4,candidate_3,candidate_2,candidate_1,4,0.0225
653,candidate_4,candidate_3,candidate_2,candidate_1,4,0.0225
654,candidate_4,candidate_3,candidate_2,candidate_1,4,0.0225
655,candidate_4,candidate_3,candidate_2,candidate_1,4,0.0225
656,candidate_4,candidate_3,candidate_2,candidate_1,4,0.0225
657,candidate_4,candidate_3,candidate_2,candidate_1,4,0.0225
658,candidate_4,candidate_3,candidate_2,candidate_1,4,0.0225
659,candidate_4,candidate_3,candidate_2,candidate_1,4,0.0225
660,candidate_4,candidate_3,candidate_2,candidate_1,4,0.0225
661,candidate_4,candidate_3,candidate_2,candidate_1,4,0.0225
662,candidate_4,candidate_3,candidate_2,candidate_1,4,0.0225
663,candidate_4,candidate_3,candidate_2,candidate_1,4,0.0225
664,candidate_4,candidate_3,candidate_2,candidate_1,4,0.0225
665,candidate_4,candidate_3,candidate_2,candidate_1,4,0.0225
666,candidate_4,candidate_3,candidate_2,candidate_1,4,0.0225
667,candidate_4,candidate_3,candidate_2,candidate_1,4,0.0225
668,candidate_4,candidate_3,candidate_2,candidate_1,4,0.0225
669,candidate_4,candidate_3,candidate_2,candidate_1,4,0.0225
670,candidate_4,candidate_3,candidate_2,candidate_1,4,0.0225
671,candidate_4,candidate_3,candidate_2,candidate_1,4,0.0225
672,candidate_4,candidate_3,candidate_2,candidate_1,4,0.0225
673,candidate_4,candidate_3,candidate_2,candidate_1,4,0.0225
674,candidate_4,candidate_3,candidate_2,candidate_1,4,0.0225
675,candidate_4,candidate_3,candidate_2,candidate_1,4,0.0225
676,candidate_4,candidate_3,candidate_2,candidate_1,4,0.0225
677,candidate_4,candidate_3,candidate_2,candidate_1,4,0.0225
678,candidate_4,candidate_3,candidate_2,candidate_1,4,0.0225
679,candidate_4,candidate_3,candidate_2,candidate_1,4,0.0225
680,candidate_4,candidate_3,candidate_2,candidate_1,4,0.0225
681,candidate_4,candidate_3,candidate_2,candidate_1,4,0.0225
682,candidate_4,candidate_3,candidate_2,candidate_1,4,0.0225
683,candidate_4,candidate_3,candidate_2,candidate_1,4,0.0225
684,candidate_4,candidate_3,candidate_2,candidate_1,4,0.0225
685,candidate_4,candidate_3,candidate_2,candidate_1,4,0.0225
686,candidate_4,candidate_3,candidate_2,candidate_1,4,0.0225
687,candidate_4,candidate_3,candidate_2,candidate_1,4,0.0225
688,candidate_4,candidate_3,candidate_2,candidate_1,4,0.0225
689,candidate_4,candidate_3,candidate_2,candidate_1,4,0.0225
690,candidate_4,candidate_3,candidate_2,candidate_1,4,0.0225
691,candidate_4,candidate_3,candidate_2,candidate_1,4,0.0225
692,candidate_4,candidate_3,candidate_2,candidate_1,4,0.0225
693,candidate_4,candidate_3,candidate_2,candidate_1,4,0.0225
694,candidate_4,candidate_3,candidate_2,candidate_1,4,0.0225
695,candidate_4,candidate_3,candidate_2,candidate_1,4,0.0225
696,0,candidate_3,candidate_2,candidate_1,4,0.0225
697,candidate_4,candidate_3,candidate_2,candidate_1,4,0.0225
698,candidate_4,candidate_3,candidate_2,candidate_1,4,0.0225
699,candidate_4,candidate_3,candidate_2,candidate_1,4,0.0225
700,candidate_4,candidate_3,candidate_2,candidate_1,4,0.0225
701,candidate_4,candidate_3,candidate_2,candidate_1,4,0.0225
702,candidate_4,candidate_3,candidate_2,candidate_1,4,0.0225
703,candidate_4,candidate_3,candidate_2,candidate_1,4,0.0225
704,candidate_4,0,candidate_2,candidate_1,4,0.0225
705,candidate_4,candidate_3,candidate_2,candidate_1,4,0.0225
706,candidate_4,candidate_3,candidate_2,candidate_1,4,0.0225
707,candidate_4,candidate_3,0,candidate_1,4,0.0225
708,candidate_4,candidate_3,candidate_2,candidate_1,4,0.0225
709,candidate_4,candidate_3,candidate_2,candidate_1,4,0.0225
710,candidate_4,candidate_3,candidate_2,candidate_1,4,0.0225
711,candidate_4,candidate_3,candidate_2,candidate_1,4,0.0225
712,candidate_4,candidate_3,candidate_2,candidate_1,4,0.0225
713,candidate_4,candidate_3,candidate_2,candidate_1,4,0.0225
714,candidate_4,candidate_3,candidate_2,candidate_1,4,0.0225
715,candidate_4,candidate_3,candidate_2,candidate_1,4,0.0225
716,candidate_4,candidate_3,candidate_2,candidate_1,4,0.0225
717,candidate_4,candidate_3,candidate_2,candidate_1,4,0.0225
718,candidate_4,candidate_3,candidate_2,candidate_1,4,0.0225
719,candidate_4,candidate_3,candidate_2,candidate_1,4,0.0225
720,candidate_4,candidate_3,candidate_2,candidate_1,4,0.0225
721,candidate_4,candidate_3,candidate_2,candidate_1,4,0.0225
722,candidate_4,candidate_3,candidate_2,candidate_1,4,0.0225
723,candidate_4,candidate_3,candidate_2,candidate_1,4,0.0225
724,candidate_4,candidate_3,candidate_2,candidate_1,4,0.0225
725,candidate_4,candidate_3,candidate_2,candidate_1,4,0.0225
726,candidate_4,candidate_3,candidate_2,candidate_1,4,0.0225
727,candidate_4,candidate_3,candidate_2,candidate_1,4,0.0225
728,candidate_4,candidate_3,candidate_2,candidate_1,4,0.0225
729,candidate_4,candidate_3,candidate_2,candidate_1,4,0.0225
730,candidate_4,candidate_3,candidate_2,candidate_1,4,0.0225
731,candidate_4,candidate_3,candidate_2,candidate_1,4,0.0225
732,candidate_4,candidate_3,candidate_2,candidate_1,4,0.0225
733,candidate_4,candidate_3,candidate_2,candidate_1,4,0.0225
734,candidate_4,candidate_3,candidate_2,candidate_1,4,0.0225
735,candidate_4,candidate_3,candidate_2,candidate_1,4,0.0225
736,candidate_4,candidate_3,candidate_2,candidate_1,4,0.0225
737,candidate_4,candidate_3,0,candidate_1,4,0.0225
738,0,candidate_3,candidate_2,candidate_1,4,0.0225
739,candidate_4,candidate_3,candidate_2,candidate_1,4,0.0225
740,candidate_4,candidate_3,candidate_2,candidate_1,4,0.0225
741,candidate_4,candidate_3,0,candidate_1,4,0.0225
742,candidate_4,candidate_3,candidate_2,candidate_1,4,0.0225
743,candidate_4,candidate_3,candidate_2,candidate_1,4,0.0225
744,candidate_4,candidate_3,0,candidate_1,4,0.0225
745,candidate_4,candidate_3,candidate_2,candidate_1,4,0.0225
746,candidate_4,candidate_3,candidate_2,candidate_1,4,0.0225
747,candidate_4,candidate_3,candidate_2,candidate_1,4,0.0225
748,candidate_4,candidate_3,candidate_2,candidate_1,4,0.0225
749,candidate_4,candidate_3,candidate_2,candidate_1,4,0.0225
750,candidate_4,candidate_3,candidate_2,candidate_1,4,0.0225
751,candidate_4,candidate_3,candidate_2,candidate_1,4,0.0225
752,candidate_4,candidate_3,candidate_2,candidate_1,4,0.0225
753,candidate_4,candidate_3,candidate_2,candidate_1,4,0.0225
754,candidate_4,candidate_3,0,candidate_1,4,0.0225
755,candidate_4,candidate_3,candidate_2,candidate_1,4,0.0225
756,candidate_4,candidate_3,candidate_2,candidate_1,4,0.0225
757,candidate_4,candidate_3,candidate_2,candidate_1,4,0.0225
758,candidate_4,candidate_3,candidate_2,candidate_1,4,0.0225
759,candidate_4,candidate_3,candidate_2,candidate_1,4,0.0225
760,candidate_4,candidate_3,candidate_2,candidate_1,4,0.0225
761,candidate_4,candidate_3,candidate_2,candidate_1,4,0.0225
762,candidate_4,candidate_3,candidate_2,candidate_1,4,0.0225
763,candidate_4,candidate_3,candidate_2,candidate_1,4,0.0225
764,candidate_4,candidate_3,candidate_2,candidate_1,4,0.0225
765,candidate_4,candidate_3,candidate_2,candidate_1,4,0.0225
766,candidate_4,candidate_3,candidate_2,candidate_1,4,0.0225
767,candidate_4,candidate_3,candidate_2,candidate_1,4,0.0225
768,candidate_4,candidate_3,candidate_2,candidate_1,4,0.0225
769,candidate_4,candidate_3,candidate_2,candidate_1,4,0.0225
770,candidate_4,0,candidate_2,candidate_1,4,0.0225
771,candidate_4,candidate_3,candidate_2,candidate_1,4,0.0225
772,candidate_4,candidate_3,candidate_2,candidate_1,4,0.0225
773,candidate_4,0,candidate_2,candidate_1,4,0.0225
774,candidate_4,candidate_3,candidate_2,candidate_1,4,0.0225
775,candidate_4,candidate_3,candidate_2,candidate_1,4,0.0225
776,candidate_4,candidate_3,candidate_2,candidate_1,4,0.0225
777,candidate_4,candidate_3,candidate_2,candidate_1,4,0.0225
778,candidate_4,candidate_3,candidate_2,candidate_1,4,0.0225
779,candidate_4,candidate_3,candidate_2,candidate_1,4,0.0225
780,candidate_4,candidate_3,candidate_2,candidate_1,4,0.0225
781,candidate_4,candidate_3,candidate_2,candidate_1,4,0.0225
782,candidate_4,candidate_3,candidate_2,candidate_1,4,0.0225
783,candidate_4,candidate_3,candidate_2,candidate_1,4,0.0225
784,candidate_4,candidate_3,candidate_2,candidate_1,4,0.0225
785,candidate_4,candidate_3,candidate_2,candidate_1,4,0.0225
786,candidate_4,candidate_3,candidate_2,candidate_1,4,0.0225
787,candidate_4,candidate_3,candidate_2,candidate_1,4,0.0225
788,candidate_4,candidate_3,candidate_2,candidate_1,4,0.0225
789,candidate_4,candidate_3,candidate_2,candidate_1,4,0.0225
790,candidate_4,candidate_3,candidate_2,candidate_1,4,0.0225
791,candidate_4,candidate_3,candidate_2,candidate_1,4,0.0225
792,candidate_4,candidate_3,candidate_2,candidate_1,4,0.0225
793,candidate_4,candidate_3,candidate_2,candidate_1,4,0.0225
794,candidate_4,candidate_3,candidate_2,candidate_1,4,0.0225
795,candidate_4,candidate_3,candidate_2,candidate_1,4,0.0225
796,candidate_4,candidate_3,candidate_2,candidate_1,4,0.0225
797,candidate_4,candidate_3,candidate_2,candidate_1,4,0.0225
798,candidate_4,candidate_3,candidate_2,candidate_1,4,0.0225
799,candidate_4,candidate_3,candidate_2,candidate_1,4,0.0225
800,candidate_4,candidate_3,candidate_2,candidate_1,4,0.0225
801,candidate_4,candidate_3,candidate_2,candidate_1,4,0.0225
802,candidate_4,candidate_3,candidate_2,candidate_1,4,0.0225
803,candidate_4,candidate_3,candidate_2,candidate_1,4,0.0225
804,candidate_4,candidate_3,candidate_2,candidate_1,4,0.0225
805,candidate_4,candidate_3,candidate_2,candidate_1,4,0.0225
806,candidate_4,candidate_3,candidate_2,candidate_1,4,0.0225
807,candidate_4,candidate_3,candidate_2,candidate_1,4,0.0225
