,candidate_1,candidate_2,candidate_3,num_candidates,noise
0,candidate_1,candidate_2,candidate_3,3,0.0033333333333333335
1,candidate_1,candidate_2,candidate_3,3,0.0033333333333333335
2,candidate_1,candidate_2,candidate_3,3,0.0033333333333333335
3,candidate_1,0,candidate_3,3,0.0033333333333333335
4,candidate_1,candidate_2,candidate_3,3,0.0033333333333333335
5,candidate_1,candidate_2,candidate_3,3,0.0033333333333333335
6,candidate_1,candidate_2,candidate_3,3,0.0033333333333333335
7,candidate_1,candidate_2,candidate_3,3,0.0033333333333333335
8,candidate_1,candidate_2,candidate_3,3,0.0033333333333333335
9,candidate_1,candidate_2,candidate_3,3,0.0033333333333333335
10,candidate_1,candidate_2,candidate_3,3,0.0033333333333333335
11,candidate_1,candidate_2,candidate_3,3,0.0033333333333333335
12,candidate_1,candidate_2,candidate_3,3,0.0033333333333333335
13,candidate_1,candidate_2,candidate_3,3,0.0033333333333333335
14,candidate_1,candidate_2,candidate_3,3,0.0033333333333333335
15,candidate_1,candidate_2,candidate_3,3,0.0033333333333333335
16,candidate_1,candidate_2,candidate_3,3,0.0033333333333333335
17,candidate_1,candidate_2,candidate_3,3,0.0033333333333333335
18,candidate_1,candidate_2,candidate_3,3,0.0033333333333333335
19,candidate_1,candidate_2,candidate_3,3,0.0033333333333333335
20,candidate_1,candidate_2,candidate_3,3,0.0033333333333333335
21,candidate_1,candidate_2,candidate_3,3,0.0033333333333333335
22,candidate_1,candidate_2,candidate_3,3,0.0033333333333333335
23,candidate_1,candidate_2,candidate_3,3,0.0033333333333333335
24,candidate_1,candidate_2,candidate_3,3,0.0033333333333333335
25,candidate_1,candidate_2,candidate_3,3,0.0033333333333333335
26,candidate_1,candidate_2,candidate_3,3,0.0033333333333333335
27,candidate_1,candidate_2,candidate_3,3,0.0033333333333333335
28,candidate_1,candidate_2,candidate_3,3,0.0033333333333333335
29,candidate_1,candidate_2,candidate_3,3,0.0033333333333333335
30,candidate_1,candidate_2,candidate_3,3,0.0033333333333333335
31,candidate_1,candidate_2,candidate_3,3,0.0033333333333333335
32,candidate_1,candidate_2,candidate_3,3,0.0033333333333333335
33,candidate_1,candidate_2,candidate_3,3,0.0033333333333333335
34,candidate_1,candidate_2,candidate_3,3,0.0033333333333333335
35,candidate_1,candidate_2,candidate_3,3,0.0033333333333333335
36,candidate_1,candidate_2,candidate_3,3,0.0033333333333333335
37,candidate_1,candidate_2,candidate_3,3,0.0033333333333333335
38,candidate_1,candidate_2,candidate_3,3,0.0033333333333333335
39,candidate_1,candidate_2,candidate_3,3,0.0033333333333333335
40,candidate_1,candidate_2,candidate_3,3,0.0033333333333333335
41,0,candidate_2,candidate_3,3,0.0033333333333333335
42,candidate_1,candidate_2,candidate_3,3,0.0033333333333333335
43,candidate_1,candidate_2,candidate_3,3,0.0033333333333333335
44,candidate_1,candidate_2,candidate_3,3,0.0033333333333333335
45,candidate_1,candidate_2,candidate_3,3,0.0033333333333333335
46,candidate_1,candidate_2,candidate_3,3,0.0033333333333333335
47,candidate_1,candidate_2,candidate_3,3,0.0033333333333333335
48,candidate_1,candidate_2,candidate_3,3,0.0033333333333333335
49,candidate_1,candidate_2,candidate_3,3,0.0033333333333333335
50,candidate_1,candidate_2,candidate_3,3,0.0033333333333333335
51,candidate_1,candidate_2,candidate_3,3,0.0033333333333333335
52,candidate_1,candidate_2,candidate_3,3,0.0033333333333333335
53,candidate_1,candidate_2,candidate_3,3,0.0033333333333333335
54,candidate_1,candidate_2,candidate_3,3,0.0033333333333333335
55,candidate_1,candidate_2,candidate_3,3,0.0033333333333333335
56,candidate_1,candidate_2,candidate_3,3,0.0033333333333333335
57,candidate_1,candidate_2,candidate_3,3,0.0033333333333333335
58,candidate_1,candidate_2,candidate_3,3,0.0033333333333333335
59,candidate_1,candidate_2,candidate_3,3,0.0033333333333333335
60,candidate_1,candidate_2,candidate_3,3,0.0033333333333333335
61,candidate_1,candidate_2,candidate_3,3,0.0033333333333333335
62,candidate_1,candidate_2,candidate_3,3,0.0033333333333333335
63,candidate_1,candidate_2,candidate_3,3,0.0033333333333333335
64,candidate_1,candidate_2,candidate_3,3,0.0033333333333333335
65,candidate_1,candidate_2,candidate_3,3,0.0033333333333333335
66,candidate_1,candidate_2,candidate_3,3,0.0033333333333333335
67,candidate_1,candidate_2,candidate_3,3,0.0033333333333333335
68,candidate_1,candidate_2,candidate_3,3,0.0033333333333333335
69,candidate_1,candidate_2,candidate_3,3,0.0033333333333333335
70,candidate_1,candidate_2,candidate_3,3,0.0033333333333333335
71,candidate_1,candidate_2,candidate_3,3,0.0033333333333333335
72,candidate_1,candidate_2,candidate_3,3,0.0033333333333333335
73,candidate_1,candidate_2,candidate_3,3,0.0033333333333333335
74,candidate_1,candidate_2,candidate_3,3,0.0033333333333333335
75,candidate_1,candidate_2,candidate_3,3,0.0033333333333333335
76,candidate_1,candidate_2,candidate_3,3,0.0033333333333333335
77,candidate_1,candidate_2,candidate_3,3,0.0033333333333333335
78,candidate_1,candidate_2,candidate_3,3,0.0033333333333333335
79,candidate_1,candidate_2,candidate_3,3,0.0033333333333333335
80,candidate_1,candidate_2,candidate_3,3,0.0033333333333333335
81,candidate_1,candidate_2,candidate_3,3,0.0033333333333333335
82,candidate_1,candidate_2,candidate_3,3,0.0033333333333333335
83,candidate_1,candidate_2,candidate_3,3,0.0033333333333333335
84,candidate_1,candidate_2,candidate_3,3,0.0033333333333333335
85,candidate_1,candidate_2,candidate_3,3,0.0033333333333333335
86,candidate_1,candidate_2,candidate_3,3,0.0033333333333333335
87,candidate_1,candidate_2,candidate_3,3,0.0033333333333333335
88,candidate_1,candidate_2,candidate_3,3,0.0033333333333333335
89,candidate_1,candidate_2,candidate_3,3,0.0033333333333333335
90,candidate_1,candidate_2,candidate_3,3,0.0033333333333333335
91,candidate_1,candidate_2,candidate_3,3,0.0033333333333333335
92,candidate_1,candidate_2,candidate_3,3,0.0033333333333333335
93,candidate_1,candidate_2,candidate_3,3,0.0033333333333333335
94,candidate_1,candidate_2,candidate_3,3,0.0033333333333333335
95,candidate_1,candidate_2,candidate_3,3,0.0033333333333333335
96,candidate_1,candidate_2,candidate_3,3,0.0033333333333333335
97,candidate_1,candidate_2,candidate_3,3,0.0033333333333333335
98,candidate_1,candidate_2,candidate_3,3,0.0033333333333333335
99,candidate_1,candidate_2,candidate_3,3,0.0033333333333333335
100,candidate_1,candidate_2,candidate_3,3,0.0033333333333333335
101,candidate_1,candidate_2,candidate_3,3,0.0033333333333333335
102,candidate_1,candidate_2,candidate_3,3,0.0033333333333333335
103,candidate_1,candidate_2,candidate_3,3,0.0033333333333333335
104,candidate_1,candidate_2,candidate_3,3,0.0033333333333333335
105,candidate_1,candidate_2,candidate_3,3,0.0033333333333333335
106,candidate_1,candidate_2,candidate_3,3,0.0033333333333333335
107,0,candidate_2,candidate_3,3,0.0033333333333333335
108,candidate_1,candidate_2,candidate_3,3,0.0033333333333333335
109,candidate_1,candidate_2,candidate_3,3,0.0033333333333333335
110,candidate_1,candidate_2,candidate_3,3,0.0033333333333333335
111,candidate_1,candidate_2,candidate_3,3,0.0033333333333333335
112,candidate_1,candidate_2,candidate_3,3,0.0033333333333333335
113,candidate_1,candidate_2,candidate_3,3,0.0033333333333333335
114,candidate_1,candidate_2,candidate_3,3,0.0033333333333333335
115,candidate_1,candidate_2,candidate_3,3,0.0033333333333333335
116,candidate_1,candidate_2,candidate_3,3,0.0033333333333333335
117,candidate_1,candidate_2,candidate_3,3,0.0033333333333333335
118,candidate_1,candidate_2,candidate_3,3,0.0033333333333333335
119,candidate_1,candidate_2,candidate_3,3,0.0033333333333333335
120,candidate_1,candidate_2,candidate_3,3,0.0033333333333333335
121,0,candidate_2,candidate_3,3,0.0033333333333333335
122,candidate_1,candidate_2,candidate_3,3,0.0033333333333333335
123,candidate_1,candidate_2,candidate_3,3,0.0033333333333333335
124,candidate_1,candidate_2,candidate_3,3,0.0033333333333333335
125,candidate_1,candidate_2,candidate_3,3,0.0033333333333333335
126,candidate_1,candidate_2,candidate_3,3,0.0033333333333333335
127,candidate_1,candidate_2,candidate_3,3,0.0033333333333333335
128,candidate_1,candidate_2,candidate_3,3,0.0033333333333333335
129,candidate_1,candidate_2,candidate_3,3,0.0033333333333333335
130,candidate_1,candidate_2,candidate_3,3,0.0033333333333333335
131,candidate_1,candidate_2,candidate_3,3,0.0033333333333333335
132,candidate_1,candidate_2,candidate_3,3,0.0033333333333333335
133,candidate_1,candidate_2,candidate_3,3,0.0033333333333333335
134,candidate_1,candidate_2,candidate_3,3,0.0033333333333333335
135,candidate_1,candidate_2,candidate_3,3,0.0033333333333333335
136,candidate_1,candidate_2,candidate_3,3,0.0033333333333333335
137,candidate_1,candidate_2,candidate_3,3,0.0033333333333333335
138,candidate_1,candidate_2,candidate_3,3,0.0033333333333333335
139,candidate_1,candidate_2,candidate_3,3,0.0033333333333333335
140,candidate_1,candidate_2,candidate_3,3,0.0033333333333333335
141,candidate_1,candidate_2,candidate_3,3,0.0033333333333333335
142,candidate_1,candidate_2,candidate_3,3,0.0033333333333333335
143,candidate_1,candidate_2,candidate_3,3,0.0033333333333333335
144,candidate_1,candidate_2,candidate_3,3,0.0033333333333333335
145,candidate_1,candidate_2,candidate_3,3,0.0033333333333333335
146,candidate_1,candidate_2,candidate_3,3,0.0033333333333333335
147,candidate_1,candidate_2,candidate_3,3,0.0033333333333333335
148,candidate_1,candidate_2,candidate_3,3,0.0033333333333333335
149,candidate_1,candidate_2,candidate_3,3,0.0033333333333333335
150,candidate_1,candidate_2,candidate_3,3,0.0033333333333333335
151,candidate_1,candidate_2,candidate_3,3,0.0033333333333333335
152,candidate_1,candidate_2,candidate_3,3,0.0033333333333333335
153,candidate_1,candidate_2,candidate_3,3,0.0033333333333333335
154,candidate_1,candidate_2,candidate_3,3,0.0033333333333333335
155,candidate_1,candidate_2,candidate_3,3,0.0033333333333333335
156,candidate_1,candidate_2,candidate_3,3,0.0033333333333333335
157,candidate_1,candidate_2,candidate_3,3,0.0033333333333333335
158,candidate_1,candidate_2,candidate_3,3,0.0033333333333333335
159,candidate_1,candidate_2,candidate_3,3,0.0033333333333333335
160,candidate_1,candidate_2,candidate_3,3,0.0033333333333333335
161,candidate_1,candidate_2,candidate_3,3,0.0033333333333333335
162,candidate_1,candidate_2,candidate_3,3,0.0033333333333333335
163,candidate_1,candidate_2,candidate_3,3,0.0033333333333333335
164,candidate_1,candidate_2,candidate_3,3,0.0033333333333333335
165,candidate_1,candidate_2,candidate_3,3,0.0033333333333333335
166,candidate_1,candidate_2,candidate_3,3,0.0033333333333333335
167,candidate_1,candidate_2,candidate_3,3,0.0033333333333333335
168,candidate_1,candidate_2,candidate_3,3,0.0033333333333333335
169,candidate_1,candidate_2,candidate_3,3,0.0033333333333333335
170,candidate_1,candidate_2,candidate_3,3,0.0033333333333333335
171,candidate_1,candidate_2,candidate_3,3,0.0033333333333333335
172,candidate_1,0,candidate_3,3,0.0033333333333333335
173,candidate_1,candidate_2,candidate_3,3,0.0033333333333333335
174,candidate_1,candidate_2,candidate_3,3,0.0033333333333333335
175,candidate_1,candidate_2,candidate_3,3,0.0033333333333333335
176,candidate_1,candidate_2,candidate_3,3,0.0033333333333333335
177,candidate_1,candidate_2,candidate_3,3,0.0033333333333333335
178,candidate_1,candidate_2,candidate_3,3,0.0033333333333333335
179,candidate_1,candidate_2,candidate_3,3,0.0033333333333333335
180,candidate_1,candidate_2,candidate_3,3,0.0033333333333333335
181,candidate_1,candidate_2,candidate_3,3,0.0033333333333333335
182,candidate_1,candidate_2,candidate_3,3,0.0033333333333333335
183,candidate_1,candidate_2,candidate_3,3,0.0033333333333333335
184,candidate_1,candidate_2,candidate_3,3,0.0033333333333333335
185,candidate_1,candidate_2,candidate_3,3,0.0033333333333333335
186,candidate_1,candidate_2,candidate_3,3,0.0033333333333333335
187,candidate_1,candidate_2,candidate_3,3,0.0033333333333333335
188,candidate_1,candidate_2,candidate_3,3,0.0033333333333333335
189,candidate_1,candidate_2,candidate_3,3,0.0033333333333333335
190,candidate_1,candidate_2,candidate_3,3,0.0033333333333333335
191,candidate_1,candidate_2,candidate_3,3,0.0033333333333333335
192,candidate_1,candidate_2,candidate_3,3,0.0033333333333333335
193,candidate_1,candidate_2,candidate_3,3,0.0033333333333333335
194,candidate_1,candidate_2,candidate_3,3,0.0033333333333333335
195,candidate_1,candidate_2,candidate_3,3,0.0033333333333333335
196,candidate_1,candidate_2,candidate_3,3,0.0033333333333333335
197,candidate_1,candidate_2,candidate_3,3,0.0033333333333333335
198,candidate_1,candidate_2,candidate_3,3,0.0033333333333333335
199,candidate_1,candidate_2,candidate_3,3,0.0033333333333333335
200,candidate_1,candidate_2,candidate_3,3,0.0033333333333333335
201,candidate_1,candidate_2,candidate_3,3,0.0033333333333333335
202,candidate_1,candidate_2,candidate_3,3,0.0033333333333333335
203,candidate_1,candidate_2,candidate_3,3,0.0033333333333333335
204,candidate_1,candidate_2,candidate_3,3,0.0033333333333333335
205,candidate_1,candidate_2,candidate_3,3,0.0033333333333333335
206,candidate_1,candidate_2,candidate_3,3,0.0033333333333333335
207,candidate_1,candidate_2,candidate_3,3,0.0033333333333333335
208,candidate_1,candidate_2,candidate_3,3,0.0033333333333333335
209,candidate_1,candidate_2,candidate_3,3,0.0033333333333333335
210,candidate_1,candidate_2,candidate_3,3,0.0033333333333333335
211,candidate_1,candidate_2,candidate_3,3,0.0033333333333333335
212,candidate_1,candidate_2,candidate_3,3,0.0033333333333333335
213,candidate_1,candidate_2,candidate_3,3,0.0033333333333333335
214,candidate_1,candidate_2,candidate_3,3,0.0033333333333333335
215,candidate_1,candidate_2,candidate_3,3,0.0033333333333333335
216,candidate_1,candidate_2,candidate_3,3,0.0033333333333333335
217,candidate_1,candidate_2,candidate_3,3,0.0033333333333333335
218,candidate_1,candidate_2,candidate_3,3,0.0033333333333333335
219,candidate_1,candidate_2,candidate_3,3,0.0033333333333333335
220,candidate_1,candidate_2,candidate_3,3,0.0033333333333333335
221,candidate_1,candidate_2,candidate_3,3,0.0033333333333333335
222,candidate_1,candidate_2,candidate_3,3,0.0033333333333333335
223,candidate_1,candidate_2,candidate_3,3,0.0033333333333333335
224,candidate_1,candidate_2,candidate_3,3,0.0033333333333333335
225,candidate_1,candidate_2,candidate_3,3,0.0033333333333333335
226,candidate_1,candidate_2,candidate_3,3,0.0033333333333333335
227,candidate_1,candidate_2,candidate_3,3,0.0033333333333333335
228,candidate_1,candidate_2,candidate_3,3,0.0033333333333333335
229,candidate_1,candidate_2,candidate_3,3,0.0033333333333333335
230,candidate_1,candidate_2,candidate_3,3,0.0033333333333333335
231,candidate_1,candidate_2,candidate_3,3,0.0033333333333333335
232,candidate_1,candidate_2,candidate_3,3,0.0033333333333333335
233,candidate_1,candidate_2,candidate_3,3,0.0033333333333333335
234,candidate_1,candidate_2,candidate_3,3,0.0033333333333333335
235,candidate_1,candidate_2,candidate_3,3,0.0033333333333333335
236,candidate_1,candidate_2,candidate_3,3,0.0033333333333333335
237,candidate_1,candidate_2,candidate_3,3,0.0033333333333333335
238,candidate_1,candidate_2,candidate_3,3,0.0033333333333333335
239,candidate_1,candidate_2,candidate_3,3,0.0033333333333333335
240,candidate_1,candidate_2,candidate_3,3,0.0033333333333333335
241,candidate_1,candidate_2,candidate_3,3,0.0033333333333333335
242,candidate_1,candidate_2,candidate_3,3,0.0033333333333333335
243,candidate_1,candidate_2,candidate_3,3,0.0033333333333333335
244,candidate_1,candidate_2,candidate_3,3,0.0033333333333333335
245,candidate_1,candidate_2,candidate_3,3,0.0033333333333333335
246,candidate_1,candidate_2,candidate_3,3,0.0033333333333333335
247,candidate_1,candidate_2,candidate_3,3,0.0033333333333333335
248,candidate_1,candidate_2,candidate_3,3,0.0033333333333333335
249,candidate_1,candidate_2,candidate_3,3,0.0033333333333333335
250,candidate_1,candidate_2,candidate_3,3,0.0033333333333333335
251,candidate_1,candidate_2,candidate_3,3,0.0033333333333333335
252,candidate_1,candidate_2,candidate_3,3,0.0033333333333333335
253,candidate_1,candidate_2,candidate_3,3,0.0033333333333333335
254,candidate_1,candidate_2,candidate_3,3,0.0033333333333333335
255,candidate_1,candidate_2,candidate_3,3,0.0033333333333333335
256,candidate_1,candidate_2,candidate_3,3,0.0033333333333333335
257,candidate_1,candidate_2,candidate_3,3,0.0033333333333333335
258,candidate_1,candidate_2,candidate_3,3,0.0033333333333333335
259,candidate_1,candidate_2,candidate_3,3,0.0033333333333333335
260,candidate_1,candidate_2,candidate_3,3,0.0033333333333333335
261,candidate_1,candidate_2,candidate_3,3,0.0033333333333333335
262,candidate_1,candidate_2,candidate_3,3,0.0033333333333333335
263,candidate_1,candidate_2,candidate_3,3,0.0033333333333333335
264,candidate_1,candidate_2,candidate_3,3,0.0033333333333333335
265,candidate_1,candidate_2,candidate_3,3,0.0033333333333333335
266,candidate_1,candidate_2,candidate_3,3,0.0033333333333333335
267,candidate_1,candidate_2,candidate_3,3,0.0033333333333333335
268,candidate_1,candidate_2,candidate_3,3,0.0033333333333333335
269,candidate_1,candidate_2,candidate_3,3,0.0033333333333333335
270,candidate_1,candidate_2,candidate_3,3,0.0033333333333333335
271,candidate_1,candidate_2,candidate_3,3,0.0033333333333333335
272,candidate_1,candidate_2,candidate_3,3,0.0033333333333333335
273,candidate_1,candidate_2,candidate_3,3,0.0033333333333333335
274,candidate_1,candidate_2,candidate_3,3,0.0033333333333333335
275,candidate_1,candidate_2,candidate_3,3,0.0033333333333333335
276,candidate_1,candidate_2,candidate_3,3,0.0033333333333333335
277,candidate_1,candidate_2,candidate_3,3,0.0033333333333333335
278,candidate_1,candidate_2,candidate_3,3,0.0033333333333333335
279,candidate_1,candidate_2,candidate_3,3,0.0033333333333333335
280,candidate_1,candidate_2,candidate_3,3,0.0033333333333333335
281,candidate_1,candidate_2,candidate_3,3,0.0033333333333333335
282,candidate_1,candidate_2,candidate_3,3,0.0033333333333333335
283,candidate_1,candidate_2,candidate_3,3,0.0033333333333333335
284,candidate_1,candidate_2,candidate_3,3,0.0033333333333333335
285,candidate_1,candidate_2,candidate_3,3,0.0033333333333333335
286,candidate_1,candidate_2,candidate_3,3,0.0033333333333333335
287,candidate_1,candidate_2,candidate_3,3,0.0033333333333333335
288,candidate_1,candidate_2,candidate_3,3,0.0033333333333333335
289,candidate_1,candidate_2,candidate_3,3,0.0033333333333333335
290,candidate_1,candidate_2,candidate_3,3,0.0033333333333333335
291,candidate_1,candidate_2,candidate_3,3,0.0033333333333333335
292,candidate_1,candidate_2,candidate_3,3,0.0033333333333333335
293,candidate_1,candidate_2,candidate_3,3,0.0033333333333333335
294,candidate_1,candidate_2,candidate_3,3,0.0033333333333333335
295,candidate_1,candidate_2,candidate_3,3,0.0033333333333333335
296,candidate_1,candidate_2,candidate_3,3,0.0033333333333333335
297,candidate_1,candidate_2,candidate_3,3,0.0033333333333333335
298,candidate_1,candidate_2,candidate_3,3,0.0033333333333333335
299,candidate_1,candidate_2,candidate_3,3,0.0033333333333333335
300,candidate_1,candidate_2,candidate_3,3,0.0033333333333333335
301,candidate_1,candidate_2,candidate_3,3,0.0033333333333333335
302,candidate_1,candidate_2,candidate_3,3,0.0033333333333333335
303,candidate_1,candidate_2,candidate_3,3,0.0033333333333333335
304,candidate_1,candidate_2,candidate_3,3,0.0033333333333333335
305,candidate_1,candidate_2,candidate_3,3,0.0033333333333333335
306,candidate_1,candidate_2,candidate_3,3,0.0033333333333333335
307,candidate_1,candidate_2,candidate_3,3,0.0033333333333333335
308,candidate_1,candidate_2,candidate_3,3,0.0033333333333333335
309,candidate_1,candidate_2,candidate_3,3,0.0033333333333333335
310,candidate_1,candidate_2,candidate_3,3,0.0033333333333333335
311,candidate_1,candidate_2,candidate_3,3,0.0033333333333333335
312,candidate_1,candidate_2,candidate_3,3,0.0033333333333333335
313,candidate_1,candidate_2,candidate_3,3,0.0033333333333333335
314,candidate_1,candidate_2,candidate_3,3,0.0033333333333333335
315,candidate_1,candidate_2,candidate_3,3,0.0033333333333333335
316,candidate_1,candidate_2,candidate_3,3,0.0033333333333333335
317,candidate_1,candidate_2,candidate_3,3,0.0033333333333333335
318,candidate_1,candidate_2,candidate_3,3,0.0033333333333333335
319,candidate_1,candidate_2,candidate_3,3,0.0033333333333333335
320,candidate_1,candidate_2,candidate_3,3,0.0033333333333333335
321,candidate_1,candidate_2,candidate_3,3,0.0033333333333333335
322,candidate_1,candidate_2,candidate_3,3,0.0033333333333333335
323,candidate_1,candidate_2,candidate_3,3,0.0033333333333333335
324,candidate_1,candidate_2,candidate_3,3,0.0033333333333333335
325,candidate_1,candidate_2,candidate_3,3,0.0033333333333333335
326,candidate_1,candidate_2,candidate_3,3,0.0033333333333333335
327,candidate_1,candidate_2,candidate_3,3,0.0033333333333333335
328,candidate_1,candidate_2,candidate_3,3,0.0033333333333333335
329,candidate_1,candidate_2,candidate_3,3,0.0033333333333333335
330,candidate_1,candidate_2,candidate_3,3,0.0033333333333333335
331,candidate_1,candidate_2,candidate_3,3,0.0033333333333333335
332,candidate_1,candidate_2,candidate_3,3,0.0033333333333333335
333,candidate_1,candidate_2,candidate_3,3,0.0033333333333333335
334,candidate_1,candidate_2,candidate_3,3,0.0033333333333333335
335,candidate_1,candidate_2,candidate_3,3,0.0033333333333333335
336,candidate_1,candidate_2,candidate_3,3,0.0033333333333333335
337,candidate_1,candidate_2,candidate_3,3,0.0033333333333333335
338,candidate_1,candidate_2,candidate_3,3,0.0033333333333333335
339,candidate_1,candidate_2,candidate_3,3,0.0033333333333333335
340,candidate_1,candidate_2,candidate_3,3,0.0033333333333333335
341,candidate_1,candidate_2,candidate_3,3,0.0033333333333333335
342,candidate_1,candidate_2,candidate_3,3,0.0033333333333333335
343,candidate_1,candidate_2,candidate_3,3,0.0033333333333333335
344,candidate_1,candidate_2,candidate_3,3,0.0033333333333333335
345,candidate_1,candidate_2,candidate_3,3,0.0033333333333333335
346,candidate_1,candidate_2,candidate_3,3,0.0033333333333333335
347,candidate_1,candidate_2,candidate_3,3,0.0033333333333333335
348,candidate_1,candidate_2,candidate_3,3,0.0033333333333333335
349,candidate_1,candidate_2,candidate_3,3,0.0033333333333333335
350,candidate_1,candidate_2,candidate_3,3,0.0033333333333333335
351,candidate_1,candidate_2,candidate_3,3,0.0033333333333333335
352,candidate_1,candidate_2,candidate_3,3,0.0033333333333333335
353,candidate_1,candidate_2,candidate_3,3,0.0033333333333333335
354,candidate_1,candidate_2,candidate_3,3,0.0033333333333333335
355,candidate_1,candidate_2,candidate_3,3,0.0033333333333333335
356,candidate_1,candidate_2,candidate_3,3,0.0033333333333333335
357,candidate_1,candidate_2,candidate_3,3,0.0033333333333333335
358,candidate_1,candidate_2,candidate_3,3,0.0033333333333333335
359,candidate_1,candidate_2,candidate_3,3,0.0033333333333333335
360,candidate_1,candidate_2,candidate_3,3,0.0033333333333333335
361,candidate_1,candidate_2,candidate_3,3,0.0033333333333333335
362,candidate_1,candidate_2,candidate_3,3,0.0033333333333333335
363,candidate_1,candidate_2,candidate_3,3,0.0033333333333333335
364,candidate_1,candidate_2,candidate_3,3,0.0033333333333333335
365,candidate_1,candidate_2,candidate_3,3,0.0033333333333333335
366,candidate_1,candidate_2,candidate_3,3,0.0033333333333333335
367,candidate_1,candidate_2,candidate_3,3,0.0033333333333333335
368,candidate_1,candidate_2,candidate_3,3,0.0033333333333333335
369,candidate_1,candidate_2,candidate_3,3,0.0033333333333333335
370,candidate_1,candidate_2,candidate_3,3,0.0033333333333333335
371,candidate_1,candidate_2,candidate_3,3,0.0033333333333333335
372,candidate_1,candidate_2,candidate_3,3,0.0033333333333333335
373,candidate_1,candidate_2,candidate_3,3,0.0033333333333333335
374,candidate_1,candidate_2,candidate_3,3,0.0033333333333333335
375,candidate_1,candidate_2,candidate_3,3,0.0033333333333333335
376,candidate_1,candidate_2,candidate_3,3,0.0033333333333333335
377,candidate_1,candidate_2,candidate_3,3,0.0033333333333333335
378,candidate_1,candidate_2,candidate_3,3,0.0033333333333333335
379,candidate_1,candidate_2,candidate_3,3,0.0033333333333333335
380,candidate_1,candidate_2,candidate_3,3,0.0033333333333333335
381,candidate_1,candidate_2,candidate_3,3,0.0033333333333333335
382,candidate_1,candidate_2,candidate_3,3,0.0033333333333333335
383,candidate_1,candidate_2,candidate_3,3,0.0033333333333333335
384,candidate_1,candidate_2,candidate_3,3,0.0033333333333333335
385,candidate_1,candidate_2,candidate_3,3,0.0033333333333333335
386,candidate_1,candidate_2,candidate_3,3,0.0033333333333333335
387,candidate_1,candidate_2,candidate_3,3,0.0033333333333333335
388,candidate_1,candidate_2,candidate_3,3,0.0033333333333333335
389,candidate_1,candidate_2,candidate_3,3,0.0033333333333333335
390,candidate_1,candidate_2,candidate_3,3,0.0033333333333333335
391,candidate_1,candidate_2,candidate_3,3,0.0033333333333333335
392,candidate_1,candidate_2,candidate_3,3,0.0033333333333333335
393,candidate_1,candidate_2,candidate_3,3,0.0033333333333333335
394,candidate_1,candidate_2,candidate_3,3,0.0033333333333333335
395,candidate_1,candidate_2,candidate_3,3,0.0033333333333333335
396,candidate_1,candidate_2,candidate_3,3,0.0033333333333333335
397,candidate_1,candidate_2,candidate_3,3,0.0033333333333333335
398,candidate_1,candidate_2,candidate_3,3,0.0033333333333333335
399,candidate_1,candidate_2,candidate_3,3,0.0033333333333333335
400,candidate_1,candidate_2,candidate_3,3,0.0033333333333333335
401,candidate_1,candidate_2,candidate_3,3,0.0033333333333333335
402,candidate_1,candidate_2,candidate_3,3,0.0033333333333333335
403,candidate_1,candidate_2,candidate_3,3,0.0033333333333333335
404,candidate_1,candidate_2,candidate_3,3,0.0033333333333333335
405,candidate_1,candidate_2,candidate_3,3,0.0033333333333333335
406,candidate_1,candidate_2,candidate_3,3,0.0033333333333333335
407,candidate_1,candidate_2,candidate_3,3,0.0033333333333333335
408,candidate_1,candidate_2,candidate_3,3,0.0033333333333333335
409,candidate_1,candidate_2,candidate_3,3,0.0033333333333333335
410,candidate_1,candidate_2,candidate_3,3,0.0033333333333333335
411,candidate_1,candidate_2,candidate_3,3,0.0033333333333333335
412,candidate_1,candidate_2,candidate_3,3,0.0033333333333333335
413,candidate_1,candidate_2,candidate_3,3,0.0033333333333333335
414,candidate_1,candidate_2,candidate_3,3,0.0033333333333333335
415,candidate_1,candidate_2,candidate_3,3,0.0033333333333333335
416,candidate_1,candidate_2,candidate_3,3,0.0033333333333333335
417,candidate_1,candidate_2,candidate_3,3,0.0033333333333333335
418,candidate_1,candidate_2,candidate_3,3,0.0033333333333333335
419,candidate_1,candidate_2,candidate_3,3,0.0033333333333333335
420,candidate_1,candidate_2,candidate_3,3,0.0033333333333333335
421,candidate_1,candidate_2,candidate_3,3,0.0033333333333333335
422,candidate_1,candidate_2,candidate_3,3,0.0033333333333333335
423,candidate_1,candidate_2,candidate_3,3,0.0033333333333333335
424,candidate_1,candidate_2,candidate_3,3,0.0033333333333333335
425,candidate_1,candidate_2,candidate_3,3,0.0033333333333333335
426,candidate_1,candidate_2,candidate_3,3,0.0033333333333333335
427,candidate_1,candidate_2,candidate_3,3,0.0033333333333333335
428,candidate_1,candidate_2,candidate_3,3,0.0033333333333333335
429,candidate_1,candidate_2,candidate_3,3,0.0033333333333333335
430,candidate_1,candidate_2,candidate_3,3,0.0033333333333333335
431,candidate_1,candidate_2,candidate_3,3,0.0033333333333333335
432,candidate_1,candidate_2,candidate_3,3,0.0033333333333333335
433,candidate_1,candidate_2,candidate_3,3,0.0033333333333333335
434,candidate_1,candidate_2,candidate_3,3,0.0033333333333333335
435,candidate_1,candidate_2,candidate_3,3,0.0033333333333333335
436,candidate_1,candidate_2,candidate_3,3,0.0033333333333333335
437,candidate_1,candidate_2,candidate_3,3,0.0033333333333333335
438,candidate_1,candidate_2,candidate_3,3,0.0033333333333333335
439,candidate_1,candidate_2,candidate_3,3,0.0033333333333333335
440,candidate_1,candidate_2,candidate_3,3,0.0033333333333333335
441,candidate_1,candidate_2,candidate_3,3,0.0033333333333333335
442,candidate_1,candidate_2,candidate_3,3,0.0033333333333333335
443,candidate_1,candidate_2,candidate_3,3,0.0033333333333333335
444,candidate_1,candidate_2,candidate_3,3,0.0033333333333333335
445,candidate_1,candidate_2,candidate_3,3,0.0033333333333333335
446,candidate_1,candidate_2,candidate_3,3,0.0033333333333333335
447,candidate_1,candidate_2,candidate_3,3,0.0033333333333333335
448,candidate_1,candidate_2,candidate_3,3,0.0033333333333333335
449,candidate_1,candidate_2,candidate_3,3,0.0033333333333333335
450,candidate_1,candidate_2,candidate_3,3,0.0033333333333333335
451,candidate_1,candidate_2,candidate_3,3,0.0033333333333333335
452,candidate_1,candidate_2,candidate_3,3,0.0033333333333333335
453,candidate_1,candidate_2,candidate_3,3,0.0033333333333333335
454,candidate_1,candidate_2,candidate_3,3,0.0033333333333333335
455,candidate_1,candidate_2,candidate_3,3,0.0033333333333333335
456,candidate_1,candidate_2,candidate_3,3,0.0033333333333333335
457,candidate_1,candidate_2,candidate_3,3,0.0033333333333333335
458,candidate_1,candidate_2,candidate_3,3,0.0033333333333333335
459,candidate_1,candidate_2,candidate_3,3,0.0033333333333333335
460,candidate_1,candidate_2,candidate_3,3,0.0033333333333333335
461,candidate_1,candidate_2,candidate_3,3,0.0033333333333333335
462,candidate_1,candidate_2,candidate_3,3,0.0033333333333333335
463,candidate_1,candidate_2,candidate_3,3,0.0033333333333333335
464,candidate_1,candidate_2,candidate_3,3,0.0033333333333333335
465,candidate_1,candidate_2,candidate_3,3,0.0033333333333333335
466,candidate_1,candidate_2,candidate_3,3,0.0033333333333333335
467,candidate_1,candidate_2,candidate_3,3,0.0033333333333333335
468,candidate_1,candidate_2,candidate_3,3,0.0033333333333333335
469,candidate_1,candidate_2,candidate_3,3,0.0033333333333333335
470,candidate_1,candidate_2,candidate_3,3,0.0033333333333333335
471,candidate_1,candidate_2,candidate_3,3,0.0033333333333333335
472,candidate_1,candidate_2,candidate_3,3,0.0033333333333333335
473,candidate_1,candidate_2,0,3,0.0033333333333333335
474,candidate_1,candidate_2,candidate_3,3,0.0033333333333333335
475,candidate_1,candidate_2,candidate_3,3,0.0033333333333333335
476,candidate_1,candidate_2,candidate_3,3,0.0033333333333333335
477,candidate_1,candidate_2,candidate_3,3,0.0033333333333333335
478,candidate_1,candidate_2,candidate_3,3,0.0033333333333333335
479,candidate_1,candidate_2,candidate_3,3,0.0033333333333333335
480,candidate_1,candidate_2,candidate_3,3,0.0033333333333333335
481,candidate_1,candidate_2,candidate_3,3,0.0033333333333333335
482,candidate_1,candidate_2,candidate_3,3,0.0033333333333333335
483,candidate_1,candidate_2,candidate_3,3,0.0033333333333333335
484,candidate_1,candidate_2,candidate_3,3,0.0033333333333333335
485,candidate_1,candidate_2,candidate_3,3,0.0033333333333333335
486,candidate_1,candidate_2,candidate_3,3,0.0033333333333333335
487,candidate_1,candidate_2,candidate_3,3,0.0033333333333333335
488,candidate_1,candidate_2,candidate_3,3,0.0033333333333333335
489,candidate_1,candidate_2,candidate_3,3,0.0033333333333333335
490,candidate_1,candidate_2,candidate_3,3,0.0033333333333333335
491,candidate_1,candidate_2,candidate_3,3,0.0033333333333333335
492,candidate_1,candidate_2,candidate_3,3,0.0033333333333333335
493,candidate_1,candidate_2,candidate_3,3,0.0033333333333333335
494,candidate_1,candidate_2,candidate_3,3,0.0033333333333333335
495,candidate_1,candidate_2,candidate_3,3,0.0033333333333333335
496,candidate_1,candidate_2,candidate_3,3,0.0033333333333333335
497,candidate_1,candidate_2,candidate_3,3,0.0033333333333333335
498,candidate_1,candidate_2,candidate_3,3,0.0033333333333333335
499,candidate_1,candidate_2,candidate_3,3,0.0033333333333333335
500,candidate_1,candidate_2,candidate_3,3,0.0033333333333333335
501,candidate_1,candidate_2,candidate_3,3,0.0033333333333333335
502,candidate_1,candidate_2,candidate_3,3,0.0033333333333333335
503,candidate_1,candidate_2,candidate_3,3,0.0033333333333333335
504,candidate_1,candidate_2,candidate_3,3,0.0033333333333333335
505,candidate_1,candidate_2,candidate_3,3,0.0033333333333333335
506,candidate_1,candidate_2,candidate_3,3,0.0033333333333333335
507,candidate_1,candidate_2,candidate_3,3,0.0033333333333333335
508,candidate_1,candidate_2,candidate_3,3,0.0033333333333333335
509,candidate_1,candidate_2,candidate_3,3,0.0033333333333333335
510,candidate_1,candidate_2,candidate_3,3,0.0033333333333333335
511,candidate_1,candidate_2,candidate_3,3,0.0033333333333333335
512,candidate_1,candidate_2,candidate_3,3,0.0033333333333333335
513,candidate_1,candidate_2,candidate_3,3,0.0033333333333333335
514,candidate_1,candidate_2,candidate_3,3,0.0033333333333333335
515,candidate_1,candidate_2,candidate_3,3,0.0033333333333333335
516,candidate_1,candidate_2,candidate_3,3,0.0033333333333333335
517,candidate_1,candidate_2,candidate_3,3,0.0033333333333333335
518,candidate_1,candidate_2,candidate_3,3,0.0033333333333333335
519,candidate_1,candidate_2,candidate_3,3,0.0033333333333333335
520,candidate_1,candidate_2,candidate_3,3,0.0033333333333333335
521,candidate_1,candidate_2,candidate_3,3,0.0033333333333333335
522,candidate_1,candidate_2,candidate_3,3,0.0033333333333333335
523,candidate_1,candidate_2,candidate_3,3,0.0033333333333333335
524,candidate_1,candidate_2,candidate_3,3,0.0033333333333333335
525,candidate_1,candidate_2,candidate_3,3,0.0033333333333333335
526,candidate_1,candidate_2,candidate_3,3,0.0033333333333333335
527,candidate_1,candidate_2,candidate_3,3,0.0033333333333333335
528,candidate_1,candidate_2,candidate_3,3,0.0033333333333333335
529,candidate_1,candidate_2,candidate_3,3,0.0033333333333333335
530,candidate_1,candidate_2,candidate_3,3,0.0033333333333333335
531,candidate_1,candidate_2,candidate_3,3,0.0033333333333333335
532,candidate_1,candidate_2,candidate_3,3,0.0033333333333333335
533,candidate_1,candidate_2,candidate_3,3,0.0033333333333333335
534,candidate_1,candidate_2,candidate_3,3,0.0033333333333333335
535,candidate_1,candidate_2,candidate_3,3,0.0033333333333333335
536,candidate_1,candidate_2,candidate_3,3,0.0033333333333333335
537,candidate_1,candidate_2,candidate_3,3,0.0033333333333333335
538,candidate_1,candidate_2,candidate_3,3,0.0033333333333333335
539,candidate_1,candidate_2,candidate_3,3,0.0033333333333333335
540,candidate_1,candidate_2,candidate_3,3,0.0033333333333333335
541,candidate_1,candidate_2,candidate_3,3,0.0033333333333333335
542,candidate_1,candidate_2,candidate_3,3,0.0033333333333333335
543,candidate_1,candidate_2,candidate_3,3,0.0033333333333333335
544,candidate_1,candidate_2,candidate_3,3,0.0033333333333333335
545,candidate_1,candidate_2,candidate_3,3,0.0033333333333333335
546,candidate_1,candidate_2,candidate_3,3,0.0033333333333333335
547,candidate_1,candidate_2,candidate_3,3,0.0033333333333333335
548,candidate_1,candidate_2,candidate_3,3,0.0033333333333333335
549,candidate_1,candidate_2,candidate_3,3,0.0033333333333333335
550,candidate_1,candidate_2,candidate_3,3,0.0033333333333333335
551,candidate_1,candidate_2,candidate_3,3,0.0033333333333333335
552,candidate_1,candidate_2,candidate_3,3,0.0033333333333333335
553,candidate_1,candidate_2,candidate_3,3,0.0033333333333333335
554,candidate_1,candidate_2,candidate_3,3,0.0033333333333333335
555,candidate_1,candidate_2,candidate_3,3,0.0033333333333333335
556,candidate_1,candidate_2,candidate_3,3,0.0033333333333333335
557,candidate_1,candidate_2,candidate_3,3,0.0033333333333333335
558,candidate_1,candidate_2,candidate_3,3,0.0033333333333333335
559,candidate_1,candidate_2,candidate_3,3,0.0033333333333333335
560,candidate_1,candidate_2,candidate_3,3,0.0033333333333333335
561,candidate_1,candidate_2,candidate_3,3,0.0033333333333333335
562,candidate_1,candidate_2,candidate_3,3,0.0033333333333333335
563,candidate_1,candidate_2,candidate_3,3,0.0033333333333333335
564,candidate_1,candidate_2,candidate_3,3,0.0033333333333333335
565,candidate_1,candidate_2,candidate_3,3,0.0033333333333333335
566,candidate_1,candidate_2,candidate_3,3,0.0033333333333333335
567,candidate_1,candidate_2,candidate_3,3,0.0033333333333333335
568,candidate_1,candidate_2,candidate_3,3,0.0033333333333333335
569,candidate_1,candidate_2,candidate_3,3,0.0033333333333333335
570,candidate_1,candidate_2,candidate_3,3,0.0033333333333333335
571,candidate_1,candidate_2,candidate_3,3,0.0033333333333333335
572,candidate_1,candidate_2,candidate_3,3,0.0033333333333333335
573,candidate_1,candidate_2,candidate_3,3,0.0033333333333333335
574,candidate_1,candidate_2,candidate_3,3,0.0033333333333333335
575,candidate_1,candidate_2,candidate_3,3,0.0033333333333333335
576,candidate_1,candidate_2,candidate_3,3,0.0033333333333333335
577,candidate_1,candidate_2,candidate_3,3,0.0033333333333333335
578,candidate_1,candidate_2,candidate_3,3,0.0033333333333333335
579,candidate_1,candidate_2,candidate_3,3,0.0033333333333333335
580,candidate_1,candidate_2,candidate_3,3,0.0033333333333333335
581,candidate_1,candidate_2,candidate_3,3,0.0033333333333333335
582,candidate_1,candidate_2,candidate_3,3,0.0033333333333333335
583,candidate_1,candidate_2,candidate_3,3,0.0033333333333333335
584,candidate_1,candidate_2,candidate_3,3,0.0033333333333333335
585,candidate_1,candidate_2,candidate_3,3,0.0033333333333333335
586,candidate_1,candidate_2,candidate_3,3,0.0033333333333333335
587,candidate_1,candidate_2,candidate_3,3,0.0033333333333333335
588,candidate_1,candidate_2,candidate_3,3,0.0033333333333333335
589,candidate_1,candidate_2,candidate_3,3,0.0033333333333333335
590,candidate_1,candidate_2,candidate_3,3,0.0033333333333333335
591,candidate_1,candidate_2,candidate_3,3,0.0033333333333333335
592,candidate_1,candidate_2,candidate_3,3,0.0033333333333333335
593,candidate_1,candidate_2,candidate_3,3,0.0033333333333333335
594,candidate_1,candidate_2,candidate_3,3,0.0033333333333333335
595,candidate_1,candidate_2,candidate_3,3,0.0033333333333333335
596,candidate_1,candidate_2,candidate_3,3,0.0033333333333333335
597,candidate_1,candidate_2,candidate_3,3,0.0033333333333333335
598,candidate_1,candidate_2,candidate_3,3,0.0033333333333333335
599,candidate_1,candidate_2,candidate_3,3,0.0033333333333333335
600,candidate_1,candidate_2,candidate_3,3,0.0033333333333333335
601,candidate_1,candidate_2,candidate_3,3,0.0033333333333333335
602,candidate_1,candidate_2,candidate_3,3,0.0033333333333333335
603,candidate_1,candidate_2,candidate_3,3,0.0033333333333333335
604,candidate_1,candidate_2,candidate_3,3,0.0033333333333333335
605,candidate_1,candidate_2,candidate_3,3,0.0033333333333333335
606,candidate_1,candidate_2,candidate_3,3,0.0033333333333333335
607,candidate_1,candidate_2,candidate_3,3,0.0033333333333333335
608,candidate_1,candidate_2,candidate_3,3,0.0033333333333333335
609,candidate_1,candidate_2,candidate_3,3,0.0033333333333333335
610,candidate_1,candidate_2,candidate_3,3,0.0033333333333333335
611,candidate_1,candidate_2,candidate_3,3,0.0033333333333333335
612,candidate_1,candidate_2,candidate_3,3,0.0033333333333333335
613,candidate_1,candidate_2,candidate_3,3,0.0033333333333333335
614,candidate_1,candidate_2,candidate_3,3,0.0033333333333333335
615,candidate_1,candidate_2,candidate_3,3,0.0033333333333333335
616,candidate_1,candidate_2,candidate_3,3,0.0033333333333333335
617,candidate_1,candidate_2,candidate_3,3,0.0033333333333333335
618,candidate_1,candidate_2,candidate_3,3,0.0033333333333333335
619,candidate_1,candidate_2,candidate_3,3,0.0033333333333333335
620,candidate_1,candidate_2,candidate_3,3,0.0033333333333333335
621,candidate_1,candidate_2,candidate_3,3,0.0033333333333333335
622,candidate_1,candidate_2,candidate_3,3,0.0033333333333333335
623,candidate_1,candidate_2,candidate_3,3,0.0033333333333333335
624,candidate_1,candidate_2,candidate_3,3,0.0033333333333333335
625,candidate_1,candidate_2,candidate_3,3,0.0033333333333333335
626,candidate_1,candidate_2,candidate_3,3,0.0033333333333333335
627,candidate_1,candidate_2,candidate_3,3,0.0033333333333333335
628,candidate_1,candidate_2,candidate_3,3,0.0033333333333333335
629,candidate_1,candidate_2,candidate_3,3,0.0033333333333333335
630,candidate_1,candidate_2,candidate_3,3,0.0033333333333333335
631,candidate_1,candidate_2,candidate_3,3,0.0033333333333333335
632,candidate_1,candidate_2,candidate_3,3,0.0033333333333333335
633,candidate_1,candidate_2,candidate_3,3,0.0033333333333333335
634,candidate_1,candidate_2,candidate_3,3,0.0033333333333333335
635,candidate_1,candidate_2,candidate_3,3,0.0033333333333333335
636,candidate_1,candidate_2,candidate_3,3,0.0033333333333333335
637,candidate_1,candidate_2,candidate_3,3,0.0033333333333333335
638,candidate_1,candidate_2,candidate_3,3,0.0033333333333333335
639,candidate_1,candidate_2,candidate_3,3,0.0033333333333333335
640,candidate_1,candidate_2,candidate_3,3,0.0033333333333333335
641,candidate_1,candidate_2,candidate_3,3,0.0033333333333333335
642,candidate_1,candidate_2,candidate_3,3,0.0033333333333333335
643,candidate_1,candidate_2,candidate_3,3,0.0033333333333333335
644,candidate_1,candidate_2,candidate_3,3,0.0033333333333333335
645,candidate_1,candidate_2,candidate_3,3,0.0033333333333333335
646,candidate_1,candidate_2,candidate_3,3,0.0033333333333333335
647,candidate_1,candidate_2,candidate_3,3,0.0033333333333333335
648,candidate_1,candidate_2,candidate_3,3,0.0033333333333333335
649,candidate_1,candidate_2,candidate_3,3,0.0033333333333333335
650,candidate_1,candidate_2,candidate_3,3,0.0033333333333333335
651,candidate_1,candidate_2,candidate_3,3,0.0033333333333333335
652,candidate_1,candidate_2,candidate_3,3,0.0033333333333333335
653,candidate_1,candidate_2,candidate_3,3,0.0033333333333333335
654,candidate_1,candidate_2,candidate_3,3,0.0033333333333333335
655,candidate_1,candidate_2,candidate_3,3,0.0033333333333333335
656,candidate_1,candidate_2,candidate_3,3,0.0033333333333333335
657,candidate_1,candidate_2,candidate_3,3,0.0033333333333333335
658,candidate_1,candidate_2,candidate_3,3,0.0033333333333333335
659,candidate_1,candidate_2,candidate_3,3,0.0033333333333333335
660,candidate_1,candidate_2,candidate_3,3,0.0033333333333333335
661,candidate_1,candidate_2,candidate_3,3,0.0033333333333333335
662,candidate_1,candidate_2,candidate_3,3,0.0033333333333333335
663,candidate_1,candidate_2,candidate_3,3,0.0033333333333333335
664,candidate_1,candidate_2,candidate_3,3,0.0033333333333333335
665,candidate_1,candidate_2,candidate_3,3,0.0033333333333333335
666,candidate_1,candidate_2,candidate_3,3,0.0033333333333333335
667,candidate_1,candidate_2,candidate_3,3,0.0033333333333333335
668,candidate_1,candidate_2,candidate_3,3,0.0033333333333333335
669,candidate_1,candidate_2,candidate_3,3,0.0033333333333333335
670,candidate_1,candidate_2,candidate_3,3,0.0033333333333333335
671,candidate_1,candidate_2,candidate_3,3,0.0033333333333333335
672,candidate_1,candidate_2,candidate_3,3,0.0033333333333333335
673,candidate_1,candidate_2,candidate_3,3,0.0033333333333333335
674,candidate_1,candidate_2,candidate_3,3,0.0033333333333333335
675,candidate_1,candidate_2,candidate_3,3,0.0033333333333333335
676,candidate_1,candidate_2,candidate_3,3,0.0033333333333333335
677,candidate_1,candidate_2,candidate_3,3,0.0033333333333333335
678,candidate_1,candidate_2,candidate_3,3,0.0033333333333333335
679,candidate_1,candidate_2,candidate_3,3,0.0033333333333333335
680,candidate_1,candidate_2,candidate_3,3,0.0033333333333333335
681,candidate_1,candidate_2,candidate_3,3,0.0033333333333333335
682,candidate_1,candidate_2,candidate_3,3,0.0033333333333333335
683,candidate_1,candidate_2,candidate_3,3,0.0033333333333333335
684,candidate_1,candidate_2,candidate_3,3,0.0033333333333333335
685,candidate_1,candidate_2,candidate_3,3,0.0033333333333333335
686,candidate_1,candidate_2,candidate_3,3,0.0033333333333333335
687,candidate_1,candidate_2,candidate_3,3,0.0033333333333333335
688,candidate_1,candidate_2,candidate_3,3,0.0033333333333333335
689,candidate_1,candidate_2,candidate_3,3,0.0033333333333333335
690,candidate_1,candidate_2,candidate_3,3,0.0033333333333333335
691,candidate_1,candidate_2,candidate_3,3,0.0033333333333333335
692,candidate_1,candidate_2,candidate_3,3,0.0033333333333333335
693,candidate_1,candidate_2,candidate_3,3,0.0033333333333333335
694,candidate_1,candidate_2,candidate_3,3,0.0033333333333333335
695,candidate_1,candidate_2,candidate_3,3,0.0033333333333333335
696,candidate_1,candidate_2,candidate_3,3,0.0033333333333333335
697,candidate_1,candidate_2,candidate_3,3,0.0033333333333333335
698,candidate_1,candidate_2,candidate_3,3,0.0033333333333333335
699,candidate_1,candidate_2,candidate_3,3,0.0033333333333333335
700,candidate_1,candidate_2,candidate_3,3,0.0033333333333333335
701,candidate_1,candidate_2,candidate_3,3,0.0033333333333333335
702,candidate_1,candidate_2,candidate_3,3,0.0033333333333333335
703,candidate_1,candidate_2,candidate_3,3,0.0033333333333333335
704,candidate_1,candidate_2,candidate_3,3,0.0033333333333333335
705,candidate_1,candidate_2,candidate_3,3,0.0033333333333333335
706,candidate_1,candidate_2,candidate_3,3,0.0033333333333333335
707,candidate_1,candidate_2,candidate_3,3,0.0033333333333333335
708,candidate_1,candidate_2,candidate_3,3,0.0033333333333333335
709,candidate_1,0,candidate_3,3,0.0033333333333333335
710,candidate_1,candidate_2,candidate_3,3,0.0033333333333333335
711,candidate_1,candidate_2,candidate_3,3,0.0033333333333333335
712,candidate_1,candidate_2,candidate_3,3,0.0033333333333333335
713,candidate_1,candidate_2,candidate_3,3,0.0033333333333333335
714,candidate_1,candidate_2,candidate_3,3,0.0033333333333333335
715,candidate_1,candidate_2,candidate_3,3,0.0033333333333333335
716,candidate_1,candidate_2,candidate_3,3,0.0033333333333333335
717,candidate_1,candidate_2,candidate_3,3,0.0033333333333333335
718,candidate_1,candidate_2,candidate_3,3,0.0033333333333333335
719,candidate_1,candidate_2,candidate_3,3,0.0033333333333333335
720,candidate_1,candidate_2,candidate_3,3,0.0033333333333333335
721,candidate_1,candidate_2,candidate_3,3,0.0033333333333333335
722,candidate_1,candidate_2,candidate_3,3,0.0033333333333333335
723,candidate_1,candidate_2,candidate_3,3,0.0033333333333333335
724,candidate_1,candidate_2,candidate_3,3,0.0033333333333333335
725,candidate_1,candidate_2,candidate_3,3,0.0033333333333333335
726,candidate_1,candidate_2,candidate_3,3,0.0033333333333333335
727,candidate_1,candidate_2,candidate_3,3,0.0033333333333333335
728,candidate_1,candidate_2,candidate_3,3,0.0033333333333333335
729,candidate_1,candidate_2,candidate_3,3,0.0033333333333333335
730,candidate_1,candidate_2,candidate_3,3,0.0033333333333333335
731,candidate_1,candidate_2,candidate_3,3,0.0033333333333333335
732,candidate_1,candidate_2,candidate_3,3,0.0033333333333333335
733,candidate_1,candidate_2,candidate_3,3,0.0033333333333333335
734,candidate_1,candidate_2,candidate_3,3,0.0033333333333333335
735,candidate_1,candidate_2,candidate_3,3,0.0033333333333333335
736,candidate_1,candidate_2,candidate_3,3,0.0033333333333333335
737,candidate_1,candidate_2,candidate_3,3,0.0033333333333333335
738,candidate_1,candidate_2,candidate_3,3,0.0033333333333333335
739,candidate_1,candidate_2,candidate_3,3,0.0033333333333333335
740,candidate_1,candidate_2,candidate_3,3,0.0033333333333333335
741,candidate_1,candidate_2,candidate_3,3,0.0033333333333333335
742,candidate_1,candidate_2,candidate_3,3,0.0033333333333333335
743,candidate_1,candidate_2,candidate_3,3,0.0033333333333333335
744,candidate_1,candidate_2,candidate_3,3,0.0033333333333333335
745,candidate_1,candidate_2,candidate_3,3,0.0033333333333333335
746,candidate_1,candidate_2,candidate_3,3,0.0033333333333333335
747,candidate_1,candidate_2,candidate_3,3,0.0033333333333333335
748,candidate_1,candidate_2,candidate_3,3,0.0033333333333333335
749,candidate_1,candidate_2,candidate_3,3,0.0033333333333333335
750,candidate_1,candidate_2,candidate_3,3,0.0033333333333333335
751,candidate_1,candidate_2,candidate_3,3,0.0033333333333333335
752,candidate_1,candidate_2,candidate_3,3,0.0033333333333333335
753,candidate_1,candidate_2,candidate_3,3,0.0033333333333333335
754,candidate_1,candidate_2,candidate_3,3,0.0033333333333333335
755,candidate_1,candidate_2,candidate_3,3,0.0033333333333333335
756,candidate_1,candidate_2,candidate_3,3,0.0033333333333333335
757,candidate_1,candidate_2,candidate_3,3,0.0033333333333333335
758,candidate_1,candidate_2,candidate_3,3,0.0033333333333333335
759,candidate_1,candidate_2,candidate_3,3,0.0033333333333333335
760,candidate_1,candidate_2,candidate_3,3,0.0033333333333333335
761,candidate_1,candidate_2,candidate_3,3,0.0033333333333333335
762,candidate_1,candidate_2,candidate_3,3,0.0033333333333333335
763,candidate_1,candidate_2,candidate_3,3,0.0033333333333333335
764,candidate_1,candidate_2,candidate_3,3,0.0033333333333333335
765,candidate_1,candidate_2,candidate_3,3,0.0033333333333333335
766,candidate_1,candidate_2,candidate_3,3,0.0033333333333333335
767,candidate_1,candidate_2,candidate_3,3,0.0033333333333333335
768,candidate_1,candidate_2,candidate_3,3,0.0033333333333333335
769,candidate_1,candidate_2,candidate_3,3,0.0033333333333333335
770,candidate_1,candidate_2,candidate_3,3,0.0033333333333333335
771,candidate_1,candidate_2,candidate_3,3,0.0033333333333333335
772,candidate_1,candidate_2,candidate_3,3,0.0033333333333333335
773,candidate_1,candidate_2,candidate_3,3,0.0033333333333333335
774,candidate_1,candidate_2,candidate_3,3,0.0033333333333333335
775,candidate_1,candidate_2,candidate_3,3,0.0033333333333333335
776,candidate_1,candidate_2,candidate_3,3,0.0033333333333333335
777,candidate_1,candidate_2,candidate_3,3,0.0033333333333333335
778,candidate_1,candidate_2,candidate_3,3,0.0033333333333333335
779,candidate_1,candidate_2,candidate_3,3,0.0033333333333333335
780,candidate_1,candidate_2,candidate_3,3,0.0033333333333333335
781,candidate_1,candidate_2,candidate_3,3,0.0033333333333333335
782,candidate_1,candidate_2,candidate_3,3,0.0033333333333333335
783,candidate_1,candidate_2,candidate_3,3,0.0033333333333333335
784,candidate_1,candidate_2,candidate_3,3,0.0033333333333333335
785,candidate_1,candidate_2,candidate_3,3,0.0033333333333333335
786,candidate_1,candidate_2,candidate_3,3,0.0033333333333333335
787,candidate_1,candidate_2,candidate_3,3,0.0033333333333333335
788,candidate_1,candidate_2,candidate_3,3,0.0033333333333333335
789,candidate_1,candidate_2,candidate_3,3,0.0033333333333333335
790,candidate_1,candidate_2,candidate_3,3,0.0033333333333333335
791,candidate_1,candidate_2,candidate_3,3,0.0033333333333333335
792,candidate_1,candidate_2,candidate_3,3,0.0033333333333333335
793,candidate_1,candidate_2,candidate_3,3,0.0033333333333333335
794,candidate_1,candidate_2,candidate_3,3,0.0033333333333333335
795,candidate_1,candidate_2,candidate_3,3,0.0033333333333333335
796,candidate_1,candidate_2,candidate_3,3,0.0033333333333333335
797,candidate_1,candidate_2,candidate_3,3,0.0033333333333333335
798,candidate_1,candidate_2,candidate_3,3,0.0033333333333333335
799,candidate_1,candidate_2,candidate_3,3,0.0033333333333333335
800,candidate_1,candidate_2,candidate_3,3,0.0033333333333333335
801,0,candidate_2,candidate_3,3,0.0033333333333333335
802,candidate_1,candidate_2,candidate_3,3,0.0033333333333333335
803,candidate_1,candidate_2,candidate_3,3,0.0033333333333333335
804,candidate_1,candidate_2,candidate_3,3,0.0033333333333333335
805,candidate_1,candidate_2,candidate_3,3,0.0033333333333333335
806,candidate_1,candidate_2,candidate_3,3,0.0033333333333333335
807,candidate_1,candidate_2,candidate_3,3,0.0033333333333333335
808,candidate_1,candidate_2,candidate_3,3,0.0033333333333333335
809,candidate_1,candidate_2,candidate_3,3,0.0033333333333333335
810,candidate_1,candidate_2,candidate_3,3,0.0033333333333333335
811,candidate_1,candidate_2,candidate_3,3,0.0033333333333333335
812,candidate_1,candidate_2,candidate_3,3,0.0033333333333333335
813,candidate_1,candidate_2,candidate_3,3,0.0033333333333333335
814,candidate_1,candidate_2,candidate_3,3,0.0033333333333333335
815,candidate_1,candidate_2,candidate_3,3,0.0033333333333333335
816,candidate_1,candidate_2,candidate_3,3,0.0033333333333333335
817,candidate_1,candidate_2,candidate_3,3,0.0033333333333333335
818,candidate_1,candidate_2,candidate_3,3,0.0033333333333333335
819,candidate_1,candidate_2,candidate_3,3,0.0033333333333333335
820,candidate_1,candidate_2,candidate_3,3,0.0033333333333333335
821,candidate_1,candidate_2,candidate_3,3,0.0033333333333333335
822,candidate_1,candidate_2,candidate_3,3,0.0033333333333333335
823,candidate_1,candidate_2,candidate_3,3,0.0033333333333333335
824,candidate_1,candidate_2,candidate_3,3,0.0033333333333333335
825,candidate_1,candidate_2,candidate_3,3,0.0033333333333333335
826,candidate_1,candidate_2,candidate_3,3,0.0033333333333333335
827,candidate_1,candidate_2,candidate_3,3,0.0033333333333333335
828,candidate_1,candidate_2,candidate_3,3,0.0033333333333333335
829,candidate_1,candidate_2,candidate_3,3,0.0033333333333333335
830,candidate_1,candidate_2,candidate_3,3,0.0033333333333333335
831,candidate_1,candidate_2,candidate_3,3,0.0033333333333333335
832,candidate_1,candidate_2,candidate_3,3,0.0033333333333333335
833,candidate_1,candidate_2,candidate_3,3,0.0033333333333333335
834,candidate_1,candidate_2,candidate_3,3,0.0033333333333333335
835,candidate_1,candidate_2,candidate_3,3,0.0033333333333333335
836,candidate_1,candidate_2,candidate_3,3,0.0033333333333333335
837,candidate_1,candidate_2,candidate_3,3,0.0033333333333333335
838,candidate_1,candidate_2,candidate_3,3,0.0033333333333333335
839,candidate_1,candidate_2,candidate_3,3,0.0033333333333333335
840,candidate_1,candidate_2,candidate_3,3,0.0033333333333333335
841,candidate_1,candidate_2,candidate_3,3,0.0033333333333333335
842,candidate_1,candidate_2,candidate_3,3,0.0033333333333333335
843,candidate_1,candidate_2,candidate_3,3,0.0033333333333333335
844,candidate_1,candidate_2,candidate_3,3,0.0033333333333333335
845,candidate_1,candidate_2,candidate_3,3,0.0033333333333333335
846,candidate_1,candidate_2,candidate_3,3,0.0033333333333333335
847,candidate_1,candidate_2,candidate_3,3,0.0033333333333333335
848,candidate_1,candidate_2,candidate_3,3,0.0033333333333333335
849,candidate_1,candidate_2,candidate_3,3,0.0033333333333333335
850,candidate_1,candidate_2,candidate_3,3,0.0033333333333333335
851,candidate_1,candidate_2,candidate_3,3,0.0033333333333333335
852,candidate_1,candidate_2,candidate_3,3,0.0033333333333333335
853,candidate_1,candidate_2,candidate_3,3,0.0033333333333333335
854,candidate_1,candidate_2,candidate_3,3,0.0033333333333333335
855,candidate_1,candidate_2,candidate_3,3,0.0033333333333333335
856,candidate_1,candidate_2,candidate_3,3,0.0033333333333333335
857,candidate_1,candidate_2,candidate_3,3,0.0033333333333333335
858,candidate_1,candidate_2,candidate_3,3,0.0033333333333333335
859,candidate_1,candidate_2,candidate_3,3,0.0033333333333333335
860,candidate_1,candidate_2,candidate_3,3,0.0033333333333333335
861,candidate_1,candidate_2,candidate_3,3,0.0033333333333333335
862,candidate_1,candidate_2,candidate_3,3,0.0033333333333333335
863,candidate_1,candidate_2,candidate_3,3,0.0033333333333333335
864,candidate_1,candidate_2,candidate_3,3,0.0033333333333333335
865,candidate_1,candidate_2,candidate_3,3,0.0033333333333333335
866,candidate_1,candidate_2,candidate_3,3,0.0033333333333333335
867,candidate_1,candidate_2,candidate_3,3,0.0033333333333333335
868,candidate_1,candidate_2,candidate_3,3,0.0033333333333333335
869,candidate_1,candidate_2,candidate_3,3,0.0033333333333333335
870,candidate_1,candidate_2,candidate_3,3,0.0033333333333333335
871,candidate_1,candidate_2,candidate_3,3,0.0033333333333333335
872,candidate_1,candidate_2,candidate_3,3,0.0033333333333333335
873,candidate_1,candidate_2,candidate_3,3,0.0033333333333333335
874,candidate_1,candidate_2,candidate_3,3,0.0033333333333333335
875,candidate_1,candidate_2,candidate_3,3,0.0033333333333333335
876,candidate_1,candidate_2,candidate_3,3,0.0033333333333333335
877,candidate_1,candidate_2,candidate_3,3,0.0033333333333333335
878,candidate_1,candidate_2,candidate_3,3,0.0033333333333333335
879,candidate_1,candidate_2,candidate_3,3,0.0033333333333333335
880,candidate_1,candidate_2,candidate_3,3,0.0033333333333333335
881,candidate_1,candidate_2,candidate_3,3,0.0033333333333333335
882,candidate_1,candidate_2,candidate_3,3,0.0033333333333333335
883,candidate_1,candidate_2,candidate_3,3,0.0033333333333333335
884,candidate_1,candidate_2,candidate_3,3,0.0033333333333333335
885,candidate_1,candidate_2,candidate_3,3,0.0033333333333333335
886,candidate_1,candidate_2,candidate_3,3,0.0033333333333333335
887,candidate_1,candidate_2,candidate_3,3,0.0033333333333333335
888,candidate_1,candidate_2,candidate_3,3,0.0033333333333333335
889,candidate_1,candidate_2,candidate_3,3,0.0033333333333333335
890,candidate_1,candidate_2,candidate_3,3,0.0033333333333333335
891,candidate_1,candidate_2,candidate_3,3,0.0033333333333333335
892,candidate_1,candidate_2,candidate_3,3,0.0033333333333333335
893,candidate_1,candidate_2,candidate_3,3,0.0033333333333333335
894,candidate_1,candidate_2,candidate_3,3,0.0033333333333333335
895,candidate_1,candidate_2,candidate_3,3,0.0033333333333333335
896,candidate_1,candidate_2,candidate_3,3,0.0033333333333333335
897,candidate_1,candidate_2,candidate_3,3,0.0033333333333333335
898,candidate_1,candidate_2,candidate_3,3,0.0033333333333333335
899,candidate_1,candidate_2,candidate_3,3,0.0033333333333333335
900,candidate_1,candidate_2,candidate_3,3,0.0033333333333333335
901,candidate_1,candidate_2,candidate_3,3,0.0033333333333333335
902,candidate_1,candidate_2,candidate_3,3,0.0033333333333333335
903,candidate_1,candidate_2,candidate_3,3,0.0033333333333333335
904,candidate_1,candidate_2,candidate_3,3,0.0033333333333333335
905,candidate_1,candidate_2,candidate_3,3,0.0033333333333333335
906,candidate_1,candidate_2,candidate_3,3,0.0033333333333333335
907,candidate_1,candidate_2,candidate_3,3,0.0033333333333333335
908,candidate_1,candidate_2,candidate_3,3,0.0033333333333333335
909,candidate_1,candidate_2,candidate_3,3,0.0033333333333333335
910,candidate_1,candidate_2,candidate_3,3,0.0033333333333333335
911,candidate_1,candidate_2,candidate_3,3,0.0033333333333333335
912,candidate_1,candidate_2,candidate_3,3,0.0033333333333333335
913,candidate_1,candidate_2,candidate_3,3,0.0033333333333333335
914,candidate_1,candidate_2,candidate_3,3,0.0033333333333333335
915,candidate_1,candidate_2,candidate_3,3,0.0033333333333333335
916,candidate_1,candidate_2,candidate_3,3,0.0033333333333333335
917,candidate_1,candidate_2,candidate_3,3,0.0033333333333333335
918,candidate_1,candidate_2,candidate_3,3,0.0033333333333333335
919,candidate_1,candidate_2,candidate_3,3,0.0033333333333333335
920,candidate_1,candidate_2,candidate_3,3,0.0033333333333333335
921,candidate_1,candidate_2,candidate_3,3,0.0033333333333333335
922,candidate_1,candidate_2,candidate_3,3,0.0033333333333333335
923,candidate_1,candidate_2,candidate_3,3,0.0033333333333333335
924,candidate_1,candidate_2,candidate_3,3,0.0033333333333333335
925,candidate_1,candidate_2,candidate_3,3,0.0033333333333333335
926,candidate_1,candidate_2,candidate_3,3,0.0033333333333333335
927,candidate_1,candidate_2,candidate_3,3,0.0033333333333333335
928,candidate_1,candidate_2,candidate_3,3,0.0033333333333333335
929,candidate_1,candidate_2,candidate_3,3,0.0033333333333333335
930,candidate_1,candidate_2,candidate_3,3,0.0033333333333333335
931,candidate_1,candidate_2,candidate_3,3,0.0033333333333333335
932,candidate_1,candidate_2,candidate_3,3,0.0033333333333333335
933,candidate_1,candidate_2,candidate_3,3,0.0033333333333333335
934,candidate_1,candidate_2,candidate_3,3,0.0033333333333333335
935,candidate_1,candidate_2,candidate_3,3,0.0033333333333333335
936,candidate_1,candidate_2,candidate_3,3,0.0033333333333333335
937,candidate_1,candidate_2,candidate_3,3,0.0033333333333333335
938,candidate_1,candidate_2,candidate_3,3,0.0033333333333333335
939,candidate_1,candidate_2,candidate_3,3,0.0033333333333333335
940,candidate_1,candidate_2,candidate_3,3,0.0033333333333333335
941,candidate_1,candidate_2,candidate_3,3,0.0033333333333333335
942,candidate_1,candidate_2,candidate_3,3,0.0033333333333333335
943,candidate_1,candidate_2,candidate_3,3,0.0033333333333333335
944,candidate_1,candidate_2,candidate_3,3,0.0033333333333333335
945,candidate_1,candidate_2,candidate_3,3,0.0033333333333333335
946,candidate_1,candidate_2,candidate_3,3,0.0033333333333333335
947,candidate_1,candidate_2,candidate_3,3,0.0033333333333333335
948,candidate_1,candidate_2,candidate_3,3,0.0033333333333333335
949,candidate_1,candidate_2,candidate_3,3,0.0033333333333333335
950,candidate_1,candidate_2,candidate_3,3,0.0033333333333333335
951,candidate_1,candidate_2,candidate_3,3,0.0033333333333333335
952,candidate_1,candidate_2,candidate_3,3,0.0033333333333333335
953,candidate_1,candidate_2,candidate_3,3,0.0033333333333333335
954,candidate_1,candidate_2,candidate_3,3,0.0033333333333333335
955,candidate_1,candidate_2,candidate_3,3,0.0033333333333333335
956,candidate_1,candidate_2,candidate_3,3,0.0033333333333333335
957,candidate_1,candidate_2,candidate_3,3,0.0033333333333333335
958,candidate_1,candidate_2,candidate_3,3,0.0033333333333333335
959,candidate_1,candidate_2,candidate_3,3,0.0033333333333333335
960,candidate_1,candidate_2,candidate_3,3,0.0033333333333333335
961,candidate_1,candidate_2,candidate_3,3,0.0033333333333333335
962,candidate_1,candidate_2,candidate_3,3,0.0033333333333333335
963,candidate_1,candidate_2,candidate_3,3,0.0033333333333333335
964,candidate_1,candidate_2,candidate_3,3,0.0033333333333333335
965,candidate_1,candidate_2,candidate_3,3,0.0033333333333333335
966,candidate_1,candidate_2,candidate_3,3,0.0033333333333333335
967,candidate_1,candidate_2,candidate_3,3,0.0033333333333333335
968,candidate_1,candidate_2,candidate_3,3,0.0033333333333333335
969,candidate_1,candidate_2,candidate_3,3,0.0033333333333333335
970,candidate_1,candidate_2,candidate_3,3,0.0033333333333333335
971,candidate_1,candidate_2,candidate_3,3,0.0033333333333333335
972,candidate_1,candidate_2,candidate_3,3,0.0033333333333333335
973,candidate_1,candidate_2,candidate_3,3,0.0033333333333333335
974,candidate_1,candidate_2,candidate_3,3,0.0033333333333333335
975,0,candidate_2,candidate_3,3,0.0033333333333333335
976,candidate_1,candidate_2,candidate_3,3,0.0033333333333333335
977,candidate_1,candidate_2,candidate_3,3,0.0033333333333333335
978,candidate_1,candidate_2,candidate_3,3,0.0033333333333333335
979,candidate_1,candidate_2,candidate_3,3,0.0033333333333333335
980,candidate_1,candidate_2,candidate_3,3,0.0033333333333333335
981,candidate_1,candidate_2,candidate_3,3,0.0033333333333333335
982,candidate_1,candidate_2,candidate_3,3,0.0033333333333333335
983,candidate_1,candidate_2,candidate_3,3,0.0033333333333333335
984,candidate_1,candidate_2,candidate_3,3,0.0033333333333333335
985,candidate_1,candidate_2,candidate_3,3,0.0033333333333333335
986,candidate_1,candidate_2,candidate_3,3,0.0033333333333333335
987,candidate_1,candidate_2,candidate_3,3,0.0033333333333333335
988,candidate_1,candidate_2,candidate_3,3,0.0033333333333333335
989,candidate_1,candidate_2,candidate_3,3,0.0033333333333333335
990,candidate_1,candidate_2,candidate_3,3,0.0033333333333333335
991,candidate_1,candidate_2,candidate_3,3,0.0033333333333333335
992,candidate_1,candidate_2,candidate_3,3,0.0033333333333333335
993,candidate_1,candidate_2,candidate_3,3,0.0033333333333333335
994,candidate_1,candidate_2,candidate_3,3,0.0033333333333333335
995,candidate_1,candidate_2,candidate_3,3,0.0033333333333333335
996,candidate_1,candidate_2,candidate_3,3,0.0033333333333333335
997,candidate_1,candidate_2,candidate_3,3,0.0033333333333333335
998,candidate_1,candidate_2,candidate_3,3,0.0033333333333333335
999,candidate_1,candidate_2,candidate_3,3,0.0033333333333333335
1000,candidate_1,candidate_2,candidate_3,3,0.0033333333333333335
1001,candidate_1,candidate_2,candidate_3,3,0.0033333333333333335
1002,candidate_1,candidate_2,candidate_3,3,0.0033333333333333335
1003,candidate_1,candidate_2,candidate_3,3,0.0033333333333333335
1004,candidate_1,candidate_2,candidate_3,3,0.0033333333333333335
1005,candidate_1,candidate_2,candidate_3,3,0.0033333333333333335
1006,candidate_1,candidate_2,candidate_3,3,0.0033333333333333335
1007,candidate_1,candidate_2,candidate_3,3,0.0033333333333333335
1008,candidate_1,candidate_2,candidate_3,3,0.0033333333333333335
1009,candidate_1,candidate_2,candidate_3,3,0.0033333333333333335
1010,candidate_1,candidate_2,candidate_3,3,0.0033333333333333335
1011,candidate_1,candidate_2,candidate_3,3,0.0033333333333333335
1012,candidate_1,candidate_2,candidate_3,3,0.0033333333333333335
1013,candidate_1,candidate_2,candidate_3,3,0.0033333333333333335
1014,candidate_1,candidate_2,candidate_3,3,0.0033333333333333335
1015,candidate_1,candidate_2,candidate_3,3,0.0033333333333333335
1016,candidate_1,candidate_2,candidate_3,3,0.0033333333333333335
1017,candidate_1,candidate_2,candidate_3,3,0.0033333333333333335
1018,candidate_1,candidate_2,candidate_3,3,0.0033333333333333335
1019,candidate_1,candidate_2,candidate_3,3,0.0033333333333333335
1020,candidate_1,candidate_2,candidate_3,3,0.0033333333333333335
1021,candidate_1,candidate_2,candidate_3,3,0.0033333333333333335
1022,candidate_1,candidate_2,candidate_3,3,0.0033333333333333335
1023,candidate_1,candidate_2,candidate_3,3,0.0033333333333333335
1024,candidate_1,candidate_2,candidate_3,3,0.0033333333333333335
1025,candidate_1,candidate_2,candidate_3,3,0.0033333333333333335
1026,candidate_1,candidate_2,candidate_3,3,0.0033333333333333335
1027,candidate_1,candidate_2,candidate_3,3,0.0033333333333333335
1028,candidate_1,candidate_2,candidate_3,3,0.0033333333333333335
1029,candidate_1,candidate_2,candidate_3,3,0.0033333333333333335
1030,candidate_1,candidate_2,candidate_3,3,0.0033333333333333335
1031,candidate_1,candidate_2,candidate_3,3,0.0033333333333333335
1032,candidate_1,candidate_2,candidate_3,3,0.0033333333333333335
1033,candidate_1,candidate_2,0,3,0.0033333333333333335
1034,candidate_1,candidate_2,candidate_3,3,0.0033333333333333335
1035,candidate_1,candidate_2,candidate_3,3,0.0033333333333333335
1036,candidate_1,candidate_2,candidate_3,3,0.0033333333333333335
1037,candidate_1,candidate_2,candidate_3,3,0.0033333333333333335
1038,candidate_1,candidate_2,candidate_3,3,0.0033333333333333335
1039,candidate_1,candidate_2,candidate_3,3,0.0033333333333333335
1040,candidate_1,candidate_2,candidate_3,3,0.0033333333333333335
1041,candidate_1,candidate_2,candidate_3,3,0.0033333333333333335
1042,candidate_1,candidate_2,candidate_3,3,0.0033333333333333335
1043,candidate_1,candidate_2,candidate_3,3,0.0033333333333333335
1044,candidate_1,candidate_2,candidate_3,3,0.0033333333333333335
1045,candidate_1,candidate_2,candidate_3,3,0.0033333333333333335
1046,candidate_1,candidate_2,candidate_3,3,0.0033333333333333335
1047,candidate_1,candidate_2,candidate_3,3,0.0033333333333333335
1048,candidate_1,candidate_2,candidate_3,3,0.0033333333333333335
1049,candidate_1,candidate_2,candidate_3,3,0.0033333333333333335
1050,candidate_1,candidate_2,candidate_3,3,0.0033333333333333335
1051,candidate_1,candidate_2,candidate_3,3,0.0033333333333333335
1052,candidate_1,candidate_2,candidate_3,3,0.0033333333333333335
1053,candidate_1,candidate_2,0,3,0.0033333333333333335
1054,candidate_1,candidate_2,candidate_3,3,0.0033333333333333335
1055,candidate_1,candidate_2,candidate_3,3,0.0033333333333333335
1056,candidate_1,candidate_2,candidate_3,3,0.0033333333333333335
1057,candidate_1,candidate_2,candidate_3,3,0.0033333333333333335
1058,candidate_1,candidate_2,candidate_3,3,0.0033333333333333335
1059,candidate_1,candidate_2,candidate_3,3,0.0033333333333333335
1060,candidate_1,candidate_2,candidate_3,3,0.0033333333333333335
1061,candidate_1,candidate_2,candidate_3,3,0.0033333333333333335
1062,candidate_1,candidate_2,candidate_3,3,0.0033333333333333335
1063,candidate_1,candidate_2,candidate_3,3,0.0033333333333333335
1064,candidate_1,candidate_2,candidate_3,3,0.0033333333333333335
1065,candidate_1,candidate_2,candidate_3,3,0.0033333333333333335
1066,candidate_1,candidate_2,candidate_3,3,0.0033333333333333335
1067,candidate_1,candidate_2,candidate_3,3,0.0033333333333333335
1068,candidate_1,candidate_2,candidate_3,3,0.0033333333333333335
1069,candidate_1,candidate_2,candidate_3,3,0.0033333333333333335
1070,candidate_1,candidate_2,candidate_3,3,0.0033333333333333335
1071,candidate_1,candidate_2,candidate_3,3,0.0033333333333333335
1072,candidate_1,candidate_2,candidate_3,3,0.0033333333333333335
1073,candidate_1,candidate_2,candidate_3,3,0.0033333333333333335
1074,candidate_1,candidate_2,candidate_3,3,0.0033333333333333335
1075,candidate_1,candidate_2,candidate_3,3,0.0033333333333333335
1076,candidate_1,candidate_2,candidate_3,3,0.0033333333333333335
1077,candidate_1,candidate_2,candidate_3,3,0.0033333333333333335
1078,candidate_1,candidate_2,candidate_3,3,0.0033333333333333335
1079,candidate_1,candidate_2,candidate_3,3,0.0033333333333333335
1080,candidate_1,candidate_2,candidate_3,3,0.0033333333333333335
1081,candidate_1,candidate_2,candidate_3,3,0.0033333333333333335
1082,candidate_1,candidate_2,candidate_3,3,0.0033333333333333335
1083,candidate_1,candidate_2,candidate_3,3,0.0033333333333333335
1084,candidate_1,candidate_2,candidate_3,3,0.0033333333333333335
1085,candidate_1,candidate_2,candidate_3,3,0.0033333333333333335
1086,candidate_1,candidate_2,candidate_3,3,0.0033333333333333335
1087,candidate_1,candidate_2,candidate_3,3,0.0033333333333333335
1088,candidate_1,candidate_2,candidate_3,3,0.0033333333333333335
1089,candidate_1,candidate_2,candidate_3,3,0.0033333333333333335
1090,candidate_1,candidate_2,candidate_3,3,0.0033333333333333335
1091,candidate_1,candidate_2,candidate_3,3,0.0033333333333333335
1092,candidate_1,candidate_2,candidate_3,3,0.0033333333333333335
1093,candidate_1,candidate_2,candidate_3,3,0.0033333333333333335
1094,candidate_1,candidate_2,candidate_3,3,0.0033333333333333335
1095,candidate_1,candidate_2,candidate_3,3,0.0033333333333333335
1096,candidate_1,candidate_2,candidate_3,3,0.0033333333333333335
1097,candidate_1,candidate_2,candidate_3,3,0.0033333333333333335
1098,candidate_1,candidate_2,candidate_3,3,0.0033333333333333335
1099,candidate_1,candidate_2,candidate_3,3,0.0033333333333333335
1100,candidate_1,candidate_2,candidate_3,3,0.0033333333333333335
1101,candidate_1,candidate_2,candidate_3,3,0.0033333333333333335
1102,candidate_1,candidate_2,candidate_3,3,0.0033333333333333335
1103,candidate_1,candidate_2,candidate_3,3,0.0033333333333333335
1104,candidate_1,candidate_2,candidate_3,3,0.0033333333333333335
1105,candidate_1,candidate_2,candidate_3,3,0.0033333333333333335
1106,candidate_1,candidate_2,candidate_3,3,0.0033333333333333335
1107,candidate_1,candidate_2,candidate_3,3,0.0033333333333333335
1108,candidate_1,candidate_2,candidate_3,3,0.0033333333333333335
1109,candidate_1,candidate_2,candidate_3,3,0.0033333333333333335
1110,candidate_1,candidate_2,candidate_3,3,0.0033333333333333335
1111,candidate_1,candidate_2,candidate_3,3,0.0033333333333333335
1112,candidate_1,candidate_2,candidate_3,3,0.0033333333333333335
1113,candidate_1,candidate_2,candidate_3,3,0.0033333333333333335
1114,candidate_1,candidate_2,candidate_3,3,0.0033333333333333335
1115,candidate_1,candidate_2,candidate_3,3,0.0033333333333333335
1116,candidate_1,candidate_2,candidate_3,3,0.0033333333333333335
1117,candidate_1,candidate_2,candidate_3,3,0.0033333333333333335
1118,candidate_1,candidate_2,candidate_3,3,0.0033333333333333335
1119,candidate_1,candidate_2,candidate_3,3,0.0033333333333333335
1120,candidate_1,candidate_2,candidate_3,3,0.0033333333333333335
1121,candidate_1,candidate_2,candidate_3,3,0.0033333333333333335
1122,candidate_1,candidate_2,candidate_3,3,0.0033333333333333335
1123,candidate_1,candidate_2,candidate_3,3,0.0033333333333333335
1124,candidate_1,candidate_2,candidate_3,3,0.0033333333333333335
1125,candidate_1,candidate_2,candidate_3,3,0.0033333333333333335
1126,candidate_1,candidate_2,candidate_3,3,0.0033333333333333335
1127,candidate_1,candidate_2,candidate_3,3,0.0033333333333333335
1128,candidate_1,candidate_2,candidate_3,3,0.0033333333333333335
1129,candidate_1,candidate_2,candidate_3,3,0.0033333333333333335
1130,candidate_1,candidate_2,candidate_3,3,0.0033333333333333335
1131,candidate_1,candidate_2,candidate_3,3,0.0033333333333333335
1132,0,candidate_2,candidate_3,3,0.0033333333333333335
1133,candidate_1,candidate_2,candidate_3,3,0.0033333333333333335
1134,candidate_1,candidate_2,candidate_3,3,0.0033333333333333335
1135,candidate_1,candidate_2,candidate_3,3,0.0033333333333333335
1136,candidate_1,candidate_2,candidate_3,3,0.0033333333333333335
1137,candidate_1,candidate_2,candidate_3,3,0.0033333333333333335
1138,candidate_1,candidate_2,candidate_3,3,0.0033333333333333335
1139,candidate_1,candidate_2,candidate_3,3,0.0033333333333333335
1140,candidate_1,candidate_2,candidate_3,3,0.0033333333333333335
1141,candidate_1,candidate_2,candidate_3,3,0.0033333333333333335
1142,candidate_1,candidate_2,candidate_3,3,0.0033333333333333335
1143,candidate_1,candidate_2,candidate_3,3,0.0033333333333333335
1144,candidate_1,candidate_2,candidate_3,3,0.0033333333333333335
1145,candidate_1,candidate_2,candidate_3,3,0.0033333333333333335
1146,candidate_1,candidate_2,candidate_3,3,0.0033333333333333335
1147,candidate_1,candidate_2,candidate_3,3,0.0033333333333333335
1148,candidate_1,candidate_2,candidate_3,3,0.0033333333333333335
1149,candidate_1,candidate_2,candidate_3,3,0.0033333333333333335
1150,candidate_1,candidate_2,candidate_3,3,0.0033333333333333335
1151,candidate_1,candidate_2,candidate_3,3,0.0033333333333333335
1152,candidate_1,candidate_2,candidate_3,3,0.0033333333333333335
1153,candidate_1,candidate_2,candidate_3,3,0.0033333333333333335
1154,candidate_1,candidate_2,candidate_3,3,0.0033333333333333335
1155,candidate_1,candidate_2,candidate_3,3,0.0033333333333333335
1156,candidate_1,candidate_2,candidate_3,3,0.0033333333333333335
1157,candidate_1,candidate_2,candidate_3,3,0.0033333333333333335
1158,candidate_1,candidate_2,candidate_3,3,0.0033333333333333335
1159,candidate_1,candidate_2,candidate_3,3,0.0033333333333333335
1160,candidate_1,candidate_2,candidate_3,3,0.0033333333333333335
1161,candidate_1,candidate_2,candidate_3,3,0.0033333333333333335
1162,candidate_1,candidate_2,candidate_3,3,0.0033333333333333335
1163,candidate_1,candidate_2,candidate_3,3,0.0033333333333333335
1164,candidate_1,candidate_2,candidate_3,3,0.0033333333333333335
1165,candidate_1,candidate_2,candidate_3,3,0.0033333333333333335
1166,candidate_1,candidate_2,candidate_3,3,0.0033333333333333335
1167,candidate_1,candidate_2,candidate_3,3,0.0033333333333333335
1168,candidate_1,candidate_2,candidate_3,3,0.0033333333333333335
1169,candidate_1,candidate_2,candidate_3,3,0.0033333333333333335
1170,candidate_1,candidate_2,candidate_3,3,0.0033333333333333335
1171,candidate_1,candidate_2,candidate_3,3,0.0033333333333333335
1172,candidate_1,candidate_2,candidate_3,3,0.0033333333333333335
1173,candidate_1,candidate_2,candidate_3,3,0.0033333333333333335
1174,candidate_1,candidate_2,candidate_3,3,0.0033333333333333335
1175,candidate_1,candidate_2,candidate_3,3,0.0033333333333333335
1176,candidate_1,candidate_2,candidate_3,3,0.0033333333333333335
1177,candidate_1,candidate_2,candidate_3,3,0.0033333333333333335
1178,candidate_1,candidate_2,candidate_3,3,0.0033333333333333335
1179,candidate_1,candidate_2,candidate_3,3,0.0033333333333333335
1180,candidate_1,candidate_2,candidate_3,3,0.0033333333333333335
1181,candidate_1,candidate_2,candidate_3,3,0.0033333333333333335
1182,candidate_1,candidate_2,candidate_3,3,0.0033333333333333335
1183,candidate_1,candidate_2,candidate_3,3,0.0033333333333333335
1184,candidate_1,candidate_2,candidate_3,3,0.0033333333333333335
1185,candidate_1,candidate_2,candidate_3,3,0.0033333333333333335
1186,candidate_1,candidate_2,candidate_3,3,0.0033333333333333335
1187,candidate_1,candidate_2,candidate_3,3,0.0033333333333333335
1188,candidate_1,candidate_2,candidate_3,3,0.0033333333333333335
1189,candidate_1,candidate_2,0,3,0.0033333333333333335
1190,candidate_1,candidate_2,candidate_3,3,0.0033333333333333335
1191,candidate_1,candidate_2,candidate_3,3,0.0033333333333333335
1192,candidate_1,candidate_2,candidate_3,3,0.0033333333333333335
1193,candidate_1,candidate_2,candidate_3,3,0.0033333333333333335
1194,candidate_1,candidate_2,candidate_3,3,0.0033333333333333335
1195,candidate_1,candidate_2,candidate_3,3,0.0033333333333333335
1196,candidate_1,candidate_2,candidate_3,3,0.0033333333333333335
1197,candidate_1,candidate_2,candidate_3,3,0.0033333333333333335
1198,candidate_1,candidate_2,candidate_3,3,0.0033333333333333335
1199,candidate_1,candidate_2,candidate_3,3,0.0033333333333333335
1200,candidate_1,candidate_2,candidate_3,3,0.0033333333333333335
1201,candidate_1,candidate_2,candidate_3,3,0.0033333333333333335
1202,candidate_1,candidate_2,candidate_3,3,0.0033333333333333335
1203,candidate_1,candidate_2,candidate_3,3,0.0033333333333333335
1204,candidate_1,candidate_2,candidate_3,3,0.0033333333333333335
1205,candidate_1,candidate_2,candidate_3,3,0.0033333333333333335
1206,candidate_1,candidate_2,candidate_3,3,0.0033333333333333335
1207,candidate_1,candidate_2,candidate_3,3,0.0033333333333333335
1208,candidate_1,candidate_2,candidate_3,3,0.0033333333333333335
1209,candidate_1,candidate_2,candidate_3,3,0.0033333333333333335
1210,candidate_1,candidate_2,candidate_3,3,0.0033333333333333335
1211,candidate_1,candidate_2,candidate_3,3,0.0033333333333333335
1212,candidate_1,candidate_2,candidate_3,3,0.0033333333333333335
1213,candidate_1,candidate_2,candidate_3,3,0.0033333333333333335
1214,candidate_1,candidate_2,candidate_3,3,0.0033333333333333335
1215,candidate_1,candidate_2,candidate_3,3,0.0033333333333333335
1216,candidate_1,candidate_2,candidate_3,3,0.0033333333333333335
1217,candidate_1,candidate_2,candidate_3,3,0.0033333333333333335
1218,candidate_1,candidate_2,candidate_3,3,0.0033333333333333335
1219,candidate_1,candidate_2,candidate_3,3,0.0033333333333333335
1220,candidate_1,candidate_2,candidate_3,3,0.0033333333333333335
1221,candidate_1,candidate_2,candidate_3,3,0.0033333333333333335
1222,candidate_1,candidate_2,candidate_3,3,0.0033333333333333335
1223,candidate_1,candidate_2,candidate_3,3,0.0033333333333333335
1224,candidate_1,candidate_2,candidate_3,3,0.0033333333333333335
1225,candidate_1,candidate_2,candidate_3,3,0.0033333333333333335
1226,candidate_1,candidate_2,candidate_3,3,0.0033333333333333335
1227,candidate_1,candidate_2,candidate_3,3,0.0033333333333333335
1228,candidate_1,candidate_2,candidate_3,3,0.0033333333333333335
1229,candidate_1,candidate_2,candidate_3,3,0.0033333333333333335
1230,candidate_1,candidate_2,candidate_3,3,0.0033333333333333335
1231,candidate_1,candidate_2,candidate_3,3,0.0033333333333333335
1232,candidate_1,candidate_2,candidate_3,3,0.0033333333333333335
1233,candidate_1,candidate_2,candidate_3,3,0.0033333333333333335
1234,candidate_1,candidate_2,candidate_3,3,0.0033333333333333335
1235,candidate_1,candidate_2,candidate_3,3,0.0033333333333333335
1236,candidate_1,candidate_2,candidate_3,3,0.0033333333333333335
1237,candidate_1,candidate_2,candidate_3,3,0.0033333333333333335
1238,candidate_1,candidate_2,candidate_3,3,0.0033333333333333335
1239,candidate_1,candidate_2,candidate_3,3,0.0033333333333333335
1240,candidate_1,candidate_2,candidate_3,3,0.0033333333333333335
1241,candidate_1,candidate_2,candidate_3,3,0.0033333333333333335
1242,candidate_1,candidate_2,candidate_3,3,0.0033333333333333335
1243,candidate_1,candidate_2,candidate_3,3,0.0033333333333333335
1244,candidate_1,candidate_2,candidate_3,3,0.0033333333333333335
1245,candidate_1,candidate_2,candidate_3,3,0.0033333333333333335
1246,candidate_1,candidate_2,candidate_3,3,0.0033333333333333335
1247,candidate_1,candidate_2,candidate_3,3,0.0033333333333333335
1248,candidate_1,candidate_2,candidate_3,3,0.0033333333333333335
1249,candidate_1,candidate_2,candidate_3,3,0.0033333333333333335
1250,candidate_1,candidate_2,candidate_3,3,0.0033333333333333335
1251,candidate_1,candidate_2,candidate_3,3,0.0033333333333333335
1252,candidate_1,candidate_2,candidate_3,3,0.0033333333333333335
1253,candidate_1,candidate_2,candidate_3,3,0.0033333333333333335
1254,candidate_1,candidate_2,candidate_3,3,0.0033333333333333335
1255,candidate_1,candidate_2,candidate_3,3,0.0033333333333333335
1256,candidate_1,candidate_2,candidate_3,3,0.0033333333333333335
1257,candidate_1,candidate_2,candidate_3,3,0.0033333333333333335
1258,candidate_1,candidate_2,candidate_3,3,0.0033333333333333335
1259,candidate_1,candidate_2,candidate_3,3,0.0033333333333333335
1260,candidate_1,candidate_2,candidate_3,3,0.0033333333333333335
1261,candidate_1,candidate_2,candidate_3,3,0.0033333333333333335
1262,candidate_1,candidate_2,candidate_3,3,0.0033333333333333335
1263,candidate_1,candidate_2,candidate_3,3,0.0033333333333333335
1264,candidate_1,candidate_2,candidate_3,3,0.0033333333333333335
1265,candidate_1,candidate_2,candidate_3,3,0.0033333333333333335
1266,candidate_1,candidate_2,candidate_3,3,0.0033333333333333335
1267,candidate_1,candidate_2,candidate_3,3,0.0033333333333333335
1268,candidate_1,candidate_2,candidate_3,3,0.0033333333333333335
1269,candidate_1,candidate_2,candidate_3,3,0.0033333333333333335
1270,candidate_1,candidate_2,candidate_3,3,0.0033333333333333335
1271,candidate_1,candidate_2,candidate_3,3,0.0033333333333333335
1272,candidate_1,candidate_2,candidate_3,3,0.0033333333333333335
1273,candidate_1,candidate_2,candidate_3,3,0.0033333333333333335
1274,candidate_1,candidate_2,candidate_3,3,0.0033333333333333335
1275,candidate_1,candidate_2,candidate_3,3,0.0033333333333333335
1276,candidate_1,candidate_2,candidate_3,3,0.0033333333333333335
1277,candidate_1,candidate_2,candidate_3,3,0.0033333333333333335
1278,candidate_1,candidate_2,candidate_3,3,0.0033333333333333335
1279,candidate_1,candidate_2,candidate_3,3,0.0033333333333333335
1280,candidate_1,candidate_2,candidate_3,3,0.0033333333333333335
1281,candidate_1,candidate_2,candidate_3,3,0.0033333333333333335
1282,candidate_1,candidate_2,candidate_3,3,0.0033333333333333335
1283,candidate_1,candidate_2,candidate_3,3,0.0033333333333333335
1284,candidate_1,candidate_2,candidate_3,3,0.0033333333333333335
1285,candidate_1,candidate_2,candidate_3,3,0.0033333333333333335
1286,candidate_1,candidate_2,candidate_3,3,0.0033333333333333335
1287,candidate_1,candidate_2,candidate_3,3,0.0033333333333333335
1288,candidate_1,candidate_2,candidate_3,3,0.0033333333333333335
1289,candidate_1,candidate_2,candidate_3,3,0.0033333333333333335
1290,candidate_1,candidate_2,candidate_3,3,0.0033333333333333335
1291,candidate_1,candidate_2,candidate_3,3,0.0033333333333333335
1292,candidate_1,candidate_2,candidate_3,3,0.0033333333333333335
1293,candidate_1,candidate_2,candidate_3,3,0.0033333333333333335
1294,candidate_1,candidate_2,candidate_3,3,0.0033333333333333335
1295,candidate_1,candidate_2,candidate_3,3,0.0033333333333333335
1296,candidate_1,candidate_2,candidate_3,3,0.0033333333333333335
1297,candidate_1,candidate_2,candidate_3,3,0.0033333333333333335
1298,candidate_1,candidate_2,candidate_3,3,0.0033333333333333335
1299,candidate_1,candidate_2,candidate_3,3,0.0033333333333333335
1300,candidate_1,candidate_2,candidate_3,3,0.0033333333333333335
1301,candidate_1,candidate_2,candidate_3,3,0.0033333333333333335
1302,candidate_1,candidate_2,candidate_3,3,0.0033333333333333335
1303,candidate_1,candidate_2,candidate_3,3,0.0033333333333333335
1304,candidate_1,candidate_2,candidate_3,3,0.0033333333333333335
1305,candidate_1,candidate_2,candidate_3,3,0.0033333333333333335
1306,candidate_1,candidate_2,candidate_3,3,0.0033333333333333335
1307,candidate_1,candidate_2,candidate_3,3,0.0033333333333333335
1308,candidate_1,candidate_2,candidate_3,3,0.0033333333333333335
1309,candidate_1,candidate_2,candidate_3,3,0.0033333333333333335
1310,candidate_1,candidate_2,candidate_3,3,0.0033333333333333335
1311,candidate_1,candidate_2,candidate_3,3,0.0033333333333333335
1312,candidate_1,candidate_2,candidate_3,3,0.0033333333333333335
1313,candidate_1,candidate_2,candidate_3,3,0.0033333333333333335
1314,candidate_1,candidate_2,candidate_3,3,0.0033333333333333335
1315,candidate_1,candidate_2,candidate_3,3,0.0033333333333333335
1316,candidate_1,candidate_2,candidate_3,3,0.0033333333333333335
1317,candidate_1,candidate_2,candidate_3,3,0.0033333333333333335
1318,candidate_1,candidate_2,candidate_3,3,0.0033333333333333335
1319,candidate_1,candidate_2,candidate_3,3,0.0033333333333333335
1320,candidate_1,candidate_2,candidate_3,3,0.0033333333333333335
1321,candidate_1,candidate_2,candidate_3,3,0.0033333333333333335
1322,candidate_1,candidate_2,candidate_3,3,0.0033333333333333335
1323,candidate_1,candidate_2,candidate_3,3,0.0033333333333333335
1324,candidate_1,candidate_2,candidate_3,3,0.0033333333333333335
1325,candidate_1,candidate_2,candidate_3,3,0.0033333333333333335
1326,candidate_1,candidate_2,candidate_3,3,0.0033333333333333335
1327,candidate_1,candidate_2,candidate_3,3,0.0033333333333333335
1328,candidate_1,candidate_2,candidate_3,3,0.0033333333333333335
1329,candidate_1,candidate_2,candidate_3,3,0.0033333333333333335
1330,candidate_1,candidate_2,candidate_3,3,0.0033333333333333335
1331,candidate_1,candidate_2,candidate_3,3,0.0033333333333333335
1332,candidate_1,candidate_2,candidate_3,3,0.0033333333333333335
1333,candidate_1,candidate_2,candidate_3,3,0.0033333333333333335
1334,candidate_1,candidate_2,candidate_3,3,0.0033333333333333335
1335,candidate_1,candidate_2,candidate_3,3,0.0033333333333333335
1336,candidate_1,candidate_2,candidate_3,3,0.0033333333333333335
1337,candidate_1,candidate_2,candidate_3,3,0.0033333333333333335
1338,candidate_1,candidate_2,candidate_3,3,0.0033333333333333335
1339,candidate_1,candidate_2,candidate_3,3,0.0033333333333333335
1340,candidate_1,candidate_2,candidate_3,3,0.0033333333333333335
1341,candidate_1,candidate_2,candidate_3,3,0.0033333333333333335
1342,candidate_1,candidate_2,candidate_3,3,0.0033333333333333335
1343,candidate_1,candidate_2,candidate_3,3,0.0033333333333333335
1344,candidate_1,candidate_2,candidate_3,3,0.0033333333333333335
1345,candidate_1,candidate_2,candidate_3,3,0.0033333333333333335
1346,candidate_1,candidate_2,candidate_3,3,0.0033333333333333335
1347,candidate_1,candidate_2,candidate_3,3,0.0033333333333333335
1348,candidate_1,candidate_2,candidate_3,3,0.0033333333333333335
1349,candidate_1,candidate_2,candidate_3,3,0.0033333333333333335
1350,candidate_1,candidate_2,candidate_3,3,0.0033333333333333335
1351,candidate_1,0,candidate_3,3,0.0033333333333333335
1352,candidate_1,candidate_2,candidate_3,3,0.0033333333333333335
1353,candidate_1,candidate_2,candidate_3,3,0.0033333333333333335
1354,candidate_1,candidate_2,candidate_3,3,0.0033333333333333335
1355,candidate_1,candidate_2,candidate_3,3,0.0033333333333333335
1356,candidate_1,candidate_2,candidate_3,3,0.0033333333333333335
1357,candidate_1,candidate_2,candidate_3,3,0.0033333333333333335
1358,candidate_1,candidate_2,candidate_3,3,0.0033333333333333335
1359,candidate_1,candidate_2,candidate_3,3,0.0033333333333333335
1360,candidate_1,candidate_2,candidate_3,3,0.0033333333333333335
1361,candidate_1,candidate_2,candidate_3,3,0.0033333333333333335
1362,candidate_1,candidate_2,candidate_3,3,0.0033333333333333335
1363,candidate_1,candidate_2,candidate_3,3,0.0033333333333333335
1364,candidate_1,candidate_2,candidate_3,3,0.0033333333333333335
1365,candidate_1,candidate_2,candidate_3,3,0.0033333333333333335
1366,candidate_1,candidate_2,candidate_3,3,0.0033333333333333335
1367,candidate_1,candidate_2,candidate_3,3,0.0033333333333333335
1368,candidate_1,candidate_2,candidate_3,3,0.0033333333333333335
1369,candidate_1,candidate_2,candidate_3,3,0.0033333333333333335
1370,candidate_1,candidate_2,candidate_3,3,0.0033333333333333335
1371,candidate_1,candidate_2,candidate_3,3,0.0033333333333333335
1372,candidate_1,candidate_2,candidate_3,3,0.0033333333333333335
1373,candidate_1,candidate_2,candidate_3,3,0.0033333333333333335
1374,candidate_1,candidate_2,candidate_3,3,0.0033333333333333335
1375,candidate_1,candidate_2,candidate_3,3,0.0033333333333333335
1376,candidate_1,candidate_2,candidate_3,3,0.0033333333333333335
1377,candidate_1,candidate_2,candidate_3,3,0.0033333333333333335
1378,candidate_1,candidate_2,candidate_3,3,0.0033333333333333335
1379,candidate_1,candidate_2,candidate_3,3,0.0033333333333333335
1380,candidate_1,candidate_2,candidate_3,3,0.0033333333333333335
1381,candidate_1,candidate_2,candidate_3,3,0.0033333333333333335
1382,candidate_1,candidate_2,candidate_3,3,0.0033333333333333335
1383,candidate_1,candidate_2,candidate_3,3,0.0033333333333333335
1384,candidate_1,candidate_2,candidate_3,3,0.0033333333333333335
1385,candidate_1,candidate_2,candidate_3,3,0.0033333333333333335
1386,candidate_1,candidate_2,candidate_3,3,0.0033333333333333335
1387,candidate_1,candidate_2,candidate_3,3,0.0033333333333333335
1388,candidate_1,candidate_2,candidate_3,3,0.0033333333333333335
1389,candidate_1,candidate_2,candidate_3,3,0.0033333333333333335
1390,candidate_1,candidate_2,candidate_3,3,0.0033333333333333335
1391,candidate_1,candidate_2,candidate_3,3,0.0033333333333333335
1392,candidate_1,candidate_2,candidate_3,3,0.0033333333333333335
1393,candidate_1,candidate_2,candidate_3,3,0.0033333333333333335
1394,candidate_1,candidate_2,candidate_3,3,0.0033333333333333335
1395,candidate_1,candidate_2,candidate_3,3,0.0033333333333333335
1396,candidate_1,candidate_2,candidate_3,3,0.0033333333333333335
1397,candidate_1,candidate_2,candidate_3,3,0.0033333333333333335
1398,candidate_1,candidate_2,candidate_3,3,0.0033333333333333335
1399,candidate_1,candidate_2,candidate_3,3,0.0033333333333333335
1400,candidate_1,candidate_2,candidate_3,3,0.0033333333333333335
1401,candidate_1,candidate_2,candidate_3,3,0.0033333333333333335
1402,candidate_1,candidate_2,candidate_3,3,0.0033333333333333335
1403,candidate_1,candidate_2,candidate_3,3,0.0033333333333333335
1404,candidate_1,candidate_2,candidate_3,3,0.0033333333333333335
1405,candidate_1,candidate_2,candidate_3,3,0.0033333333333333335
1406,candidate_1,candidate_2,candidate_3,3,0.0033333333333333335
1407,candidate_1,candidate_2,candidate_3,3,0.0033333333333333335
1408,candidate_1,candidate_2,candidate_3,3,0.0033333333333333335
1409,candidate_1,candidate_2,candidate_3,3,0.0033333333333333335
1410,candidate_1,candidate_2,candidate_3,3,0.0033333333333333335
1411,candidate_1,candidate_2,candidate_3,3,0.0033333333333333335
1412,candidate_1,candidate_2,candidate_3,3,0.0033333333333333335
1413,candidate_1,candidate_2,candidate_3,3,0.0033333333333333335
1414,candidate_1,candidate_2,candidate_3,3,0.0033333333333333335
1415,candidate_1,candidate_2,candidate_3,3,0.0033333333333333335
1416,candidate_1,candidate_2,candidate_3,3,0.0033333333333333335
1417,candidate_1,candidate_2,candidate_3,3,0.0033333333333333335
1418,candidate_1,candidate_2,candidate_3,3,0.0033333333333333335
1419,candidate_1,candidate_2,candidate_3,3,0.0033333333333333335
1420,candidate_1,candidate_2,candidate_3,3,0.0033333333333333335
1421,candidate_1,candidate_2,candidate_3,3,0.0033333333333333335
1422,candidate_1,candidate_2,candidate_3,3,0.0033333333333333335
1423,candidate_1,candidate_2,candidate_3,3,0.0033333333333333335
1424,candidate_1,candidate_2,candidate_3,3,0.0033333333333333335
1425,candidate_1,candidate_2,candidate_3,3,0.0033333333333333335
1426,candidate_1,candidate_2,candidate_3,3,0.0033333333333333335
1427,candidate_1,candidate_2,candidate_3,3,0.0033333333333333335
1428,candidate_1,candidate_2,candidate_3,3,0.0033333333333333335
1429,candidate_1,candidate_2,candidate_3,3,0.0033333333333333335
1430,candidate_1,candidate_2,candidate_3,3,0.0033333333333333335
1431,candidate_1,candidate_2,candidate_3,3,0.0033333333333333335
1432,candidate_1,candidate_2,candidate_3,3,0.0033333333333333335
1433,candidate_1,candidate_2,candidate_3,3,0.0033333333333333335
1434,candidate_1,candidate_2,candidate_3,3,0.0033333333333333335
1435,candidate_1,candidate_2,candidate_3,3,0.0033333333333333335
1436,candidate_1,candidate_2,candidate_3,3,0.0033333333333333335
1437,candidate_1,candidate_2,candidate_3,3,0.0033333333333333335
1438,candidate_1,candidate_2,candidate_3,3,0.0033333333333333335
1439,candidate_1,candidate_2,candidate_3,3,0.0033333333333333335
1440,candidate_1,candidate_2,candidate_3,3,0.0033333333333333335
1441,candidate_1,candidate_2,candidate_3,3,0.0033333333333333335
1442,candidate_1,candidate_2,candidate_3,3,0.0033333333333333335
1443,candidate_1,candidate_2,candidate_3,3,0.0033333333333333335
1444,candidate_1,candidate_2,candidate_3,3,0.0033333333333333335
1445,candidate_1,candidate_2,candidate_3,3,0.0033333333333333335
1446,candidate_1,candidate_2,candidate_3,3,0.0033333333333333335
1447,candidate_1,candidate_2,candidate_3,3,0.0033333333333333335
1448,candidate_1,candidate_2,candidate_3,3,0.0033333333333333335
1449,candidate_1,candidate_2,candidate_3,3,0.0033333333333333335
1450,candidate_1,candidate_2,candidate_3,3,0.0033333333333333335
1451,candidate_1,candidate_2,candidate_3,3,0.0033333333333333335
1452,candidate_1,candidate_2,0,3,0.0033333333333333335
1453,candidate_1,candidate_2,candidate_3,3,0.0033333333333333335
1454,candidate_1,candidate_2,candidate_3,3,0.0033333333333333335
1455,candidate_1,candidate_2,candidate_3,3,0.0033333333333333335
1456,candidate_1,candidate_2,0,3,0.0033333333333333335
1457,candidate_1,candidate_2,candidate_3,3,0.0033333333333333335
1458,candidate_1,candidate_2,candidate_3,3,0.0033333333333333335
1459,candidate_1,candidate_2,candidate_3,3,0.0033333333333333335
1460,candidate_1,candidate_2,candidate_3,3,0.0033333333333333335
1461,candidate_1,candidate_2,candidate_3,3,0.0033333333333333335
1462,candidate_1,candidate_2,candidate_3,3,0.0033333333333333335
1463,candidate_1,candidate_2,candidate_3,3,0.0033333333333333335
1464,candidate_1,candidate_2,candidate_3,3,0.0033333333333333335
1465,candidate_1,candidate_2,candidate_3,3,0.0033333333333333335
1466,candidate_1,candidate_2,candidate_3,3,0.0033333333333333335
1467,candidate_1,candidate_2,candidate_3,3,0.0033333333333333335
1468,candidate_1,candidate_2,candidate_3,3,0.0033333333333333335
1469,candidate_1,candidate_2,candidate_3,3,0.0033333333333333335
1470,candidate_1,candidate_2,candidate_3,3,0.0033333333333333335
1471,candidate_1,candidate_2,candidate_3,3,0.0033333333333333335
1472,candidate_1,candidate_2,candidate_3,3,0.0033333333333333335
1473,candidate_1,candidate_2,candidate_3,3,0.0033333333333333335
1474,candidate_1,candidate_2,candidate_3,3,0.0033333333333333335
1475,candidate_1,candidate_2,candidate_3,3,0.0033333333333333335
1476,candidate_1,candidate_2,candidate_3,3,0.0033333333333333335
1477,candidate_1,candidate_2,candidate_3,3,0.0033333333333333335
1478,candidate_1,candidate_2,candidate_3,3,0.0033333333333333335
1479,candidate_1,candidate_2,candidate_3,3,0.0033333333333333335
1480,candidate_1,candidate_2,candidate_3,3,0.0033333333333333335
1481,candidate_1,candidate_2,candidate_3,3,0.0033333333333333335
1482,candidate_1,candidate_2,candidate_3,3,0.0033333333333333335
1483,candidate_1,candidate_2,candidate_3,3,0.0033333333333333335
1484,candidate_1,candidate_2,candidate_3,3,0.0033333333333333335
1485,candidate_1,candidate_2,candidate_3,3,0.0033333333333333335
1486,candidate_1,candidate_2,candidate_3,3,0.0033333333333333335
1487,candidate_1,candidate_2,candidate_3,3,0.0033333333333333335
1488,candidate_1,candidate_2,candidate_3,3,0.0033333333333333335
1489,candidate_1,candidate_2,candidate_3,3,0.0033333333333333335
1490,candidate_1,candidate_2,candidate_3,3,0.0033333333333333335
1491,candidate_1,candidate_2,candidate_3,3,0.0033333333333333335
1492,candidate_1,candidate_2,candidate_3,3,0.0033333333333333335
1493,candidate_1,candidate_2,candidate_3,3,0.0033333333333333335
1494,candidate_1,candidate_2,candidate_3,3,0.0033333333333333335
1495,candidate_1,candidate_2,candidate_3,3,0.0033333333333333335
1496,candidate_1,candidate_2,candidate_3,3,0.0033333333333333335
1497,candidate_1,candidate_2,candidate_3,3,0.0033333333333333335
1498,candidate_1,candidate_2,candidate_3,3,0.0033333333333333335
1499,candidate_1,candidate_2,candidate_3,3,0.0033333333333333335
1500,candidate_1,candidate_2,candidate_3,3,0.0033333333333333335
1501,candidate_1,candidate_2,candidate_3,3,0.0033333333333333335
1502,candidate_1,candidate_2,candidate_3,3,0.0033333333333333335
1503,candidate_1,candidate_2,candidate_3,3,0.0033333333333333335
1504,candidate_1,candidate_2,candidate_3,3,0.0033333333333333335
1505,candidate_1,candidate_2,0,3,0.0033333333333333335
1506,candidate_1,candidate_2,candidate_3,3,0.0033333333333333335
1507,candidate_1,candidate_2,candidate_3,3,0.0033333333333333335
1508,candidate_1,candidate_2,candidate_3,3,0.0033333333333333335
1509,candidate_1,candidate_2,candidate_3,3,0.0033333333333333335
1510,candidate_1,candidate_2,candidate_3,3,0.0033333333333333335
1511,candidate_1,candidate_2,candidate_3,3,0.0033333333333333335
1512,candidate_1,candidate_2,candidate_3,3,0.0033333333333333335
1513,candidate_1,candidate_2,candidate_3,3,0.0033333333333333335
1514,candidate_1,candidate_2,candidate_3,3,0.0033333333333333335
1515,candidate_1,candidate_2,candidate_3,3,0.0033333333333333335
1516,candidate_1,candidate_2,candidate_3,3,0.0033333333333333335
1517,candidate_1,candidate_2,candidate_3,3,0.0033333333333333335
1518,candidate_1,candidate_2,candidate_3,3,0.0033333333333333335
1519,candidate_1,candidate_2,candidate_3,3,0.0033333333333333335
1520,candidate_1,candidate_2,candidate_3,3,0.0033333333333333335
1521,candidate_1,candidate_2,candidate_3,3,0.0033333333333333335
1522,candidate_1,candidate_2,candidate_3,3,0.0033333333333333335
1523,candidate_1,candidate_2,candidate_3,3,0.0033333333333333335
1524,candidate_1,0,candidate_3,3,0.0033333333333333335
1525,candidate_1,candidate_2,candidate_3,3,0.0033333333333333335
1526,candidate_1,candidate_2,candidate_3,3,0.0033333333333333335
1527,candidate_1,candidate_2,candidate_3,3,0.0033333333333333335
1528,candidate_1,candidate_2,candidate_3,3,0.0033333333333333335
1529,candidate_1,candidate_2,candidate_3,3,0.0033333333333333335
1530,candidate_1,candidate_2,candidate_3,3,0.0033333333333333335
1531,candidate_1,candidate_2,candidate_3,3,0.0033333333333333335
1532,candidate_1,candidate_2,candidate_3,3,0.0033333333333333335
1533,candidate_1,candidate_2,candidate_3,3,0.0033333333333333335
1534,candidate_1,candidate_2,candidate_3,3,0.0033333333333333335
1535,candidate_1,candidate_2,candidate_3,3,0.0033333333333333335
1536,candidate_1,candidate_2,candidate_3,3,0.0033333333333333335
1537,candidate_1,candidate_2,candidate_3,3,0.0033333333333333335
1538,candidate_1,candidate_2,candidate_3,3,0.0033333333333333335
1539,candidate_1,candidate_2,candidate_3,3,0.0033333333333333335
1540,candidate_1,candidate_2,candidate_3,3,0.0033333333333333335
1541,candidate_1,candidate_2,candidate_3,3,0.0033333333333333335
1542,candidate_1,candidate_2,candidate_3,3,0.0033333333333333335
1543,candidate_1,candidate_2,candidate_3,3,0.0033333333333333335
1544,candidate_1,candidate_2,candidate_3,3,0.0033333333333333335
1545,candidate_1,candidate_2,candidate_3,3,0.0033333333333333335
1546,candidate_1,candidate_2,candidate_3,3,0.0033333333333333335
1547,candidate_1,candidate_2,candidate_3,3,0.0033333333333333335
1548,candidate_1,candidate_2,candidate_3,3,0.0033333333333333335
1549,candidate_1,candidate_2,candidate_3,3,0.0033333333333333335
1550,candidate_1,candidate_2,candidate_3,3,0.0033333333333333335
1551,candidate_1,candidate_2,candidate_3,3,0.0033333333333333335
1552,candidate_1,candidate_2,candidate_3,3,0.0033333333333333335
1553,candidate_1,candidate_2,candidate_3,3,0.0033333333333333335
1554,candidate_1,candidate_2,candidate_3,3,0.0033333333333333335
1555,candidate_1,candidate_2,candidate_3,3,0.0033333333333333335
1556,candidate_1,candidate_2,candidate_3,3,0.0033333333333333335
1557,candidate_1,candidate_2,candidate_3,3,0.0033333333333333335
1558,candidate_1,candidate_2,candidate_3,3,0.0033333333333333335
1559,candidate_1,candidate_2,candidate_3,3,0.0033333333333333335
1560,candidate_1,candidate_2,candidate_3,3,0.0033333333333333335
1561,candidate_1,candidate_2,candidate_3,3,0.0033333333333333335
1562,candidate_1,candidate_2,candidate_3,3,0.0033333333333333335
1563,candidate_1,candidate_2,candidate_3,3,0.0033333333333333335
1564,candidate_1,candidate_2,candidate_3,3,0.0033333333333333335
1565,candidate_1,candidate_2,candidate_3,3,0.0033333333333333335
1566,candidate_1,candidate_2,candidate_3,3,0.0033333333333333335
1567,candidate_1,candidate_2,candidate_3,3,0.0033333333333333335
1568,candidate_1,candidate_2,candidate_3,3,0.0033333333333333335
1569,candidate_1,candidate_2,candidate_3,3,0.0033333333333333335
1570,candidate_1,candidate_2,candidate_3,3,0.0033333333333333335
1571,candidate_1,candidate_2,candidate_3,3,0.0033333333333333335
1572,candidate_1,candidate_2,candidate_3,3,0.0033333333333333335
1573,candidate_1,candidate_2,candidate_3,3,0.0033333333333333335
1574,candidate_1,candidate_2,candidate_3,3,0.0033333333333333335
1575,candidate_1,candidate_2,candidate_3,3,0.0033333333333333335
1576,candidate_1,candidate_2,candidate_3,3,0.0033333333333333335
1577,candidate_1,candidate_2,candidate_3,3,0.0033333333333333335
1578,candidate_1,candidate_2,candidate_3,3,0.0033333333333333335
1579,candidate_1,candidate_2,candidate_3,3,0.0033333333333333335
1580,candidate_1,candidate_2,candidate_3,3,0.0033333333333333335
1581,candidate_1,candidate_2,candidate_3,3,0.0033333333333333335
1582,candidate_1,candidate_2,candidate_3,3,0.0033333333333333335
1583,candidate_1,candidate_2,candidate_3,3,0.0033333333333333335
1584,candidate_1,candidate_2,candidate_3,3,0.0033333333333333335
1585,candidate_1,candidate_2,candidate_3,3,0.0033333333333333335
1586,candidate_1,candidate_2,candidate_3,3,0.0033333333333333335
1587,candidate_1,candidate_2,candidate_3,3,0.0033333333333333335
1588,candidate_1,candidate_2,candidate_3,3,0.0033333333333333335
1589,candidate_1,candidate_2,candidate_3,3,0.0033333333333333335
1590,candidate_1,0,candidate_3,3,0.0033333333333333335
1591,candidate_1,candidate_2,candidate_3,3,0.0033333333333333335
1592,candidate_1,candidate_2,candidate_3,3,0.0033333333333333335
1593,candidate_1,candidate_2,candidate_3,3,0.0033333333333333335
1594,candidate_1,candidate_2,candidate_3,3,0.0033333333333333335
1595,candidate_1,candidate_2,candidate_3,3,0.0033333333333333335
1596,candidate_1,candidate_2,candidate_3,3,0.0033333333333333335
1597,candidate_1,candidate_2,candidate_3,3,0.0033333333333333335
1598,candidate_1,candidate_2,candidate_3,3,0.0033333333333333335
1599,candidate_1,candidate_2,candidate_3,3,0.0033333333333333335
1600,candidate_1,candidate_2,candidate_3,3,0.0033333333333333335
1601,candidate_1,candidate_2,candidate_3,3,0.0033333333333333335
1602,candidate_1,candidate_2,candidate_3,3,0.0033333333333333335
1603,candidate_1,candidate_2,candidate_3,3,0.0033333333333333335
1604,candidate_1,candidate_2,candidate_3,3,0.0033333333333333335
1605,candidate_1,candidate_2,candidate_3,3,0.0033333333333333335
1606,candidate_1,candidate_2,candidate_3,3,0.0033333333333333335
1607,candidate_1,candidate_2,candidate_3,3,0.0033333333333333335
1608,candidate_1,candidate_2,candidate_3,3,0.0033333333333333335
1609,candidate_1,candidate_2,candidate_3,3,0.0033333333333333335
1610,candidate_1,candidate_2,candidate_3,3,0.0033333333333333335
1611,candidate_1,candidate_2,candidate_3,3,0.0033333333333333335
1612,candidate_1,candidate_2,candidate_3,3,0.0033333333333333335
1613,candidate_1,candidate_2,candidate_3,3,0.0033333333333333335
1614,candidate_1,candidate_2,candidate_3,3,0.0033333333333333335
1615,candidate_1,candidate_2,candidate_3,3,0.0033333333333333335
1616,candidate_1,candidate_2,candidate_3,3,0.0033333333333333335
1617,candidate_1,candidate_2,candidate_3,3,0.0033333333333333335
1618,candidate_1,candidate_2,candidate_3,3,0.0033333333333333335
1619,candidate_1,candidate_2,candidate_3,3,0.0033333333333333335
1620,candidate_1,candidate_2,candidate_3,3,0.0033333333333333335
1621,candidate_1,candidate_2,candidate_3,3,0.0033333333333333335
1622,candidate_1,candidate_2,candidate_3,3,0.0033333333333333335
1623,candidate_1,candidate_2,candidate_3,3,0.0033333333333333335
1624,candidate_1,candidate_2,candidate_3,3,0.0033333333333333335
1625,candidate_1,candidate_2,candidate_3,3,0.0033333333333333335
1626,candidate_1,candidate_2,candidate_3,3,0.0033333333333333335
1627,candidate_1,candidate_2,candidate_3,3,0.0033333333333333335
1628,candidate_1,candidate_2,candidate_3,3,0.0033333333333333335
1629,candidate_1,candidate_2,candidate_3,3,0.0033333333333333335
1630,candidate_1,candidate_2,candidate_3,3,0.0033333333333333335
1631,candidate_1,candidate_2,candidate_3,3,0.0033333333333333335
1632,candidate_1,candidate_2,candidate_3,3,0.0033333333333333335
1633,candidate_1,candidate_2,candidate_3,3,0.0033333333333333335
1634,candidate_1,candidate_2,candidate_3,3,0.0033333333333333335
1635,candidate_1,candidate_2,candidate_3,3,0.0033333333333333335
1636,candidate_1,candidate_2,candidate_3,3,0.0033333333333333335
1637,candidate_1,candidate_2,candidate_3,3,0.0033333333333333335
1638,candidate_1,candidate_2,candidate_3,3,0.0033333333333333335
1639,candidate_1,candidate_2,candidate_3,3,0.0033333333333333335
1640,candidate_1,candidate_2,candidate_3,3,0.0033333333333333335
1641,candidate_1,candidate_2,candidate_3,3,0.0033333333333333335
1642,candidate_1,candidate_2,candidate_3,3,0.0033333333333333335
1643,candidate_1,candidate_2,candidate_3,3,0.0033333333333333335
1644,candidate_1,candidate_2,candidate_3,3,0.0033333333333333335
1645,candidate_1,candidate_2,candidate_3,3,0.0033333333333333335
1646,candidate_1,candidate_2,candidate_3,3,0.0033333333333333335
1647,candidate_1,candidate_2,candidate_3,3,0.0033333333333333335
1648,candidate_1,candidate_2,candidate_3,3,0.0033333333333333335
1649,candidate_1,candidate_2,candidate_3,3,0.0033333333333333335
1650,candidate_1,candidate_2,candidate_3,3,0.0033333333333333335
1651,candidate_1,candidate_2,candidate_3,3,0.0033333333333333335
1652,candidate_1,candidate_2,candidate_3,3,0.0033333333333333335
1653,candidate_1,candidate_2,candidate_3,3,0.0033333333333333335
1654,candidate_1,candidate_2,candidate_3,3,0.0033333333333333335
1655,candidate_1,candidate_2,candidate_3,3,0.0033333333333333335
1656,candidate_1,candidate_2,candidate_3,3,0.0033333333333333335
1657,candidate_1,candidate_2,candidate_3,3,0.0033333333333333335
1658,candidate_1,candidate_2,candidate_3,3,0.0033333333333333335
1659,candidate_1,candidate_2,candidate_3,3,0.0033333333333333335
1660,candidate_1,candidate_2,candidate_3,3,0.0033333333333333335
1661,candidate_1,candidate_2,candidate_3,3,0.0033333333333333335
1662,candidate_1,candidate_2,candidate_3,3,0.0033333333333333335
1663,candidate_1,candidate_2,candidate_3,3,0.0033333333333333335
1664,candidate_1,candidate_2,candidate_3,3,0.0033333333333333335
1665,candidate_1,candidate_2,candidate_3,3,0.0033333333333333335
1666,candidate_1,candidate_2,candidate_3,3,0.0033333333333333335
1667,candidate_1,candidate_2,candidate_3,3,0.0033333333333333335
1668,candidate_1,candidate_2,candidate_3,3,0.0033333333333333335
1669,candidate_1,candidate_2,candidate_3,3,0.0033333333333333335
1670,candidate_1,candidate_2,candidate_3,3,0.0033333333333333335
1671,candidate_1,candidate_2,candidate_3,3,0.0033333333333333335
1672,candidate_1,candidate_2,candidate_3,3,0.0033333333333333335
1673,candidate_1,candidate_2,candidate_3,3,0.0033333333333333335
1674,candidate_1,candidate_2,candidate_3,3,0.0033333333333333335
1675,candidate_1,candidate_2,candidate_3,3,0.0033333333333333335
1676,candidate_1,candidate_2,candidate_3,3,0.0033333333333333335
1677,candidate_1,candidate_2,candidate_3,3,0.0033333333333333335
1678,candidate_1,candidate_2,candidate_3,3,0.0033333333333333335
1679,candidate_1,candidate_2,candidate_3,3,0.0033333333333333335
1680,candidate_1,candidate_2,candidate_3,3,0.0033333333333333335
1681,candidate_1,candidate_2,candidate_3,3,0.0033333333333333335
1682,candidate_1,candidate_2,candidate_3,3,0.0033333333333333335
1683,candidate_1,candidate_2,candidate_3,3,0.0033333333333333335
1684,candidate_1,candidate_2,candidate_3,3,0.0033333333333333335
1685,candidate_1,candidate_2,candidate_3,3,0.0033333333333333335
1686,candidate_1,candidate_2,candidate_3,3,0.0033333333333333335
1687,candidate_1,candidate_2,candidate_3,3,0.0033333333333333335
1688,candidate_1,candidate_2,candidate_3,3,0.0033333333333333335
1689,candidate_1,candidate_2,candidate_3,3,0.0033333333333333335
1690,candidate_1,candidate_2,candidate_3,3,0.0033333333333333335
1691,candidate_1,candidate_2,candidate_3,3,0.0033333333333333335
1692,candidate_1,candidate_2,candidate_3,3,0.0033333333333333335
1693,candidate_1,candidate_2,candidate_3,3,0.0033333333333333335
1694,candidate_1,candidate_2,candidate_3,3,0.0033333333333333335
1695,candidate_1,candidate_2,candidate_3,3,0.0033333333333333335
1696,candidate_1,candidate_2,candidate_3,3,0.0033333333333333335
1697,candidate_1,candidate_2,candidate_3,3,0.0033333333333333335
1698,candidate_1,candidate_2,candidate_3,3,0.0033333333333333335
1699,candidate_1,candidate_2,candidate_3,3,0.0033333333333333335
1700,candidate_1,candidate_2,candidate_3,3,0.0033333333333333335
1701,candidate_1,candidate_2,candidate_3,3,0.0033333333333333335
1702,candidate_1,candidate_2,candidate_3,3,0.0033333333333333335
1703,candidate_1,candidate_2,candidate_3,3,0.0033333333333333335
1704,candidate_1,candidate_2,candidate_3,3,0.0033333333333333335
1705,candidate_1,candidate_2,candidate_3,3,0.0033333333333333335
1706,candidate_1,candidate_2,candidate_3,3,0.0033333333333333335
1707,candidate_1,candidate_2,candidate_3,3,0.0033333333333333335
1708,candidate_1,candidate_2,candidate_3,3,0.0033333333333333335
1709,candidate_1,candidate_2,candidate_3,3,0.0033333333333333335
1710,candidate_1,candidate_2,candidate_3,3,0.0033333333333333335
1711,candidate_1,candidate_2,candidate_3,3,0.0033333333333333335
1712,candidate_1,candidate_2,candidate_3,3,0.0033333333333333335
1713,candidate_1,candidate_2,candidate_3,3,0.0033333333333333335
1714,candidate_1,candidate_2,candidate_3,3,0.0033333333333333335
1715,candidate_1,candidate_2,candidate_3,3,0.0033333333333333335
1716,candidate_1,candidate_2,candidate_3,3,0.0033333333333333335
1717,candidate_1,candidate_2,candidate_3,3,0.0033333333333333335
1718,candidate_1,candidate_2,candidate_3,3,0.0033333333333333335
1719,candidate_1,candidate_2,candidate_3,3,0.0033333333333333335
1720,candidate_1,candidate_2,candidate_3,3,0.0033333333333333335
1721,candidate_1,candidate_2,candidate_3,3,0.0033333333333333335
1722,candidate_1,candidate_2,candidate_3,3,0.0033333333333333335
1723,candidate_1,candidate_2,candidate_3,3,0.0033333333333333335
1724,candidate_1,candidate_2,candidate_3,3,0.0033333333333333335
1725,candidate_1,candidate_2,candidate_3,3,0.0033333333333333335
1726,candidate_1,candidate_2,candidate_3,3,0.0033333333333333335
1727,candidate_1,candidate_2,candidate_3,3,0.0033333333333333335
1728,candidate_1,candidate_2,candidate_3,3,0.0033333333333333335
1729,candidate_1,candidate_2,candidate_3,3,0.0033333333333333335
1730,candidate_1,candidate_2,candidate_3,3,0.0033333333333333335
1731,candidate_1,candidate_2,candidate_3,3,0.0033333333333333335
1732,candidate_1,candidate_2,candidate_3,3,0.0033333333333333335
1733,candidate_1,candidate_2,candidate_3,3,0.0033333333333333335
1734,candidate_1,candidate_2,candidate_3,3,0.0033333333333333335
1735,candidate_1,candidate_2,candidate_3,3,0.0033333333333333335
1736,candidate_1,candidate_2,candidate_3,3,0.0033333333333333335
1737,candidate_1,candidate_2,candidate_3,3,0.0033333333333333335
1738,candidate_1,candidate_2,candidate_3,3,0.0033333333333333335
1739,candidate_1,candidate_2,candidate_3,3,0.0033333333333333335
1740,candidate_1,candidate_2,candidate_3,3,0.0033333333333333335
1741,candidate_1,candidate_2,candidate_3,3,0.0033333333333333335
1742,candidate_1,candidate_2,candidate_3,3,0.0033333333333333335
1743,candidate_1,candidate_2,candidate_3,3,0.0033333333333333335
1744,candidate_1,candidate_2,candidate_3,3,0.0033333333333333335
1745,candidate_1,candidate_2,candidate_3,3,0.0033333333333333335
1746,candidate_1,candidate_2,candidate_3,3,0.0033333333333333335
1747,candidate_1,candidate_2,candidate_3,3,0.0033333333333333335
1748,candidate_1,candidate_2,candidate_3,3,0.0033333333333333335
1749,candidate_1,candidate_2,candidate_3,3,0.0033333333333333335
1750,candidate_1,candidate_2,candidate_3,3,0.0033333333333333335
1751,candidate_1,candidate_2,candidate_3,3,0.0033333333333333335
1752,candidate_1,candidate_2,candidate_3,3,0.0033333333333333335
1753,candidate_1,candidate_2,candidate_3,3,0.0033333333333333335
1754,candidate_1,candidate_2,candidate_3,3,0.0033333333333333335
1755,candidate_1,candidate_2,candidate_3,3,0.0033333333333333335
1756,candidate_1,candidate_2,candidate_3,3,0.0033333333333333335
1757,candidate_1,candidate_2,candidate_3,3,0.0033333333333333335
1758,candidate_1,candidate_2,candidate_3,3,0.0033333333333333335
1759,candidate_1,candidate_2,candidate_3,3,0.0033333333333333335
1760,candidate_1,candidate_2,candidate_3,3,0.0033333333333333335
1761,candidate_1,candidate_2,candidate_3,3,0.0033333333333333335
1762,candidate_1,candidate_2,candidate_3,3,0.0033333333333333335
1763,candidate_1,candidate_2,candidate_3,3,0.0033333333333333335
1764,candidate_1,candidate_2,candidate_3,3,0.0033333333333333335
1765,candidate_1,candidate_2,candidate_3,3,0.0033333333333333335
1766,candidate_1,candidate_2,candidate_3,3,0.0033333333333333335
1767,candidate_1,candidate_2,candidate_3,3,0.0033333333333333335
1768,candidate_1,candidate_2,candidate_3,3,0.0033333333333333335
1769,candidate_1,candidate_2,candidate_3,3,0.0033333333333333335
1770,candidate_1,candidate_2,candidate_3,3,0.0033333333333333335
1771,candidate_1,candidate_2,candidate_3,3,0.0033333333333333335
1772,candidate_1,candidate_2,candidate_3,3,0.0033333333333333335
1773,candidate_1,candidate_2,candidate_3,3,0.0033333333333333335
1774,candidate_1,candidate_2,candidate_3,3,0.0033333333333333335
1775,candidate_1,candidate_2,candidate_3,3,0.0033333333333333335
0,candidate_1,candidate_3,candidate_2,3,0.0033333333333333335
1,candidate_1,candidate_3,candidate_2,3,0.0033333333333333335
2,candidate_1,candidate_3,candidate_2,3,0.0033333333333333335
3,candidate_1,candidate_3,candidate_2,3,0.0033333333333333335
4,candidate_1,candidate_3,candidate_2,3,0.0033333333333333335
5,candidate_1,candidate_3,candidate_2,3,0.0033333333333333335
6,candidate_1,candidate_3,candidate_2,3,0.0033333333333333335
7,candidate_1,candidate_3,candidate_2,3,0.0033333333333333335
8,candidate_1,candidate_3,candidate_2,3,0.0033333333333333335
9,candidate_1,candidate_3,candidate_2,3,0.0033333333333333335
10,candidate_1,candidate_3,candidate_2,3,0.0033333333333333335
11,candidate_1,candidate_3,candidate_2,3,0.0033333333333333335
12,candidate_1,candidate_3,candidate_2,3,0.0033333333333333335
13,candidate_1,candidate_3,candidate_2,3,0.0033333333333333335
14,candidate_1,candidate_3,candidate_2,3,0.0033333333333333335
15,candidate_1,candidate_3,candidate_2,3,0.0033333333333333335
16,candidate_1,candidate_3,candidate_2,3,0.0033333333333333335
17,candidate_1,candidate_3,candidate_2,3,0.0033333333333333335
18,candidate_1,candidate_3,candidate_2,3,0.0033333333333333335
19,candidate_1,candidate_3,candidate_2,3,0.0033333333333333335
20,candidate_1,candidate_3,candidate_2,3,0.0033333333333333335
21,candidate_1,candidate_3,candidate_2,3,0.0033333333333333335
22,candidate_1,candidate_3,candidate_2,3,0.0033333333333333335
23,candidate_1,candidate_3,candidate_2,3,0.0033333333333333335
24,candidate_1,candidate_3,candidate_2,3,0.0033333333333333335
25,candidate_1,candidate_3,candidate_2,3,0.0033333333333333335
26,candidate_1,candidate_3,candidate_2,3,0.0033333333333333335
27,candidate_1,candidate_3,candidate_2,3,0.0033333333333333335
28,candidate_1,candidate_3,candidate_2,3,0.0033333333333333335
29,candidate_1,candidate_3,candidate_2,3,0.0033333333333333335
30,candidate_1,candidate_3,candidate_2,3,0.0033333333333333335
31,candidate_1,candidate_3,candidate_2,3,0.0033333333333333335
32,candidate_1,candidate_3,candidate_2,3,0.0033333333333333335
33,candidate_1,candidate_3,candidate_2,3,0.0033333333333333335
34,candidate_1,candidate_3,candidate_2,3,0.0033333333333333335
35,candidate_1,candidate_3,candidate_2,3,0.0033333333333333335
36,candidate_1,candidate_3,candidate_2,3,0.0033333333333333335
37,candidate_1,candidate_3,candidate_2,3,0.0033333333333333335
38,candidate_1,candidate_3,candidate_2,3,0.0033333333333333335
39,candidate_1,candidate_3,candidate_2,3,0.0033333333333333335
40,candidate_1,candidate_3,candidate_2,3,0.0033333333333333335
41,candidate_1,candidate_3,candidate_2,3,0.0033333333333333335
42,candidate_1,candidate_3,candidate_2,3,0.0033333333333333335
43,candidate_1,candidate_3,candidate_2,3,0.0033333333333333335
44,candidate_1,candidate_3,candidate_2,3,0.0033333333333333335
45,candidate_1,candidate_3,candidate_2,3,0.0033333333333333335
46,candidate_1,candidate_3,candidate_2,3,0.0033333333333333335
47,candidate_1,0,candidate_2,3,0.0033333333333333335
48,candidate_1,candidate_3,candidate_2,3,0.0033333333333333335
49,candidate_1,candidate_3,candidate_2,3,0.0033333333333333335
50,candidate_1,candidate_3,candidate_2,3,0.0033333333333333335
51,candidate_1,candidate_3,candidate_2,3,0.0033333333333333335
52,candidate_1,candidate_3,candidate_2,3,0.0033333333333333335
53,candidate_1,candidate_3,candidate_2,3,0.0033333333333333335
54,candidate_1,candidate_3,candidate_2,3,0.0033333333333333335
55,candidate_1,candidate_3,candidate_2,3,0.0033333333333333335
56,candidate_1,candidate_3,candidate_2,3,0.0033333333333333335
57,candidate_1,candidate_3,candidate_2,3,0.0033333333333333335
58,candidate_1,candidate_3,candidate_2,3,0.0033333333333333335
59,candidate_1,candidate_3,candidate_2,3,0.0033333333333333335
60,candidate_1,candidate_3,candidate_2,3,0.0033333333333333335
61,candidate_1,candidate_3,candidate_2,3,0.0033333333333333335
62,candidate_1,candidate_3,candidate_2,3,0.0033333333333333335
63,candidate_1,candidate_3,candidate_2,3,0.0033333333333333335
64,candidate_1,candidate_3,candidate_2,3,0.0033333333333333335
65,candidate_1,candidate_3,candidate_2,3,0.0033333333333333335
66,candidate_1,candidate_3,candidate_2,3,0.0033333333333333335
67,candidate_1,candidate_3,candidate_2,3,0.0033333333333333335
68,candidate_1,candidate_3,candidate_2,3,0.0033333333333333335
69,candidate_1,candidate_3,candidate_2,3,0.0033333333333333335
70,candidate_1,candidate_3,candidate_2,3,0.0033333333333333335
71,candidate_1,candidate_3,candidate_2,3,0.0033333333333333335
72,candidate_1,candidate_3,candidate_2,3,0.0033333333333333335
73,candidate_1,candidate_3,candidate_2,3,0.0033333333333333335
74,candidate_1,candidate_3,candidate_2,3,0.0033333333333333335
75,candidate_1,candidate_3,candidate_2,3,0.0033333333333333335
76,candidate_1,candidate_3,candidate_2,3,0.0033333333333333335
77,candidate_1,candidate_3,candidate_2,3,0.0033333333333333335
78,candidate_1,candidate_3,candidate_2,3,0.0033333333333333335
79,candidate_1,candidate_3,candidate_2,3,0.0033333333333333335
80,candidate_1,candidate_3,candidate_2,3,0.0033333333333333335
81,candidate_1,candidate_3,candidate_2,3,0.0033333333333333335
82,candidate_1,candidate_3,candidate_2,3,0.0033333333333333335
83,candidate_1,candidate_3,candidate_2,3,0.0033333333333333335
84,candidate_1,candidate_3,candidate_2,3,0.0033333333333333335
85,candidate_1,candidate_3,candidate_2,3,0.0033333333333333335
86,candidate_1,candidate_3,candidate_2,3,0.0033333333333333335
87,candidate_1,candidate_3,candidate_2,3,0.0033333333333333335
88,candidate_1,candidate_3,candidate_2,3,0.0033333333333333335
89,candidate_1,candidate_3,candidate_2,3,0.0033333333333333335
90,candidate_1,candidate_3,candidate_2,3,0.0033333333333333335
91,candidate_1,candidate_3,candidate_2,3,0.0033333333333333335
92,candidate_1,candidate_3,candidate_2,3,0.0033333333333333335
93,candidate_1,candidate_3,candidate_2,3,0.0033333333333333335
94,candidate_1,candidate_3,candidate_2,3,0.0033333333333333335
95,candidate_1,candidate_3,candidate_2,3,0.0033333333333333335
96,candidate_1,candidate_3,candidate_2,3,0.0033333333333333335
97,candidate_1,candidate_3,candidate_2,3,0.0033333333333333335
98,candidate_1,candidate_3,candidate_2,3,0.0033333333333333335
99,candidate_1,candidate_3,candidate_2,3,0.0033333333333333335
100,candidate_1,candidate_3,candidate_2,3,0.0033333333333333335
101,candidate_1,candidate_3,candidate_2,3,0.0033333333333333335
102,candidate_1,candidate_3,candidate_2,3,0.0033333333333333335
103,candidate_1,candidate_3,candidate_2,3,0.0033333333333333335
104,candidate_1,candidate_3,candidate_2,3,0.0033333333333333335
105,candidate_1,candidate_3,candidate_2,3,0.0033333333333333335
106,candidate_1,candidate_3,candidate_2,3,0.0033333333333333335
107,candidate_1,candidate_3,candidate_2,3,0.0033333333333333335
108,candidate_1,candidate_3,candidate_2,3,0.0033333333333333335
109,candidate_1,candidate_3,candidate_2,3,0.0033333333333333335
110,candidate_1,candidate_3,candidate_2,3,0.0033333333333333335
111,candidate_1,candidate_3,candidate_2,3,0.0033333333333333335
112,candidate_1,candidate_3,candidate_2,3,0.0033333333333333335
113,candidate_1,candidate_3,candidate_2,3,0.0033333333333333335
114,candidate_1,candidate_3,candidate_2,3,0.0033333333333333335
115,candidate_1,candidate_3,candidate_2,3,0.0033333333333333335
116,candidate_1,candidate_3,candidate_2,3,0.0033333333333333335
117,candidate_1,candidate_3,candidate_2,3,0.0033333333333333335
118,candidate_1,candidate_3,candidate_2,3,0.0033333333333333335
119,candidate_1,candidate_3,candidate_2,3,0.0033333333333333335
120,candidate_1,candidate_3,candidate_2,3,0.0033333333333333335
121,candidate_1,candidate_3,candidate_2,3,0.0033333333333333335
122,candidate_1,candidate_3,candidate_2,3,0.0033333333333333335
123,candidate_1,candidate_3,candidate_2,3,0.0033333333333333335
124,candidate_1,candidate_3,candidate_2,3,0.0033333333333333335
125,candidate_1,candidate_3,candidate_2,3,0.0033333333333333335
126,candidate_1,candidate_3,candidate_2,3,0.0033333333333333335
127,candidate_1,candidate_3,candidate_2,3,0.0033333333333333335
128,candidate_1,candidate_3,candidate_2,3,0.0033333333333333335
129,candidate_1,candidate_3,candidate_2,3,0.0033333333333333335
130,candidate_1,candidate_3,candidate_2,3,0.0033333333333333335
131,candidate_1,candidate_3,candidate_2,3,0.0033333333333333335
132,candidate_1,candidate_3,candidate_2,3,0.0033333333333333335
133,candidate_1,candidate_3,candidate_2,3,0.0033333333333333335
134,candidate_1,candidate_3,candidate_2,3,0.0033333333333333335
135,candidate_1,candidate_3,candidate_2,3,0.0033333333333333335
136,candidate_1,candidate_3,candidate_2,3,0.0033333333333333335
137,candidate_1,candidate_3,candidate_2,3,0.0033333333333333335
138,candidate_1,candidate_3,candidate_2,3,0.0033333333333333335
139,candidate_1,candidate_3,candidate_2,3,0.0033333333333333335
140,candidate_1,candidate_3,candidate_2,3,0.0033333333333333335
141,candidate_1,candidate_3,candidate_2,3,0.0033333333333333335
142,candidate_1,candidate_3,candidate_2,3,0.0033333333333333335
143,candidate_1,candidate_3,candidate_2,3,0.0033333333333333335
144,candidate_1,candidate_3,candidate_2,3,0.0033333333333333335
145,candidate_1,candidate_3,candidate_2,3,0.0033333333333333335
146,candidate_1,candidate_3,candidate_2,3,0.0033333333333333335
147,candidate_1,candidate_3,candidate_2,3,0.0033333333333333335
148,candidate_1,candidate_3,candidate_2,3,0.0033333333333333335
149,candidate_1,candidate_3,candidate_2,3,0.0033333333333333335
150,candidate_1,candidate_3,candidate_2,3,0.0033333333333333335
151,candidate_1,candidate_3,candidate_2,3,0.0033333333333333335
152,candidate_1,candidate_3,candidate_2,3,0.0033333333333333335
153,candidate_1,candidate_3,candidate_2,3,0.0033333333333333335
154,candidate_1,candidate_3,candidate_2,3,0.0033333333333333335
155,candidate_1,candidate_3,candidate_2,3,0.0033333333333333335
156,candidate_1,candidate_3,candidate_2,3,0.0033333333333333335
157,candidate_1,candidate_3,candidate_2,3,0.0033333333333333335
158,candidate_1,candidate_3,candidate_2,3,0.0033333333333333335
159,candidate_1,candidate_3,candidate_2,3,0.0033333333333333335
160,candidate_1,candidate_3,candidate_2,3,0.0033333333333333335
161,candidate_1,candidate_3,candidate_2,3,0.0033333333333333335
162,candidate_1,candidate_3,candidate_2,3,0.0033333333333333335
163,candidate_1,candidate_3,candidate_2,3,0.0033333333333333335
164,candidate_1,candidate_3,candidate_2,3,0.0033333333333333335
165,candidate_1,candidate_3,candidate_2,3,0.0033333333333333335
166,candidate_1,candidate_3,candidate_2,3,0.0033333333333333335
167,candidate_1,candidate_3,candidate_2,3,0.0033333333333333335
168,candidate_1,candidate_3,candidate_2,3,0.0033333333333333335
169,candidate_1,candidate_3,candidate_2,3,0.0033333333333333335
170,candidate_1,candidate_3,candidate_2,3,0.0033333333333333335
171,candidate_1,candidate_3,candidate_2,3,0.0033333333333333335
172,candidate_1,candidate_3,candidate_2,3,0.0033333333333333335
173,candidate_1,candidate_3,candidate_2,3,0.0033333333333333335
174,candidate_1,candidate_3,candidate_2,3,0.0033333333333333335
175,candidate_1,candidate_3,candidate_2,3,0.0033333333333333335
176,candidate_1,candidate_3,candidate_2,3,0.0033333333333333335
177,candidate_1,candidate_3,candidate_2,3,0.0033333333333333335
178,candidate_1,candidate_3,candidate_2,3,0.0033333333333333335
179,candidate_1,candidate_3,candidate_2,3,0.0033333333333333335
180,candidate_1,candidate_3,candidate_2,3,0.0033333333333333335
181,candidate_1,candidate_3,candidate_2,3,0.0033333333333333335
182,candidate_1,candidate_3,candidate_2,3,0.0033333333333333335
183,candidate_1,candidate_3,candidate_2,3,0.0033333333333333335
184,candidate_1,candidate_3,candidate_2,3,0.0033333333333333335
185,candidate_1,candidate_3,candidate_2,3,0.0033333333333333335
186,candidate_1,candidate_3,candidate_2,3,0.0033333333333333335
187,candidate_1,candidate_3,candidate_2,3,0.0033333333333333335
188,candidate_1,candidate_3,candidate_2,3,0.0033333333333333335
189,candidate_1,candidate_3,candidate_2,3,0.0033333333333333335
190,candidate_1,candidate_3,candidate_2,3,0.0033333333333333335
191,candidate_1,candidate_3,candidate_2,3,0.0033333333333333335
192,candidate_1,candidate_3,candidate_2,3,0.0033333333333333335
193,candidate_1,candidate_3,candidate_2,3,0.0033333333333333335
194,candidate_1,candidate_3,candidate_2,3,0.0033333333333333335
195,candidate_1,candidate_3,candidate_2,3,0.0033333333333333335
196,candidate_1,candidate_3,candidate_2,3,0.0033333333333333335
197,candidate_1,candidate_3,candidate_2,3,0.0033333333333333335
198,candidate_1,candidate_3,candidate_2,3,0.0033333333333333335
199,candidate_1,candidate_3,candidate_2,3,0.0033333333333333335
200,candidate_1,candidate_3,candidate_2,3,0.0033333333333333335
201,candidate_1,candidate_3,candidate_2,3,0.0033333333333333335
202,candidate_1,candidate_3,candidate_2,3,0.0033333333333333335
203,candidate_1,candidate_3,candidate_2,3,0.0033333333333333335
204,candidate_1,candidate_3,candidate_2,3,0.0033333333333333335
205,candidate_1,candidate_3,candidate_2,3,0.0033333333333333335
206,candidate_1,candidate_3,candidate_2,3,0.0033333333333333335
207,candidate_1,candidate_3,candidate_2,3,0.0033333333333333335
208,candidate_1,candidate_3,candidate_2,3,0.0033333333333333335
209,candidate_1,candidate_3,candidate_2,3,0.0033333333333333335
210,candidate_1,candidate_3,candidate_2,3,0.0033333333333333335
211,candidate_1,candidate_3,candidate_2,3,0.0033333333333333335
212,candidate_1,candidate_3,candidate_2,3,0.0033333333333333335
213,candidate_1,candidate_3,candidate_2,3,0.0033333333333333335
214,candidate_1,candidate_3,candidate_2,3,0.0033333333333333335
215,candidate_1,candidate_3,candidate_2,3,0.0033333333333333335
216,candidate_1,candidate_3,candidate_2,3,0.0033333333333333335
217,candidate_1,candidate_3,candidate_2,3,0.0033333333333333335
218,candidate_1,candidate_3,candidate_2,3,0.0033333333333333335
219,candidate_1,candidate_3,candidate_2,3,0.0033333333333333335
220,candidate_1,candidate_3,candidate_2,3,0.0033333333333333335
221,candidate_1,candidate_3,candidate_2,3,0.0033333333333333335
222,candidate_1,candidate_3,candidate_2,3,0.0033333333333333335
223,candidate_1,candidate_3,candidate_2,3,0.0033333333333333335
224,candidate_1,candidate_3,candidate_2,3,0.0033333333333333335
225,candidate_1,candidate_3,candidate_2,3,0.0033333333333333335
226,candidate_1,candidate_3,candidate_2,3,0.0033333333333333335
227,candidate_1,candidate_3,candidate_2,3,0.0033333333333333335
228,candidate_1,candidate_3,candidate_2,3,0.0033333333333333335
229,candidate_1,candidate_3,candidate_2,3,0.0033333333333333335
230,candidate_1,candidate_3,candidate_2,3,0.0033333333333333335
231,candidate_1,candidate_3,candidate_2,3,0.0033333333333333335
232,candidate_1,candidate_3,candidate_2,3,0.0033333333333333335
233,candidate_1,candidate_3,candidate_2,3,0.0033333333333333335
234,candidate_1,candidate_3,candidate_2,3,0.0033333333333333335
235,candidate_1,candidate_3,candidate_2,3,0.0033333333333333335
236,candidate_1,candidate_3,candidate_2,3,0.0033333333333333335
237,candidate_1,candidate_3,candidate_2,3,0.0033333333333333335
238,candidate_1,candidate_3,candidate_2,3,0.0033333333333333335
239,candidate_1,candidate_3,candidate_2,3,0.0033333333333333335
240,candidate_1,candidate_3,candidate_2,3,0.0033333333333333335
241,0,candidate_3,candidate_2,3,0.0033333333333333335
242,candidate_1,candidate_3,candidate_2,3,0.0033333333333333335
243,candidate_1,candidate_3,candidate_2,3,0.0033333333333333335
244,candidate_1,candidate_3,candidate_2,3,0.0033333333333333335
245,candidate_1,candidate_3,candidate_2,3,0.0033333333333333335
246,candidate_1,candidate_3,candidate_2,3,0.0033333333333333335
247,candidate_1,candidate_3,candidate_2,3,0.0033333333333333335
248,candidate_1,candidate_3,candidate_2,3,0.0033333333333333335
249,candidate_1,candidate_3,candidate_2,3,0.0033333333333333335
250,candidate_1,candidate_3,candidate_2,3,0.0033333333333333335
251,candidate_1,candidate_3,candidate_2,3,0.0033333333333333335
252,candidate_1,candidate_3,candidate_2,3,0.0033333333333333335
253,candidate_1,candidate_3,candidate_2,3,0.0033333333333333335
254,candidate_1,candidate_3,candidate_2,3,0.0033333333333333335
255,candidate_1,candidate_3,candidate_2,3,0.0033333333333333335
256,candidate_1,candidate_3,candidate_2,3,0.0033333333333333335
257,candidate_1,candidate_3,candidate_2,3,0.0033333333333333335
258,candidate_1,candidate_3,candidate_2,3,0.0033333333333333335
259,candidate_1,candidate_3,candidate_2,3,0.0033333333333333335
260,candidate_1,candidate_3,candidate_2,3,0.0033333333333333335
261,candidate_1,candidate_3,candidate_2,3,0.0033333333333333335
262,candidate_1,candidate_3,candidate_2,3,0.0033333333333333335
263,candidate_1,candidate_3,candidate_2,3,0.0033333333333333335
264,candidate_1,candidate_3,candidate_2,3,0.0033333333333333335
265,candidate_1,candidate_3,candidate_2,3,0.0033333333333333335
266,candidate_1,candidate_3,candidate_2,3,0.0033333333333333335
267,candidate_1,candidate_3,candidate_2,3,0.0033333333333333335
268,candidate_1,candidate_3,candidate_2,3,0.0033333333333333335
269,candidate_1,candidate_3,candidate_2,3,0.0033333333333333335
270,candidate_1,candidate_3,candidate_2,3,0.0033333333333333335
271,candidate_1,candidate_3,candidate_2,3,0.0033333333333333335
272,candidate_1,candidate_3,candidate_2,3,0.0033333333333333335
273,candidate_1,candidate_3,candidate_2,3,0.0033333333333333335
274,candidate_1,candidate_3,candidate_2,3,0.0033333333333333335
275,candidate_1,candidate_3,candidate_2,3,0.0033333333333333335
276,candidate_1,candidate_3,candidate_2,3,0.0033333333333333335
277,candidate_1,candidate_3,candidate_2,3,0.0033333333333333335
278,candidate_1,candidate_3,candidate_2,3,0.0033333333333333335
279,candidate_1,candidate_3,candidate_2,3,0.0033333333333333335
280,candidate_1,candidate_3,candidate_2,3,0.0033333333333333335
281,candidate_1,candidate_3,candidate_2,3,0.0033333333333333335
282,candidate_1,candidate_3,candidate_2,3,0.0033333333333333335
283,candidate_1,candidate_3,candidate_2,3,0.0033333333333333335
284,candidate_1,candidate_3,candidate_2,3,0.0033333333333333335
285,candidate_1,candidate_3,candidate_2,3,0.0033333333333333335
286,candidate_1,candidate_3,candidate_2,3,0.0033333333333333335
287,candidate_1,candidate_3,candidate_2,3,0.0033333333333333335
288,candidate_1,candidate_3,candidate_2,3,0.0033333333333333335
289,candidate_1,candidate_3,candidate_2,3,0.0033333333333333335
290,candidate_1,candidate_3,candidate_2,3,0.0033333333333333335
291,candidate_1,candidate_3,candidate_2,3,0.0033333333333333335
292,candidate_1,candidate_3,candidate_2,3,0.0033333333333333335
293,candidate_1,candidate_3,candidate_2,3,0.0033333333333333335
294,candidate_1,candidate_3,candidate_2,3,0.0033333333333333335
295,candidate_1,candidate_3,candidate_2,3,0.0033333333333333335
296,candidate_1,candidate_3,candidate_2,3,0.0033333333333333335
297,candidate_1,candidate_3,candidate_2,3,0.0033333333333333335
298,candidate_1,candidate_3,candidate_2,3,0.0033333333333333335
299,candidate_1,candidate_3,candidate_2,3,0.0033333333333333335
300,candidate_1,candidate_3,candidate_2,3,0.0033333333333333335
301,candidate_1,candidate_3,candidate_2,3,0.0033333333333333335
302,candidate_1,candidate_3,candidate_2,3,0.0033333333333333335
303,candidate_1,candidate_3,candidate_2,3,0.0033333333333333335
304,candidate_1,candidate_3,candidate_2,3,0.0033333333333333335
305,candidate_1,candidate_3,candidate_2,3,0.0033333333333333335
306,candidate_1,candidate_3,candidate_2,3,0.0033333333333333335
307,candidate_1,candidate_3,candidate_2,3,0.0033333333333333335
308,candidate_1,candidate_3,candidate_2,3,0.0033333333333333335
309,candidate_1,candidate_3,candidate_2,3,0.0033333333333333335
310,candidate_1,candidate_3,candidate_2,3,0.0033333333333333335
311,candidate_1,candidate_3,candidate_2,3,0.0033333333333333335
312,candidate_1,candidate_3,candidate_2,3,0.0033333333333333335
313,candidate_1,candidate_3,candidate_2,3,0.0033333333333333335
314,candidate_1,candidate_3,candidate_2,3,0.0033333333333333335
315,candidate_1,candidate_3,candidate_2,3,0.0033333333333333335
316,candidate_1,candidate_3,candidate_2,3,0.0033333333333333335
317,candidate_1,candidate_3,candidate_2,3,0.0033333333333333335
318,candidate_1,candidate_3,candidate_2,3,0.0033333333333333335
319,candidate_1,candidate_3,candidate_2,3,0.0033333333333333335
320,candidate_1,candidate_3,candidate_2,3,0.0033333333333333335
321,candidate_1,candidate_3,candidate_2,3,0.0033333333333333335
322,candidate_1,candidate_3,candidate_2,3,0.0033333333333333335
323,candidate_1,candidate_3,candidate_2,3,0.0033333333333333335
324,candidate_1,candidate_3,candidate_2,3,0.0033333333333333335
325,candidate_1,candidate_3,candidate_2,3,0.0033333333333333335
326,candidate_1,candidate_3,candidate_2,3,0.0033333333333333335
327,candidate_1,candidate_3,candidate_2,3,0.0033333333333333335
328,candidate_1,candidate_3,candidate_2,3,0.0033333333333333335
329,candidate_1,candidate_3,candidate_2,3,0.0033333333333333335
330,candidate_1,candidate_3,candidate_2,3,0.0033333333333333335
331,candidate_1,candidate_3,candidate_2,3,0.0033333333333333335
332,candidate_1,candidate_3,candidate_2,3,0.0033333333333333335
333,candidate_1,candidate_3,candidate_2,3,0.0033333333333333335
334,candidate_1,candidate_3,candidate_2,3,0.0033333333333333335
335,candidate_1,candidate_3,candidate_2,3,0.0033333333333333335
336,candidate_1,candidate_3,candidate_2,3,0.0033333333333333335
337,candidate_1,candidate_3,candidate_2,3,0.0033333333333333335
338,candidate_1,candidate_3,candidate_2,3,0.0033333333333333335
339,candidate_1,candidate_3,candidate_2,3,0.0033333333333333335
340,candidate_1,candidate_3,candidate_2,3,0.0033333333333333335
341,candidate_1,candidate_3,candidate_2,3,0.0033333333333333335
342,candidate_1,candidate_3,candidate_2,3,0.0033333333333333335
343,candidate_1,candidate_3,candidate_2,3,0.0033333333333333335
344,candidate_1,candidate_3,candidate_2,3,0.0033333333333333335
345,candidate_1,candidate_3,candidate_2,3,0.0033333333333333335
346,candidate_1,candidate_3,candidate_2,3,0.0033333333333333335
347,candidate_1,candidate_3,candidate_2,3,0.0033333333333333335
348,candidate_1,candidate_3,candidate_2,3,0.0033333333333333335
349,candidate_1,candidate_3,candidate_2,3,0.0033333333333333335
350,candidate_1,candidate_3,candidate_2,3,0.0033333333333333335
351,candidate_1,candidate_3,candidate_2,3,0.0033333333333333335
352,candidate_1,candidate_3,candidate_2,3,0.0033333333333333335
353,candidate_1,candidate_3,candidate_2,3,0.0033333333333333335
354,candidate_1,candidate_3,candidate_2,3,0.0033333333333333335
355,candidate_1,candidate_3,candidate_2,3,0.0033333333333333335
356,candidate_1,candidate_3,candidate_2,3,0.0033333333333333335
357,candidate_1,candidate_3,candidate_2,3,0.0033333333333333335
358,candidate_1,candidate_3,candidate_2,3,0.0033333333333333335
359,candidate_1,candidate_3,candidate_2,3,0.0033333333333333335
360,candidate_1,candidate_3,candidate_2,3,0.0033333333333333335
361,candidate_1,candidate_3,candidate_2,3,0.0033333333333333335
362,candidate_1,candidate_3,candidate_2,3,0.0033333333333333335
363,candidate_1,candidate_3,candidate_2,3,0.0033333333333333335
364,candidate_1,candidate_3,candidate_2,3,0.0033333333333333335
365,candidate_1,candidate_3,candidate_2,3,0.0033333333333333335
366,candidate_1,candidate_3,candidate_2,3,0.0033333333333333335
367,candidate_1,candidate_3,candidate_2,3,0.0033333333333333335
368,candidate_1,candidate_3,candidate_2,3,0.0033333333333333335
369,candidate_1,candidate_3,candidate_2,3,0.0033333333333333335
370,candidate_1,candidate_3,candidate_2,3,0.0033333333333333335
371,candidate_1,candidate_3,candidate_2,3,0.0033333333333333335
372,candidate_1,candidate_3,candidate_2,3,0.0033333333333333335
373,candidate_1,candidate_3,candidate_2,3,0.0033333333333333335
374,candidate_1,candidate_3,candidate_2,3,0.0033333333333333335
375,candidate_1,candidate_3,candidate_2,3,0.0033333333333333335
376,candidate_1,candidate_3,candidate_2,3,0.0033333333333333335
377,candidate_1,candidate_3,candidate_2,3,0.0033333333333333335
378,candidate_1,candidate_3,candidate_2,3,0.0033333333333333335
379,candidate_1,candidate_3,candidate_2,3,0.0033333333333333335
380,candidate_1,candidate_3,candidate_2,3,0.0033333333333333335
381,candidate_1,candidate_3,candidate_2,3,0.0033333333333333335
382,candidate_1,candidate_3,candidate_2,3,0.0033333333333333335
383,candidate_1,candidate_3,candidate_2,3,0.0033333333333333335
384,candidate_1,candidate_3,candidate_2,3,0.0033333333333333335
385,candidate_1,candidate_3,candidate_2,3,0.0033333333333333335
386,candidate_1,candidate_3,candidate_2,3,0.0033333333333333335
387,candidate_1,candidate_3,candidate_2,3,0.0033333333333333335
388,candidate_1,candidate_3,candidate_2,3,0.0033333333333333335
389,candidate_1,candidate_3,candidate_2,3,0.0033333333333333335
390,candidate_1,candidate_3,candidate_2,3,0.0033333333333333335
391,candidate_1,candidate_3,candidate_2,3,0.0033333333333333335
392,candidate_1,candidate_3,candidate_2,3,0.0033333333333333335
393,candidate_1,candidate_3,candidate_2,3,0.0033333333333333335
394,candidate_1,candidate_3,candidate_2,3,0.0033333333333333335
395,candidate_1,candidate_3,candidate_2,3,0.0033333333333333335
396,candidate_1,candidate_3,candidate_2,3,0.0033333333333333335
397,candidate_1,candidate_3,candidate_2,3,0.0033333333333333335
398,candidate_1,candidate_3,candidate_2,3,0.0033333333333333335
399,candidate_1,candidate_3,candidate_2,3,0.0033333333333333335
400,candidate_1,candidate_3,candidate_2,3,0.0033333333333333335
401,candidate_1,candidate_3,candidate_2,3,0.0033333333333333335
402,candidate_1,candidate_3,candidate_2,3,0.0033333333333333335
403,candidate_1,candidate_3,candidate_2,3,0.0033333333333333335
404,candidate_1,candidate_3,candidate_2,3,0.0033333333333333335
405,candidate_1,candidate_3,candidate_2,3,0.0033333333333333335
406,candidate_1,candidate_3,candidate_2,3,0.0033333333333333335
407,candidate_1,candidate_3,candidate_2,3,0.0033333333333333335
408,candidate_1,candidate_3,candidate_2,3,0.0033333333333333335
409,candidate_1,candidate_3,candidate_2,3,0.0033333333333333335
410,candidate_1,candidate_3,candidate_2,3,0.0033333333333333335
411,candidate_1,candidate_3,candidate_2,3,0.0033333333333333335
412,candidate_1,candidate_3,candidate_2,3,0.0033333333333333335
413,candidate_1,candidate_3,candidate_2,3,0.0033333333333333335
414,candidate_1,candidate_3,candidate_2,3,0.0033333333333333335
415,candidate_1,candidate_3,candidate_2,3,0.0033333333333333335
416,candidate_1,candidate_3,candidate_2,3,0.0033333333333333335
417,candidate_1,candidate_3,candidate_2,3,0.0033333333333333335
418,candidate_1,candidate_3,candidate_2,3,0.0033333333333333335
419,candidate_1,candidate_3,candidate_2,3,0.0033333333333333335
420,candidate_1,candidate_3,candidate_2,3,0.0033333333333333335
421,candidate_1,candidate_3,candidate_2,3,0.0033333333333333335
422,candidate_1,candidate_3,candidate_2,3,0.0033333333333333335
423,candidate_1,candidate_3,candidate_2,3,0.0033333333333333335
424,candidate_1,candidate_3,candidate_2,3,0.0033333333333333335
425,candidate_1,candidate_3,candidate_2,3,0.0033333333333333335
426,candidate_1,candidate_3,candidate_2,3,0.0033333333333333335
427,candidate_1,candidate_3,candidate_2,3,0.0033333333333333335
428,candidate_1,candidate_3,candidate_2,3,0.0033333333333333335
429,candidate_1,candidate_3,candidate_2,3,0.0033333333333333335
430,candidate_1,candidate_3,candidate_2,3,0.0033333333333333335
431,candidate_1,candidate_3,candidate_2,3,0.0033333333333333335
432,candidate_1,candidate_3,candidate_2,3,0.0033333333333333335
433,candidate_1,candidate_3,candidate_2,3,0.0033333333333333335
434,candidate_1,candidate_3,candidate_2,3,0.0033333333333333335
435,candidate_1,candidate_3,candidate_2,3,0.0033333333333333335
436,candidate_1,candidate_3,candidate_2,3,0.0033333333333333335
437,candidate_1,candidate_3,candidate_2,3,0.0033333333333333335
438,candidate_1,candidate_3,candidate_2,3,0.0033333333333333335
439,candidate_1,candidate_3,candidate_2,3,0.0033333333333333335
440,candidate_1,candidate_3,candidate_2,3,0.0033333333333333335
441,candidate_1,candidate_3,candidate_2,3,0.0033333333333333335
442,candidate_1,candidate_3,candidate_2,3,0.0033333333333333335
443,candidate_1,candidate_3,candidate_2,3,0.0033333333333333335
444,candidate_1,candidate_3,candidate_2,3,0.0033333333333333335
445,candidate_1,candidate_3,candidate_2,3,0.0033333333333333335
446,candidate_1,candidate_3,candidate_2,3,0.0033333333333333335
447,candidate_1,candidate_3,candidate_2,3,0.0033333333333333335
448,candidate_1,candidate_3,candidate_2,3,0.0033333333333333335
449,candidate_1,candidate_3,candidate_2,3,0.0033333333333333335
450,candidate_1,candidate_3,candidate_2,3,0.0033333333333333335
451,candidate_1,candidate_3,candidate_2,3,0.0033333333333333335
452,candidate_1,candidate_3,candidate_2,3,0.0033333333333333335
453,candidate_1,candidate_3,candidate_2,3,0.0033333333333333335
454,candidate_1,candidate_3,candidate_2,3,0.0033333333333333335
455,candidate_1,candidate_3,candidate_2,3,0.0033333333333333335
456,candidate_1,candidate_3,candidate_2,3,0.0033333333333333335
457,candidate_1,candidate_3,candidate_2,3,0.0033333333333333335
458,candidate_1,candidate_3,candidate_2,3,0.0033333333333333335
459,candidate_1,candidate_3,candidate_2,3,0.0033333333333333335
460,candidate_1,candidate_3,candidate_2,3,0.0033333333333333335
461,candidate_1,candidate_3,candidate_2,3,0.0033333333333333335
462,candidate_1,candidate_3,candidate_2,3,0.0033333333333333335
463,candidate_1,candidate_3,candidate_2,3,0.0033333333333333335
464,candidate_1,candidate_3,candidate_2,3,0.0033333333333333335
465,candidate_1,candidate_3,candidate_2,3,0.0033333333333333335
466,candidate_1,candidate_3,candidate_2,3,0.0033333333333333335
467,candidate_1,candidate_3,candidate_2,3,0.0033333333333333335
468,candidate_1,candidate_3,candidate_2,3,0.0033333333333333335
469,candidate_1,candidate_3,candidate_2,3,0.0033333333333333335
470,candidate_1,candidate_3,candidate_2,3,0.0033333333333333335
471,candidate_1,candidate_3,candidate_2,3,0.0033333333333333335
472,candidate_1,candidate_3,candidate_2,3,0.0033333333333333335
473,candidate_1,candidate_3,candidate_2,3,0.0033333333333333335
474,candidate_1,candidate_3,candidate_2,3,0.0033333333333333335
475,candidate_1,candidate_3,candidate_2,3,0.0033333333333333335
476,candidate_1,candidate_3,candidate_2,3,0.0033333333333333335
477,candidate_1,candidate_3,candidate_2,3,0.0033333333333333335
478,candidate_1,candidate_3,candidate_2,3,0.0033333333333333335
479,candidate_1,candidate_3,candidate_2,3,0.0033333333333333335
480,candidate_1,candidate_3,candidate_2,3,0.0033333333333333335
481,candidate_1,candidate_3,candidate_2,3,0.0033333333333333335
482,candidate_1,candidate_3,candidate_2,3,0.0033333333333333335
483,0,candidate_3,candidate_2,3,0.0033333333333333335
484,candidate_1,candidate_3,candidate_2,3,0.0033333333333333335
485,candidate_1,candidate_3,candidate_2,3,0.0033333333333333335
486,candidate_1,candidate_3,candidate_2,3,0.0033333333333333335
487,candidate_1,candidate_3,candidate_2,3,0.0033333333333333335
488,candidate_1,candidate_3,candidate_2,3,0.0033333333333333335
489,candidate_1,candidate_3,candidate_2,3,0.0033333333333333335
490,candidate_1,candidate_3,candidate_2,3,0.0033333333333333335
491,candidate_1,candidate_3,candidate_2,3,0.0033333333333333335
492,candidate_1,candidate_3,candidate_2,3,0.0033333333333333335
493,candidate_1,candidate_3,candidate_2,3,0.0033333333333333335
494,candidate_1,candidate_3,candidate_2,3,0.0033333333333333335
495,candidate_1,candidate_3,candidate_2,3,0.0033333333333333335
496,candidate_1,candidate_3,candidate_2,3,0.0033333333333333335
497,candidate_1,candidate_3,candidate_2,3,0.0033333333333333335
498,candidate_1,candidate_3,candidate_2,3,0.0033333333333333335
499,candidate_1,candidate_3,candidate_2,3,0.0033333333333333335
500,candidate_1,candidate_3,candidate_2,3,0.0033333333333333335
501,candidate_1,candidate_3,candidate_2,3,0.0033333333333333335
502,candidate_1,candidate_3,candidate_2,3,0.0033333333333333335
503,candidate_1,candidate_3,candidate_2,3,0.0033333333333333335
504,candidate_1,candidate_3,0,3,0.0033333333333333335
505,candidate_1,candidate_3,candidate_2,3,0.0033333333333333335
506,candidate_1,candidate_3,candidate_2,3,0.0033333333333333335
507,candidate_1,candidate_3,candidate_2,3,0.0033333333333333335
508,candidate_1,candidate_3,candidate_2,3,0.0033333333333333335
509,candidate_1,candidate_3,candidate_2,3,0.0033333333333333335
510,candidate_1,candidate_3,candidate_2,3,0.0033333333333333335
511,candidate_1,candidate_3,candidate_2,3,0.0033333333333333335
512,candidate_1,candidate_3,candidate_2,3,0.0033333333333333335
513,candidate_1,candidate_3,candidate_2,3,0.0033333333333333335
514,candidate_1,candidate_3,candidate_2,3,0.0033333333333333335
515,candidate_1,candidate_3,candidate_2,3,0.0033333333333333335
516,candidate_1,candidate_3,candidate_2,3,0.0033333333333333335
517,candidate_1,candidate_3,candidate_2,3,0.0033333333333333335
518,candidate_1,candidate_3,candidate_2,3,0.0033333333333333335
519,candidate_1,candidate_3,candidate_2,3,0.0033333333333333335
520,candidate_1,candidate_3,candidate_2,3,0.0033333333333333335
521,candidate_1,candidate_3,candidate_2,3,0.0033333333333333335
522,candidate_1,candidate_3,candidate_2,3,0.0033333333333333335
523,candidate_1,candidate_3,candidate_2,3,0.0033333333333333335
524,candidate_1,candidate_3,candidate_2,3,0.0033333333333333335
525,candidate_1,candidate_3,candidate_2,3,0.0033333333333333335
526,candidate_1,candidate_3,candidate_2,3,0.0033333333333333335
527,candidate_1,candidate_3,candidate_2,3,0.0033333333333333335
528,candidate_1,candidate_3,candidate_2,3,0.0033333333333333335
529,candidate_1,candidate_3,candidate_2,3,0.0033333333333333335
530,candidate_1,candidate_3,candidate_2,3,0.0033333333333333335
531,candidate_1,candidate_3,candidate_2,3,0.0033333333333333335
532,candidate_1,candidate_3,candidate_2,3,0.0033333333333333335
533,candidate_1,candidate_3,candidate_2,3,0.0033333333333333335
534,candidate_1,candidate_3,candidate_2,3,0.0033333333333333335
535,candidate_1,candidate_3,candidate_2,3,0.0033333333333333335
536,candidate_1,candidate_3,candidate_2,3,0.0033333333333333335
537,candidate_1,candidate_3,candidate_2,3,0.0033333333333333335
538,candidate_1,candidate_3,candidate_2,3,0.0033333333333333335
539,candidate_1,candidate_3,candidate_2,3,0.0033333333333333335
540,candidate_1,candidate_3,candidate_2,3,0.0033333333333333335
541,candidate_1,candidate_3,candidate_2,3,0.0033333333333333335
542,candidate_1,candidate_3,candidate_2,3,0.0033333333333333335
543,candidate_1,candidate_3,candidate_2,3,0.0033333333333333335
544,candidate_1,candidate_3,candidate_2,3,0.0033333333333333335
545,candidate_1,candidate_3,candidate_2,3,0.0033333333333333335
546,candidate_1,candidate_3,candidate_2,3,0.0033333333333333335
547,candidate_1,candidate_3,candidate_2,3,0.0033333333333333335
548,candidate_1,candidate_3,candidate_2,3,0.0033333333333333335
549,candidate_1,candidate_3,candidate_2,3,0.0033333333333333335
550,candidate_1,candidate_3,candidate_2,3,0.0033333333333333335
551,candidate_1,candidate_3,candidate_2,3,0.0033333333333333335
552,candidate_1,candidate_3,candidate_2,3,0.0033333333333333335
553,candidate_1,candidate_3,candidate_2,3,0.0033333333333333335
554,candidate_1,candidate_3,candidate_2,3,0.0033333333333333335
555,candidate_1,candidate_3,candidate_2,3,0.0033333333333333335
556,candidate_1,candidate_3,candidate_2,3,0.0033333333333333335
557,candidate_1,candidate_3,candidate_2,3,0.0033333333333333335
558,candidate_1,candidate_3,candidate_2,3,0.0033333333333333335
559,candidate_1,candidate_3,candidate_2,3,0.0033333333333333335
560,candidate_1,candidate_3,candidate_2,3,0.0033333333333333335
561,candidate_1,candidate_3,candidate_2,3,0.0033333333333333335
562,candidate_1,candidate_3,candidate_2,3,0.0033333333333333335
563,candidate_1,candidate_3,candidate_2,3,0.0033333333333333335
564,candidate_1,candidate_3,candidate_2,3,0.0033333333333333335
565,candidate_1,candidate_3,candidate_2,3,0.0033333333333333335
566,candidate_1,candidate_3,candidate_2,3,0.0033333333333333335
567,candidate_1,candidate_3,candidate_2,3,0.0033333333333333335
568,candidate_1,candidate_3,candidate_2,3,0.0033333333333333335
569,candidate_1,candidate_3,candidate_2,3,0.0033333333333333335
570,candidate_1,candidate_3,candidate_2,3,0.0033333333333333335
571,candidate_1,candidate_3,candidate_2,3,0.0033333333333333335
572,candidate_1,candidate_3,candidate_2,3,0.0033333333333333335
573,candidate_1,candidate_3,candidate_2,3,0.0033333333333333335
574,candidate_1,candidate_3,candidate_2,3,0.0033333333333333335
575,candidate_1,candidate_3,candidate_2,3,0.0033333333333333335
576,candidate_1,candidate_3,candidate_2,3,0.0033333333333333335
577,candidate_1,candidate_3,candidate_2,3,0.0033333333333333335
578,candidate_1,candidate_3,candidate_2,3,0.0033333333333333335
579,candidate_1,candidate_3,candidate_2,3,0.0033333333333333335
580,candidate_1,candidate_3,candidate_2,3,0.0033333333333333335
581,candidate_1,candidate_3,candidate_2,3,0.0033333333333333335
582,0,candidate_3,candidate_2,3,0.0033333333333333335
583,candidate_1,candidate_3,candidate_2,3,0.0033333333333333335
584,candidate_1,candidate_3,candidate_2,3,0.0033333333333333335
585,candidate_1,candidate_3,candidate_2,3,0.0033333333333333335
586,candidate_1,candidate_3,candidate_2,3,0.0033333333333333335
587,candidate_1,candidate_3,candidate_2,3,0.0033333333333333335
588,candidate_1,candidate_3,candidate_2,3,0.0033333333333333335
589,candidate_1,candidate_3,candidate_2,3,0.0033333333333333335
590,candidate_1,candidate_3,candidate_2,3,0.0033333333333333335
591,candidate_1,candidate_3,candidate_2,3,0.0033333333333333335
592,candidate_1,candidate_3,candidate_2,3,0.0033333333333333335
593,candidate_1,candidate_3,candidate_2,3,0.0033333333333333335
594,candidate_1,candidate_3,candidate_2,3,0.0033333333333333335
595,candidate_1,candidate_3,candidate_2,3,0.0033333333333333335
596,candidate_1,candidate_3,candidate_2,3,0.0033333333333333335
597,candidate_1,candidate_3,candidate_2,3,0.0033333333333333335
598,candidate_1,candidate_3,candidate_2,3,0.0033333333333333335
599,candidate_1,candidate_3,candidate_2,3,0.0033333333333333335
600,candidate_1,candidate_3,candidate_2,3,0.0033333333333333335
601,candidate_1,candidate_3,candidate_2,3,0.0033333333333333335
602,candidate_1,candidate_3,candidate_2,3,0.0033333333333333335
603,candidate_1,candidate_3,candidate_2,3,0.0033333333333333335
604,candidate_1,candidate_3,candidate_2,3,0.0033333333333333335
605,candidate_1,candidate_3,candidate_2,3,0.0033333333333333335
606,candidate_1,candidate_3,candidate_2,3,0.0033333333333333335
607,candidate_1,candidate_3,candidate_2,3,0.0033333333333333335
608,candidate_1,candidate_3,candidate_2,3,0.0033333333333333335
609,candidate_1,candidate_3,candidate_2,3,0.0033333333333333335
610,candidate_1,candidate_3,candidate_2,3,0.0033333333333333335
611,candidate_1,candidate_3,candidate_2,3,0.0033333333333333335
612,candidate_1,candidate_3,candidate_2,3,0.0033333333333333335
613,candidate_1,candidate_3,candidate_2,3,0.0033333333333333335
614,candidate_1,candidate_3,candidate_2,3,0.0033333333333333335
615,candidate_1,candidate_3,candidate_2,3,0.0033333333333333335
616,candidate_1,candidate_3,candidate_2,3,0.0033333333333333335
617,candidate_1,candidate_3,candidate_2,3,0.0033333333333333335
618,candidate_1,candidate_3,0,3,0.0033333333333333335
619,candidate_1,candidate_3,candidate_2,3,0.0033333333333333335
620,candidate_1,candidate_3,candidate_2,3,0.0033333333333333335
621,candidate_1,candidate_3,candidate_2,3,0.0033333333333333335
622,candidate_1,candidate_3,candidate_2,3,0.0033333333333333335
623,candidate_1,candidate_3,candidate_2,3,0.0033333333333333335
624,candidate_1,candidate_3,candidate_2,3,0.0033333333333333335
625,candidate_1,candidate_3,candidate_2,3,0.0033333333333333335
626,candidate_1,candidate_3,candidate_2,3,0.0033333333333333335
627,candidate_1,candidate_3,candidate_2,3,0.0033333333333333335
628,candidate_1,candidate_3,candidate_2,3,0.0033333333333333335
629,candidate_1,candidate_3,candidate_2,3,0.0033333333333333335
630,candidate_1,candidate_3,candidate_2,3,0.0033333333333333335
631,candidate_1,candidate_3,candidate_2,3,0.0033333333333333335
632,candidate_1,candidate_3,candidate_2,3,0.0033333333333333335
633,candidate_1,candidate_3,candidate_2,3,0.0033333333333333335
634,candidate_1,candidate_3,candidate_2,3,0.0033333333333333335
635,candidate_1,candidate_3,candidate_2,3,0.0033333333333333335
636,candidate_1,candidate_3,candidate_2,3,0.0033333333333333335
637,candidate_1,candidate_3,candidate_2,3,0.0033333333333333335
638,0,candidate_3,candidate_2,3,0.0033333333333333335
639,candidate_1,candidate_3,candidate_2,3,0.0033333333333333335
640,candidate_1,candidate_3,candidate_2,3,0.0033333333333333335
641,candidate_1,candidate_3,candidate_2,3,0.0033333333333333335
642,candidate_1,candidate_3,candidate_2,3,0.0033333333333333335
643,candidate_1,candidate_3,candidate_2,3,0.0033333333333333335
644,candidate_1,candidate_3,candidate_2,3,0.0033333333333333335
645,candidate_1,candidate_3,candidate_2,3,0.0033333333333333335
646,candidate_1,candidate_3,candidate_2,3,0.0033333333333333335
647,candidate_1,candidate_3,candidate_2,3,0.0033333333333333335
648,candidate_1,candidate_3,candidate_2,3,0.0033333333333333335
649,candidate_1,candidate_3,candidate_2,3,0.0033333333333333335
650,candidate_1,candidate_3,candidate_2,3,0.0033333333333333335
651,candidate_1,candidate_3,candidate_2,3,0.0033333333333333335
652,candidate_1,candidate_3,candidate_2,3,0.0033333333333333335
653,candidate_1,candidate_3,candidate_2,3,0.0033333333333333335
654,candidate_1,candidate_3,candidate_2,3,0.0033333333333333335
655,candidate_1,candidate_3,candidate_2,3,0.0033333333333333335
656,candidate_1,candidate_3,candidate_2,3,0.0033333333333333335
657,candidate_1,candidate_3,candidate_2,3,0.0033333333333333335
658,candidate_1,candidate_3,candidate_2,3,0.0033333333333333335
659,candidate_1,candidate_3,candidate_2,3,0.0033333333333333335
660,candidate_1,candidate_3,candidate_2,3,0.0033333333333333335
661,candidate_1,candidate_3,candidate_2,3,0.0033333333333333335
662,candidate_1,candidate_3,candidate_2,3,0.0033333333333333335
663,candidate_1,candidate_3,candidate_2,3,0.0033333333333333335
664,candidate_1,candidate_3,candidate_2,3,0.0033333333333333335
665,candidate_1,candidate_3,candidate_2,3,0.0033333333333333335
666,candidate_1,candidate_3,candidate_2,3,0.0033333333333333335
667,candidate_1,candidate_3,candidate_2,3,0.0033333333333333335
668,candidate_1,candidate_3,candidate_2,3,0.0033333333333333335
669,candidate_1,candidate_3,candidate_2,3,0.0033333333333333335
670,candidate_1,candidate_3,candidate_2,3,0.0033333333333333335
671,candidate_1,candidate_3,candidate_2,3,0.0033333333333333335
672,candidate_1,candidate_3,candidate_2,3,0.0033333333333333335
673,candidate_1,candidate_3,candidate_2,3,0.0033333333333333335
674,candidate_1,candidate_3,candidate_2,3,0.0033333333333333335
675,candidate_1,candidate_3,candidate_2,3,0.0033333333333333335
676,candidate_1,candidate_3,candidate_2,3,0.0033333333333333335
677,candidate_1,candidate_3,candidate_2,3,0.0033333333333333335
678,candidate_1,candidate_3,candidate_2,3,0.0033333333333333335
679,candidate_1,candidate_3,candidate_2,3,0.0033333333333333335
680,candidate_1,candidate_3,candidate_2,3,0.0033333333333333335
681,candidate_1,candidate_3,candidate_2,3,0.0033333333333333335
682,candidate_1,candidate_3,candidate_2,3,0.0033333333333333335
683,candidate_1,candidate_3,candidate_2,3,0.0033333333333333335
684,candidate_1,candidate_3,candidate_2,3,0.0033333333333333335
685,candidate_1,candidate_3,candidate_2,3,0.0033333333333333335
686,candidate_1,candidate_3,candidate_2,3,0.0033333333333333335
687,candidate_1,candidate_3,candidate_2,3,0.0033333333333333335
688,candidate_1,candidate_3,candidate_2,3,0.0033333333333333335
689,candidate_1,candidate_3,candidate_2,3,0.0033333333333333335
690,candidate_1,candidate_3,candidate_2,3,0.0033333333333333335
691,candidate_1,candidate_3,candidate_2,3,0.0033333333333333335
692,candidate_1,candidate_3,candidate_2,3,0.0033333333333333335
693,candidate_1,candidate_3,candidate_2,3,0.0033333333333333335
694,candidate_1,candidate_3,candidate_2,3,0.0033333333333333335
695,candidate_1,candidate_3,candidate_2,3,0.0033333333333333335
696,candidate_1,candidate_3,candidate_2,3,0.0033333333333333335
697,candidate_1,candidate_3,candidate_2,3,0.0033333333333333335
698,candidate_1,candidate_3,candidate_2,3,0.0033333333333333335
699,candidate_1,candidate_3,candidate_2,3,0.0033333333333333335
700,candidate_1,candidate_3,candidate_2,3,0.0033333333333333335
701,candidate_1,candidate_3,candidate_2,3,0.0033333333333333335
702,candidate_1,candidate_3,candidate_2,3,0.0033333333333333335
703,candidate_1,candidate_3,candidate_2,3,0.0033333333333333335
704,candidate_1,candidate_3,candidate_2,3,0.0033333333333333335
705,candidate_1,candidate_3,candidate_2,3,0.0033333333333333335
706,candidate_1,candidate_3,candidate_2,3,0.0033333333333333335
707,candidate_1,candidate_3,candidate_2,3,0.0033333333333333335
708,candidate_1,candidate_3,candidate_2,3,0.0033333333333333335
709,candidate_1,candidate_3,candidate_2,3,0.0033333333333333335
710,candidate_1,candidate_3,candidate_2,3,0.0033333333333333335
711,candidate_1,candidate_3,candidate_2,3,0.0033333333333333335
712,candidate_1,candidate_3,candidate_2,3,0.0033333333333333335
713,candidate_1,candidate_3,candidate_2,3,0.0033333333333333335
714,candidate_1,candidate_3,candidate_2,3,0.0033333333333333335
715,candidate_1,candidate_3,candidate_2,3,0.0033333333333333335
716,candidate_1,candidate_3,candidate_2,3,0.0033333333333333335
717,candidate_1,candidate_3,candidate_2,3,0.0033333333333333335
718,candidate_1,candidate_3,candidate_2,3,0.0033333333333333335
719,candidate_1,candidate_3,candidate_2,3,0.0033333333333333335
720,candidate_1,candidate_3,candidate_2,3,0.0033333333333333335
721,candidate_1,candidate_3,candidate_2,3,0.0033333333333333335
722,candidate_1,candidate_3,candidate_2,3,0.0033333333333333335
723,candidate_1,candidate_3,candidate_2,3,0.0033333333333333335
724,candidate_1,candidate_3,candidate_2,3,0.0033333333333333335
725,candidate_1,candidate_3,candidate_2,3,0.0033333333333333335
726,candidate_1,candidate_3,candidate_2,3,0.0033333333333333335
727,candidate_1,candidate_3,candidate_2,3,0.0033333333333333335
728,candidate_1,candidate_3,candidate_2,3,0.0033333333333333335
729,candidate_1,candidate_3,candidate_2,3,0.0033333333333333335
730,candidate_1,candidate_3,candidate_2,3,0.0033333333333333335
731,candidate_1,candidate_3,candidate_2,3,0.0033333333333333335
732,candidate_1,candidate_3,0,3,0.0033333333333333335
733,candidate_1,candidate_3,candidate_2,3,0.0033333333333333335
734,candidate_1,candidate_3,candidate_2,3,0.0033333333333333335
735,candidate_1,candidate_3,candidate_2,3,0.0033333333333333335
736,candidate_1,candidate_3,candidate_2,3,0.0033333333333333335
737,candidate_1,candidate_3,candidate_2,3,0.0033333333333333335
738,candidate_1,candidate_3,candidate_2,3,0.0033333333333333335
739,candidate_1,candidate_3,candidate_2,3,0.0033333333333333335
740,candidate_1,candidate_3,candidate_2,3,0.0033333333333333335
741,candidate_1,candidate_3,candidate_2,3,0.0033333333333333335
742,candidate_1,candidate_3,candidate_2,3,0.0033333333333333335
743,candidate_1,candidate_3,candidate_2,3,0.0033333333333333335
744,candidate_1,candidate_3,candidate_2,3,0.0033333333333333335
745,candidate_1,candidate_3,candidate_2,3,0.0033333333333333335
746,candidate_1,candidate_3,candidate_2,3,0.0033333333333333335
747,candidate_1,candidate_3,candidate_2,3,0.0033333333333333335
748,candidate_1,candidate_3,candidate_2,3,0.0033333333333333335
749,candidate_1,candidate_3,candidate_2,3,0.0033333333333333335
750,candidate_1,candidate_3,candidate_2,3,0.0033333333333333335
751,candidate_1,candidate_3,candidate_2,3,0.0033333333333333335
752,candidate_1,candidate_3,candidate_2,3,0.0033333333333333335
753,candidate_1,candidate_3,candidate_2,3,0.0033333333333333335
754,candidate_1,candidate_3,candidate_2,3,0.0033333333333333335
755,candidate_1,candidate_3,candidate_2,3,0.0033333333333333335
756,candidate_1,candidate_3,candidate_2,3,0.0033333333333333335
757,candidate_1,candidate_3,candidate_2,3,0.0033333333333333335
758,candidate_1,candidate_3,candidate_2,3,0.0033333333333333335
759,candidate_1,candidate_3,candidate_2,3,0.0033333333333333335
760,candidate_1,candidate_3,candidate_2,3,0.0033333333333333335
761,candidate_1,candidate_3,candidate_2,3,0.0033333333333333335
762,candidate_1,candidate_3,candidate_2,3,0.0033333333333333335
763,candidate_1,candidate_3,candidate_2,3,0.0033333333333333335
764,candidate_1,candidate_3,candidate_2,3,0.0033333333333333335
765,candidate_1,candidate_3,candidate_2,3,0.0033333333333333335
766,candidate_1,candidate_3,candidate_2,3,0.0033333333333333335
767,candidate_1,candidate_3,candidate_2,3,0.0033333333333333335
768,candidate_1,candidate_3,candidate_2,3,0.0033333333333333335
769,candidate_1,candidate_3,candidate_2,3,0.0033333333333333335
770,candidate_1,candidate_3,candidate_2,3,0.0033333333333333335
771,candidate_1,candidate_3,candidate_2,3,0.0033333333333333335
772,candidate_1,candidate_3,candidate_2,3,0.0033333333333333335
773,candidate_1,candidate_3,candidate_2,3,0.0033333333333333335
774,candidate_1,candidate_3,candidate_2,3,0.0033333333333333335
775,candidate_1,candidate_3,candidate_2,3,0.0033333333333333335
776,candidate_1,candidate_3,candidate_2,3,0.0033333333333333335
777,candidate_1,candidate_3,candidate_2,3,0.0033333333333333335
778,candidate_1,candidate_3,candidate_2,3,0.0033333333333333335
779,candidate_1,candidate_3,candidate_2,3,0.0033333333333333335
780,candidate_1,candidate_3,candidate_2,3,0.0033333333333333335
781,candidate_1,candidate_3,candidate_2,3,0.0033333333333333335
782,candidate_1,candidate_3,candidate_2,3,0.0033333333333333335
783,candidate_1,candidate_3,candidate_2,3,0.0033333333333333335
784,candidate_1,candidate_3,candidate_2,3,0.0033333333333333335
785,candidate_1,candidate_3,candidate_2,3,0.0033333333333333335
786,candidate_1,candidate_3,candidate_2,3,0.0033333333333333335
787,candidate_1,candidate_3,candidate_2,3,0.0033333333333333335
788,candidate_1,candidate_3,candidate_2,3,0.0033333333333333335
789,candidate_1,candidate_3,candidate_2,3,0.0033333333333333335
790,candidate_1,candidate_3,candidate_2,3,0.0033333333333333335
791,candidate_1,candidate_3,candidate_2,3,0.0033333333333333335
792,candidate_1,candidate_3,candidate_2,3,0.0033333333333333335
793,candidate_1,candidate_3,candidate_2,3,0.0033333333333333335
794,candidate_1,candidate_3,candidate_2,3,0.0033333333333333335
795,candidate_1,candidate_3,candidate_2,3,0.0033333333333333335
796,candidate_1,candidate_3,candidate_2,3,0.0033333333333333335
797,candidate_1,candidate_3,candidate_2,3,0.0033333333333333335
798,candidate_1,candidate_3,candidate_2,3,0.0033333333333333335
799,candidate_1,candidate_3,candidate_2,3,0.0033333333333333335
800,candidate_1,candidate_3,candidate_2,3,0.0033333333333333335
801,candidate_1,candidate_3,candidate_2,3,0.0033333333333333335
802,candidate_1,candidate_3,candidate_2,3,0.0033333333333333335
803,candidate_1,candidate_3,candidate_2,3,0.0033333333333333335
804,candidate_1,candidate_3,candidate_2,3,0.0033333333333333335
805,candidate_1,candidate_3,candidate_2,3,0.0033333333333333335
806,candidate_1,candidate_3,candidate_2,3,0.0033333333333333335
807,candidate_1,candidate_3,candidate_2,3,0.0033333333333333335
808,candidate_1,candidate_3,candidate_2,3,0.0033333333333333335
809,candidate_1,candidate_3,candidate_2,3,0.0033333333333333335
810,candidate_1,candidate_3,candidate_2,3,0.0033333333333333335
811,candidate_1,candidate_3,candidate_2,3,0.0033333333333333335
812,candidate_1,candidate_3,candidate_2,3,0.0033333333333333335
813,candidate_1,candidate_3,candidate_2,3,0.0033333333333333335
814,candidate_1,candidate_3,candidate_2,3,0.0033333333333333335
815,candidate_1,candidate_3,candidate_2,3,0.0033333333333333335
816,candidate_1,candidate_3,candidate_2,3,0.0033333333333333335
817,candidate_1,candidate_3,candidate_2,3,0.0033333333333333335
818,candidate_1,candidate_3,candidate_2,3,0.0033333333333333335
819,candidate_1,candidate_3,candidate_2,3,0.0033333333333333335
820,candidate_1,candidate_3,candidate_2,3,0.0033333333333333335
821,candidate_1,candidate_3,candidate_2,3,0.0033333333333333335
822,candidate_1,candidate_3,candidate_2,3,0.0033333333333333335
823,candidate_1,candidate_3,candidate_2,3,0.0033333333333333335
824,candidate_1,candidate_3,candidate_2,3,0.0033333333333333335
825,candidate_1,candidate_3,candidate_2,3,0.0033333333333333335
826,candidate_1,candidate_3,candidate_2,3,0.0033333333333333335
827,candidate_1,candidate_3,candidate_2,3,0.0033333333333333335
828,candidate_1,candidate_3,candidate_2,3,0.0033333333333333335
829,candidate_1,candidate_3,candidate_2,3,0.0033333333333333335
830,candidate_1,candidate_3,candidate_2,3,0.0033333333333333335
831,candidate_1,candidate_3,candidate_2,3,0.0033333333333333335
832,candidate_1,candidate_3,candidate_2,3,0.0033333333333333335
833,candidate_1,candidate_3,candidate_2,3,0.0033333333333333335
834,candidate_1,candidate_3,candidate_2,3,0.0033333333333333335
835,candidate_1,candidate_3,candidate_2,3,0.0033333333333333335
836,candidate_1,candidate_3,candidate_2,3,0.0033333333333333335
837,candidate_1,candidate_3,candidate_2,3,0.0033333333333333335
838,candidate_1,candidate_3,candidate_2,3,0.0033333333333333335
839,candidate_1,candidate_3,candidate_2,3,0.0033333333333333335
840,candidate_1,candidate_3,candidate_2,3,0.0033333333333333335
841,candidate_1,candidate_3,candidate_2,3,0.0033333333333333335
842,candidate_1,candidate_3,candidate_2,3,0.0033333333333333335
843,candidate_1,candidate_3,candidate_2,3,0.0033333333333333335
844,candidate_1,candidate_3,candidate_2,3,0.0033333333333333335
845,candidate_1,candidate_3,candidate_2,3,0.0033333333333333335
846,candidate_1,candidate_3,candidate_2,3,0.0033333333333333335
847,candidate_1,candidate_3,candidate_2,3,0.0033333333333333335
848,candidate_1,candidate_3,candidate_2,3,0.0033333333333333335
849,candidate_1,candidate_3,candidate_2,3,0.0033333333333333335
850,candidate_1,candidate_3,candidate_2,3,0.0033333333333333335
851,candidate_1,candidate_3,candidate_2,3,0.0033333333333333335
852,candidate_1,candidate_3,candidate_2,3,0.0033333333333333335
853,candidate_1,candidate_3,candidate_2,3,0.0033333333333333335
854,candidate_1,candidate_3,candidate_2,3,0.0033333333333333335
855,candidate_1,candidate_3,candidate_2,3,0.0033333333333333335
856,candidate_1,candidate_3,candidate_2,3,0.0033333333333333335
857,candidate_1,candidate_3,candidate_2,3,0.0033333333333333335
858,candidate_1,candidate_3,candidate_2,3,0.0033333333333333335
859,candidate_1,candidate_3,candidate_2,3,0.0033333333333333335
860,candidate_1,candidate_3,candidate_2,3,0.0033333333333333335
861,candidate_1,candidate_3,candidate_2,3,0.0033333333333333335
862,candidate_1,candidate_3,candidate_2,3,0.0033333333333333335
863,candidate_1,candidate_3,candidate_2,3,0.0033333333333333335
864,candidate_1,candidate_3,candidate_2,3,0.0033333333333333335
865,candidate_1,candidate_3,candidate_2,3,0.0033333333333333335
866,candidate_1,candidate_3,candidate_2,3,0.0033333333333333335
867,candidate_1,candidate_3,candidate_2,3,0.0033333333333333335
868,candidate_1,candidate_3,candidate_2,3,0.0033333333333333335
869,candidate_1,candidate_3,candidate_2,3,0.0033333333333333335
870,candidate_1,candidate_3,candidate_2,3,0.0033333333333333335
871,candidate_1,candidate_3,candidate_2,3,0.0033333333333333335
872,candidate_1,candidate_3,candidate_2,3,0.0033333333333333335
873,candidate_1,candidate_3,candidate_2,3,0.0033333333333333335
874,candidate_1,candidate_3,candidate_2,3,0.0033333333333333335
875,candidate_1,candidate_3,candidate_2,3,0.0033333333333333335
876,candidate_1,candidate_3,candidate_2,3,0.0033333333333333335
877,candidate_1,candidate_3,candidate_2,3,0.0033333333333333335
878,candidate_1,candidate_3,candidate_2,3,0.0033333333333333335
879,candidate_1,candidate_3,candidate_2,3,0.0033333333333333335
880,candidate_1,candidate_3,candidate_2,3,0.0033333333333333335
881,candidate_1,candidate_3,candidate_2,3,0.0033333333333333335
882,candidate_1,candidate_3,candidate_2,3,0.0033333333333333335
883,candidate_1,candidate_3,candidate_2,3,0.0033333333333333335
884,candidate_1,candidate_3,candidate_2,3,0.0033333333333333335
885,candidate_1,candidate_3,candidate_2,3,0.0033333333333333335
886,candidate_1,candidate_3,candidate_2,3,0.0033333333333333335
887,candidate_1,candidate_3,candidate_2,3,0.0033333333333333335
888,candidate_1,candidate_3,candidate_2,3,0.0033333333333333335
889,candidate_1,candidate_3,candidate_2,3,0.0033333333333333335
890,candidate_1,candidate_3,candidate_2,3,0.0033333333333333335
891,candidate_1,candidate_3,candidate_2,3,0.0033333333333333335
892,candidate_1,candidate_3,candidate_2,3,0.0033333333333333335
893,candidate_1,candidate_3,candidate_2,3,0.0033333333333333335
894,candidate_1,candidate_3,candidate_2,3,0.0033333333333333335
895,candidate_1,candidate_3,candidate_2,3,0.0033333333333333335
896,candidate_1,candidate_3,candidate_2,3,0.0033333333333333335
897,candidate_1,candidate_3,candidate_2,3,0.0033333333333333335
898,candidate_1,candidate_3,candidate_2,3,0.0033333333333333335
899,candidate_1,candidate_3,candidate_2,3,0.0033333333333333335
900,candidate_1,candidate_3,candidate_2,3,0.0033333333333333335
901,candidate_1,candidate_3,candidate_2,3,0.0033333333333333335
902,candidate_1,candidate_3,candidate_2,3,0.0033333333333333335
903,candidate_1,candidate_3,candidate_2,3,0.0033333333333333335
904,candidate_1,candidate_3,candidate_2,3,0.0033333333333333335
905,candidate_1,candidate_3,candidate_2,3,0.0033333333333333335
906,candidate_1,candidate_3,candidate_2,3,0.0033333333333333335
907,candidate_1,candidate_3,candidate_2,3,0.0033333333333333335
908,candidate_1,candidate_3,candidate_2,3,0.0033333333333333335
909,candidate_1,candidate_3,candidate_2,3,0.0033333333333333335
910,candidate_1,candidate_3,candidate_2,3,0.0033333333333333335
911,candidate_1,candidate_3,candidate_2,3,0.0033333333333333335
912,candidate_1,candidate_3,candidate_2,3,0.0033333333333333335
913,candidate_1,candidate_3,candidate_2,3,0.0033333333333333335
914,candidate_1,candidate_3,candidate_2,3,0.0033333333333333335
915,candidate_1,candidate_3,candidate_2,3,0.0033333333333333335
916,candidate_1,candidate_3,candidate_2,3,0.0033333333333333335
917,candidate_1,candidate_3,candidate_2,3,0.0033333333333333335
918,candidate_1,candidate_3,candidate_2,3,0.0033333333333333335
919,candidate_1,candidate_3,candidate_2,3,0.0033333333333333335
920,candidate_1,candidate_3,candidate_2,3,0.0033333333333333335
921,candidate_1,candidate_3,candidate_2,3,0.0033333333333333335
922,candidate_1,candidate_3,candidate_2,3,0.0033333333333333335
923,candidate_1,candidate_3,candidate_2,3,0.0033333333333333335
924,candidate_1,candidate_3,candidate_2,3,0.0033333333333333335
925,candidate_1,candidate_3,candidate_2,3,0.0033333333333333335
926,candidate_1,candidate_3,candidate_2,3,0.0033333333333333335
927,candidate_1,candidate_3,candidate_2,3,0.0033333333333333335
928,candidate_1,candidate_3,candidate_2,3,0.0033333333333333335
929,candidate_1,candidate_3,candidate_2,3,0.0033333333333333335
930,candidate_1,candidate_3,candidate_2,3,0.0033333333333333335
931,candidate_1,candidate_3,candidate_2,3,0.0033333333333333335
932,candidate_1,candidate_3,candidate_2,3,0.0033333333333333335
933,candidate_1,candidate_3,candidate_2,3,0.0033333333333333335
934,candidate_1,candidate_3,candidate_2,3,0.0033333333333333335
935,candidate_1,candidate_3,candidate_2,3,0.0033333333333333335
936,candidate_1,candidate_3,candidate_2,3,0.0033333333333333335
937,candidate_1,candidate_3,candidate_2,3,0.0033333333333333335
938,candidate_1,candidate_3,candidate_2,3,0.0033333333333333335
939,candidate_1,candidate_3,candidate_2,3,0.0033333333333333335
940,candidate_1,candidate_3,candidate_2,3,0.0033333333333333335
941,candidate_1,candidate_3,candidate_2,3,0.0033333333333333335
942,candidate_1,candidate_3,candidate_2,3,0.0033333333333333335
943,candidate_1,candidate_3,candidate_2,3,0.0033333333333333335
944,candidate_1,candidate_3,candidate_2,3,0.0033333333333333335
945,candidate_1,candidate_3,candidate_2,3,0.0033333333333333335
946,candidate_1,candidate_3,candidate_2,3,0.0033333333333333335
947,candidate_1,candidate_3,candidate_2,3,0.0033333333333333335
948,candidate_1,candidate_3,candidate_2,3,0.0033333333333333335
949,candidate_1,candidate_3,candidate_2,3,0.0033333333333333335
950,candidate_1,candidate_3,candidate_2,3,0.0033333333333333335
951,candidate_1,candidate_3,candidate_2,3,0.0033333333333333335
952,candidate_1,candidate_3,candidate_2,3,0.0033333333333333335
953,candidate_1,candidate_3,candidate_2,3,0.0033333333333333335
954,candidate_1,candidate_3,candidate_2,3,0.0033333333333333335
955,candidate_1,candidate_3,candidate_2,3,0.0033333333333333335
956,candidate_1,candidate_3,0,3,0.0033333333333333335
957,candidate_1,candidate_3,candidate_2,3,0.0033333333333333335
958,candidate_1,candidate_3,candidate_2,3,0.0033333333333333335
959,candidate_1,candidate_3,candidate_2,3,0.0033333333333333335
960,candidate_1,candidate_3,candidate_2,3,0.0033333333333333335
961,candidate_1,candidate_3,candidate_2,3,0.0033333333333333335
962,candidate_1,candidate_3,candidate_2,3,0.0033333333333333335
963,candidate_1,candidate_3,candidate_2,3,0.0033333333333333335
964,candidate_1,candidate_3,candidate_2,3,0.0033333333333333335
965,candidate_1,candidate_3,candidate_2,3,0.0033333333333333335
966,candidate_1,candidate_3,candidate_2,3,0.0033333333333333335
967,candidate_1,candidate_3,candidate_2,3,0.0033333333333333335
968,candidate_1,candidate_3,candidate_2,3,0.0033333333333333335
969,candidate_1,candidate_3,candidate_2,3,0.0033333333333333335
970,candidate_1,candidate_3,candidate_2,3,0.0033333333333333335
971,candidate_1,candidate_3,candidate_2,3,0.0033333333333333335
972,candidate_1,candidate_3,candidate_2,3,0.0033333333333333335
973,candidate_1,candidate_3,candidate_2,3,0.0033333333333333335
974,candidate_1,candidate_3,candidate_2,3,0.0033333333333333335
975,candidate_1,candidate_3,candidate_2,3,0.0033333333333333335
976,candidate_1,candidate_3,candidate_2,3,0.0033333333333333335
977,candidate_1,candidate_3,candidate_2,3,0.0033333333333333335
978,candidate_1,candidate_3,candidate_2,3,0.0033333333333333335
979,candidate_1,candidate_3,candidate_2,3,0.0033333333333333335
980,candidate_1,candidate_3,candidate_2,3,0.0033333333333333335
981,candidate_1,candidate_3,candidate_2,3,0.0033333333333333335
982,candidate_1,candidate_3,candidate_2,3,0.0033333333333333335
983,candidate_1,candidate_3,candidate_2,3,0.0033333333333333335
984,candidate_1,candidate_3,candidate_2,3,0.0033333333333333335
985,candidate_1,candidate_3,candidate_2,3,0.0033333333333333335
986,candidate_1,candidate_3,candidate_2,3,0.0033333333333333335
987,candidate_1,candidate_3,candidate_2,3,0.0033333333333333335
988,candidate_1,candidate_3,candidate_2,3,0.0033333333333333335
989,candidate_1,candidate_3,candidate_2,3,0.0033333333333333335
990,candidate_1,candidate_3,candidate_2,3,0.0033333333333333335
991,candidate_1,candidate_3,candidate_2,3,0.0033333333333333335
992,candidate_1,candidate_3,candidate_2,3,0.0033333333333333335
993,candidate_1,candidate_3,candidate_2,3,0.0033333333333333335
994,candidate_1,candidate_3,candidate_2,3,0.0033333333333333335
995,candidate_1,candidate_3,candidate_2,3,0.0033333333333333335
996,candidate_1,candidate_3,candidate_2,3,0.0033333333333333335
997,candidate_1,candidate_3,candidate_2,3,0.0033333333333333335
998,candidate_1,candidate_3,candidate_2,3,0.0033333333333333335
999,candidate_1,candidate_3,candidate_2,3,0.0033333333333333335
1000,candidate_1,candidate_3,candidate_2,3,0.0033333333333333335
1001,candidate_1,candidate_3,candidate_2,3,0.0033333333333333335
1002,candidate_1,candidate_3,candidate_2,3,0.0033333333333333335
1003,candidate_1,candidate_3,candidate_2,3,0.0033333333333333335
1004,candidate_1,candidate_3,candidate_2,3,0.0033333333333333335
1005,candidate_1,candidate_3,candidate_2,3,0.0033333333333333335
1006,candidate_1,candidate_3,candidate_2,3,0.0033333333333333335
1007,candidate_1,candidate_3,candidate_2,3,0.0033333333333333335
1008,candidate_1,candidate_3,candidate_2,3,0.0033333333333333335
1009,candidate_1,candidate_3,candidate_2,3,0.0033333333333333335
1010,candidate_1,candidate_3,candidate_2,3,0.0033333333333333335
1011,candidate_1,candidate_3,candidate_2,3,0.0033333333333333335
1012,candidate_1,candidate_3,candidate_2,3,0.0033333333333333335
1013,candidate_1,candidate_3,candidate_2,3,0.0033333333333333335
1014,candidate_1,candidate_3,candidate_2,3,0.0033333333333333335
1015,candidate_1,candidate_3,candidate_2,3,0.0033333333333333335
1016,candidate_1,candidate_3,candidate_2,3,0.0033333333333333335
1017,candidate_1,candidate_3,candidate_2,3,0.0033333333333333335
1018,candidate_1,candidate_3,candidate_2,3,0.0033333333333333335
1019,candidate_1,candidate_3,candidate_2,3,0.0033333333333333335
1020,candidate_1,candidate_3,candidate_2,3,0.0033333333333333335
1021,candidate_1,candidate_3,candidate_2,3,0.0033333333333333335
1022,candidate_1,candidate_3,candidate_2,3,0.0033333333333333335
1023,candidate_1,candidate_3,candidate_2,3,0.0033333333333333335
1024,candidate_1,candidate_3,candidate_2,3,0.0033333333333333335
1025,candidate_1,candidate_3,candidate_2,3,0.0033333333333333335
1026,candidate_1,candidate_3,candidate_2,3,0.0033333333333333335
1027,candidate_1,candidate_3,candidate_2,3,0.0033333333333333335
1028,candidate_1,candidate_3,candidate_2,3,0.0033333333333333335
1029,candidate_1,candidate_3,candidate_2,3,0.0033333333333333335
1030,candidate_1,candidate_3,candidate_2,3,0.0033333333333333335
1031,candidate_1,candidate_3,candidate_2,3,0.0033333333333333335
1032,candidate_1,candidate_3,candidate_2,3,0.0033333333333333335
1033,candidate_1,candidate_3,candidate_2,3,0.0033333333333333335
1034,candidate_1,candidate_3,candidate_2,3,0.0033333333333333335
1035,candidate_1,candidate_3,candidate_2,3,0.0033333333333333335
1036,candidate_1,candidate_3,candidate_2,3,0.0033333333333333335
1037,candidate_1,candidate_3,candidate_2,3,0.0033333333333333335
1038,candidate_1,candidate_3,candidate_2,3,0.0033333333333333335
1039,candidate_1,candidate_3,candidate_2,3,0.0033333333333333335
1040,candidate_1,candidate_3,candidate_2,3,0.0033333333333333335
1041,candidate_1,candidate_3,candidate_2,3,0.0033333333333333335
1042,candidate_1,candidate_3,candidate_2,3,0.0033333333333333335
1043,candidate_1,candidate_3,candidate_2,3,0.0033333333333333335
1044,candidate_1,candidate_3,candidate_2,3,0.0033333333333333335
1045,candidate_1,candidate_3,candidate_2,3,0.0033333333333333335
1046,candidate_1,candidate_3,candidate_2,3,0.0033333333333333335
1047,candidate_1,candidate_3,candidate_2,3,0.0033333333333333335
1048,candidate_1,candidate_3,candidate_2,3,0.0033333333333333335
1049,candidate_1,candidate_3,candidate_2,3,0.0033333333333333335
1050,candidate_1,candidate_3,candidate_2,3,0.0033333333333333335
1051,candidate_1,candidate_3,candidate_2,3,0.0033333333333333335
1052,candidate_1,candidate_3,candidate_2,3,0.0033333333333333335
1053,candidate_1,candidate_3,candidate_2,3,0.0033333333333333335
1054,candidate_1,candidate_3,candidate_2,3,0.0033333333333333335
1055,candidate_1,candidate_3,candidate_2,3,0.0033333333333333335
1056,candidate_1,candidate_3,candidate_2,3,0.0033333333333333335
1057,candidate_1,candidate_3,candidate_2,3,0.0033333333333333335
1058,candidate_1,candidate_3,candidate_2,3,0.0033333333333333335
1059,candidate_1,candidate_3,candidate_2,3,0.0033333333333333335
1060,candidate_1,candidate_3,candidate_2,3,0.0033333333333333335
1061,candidate_1,candidate_3,candidate_2,3,0.0033333333333333335
1062,candidate_1,candidate_3,candidate_2,3,0.0033333333333333335
1063,candidate_1,candidate_3,candidate_2,3,0.0033333333333333335
1064,candidate_1,candidate_3,candidate_2,3,0.0033333333333333335
1065,candidate_1,candidate_3,candidate_2,3,0.0033333333333333335
1066,candidate_1,candidate_3,candidate_2,3,0.0033333333333333335
1067,candidate_1,candidate_3,candidate_2,3,0.0033333333333333335
1068,candidate_1,candidate_3,candidate_2,3,0.0033333333333333335
1069,candidate_1,candidate_3,candidate_2,3,0.0033333333333333335
1070,candidate_1,candidate_3,candidate_2,3,0.0033333333333333335
1071,candidate_1,candidate_3,candidate_2,3,0.0033333333333333335
1072,candidate_1,candidate_3,candidate_2,3,0.0033333333333333335
1073,candidate_1,candidate_3,candidate_2,3,0.0033333333333333335
1074,candidate_1,candidate_3,candidate_2,3,0.0033333333333333335
1075,candidate_1,candidate_3,candidate_2,3,0.0033333333333333335
1076,candidate_1,candidate_3,candidate_2,3,0.0033333333333333335
1077,candidate_1,candidate_3,candidate_2,3,0.0033333333333333335
1078,candidate_1,candidate_3,candidate_2,3,0.0033333333333333335
1079,candidate_1,candidate_3,candidate_2,3,0.0033333333333333335
1080,candidate_1,candidate_3,candidate_2,3,0.0033333333333333335
1081,candidate_1,candidate_3,candidate_2,3,0.0033333333333333335
1082,candidate_1,candidate_3,candidate_2,3,0.0033333333333333335
1083,candidate_1,candidate_3,candidate_2,3,0.0033333333333333335
1084,candidate_1,candidate_3,candidate_2,3,0.0033333333333333335
1085,candidate_1,candidate_3,candidate_2,3,0.0033333333333333335
1086,candidate_1,candidate_3,candidate_2,3,0.0033333333333333335
1087,candidate_1,candidate_3,candidate_2,3,0.0033333333333333335
1088,candidate_1,candidate_3,candidate_2,3,0.0033333333333333335
1089,candidate_1,candidate_3,candidate_2,3,0.0033333333333333335
1090,candidate_1,candidate_3,candidate_2,3,0.0033333333333333335
1091,candidate_1,candidate_3,candidate_2,3,0.0033333333333333335
1092,candidate_1,candidate_3,candidate_2,3,0.0033333333333333335
1093,candidate_1,candidate_3,candidate_2,3,0.0033333333333333335
1094,candidate_1,candidate_3,candidate_2,3,0.0033333333333333335
1095,candidate_1,candidate_3,candidate_2,3,0.0033333333333333335
1096,candidate_1,candidate_3,candidate_2,3,0.0033333333333333335
1097,candidate_1,candidate_3,candidate_2,3,0.0033333333333333335
1098,candidate_1,candidate_3,candidate_2,3,0.0033333333333333335
1099,candidate_1,candidate_3,candidate_2,3,0.0033333333333333335
1100,candidate_1,candidate_3,candidate_2,3,0.0033333333333333335
1101,candidate_1,candidate_3,candidate_2,3,0.0033333333333333335
1102,candidate_1,candidate_3,candidate_2,3,0.0033333333333333335
1103,candidate_1,candidate_3,candidate_2,3,0.0033333333333333335
1104,candidate_1,candidate_3,candidate_2,3,0.0033333333333333335
1105,candidate_1,candidate_3,candidate_2,3,0.0033333333333333335
1106,candidate_1,candidate_3,candidate_2,3,0.0033333333333333335
1107,candidate_1,candidate_3,candidate_2,3,0.0033333333333333335
1108,candidate_1,candidate_3,candidate_2,3,0.0033333333333333335
1109,candidate_1,candidate_3,candidate_2,3,0.0033333333333333335
1110,candidate_1,candidate_3,candidate_2,3,0.0033333333333333335
1111,candidate_1,candidate_3,candidate_2,3,0.0033333333333333335
1112,candidate_1,candidate_3,candidate_2,3,0.0033333333333333335
1113,candidate_1,candidate_3,candidate_2,3,0.0033333333333333335
1114,candidate_1,candidate_3,candidate_2,3,0.0033333333333333335
1115,candidate_1,candidate_3,candidate_2,3,0.0033333333333333335
1116,candidate_1,candidate_3,candidate_2,3,0.0033333333333333335
1117,candidate_1,candidate_3,candidate_2,3,0.0033333333333333335
1118,candidate_1,candidate_3,candidate_2,3,0.0033333333333333335
1119,candidate_1,candidate_3,candidate_2,3,0.0033333333333333335
1120,candidate_1,candidate_3,candidate_2,3,0.0033333333333333335
1121,candidate_1,candidate_3,candidate_2,3,0.0033333333333333335
1122,candidate_1,candidate_3,candidate_2,3,0.0033333333333333335
1123,candidate_1,candidate_3,candidate_2,3,0.0033333333333333335
1124,candidate_1,candidate_3,candidate_2,3,0.0033333333333333335
1125,candidate_1,candidate_3,candidate_2,3,0.0033333333333333335
1126,candidate_1,candidate_3,candidate_2,3,0.0033333333333333335
1127,candidate_1,candidate_3,candidate_2,3,0.0033333333333333335
1128,candidate_1,candidate_3,candidate_2,3,0.0033333333333333335
1129,candidate_1,candidate_3,candidate_2,3,0.0033333333333333335
1130,candidate_1,candidate_3,candidate_2,3,0.0033333333333333335
1131,candidate_1,candidate_3,candidate_2,3,0.0033333333333333335
1132,candidate_1,candidate_3,candidate_2,3,0.0033333333333333335
1133,candidate_1,candidate_3,candidate_2,3,0.0033333333333333335
1134,candidate_1,candidate_3,candidate_2,3,0.0033333333333333335
1135,candidate_1,candidate_3,candidate_2,3,0.0033333333333333335
1136,candidate_1,candidate_3,candidate_2,3,0.0033333333333333335
1137,candidate_1,candidate_3,candidate_2,3,0.0033333333333333335
1138,candidate_1,candidate_3,candidate_2,3,0.0033333333333333335
1139,candidate_1,candidate_3,candidate_2,3,0.0033333333333333335
1140,candidate_1,candidate_3,candidate_2,3,0.0033333333333333335
1141,candidate_1,candidate_3,candidate_2,3,0.0033333333333333335
1142,candidate_1,candidate_3,candidate_2,3,0.0033333333333333335
1143,candidate_1,candidate_3,candidate_2,3,0.0033333333333333335
1144,candidate_1,candidate_3,candidate_2,3,0.0033333333333333335
1145,candidate_1,candidate_3,candidate_2,3,0.0033333333333333335
1146,candidate_1,candidate_3,candidate_2,3,0.0033333333333333335
1147,candidate_1,candidate_3,candidate_2,3,0.0033333333333333335
1148,candidate_1,candidate_3,candidate_2,3,0.0033333333333333335
1149,candidate_1,candidate_3,candidate_2,3,0.0033333333333333335
1150,candidate_1,candidate_3,candidate_2,3,0.0033333333333333335
1151,candidate_1,candidate_3,candidate_2,3,0.0033333333333333335
1152,candidate_1,candidate_3,candidate_2,3,0.0033333333333333335
1153,candidate_1,candidate_3,candidate_2,3,0.0033333333333333335
1154,candidate_1,candidate_3,candidate_2,3,0.0033333333333333335
1155,candidate_1,candidate_3,candidate_2,3,0.0033333333333333335
1156,candidate_1,candidate_3,candidate_2,3,0.0033333333333333335
1157,candidate_1,candidate_3,candidate_2,3,0.0033333333333333335
1158,candidate_1,candidate_3,candidate_2,3,0.0033333333333333335
1159,candidate_1,candidate_3,candidate_2,3,0.0033333333333333335
1160,candidate_1,candidate_3,candidate_2,3,0.0033333333333333335
1161,candidate_1,candidate_3,candidate_2,3,0.0033333333333333335
1162,candidate_1,candidate_3,candidate_2,3,0.0033333333333333335
1163,candidate_1,candidate_3,candidate_2,3,0.0033333333333333335
1164,candidate_1,candidate_3,candidate_2,3,0.0033333333333333335
1165,candidate_1,candidate_3,candidate_2,3,0.0033333333333333335
1166,candidate_1,candidate_3,candidate_2,3,0.0033333333333333335
1167,candidate_1,candidate_3,candidate_2,3,0.0033333333333333335
1168,candidate_1,candidate_3,candidate_2,3,0.0033333333333333335
1169,candidate_1,candidate_3,candidate_2,3,0.0033333333333333335
1170,candidate_1,candidate_3,candidate_2,3,0.0033333333333333335
1171,candidate_1,candidate_3,candidate_2,3,0.0033333333333333335
1172,candidate_1,candidate_3,candidate_2,3,0.0033333333333333335
1173,candidate_1,candidate_3,candidate_2,3,0.0033333333333333335
1174,candidate_1,candidate_3,candidate_2,3,0.0033333333333333335
1175,candidate_1,0,candidate_2,3,0.0033333333333333335
1176,candidate_1,candidate_3,candidate_2,3,0.0033333333333333335
1177,candidate_1,candidate_3,candidate_2,3,0.0033333333333333335
1178,candidate_1,candidate_3,candidate_2,3,0.0033333333333333335
1179,candidate_1,candidate_3,candidate_2,3,0.0033333333333333335
1180,candidate_1,candidate_3,candidate_2,3,0.0033333333333333335
1181,candidate_1,candidate_3,candidate_2,3,0.0033333333333333335
1182,candidate_1,candidate_3,candidate_2,3,0.0033333333333333335
1183,candidate_1,candidate_3,candidate_2,3,0.0033333333333333335
1184,candidate_1,candidate_3,candidate_2,3,0.0033333333333333335
1185,candidate_1,candidate_3,candidate_2,3,0.0033333333333333335
1186,candidate_1,candidate_3,candidate_2,3,0.0033333333333333335
1187,candidate_1,candidate_3,candidate_2,3,0.0033333333333333335
1188,candidate_1,candidate_3,candidate_2,3,0.0033333333333333335
1189,candidate_1,candidate_3,candidate_2,3,0.0033333333333333335
1190,candidate_1,candidate_3,candidate_2,3,0.0033333333333333335
1191,candidate_1,candidate_3,candidate_2,3,0.0033333333333333335
1192,candidate_1,candidate_3,candidate_2,3,0.0033333333333333335
1193,candidate_1,candidate_3,candidate_2,3,0.0033333333333333335
1194,candidate_1,candidate_3,candidate_2,3,0.0033333333333333335
1195,candidate_1,candidate_3,candidate_2,3,0.0033333333333333335
1196,candidate_1,candidate_3,candidate_2,3,0.0033333333333333335
1197,candidate_1,candidate_3,candidate_2,3,0.0033333333333333335
1198,candidate_1,candidate_3,candidate_2,3,0.0033333333333333335
1199,candidate_1,candidate_3,candidate_2,3,0.0033333333333333335
1200,candidate_1,candidate_3,candidate_2,3,0.0033333333333333335
1201,candidate_1,candidate_3,candidate_2,3,0.0033333333333333335
1202,candidate_1,candidate_3,candidate_2,3,0.0033333333333333335
1203,candidate_1,candidate_3,candidate_2,3,0.0033333333333333335
1204,candidate_1,candidate_3,candidate_2,3,0.0033333333333333335
1205,candidate_1,candidate_3,candidate_2,3,0.0033333333333333335
1206,candidate_1,candidate_3,candidate_2,3,0.0033333333333333335
1207,candidate_1,candidate_3,candidate_2,3,0.0033333333333333335
1208,candidate_1,candidate_3,candidate_2,3,0.0033333333333333335
1209,candidate_1,candidate_3,candidate_2,3,0.0033333333333333335
1210,candidate_1,candidate_3,candidate_2,3,0.0033333333333333335
1211,candidate_1,candidate_3,0,3,0.0033333333333333335
1212,candidate_1,candidate_3,candidate_2,3,0.0033333333333333335
1213,candidate_1,candidate_3,candidate_2,3,0.0033333333333333335
1214,candidate_1,candidate_3,candidate_2,3,0.0033333333333333335
1215,candidate_1,candidate_3,candidate_2,3,0.0033333333333333335
1216,candidate_1,candidate_3,candidate_2,3,0.0033333333333333335
1217,candidate_1,candidate_3,candidate_2,3,0.0033333333333333335
1218,candidate_1,candidate_3,candidate_2,3,0.0033333333333333335
1219,candidate_1,candidate_3,candidate_2,3,0.0033333333333333335
1220,candidate_1,candidate_3,candidate_2,3,0.0033333333333333335
1221,candidate_1,candidate_3,candidate_2,3,0.0033333333333333335
1222,candidate_1,candidate_3,candidate_2,3,0.0033333333333333335
1223,candidate_1,candidate_3,candidate_2,3,0.0033333333333333335
1224,candidate_1,candidate_3,candidate_2,3,0.0033333333333333335
1225,candidate_1,candidate_3,candidate_2,3,0.0033333333333333335
1226,candidate_1,candidate_3,candidate_2,3,0.0033333333333333335
1227,candidate_1,candidate_3,candidate_2,3,0.0033333333333333335
1228,candidate_1,candidate_3,candidate_2,3,0.0033333333333333335
1229,candidate_1,candidate_3,candidate_2,3,0.0033333333333333335
1230,candidate_1,candidate_3,candidate_2,3,0.0033333333333333335
1231,candidate_1,candidate_3,candidate_2,3,0.0033333333333333335
1232,candidate_1,candidate_3,candidate_2,3,0.0033333333333333335
1233,candidate_1,candidate_3,candidate_2,3,0.0033333333333333335
1234,candidate_1,candidate_3,candidate_2,3,0.0033333333333333335
1235,candidate_1,candidate_3,candidate_2,3,0.0033333333333333335
1236,candidate_1,candidate_3,candidate_2,3,0.0033333333333333335
1237,candidate_1,candidate_3,candidate_2,3,0.0033333333333333335
1238,candidate_1,candidate_3,candidate_2,3,0.0033333333333333335
1239,candidate_1,candidate_3,candidate_2,3,0.0033333333333333335
1240,candidate_1,candidate_3,candidate_2,3,0.0033333333333333335
1241,candidate_1,candidate_3,candidate_2,3,0.0033333333333333335
1242,candidate_1,candidate_3,candidate_2,3,0.0033333333333333335
1243,candidate_1,candidate_3,candidate_2,3,0.0033333333333333335
1244,candidate_1,candidate_3,candidate_2,3,0.0033333333333333335
1245,candidate_1,candidate_3,candidate_2,3,0.0033333333333333335
1246,candidate_1,candidate_3,candidate_2,3,0.0033333333333333335
1247,candidate_1,candidate_3,candidate_2,3,0.0033333333333333335
1248,candidate_1,candidate_3,candidate_2,3,0.0033333333333333335
1249,candidate_1,candidate_3,candidate_2,3,0.0033333333333333335
1250,candidate_1,candidate_3,candidate_2,3,0.0033333333333333335
1251,candidate_1,candidate_3,candidate_2,3,0.0033333333333333335
1252,candidate_1,candidate_3,candidate_2,3,0.0033333333333333335
1253,candidate_1,candidate_3,candidate_2,3,0.0033333333333333335
1254,candidate_1,candidate_3,candidate_2,3,0.0033333333333333335
1255,candidate_1,candidate_3,candidate_2,3,0.0033333333333333335
1256,candidate_1,candidate_3,candidate_2,3,0.0033333333333333335
1257,candidate_1,candidate_3,candidate_2,3,0.0033333333333333335
1258,candidate_1,candidate_3,candidate_2,3,0.0033333333333333335
1259,candidate_1,candidate_3,candidate_2,3,0.0033333333333333335
1260,candidate_1,candidate_3,candidate_2,3,0.0033333333333333335
1261,candidate_1,candidate_3,candidate_2,3,0.0033333333333333335
1262,candidate_1,candidate_3,candidate_2,3,0.0033333333333333335
1263,candidate_1,candidate_3,candidate_2,3,0.0033333333333333335
1264,candidate_1,candidate_3,candidate_2,3,0.0033333333333333335
1265,candidate_1,candidate_3,candidate_2,3,0.0033333333333333335
1266,candidate_1,candidate_3,candidate_2,3,0.0033333333333333335
1267,candidate_1,candidate_3,candidate_2,3,0.0033333333333333335
1268,candidate_1,candidate_3,candidate_2,3,0.0033333333333333335
1269,candidate_1,candidate_3,candidate_2,3,0.0033333333333333335
1270,candidate_1,candidate_3,candidate_2,3,0.0033333333333333335
1271,candidate_1,candidate_3,candidate_2,3,0.0033333333333333335
1272,candidate_1,candidate_3,candidate_2,3,0.0033333333333333335
1273,candidate_1,candidate_3,candidate_2,3,0.0033333333333333335
1274,candidate_1,candidate_3,candidate_2,3,0.0033333333333333335
1275,candidate_1,candidate_3,candidate_2,3,0.0033333333333333335
1276,candidate_1,candidate_3,candidate_2,3,0.0033333333333333335
1277,candidate_1,candidate_3,candidate_2,3,0.0033333333333333335
1278,candidate_1,candidate_3,candidate_2,3,0.0033333333333333335
1279,candidate_1,candidate_3,candidate_2,3,0.0033333333333333335
1280,candidate_1,candidate_3,candidate_2,3,0.0033333333333333335
1281,candidate_1,candidate_3,candidate_2,3,0.0033333333333333335
1282,candidate_1,candidate_3,candidate_2,3,0.0033333333333333335
1283,candidate_1,candidate_3,candidate_2,3,0.0033333333333333335
1284,candidate_1,candidate_3,candidate_2,3,0.0033333333333333335
1285,candidate_1,candidate_3,candidate_2,3,0.0033333333333333335
1286,candidate_1,candidate_3,candidate_2,3,0.0033333333333333335
1287,candidate_1,candidate_3,candidate_2,3,0.0033333333333333335
1288,candidate_1,candidate_3,candidate_2,3,0.0033333333333333335
1289,candidate_1,candidate_3,candidate_2,3,0.0033333333333333335
1290,candidate_1,candidate_3,candidate_2,3,0.0033333333333333335
1291,candidate_1,candidate_3,candidate_2,3,0.0033333333333333335
1292,candidate_1,candidate_3,candidate_2,3,0.0033333333333333335
1293,candidate_1,candidate_3,candidate_2,3,0.0033333333333333335
1294,candidate_1,candidate_3,candidate_2,3,0.0033333333333333335
1295,candidate_1,candidate_3,candidate_2,3,0.0033333333333333335
1296,candidate_1,candidate_3,candidate_2,3,0.0033333333333333335
1297,candidate_1,candidate_3,candidate_2,3,0.0033333333333333335
1298,candidate_1,candidate_3,candidate_2,3,0.0033333333333333335
1299,candidate_1,candidate_3,candidate_2,3,0.0033333333333333335
1300,candidate_1,candidate_3,candidate_2,3,0.0033333333333333335
1301,candidate_1,candidate_3,candidate_2,3,0.0033333333333333335
1302,candidate_1,candidate_3,candidate_2,3,0.0033333333333333335
1303,candidate_1,candidate_3,candidate_2,3,0.0033333333333333335
1304,candidate_1,candidate_3,0,3,0.0033333333333333335
1305,candidate_1,candidate_3,candidate_2,3,0.0033333333333333335
1306,candidate_1,candidate_3,candidate_2,3,0.0033333333333333335
1307,candidate_1,candidate_3,candidate_2,3,0.0033333333333333335
1308,candidate_1,candidate_3,candidate_2,3,0.0033333333333333335
1309,candidate_1,candidate_3,candidate_2,3,0.0033333333333333335
1310,candidate_1,candidate_3,candidate_2,3,0.0033333333333333335
1311,candidate_1,candidate_3,candidate_2,3,0.0033333333333333335
1312,candidate_1,candidate_3,candidate_2,3,0.0033333333333333335
1313,candidate_1,candidate_3,candidate_2,3,0.0033333333333333335
1314,candidate_1,candidate_3,candidate_2,3,0.0033333333333333335
1315,candidate_1,candidate_3,candidate_2,3,0.0033333333333333335
1316,candidate_1,candidate_3,candidate_2,3,0.0033333333333333335
1317,candidate_1,candidate_3,candidate_2,3,0.0033333333333333335
1318,candidate_1,candidate_3,candidate_2,3,0.0033333333333333335
1319,candidate_1,candidate_3,candidate_2,3,0.0033333333333333335
1320,candidate_1,candidate_3,candidate_2,3,0.0033333333333333335
1321,candidate_1,candidate_3,candidate_2,3,0.0033333333333333335
1322,candidate_1,candidate_3,candidate_2,3,0.0033333333333333335
1323,candidate_1,candidate_3,candidate_2,3,0.0033333333333333335
1324,candidate_1,candidate_3,candidate_2,3,0.0033333333333333335
1325,candidate_1,candidate_3,candidate_2,3,0.0033333333333333335
1326,candidate_1,candidate_3,candidate_2,3,0.0033333333333333335
1327,candidate_1,candidate_3,candidate_2,3,0.0033333333333333335
1328,candidate_1,candidate_3,candidate_2,3,0.0033333333333333335
1329,candidate_1,candidate_3,0,3,0.0033333333333333335
1330,candidate_1,candidate_3,candidate_2,3,0.0033333333333333335
1331,candidate_1,candidate_3,candidate_2,3,0.0033333333333333335
1332,candidate_1,candidate_3,candidate_2,3,0.0033333333333333335
1333,candidate_1,candidate_3,candidate_2,3,0.0033333333333333335
1334,candidate_1,candidate_3,candidate_2,3,0.0033333333333333335
1335,candidate_1,candidate_3,candidate_2,3,0.0033333333333333335
1336,candidate_1,candidate_3,candidate_2,3,0.0033333333333333335
1337,candidate_1,candidate_3,candidate_2,3,0.0033333333333333335
1338,candidate_1,candidate_3,candidate_2,3,0.0033333333333333335
1339,candidate_1,candidate_3,candidate_2,3,0.0033333333333333335
1340,candidate_1,candidate_3,candidate_2,3,0.0033333333333333335
1341,candidate_1,candidate_3,candidate_2,3,0.0033333333333333335
1342,candidate_1,candidate_3,candidate_2,3,0.0033333333333333335
1343,candidate_1,candidate_3,candidate_2,3,0.0033333333333333335
1344,candidate_1,candidate_3,candidate_2,3,0.0033333333333333335
1345,candidate_1,candidate_3,candidate_2,3,0.0033333333333333335
1346,candidate_1,candidate_3,candidate_2,3,0.0033333333333333335
1347,candidate_1,candidate_3,candidate_2,3,0.0033333333333333335
1348,candidate_1,candidate_3,candidate_2,3,0.0033333333333333335
1349,candidate_1,candidate_3,candidate_2,3,0.0033333333333333335
1350,candidate_1,candidate_3,candidate_2,3,0.0033333333333333335
1351,candidate_1,candidate_3,candidate_2,3,0.0033333333333333335
1352,candidate_1,candidate_3,candidate_2,3,0.0033333333333333335
1353,candidate_1,candidate_3,candidate_2,3,0.0033333333333333335
1354,candidate_1,candidate_3,candidate_2,3,0.0033333333333333335
1355,candidate_1,candidate_3,candidate_2,3,0.0033333333333333335
1356,candidate_1,candidate_3,candidate_2,3,0.0033333333333333335
1357,candidate_1,candidate_3,candidate_2,3,0.0033333333333333335
1358,candidate_1,candidate_3,candidate_2,3,0.0033333333333333335
1359,candidate_1,candidate_3,candidate_2,3,0.0033333333333333335
1360,candidate_1,candidate_3,candidate_2,3,0.0033333333333333335
1361,candidate_1,candidate_3,candidate_2,3,0.0033333333333333335
1362,candidate_1,candidate_3,candidate_2,3,0.0033333333333333335
1363,candidate_1,candidate_3,candidate_2,3,0.0033333333333333335
1364,candidate_1,candidate_3,candidate_2,3,0.0033333333333333335
1365,candidate_1,candidate_3,candidate_2,3,0.0033333333333333335
1366,candidate_1,candidate_3,candidate_2,3,0.0033333333333333335
1367,candidate_1,candidate_3,candidate_2,3,0.0033333333333333335
1368,candidate_1,candidate_3,candidate_2,3,0.0033333333333333335
1369,candidate_1,candidate_3,candidate_2,3,0.0033333333333333335
1370,candidate_1,candidate_3,candidate_2,3,0.0033333333333333335
1371,candidate_1,candidate_3,candidate_2,3,0.0033333333333333335
1372,candidate_1,candidate_3,candidate_2,3,0.0033333333333333335
1373,candidate_1,candidate_3,candidate_2,3,0.0033333333333333335
1374,candidate_1,candidate_3,candidate_2,3,0.0033333333333333335
1375,candidate_1,candidate_3,candidate_2,3,0.0033333333333333335
1376,candidate_1,candidate_3,candidate_2,3,0.0033333333333333335
1377,candidate_1,candidate_3,candidate_2,3,0.0033333333333333335
1378,candidate_1,candidate_3,candidate_2,3,0.0033333333333333335
1379,candidate_1,candidate_3,candidate_2,3,0.0033333333333333335
1380,candidate_1,candidate_3,candidate_2,3,0.0033333333333333335
1381,candidate_1,candidate_3,candidate_2,3,0.0033333333333333335
1382,candidate_1,candidate_3,candidate_2,3,0.0033333333333333335
1383,candidate_1,candidate_3,candidate_2,3,0.0033333333333333335
1384,candidate_1,candidate_3,candidate_2,3,0.0033333333333333335
1385,candidate_1,candidate_3,candidate_2,3,0.0033333333333333335
1386,candidate_1,candidate_3,candidate_2,3,0.0033333333333333335
1387,candidate_1,candidate_3,candidate_2,3,0.0033333333333333335
1388,candidate_1,candidate_3,candidate_2,3,0.0033333333333333335
1389,candidate_1,candidate_3,candidate_2,3,0.0033333333333333335
1390,candidate_1,candidate_3,candidate_2,3,0.0033333333333333335
1391,candidate_1,candidate_3,candidate_2,3,0.0033333333333333335
1392,candidate_1,candidate_3,candidate_2,3,0.0033333333333333335
1393,candidate_1,candidate_3,candidate_2,3,0.0033333333333333335
1394,candidate_1,candidate_3,candidate_2,3,0.0033333333333333335
1395,candidate_1,candidate_3,candidate_2,3,0.0033333333333333335
1396,candidate_1,candidate_3,candidate_2,3,0.0033333333333333335
1397,candidate_1,candidate_3,candidate_2,3,0.0033333333333333335
1398,candidate_1,candidate_3,candidate_2,3,0.0033333333333333335
1399,candidate_1,candidate_3,candidate_2,3,0.0033333333333333335
1400,candidate_1,candidate_3,candidate_2,3,0.0033333333333333335
1401,candidate_1,candidate_3,candidate_2,3,0.0033333333333333335
1402,candidate_1,candidate_3,candidate_2,3,0.0033333333333333335
1403,candidate_1,candidate_3,candidate_2,3,0.0033333333333333335
1404,candidate_1,candidate_3,candidate_2,3,0.0033333333333333335
1405,0,candidate_3,candidate_2,3,0.0033333333333333335
1406,candidate_1,candidate_3,candidate_2,3,0.0033333333333333335
1407,candidate_1,candidate_3,candidate_2,3,0.0033333333333333335
1408,candidate_1,candidate_3,candidate_2,3,0.0033333333333333335
1409,candidate_1,candidate_3,candidate_2,3,0.0033333333333333335
1410,candidate_1,candidate_3,candidate_2,3,0.0033333333333333335
1411,candidate_1,candidate_3,candidate_2,3,0.0033333333333333335
1412,candidate_1,candidate_3,candidate_2,3,0.0033333333333333335
1413,candidate_1,candidate_3,candidate_2,3,0.0033333333333333335
1414,candidate_1,candidate_3,candidate_2,3,0.0033333333333333335
1415,candidate_1,candidate_3,candidate_2,3,0.0033333333333333335
1416,candidate_1,candidate_3,candidate_2,3,0.0033333333333333335
1417,candidate_1,candidate_3,candidate_2,3,0.0033333333333333335
1418,candidate_1,candidate_3,candidate_2,3,0.0033333333333333335
1419,candidate_1,candidate_3,candidate_2,3,0.0033333333333333335
1420,candidate_1,candidate_3,0,3,0.0033333333333333335
1421,candidate_1,candidate_3,candidate_2,3,0.0033333333333333335
1422,candidate_1,candidate_3,candidate_2,3,0.0033333333333333335
1423,candidate_1,candidate_3,candidate_2,3,0.0033333333333333335
1424,candidate_1,candidate_3,candidate_2,3,0.0033333333333333335
1425,candidate_1,candidate_3,candidate_2,3,0.0033333333333333335
1426,candidate_1,candidate_3,candidate_2,3,0.0033333333333333335
1427,candidate_1,candidate_3,candidate_2,3,0.0033333333333333335
1428,candidate_1,candidate_3,candidate_2,3,0.0033333333333333335
1429,candidate_1,candidate_3,candidate_2,3,0.0033333333333333335
1430,candidate_1,candidate_3,candidate_2,3,0.0033333333333333335
1431,candidate_1,candidate_3,candidate_2,3,0.0033333333333333335
1432,candidate_1,candidate_3,candidate_2,3,0.0033333333333333335
1433,candidate_1,candidate_3,candidate_2,3,0.0033333333333333335
1434,candidate_1,candidate_3,candidate_2,3,0.0033333333333333335
1435,candidate_1,candidate_3,candidate_2,3,0.0033333333333333335
1436,candidate_1,candidate_3,candidate_2,3,0.0033333333333333335
1437,candidate_1,candidate_3,candidate_2,3,0.0033333333333333335
1438,candidate_1,candidate_3,candidate_2,3,0.0033333333333333335
1439,candidate_1,candidate_3,candidate_2,3,0.0033333333333333335
1440,candidate_1,candidate_3,candidate_2,3,0.0033333333333333335
1441,candidate_1,candidate_3,candidate_2,3,0.0033333333333333335
1442,candidate_1,candidate_3,candidate_2,3,0.0033333333333333335
1443,candidate_1,candidate_3,candidate_2,3,0.0033333333333333335
1444,candidate_1,candidate_3,candidate_2,3,0.0033333333333333335
1445,candidate_1,candidate_3,candidate_2,3,0.0033333333333333335
1446,candidate_1,candidate_3,candidate_2,3,0.0033333333333333335
1447,candidate_1,candidate_3,candidate_2,3,0.0033333333333333335
1448,candidate_1,candidate_3,candidate_2,3,0.0033333333333333335
1449,candidate_1,candidate_3,candidate_2,3,0.0033333333333333335
1450,candidate_1,candidate_3,candidate_2,3,0.0033333333333333335
1451,candidate_1,candidate_3,candidate_2,3,0.0033333333333333335
1452,candidate_1,candidate_3,candidate_2,3,0.0033333333333333335
1453,candidate_1,candidate_3,candidate_2,3,0.0033333333333333335
1454,candidate_1,candidate_3,candidate_2,3,0.0033333333333333335
1455,candidate_1,candidate_3,candidate_2,3,0.0033333333333333335
1456,candidate_1,candidate_3,candidate_2,3,0.0033333333333333335
1457,candidate_1,candidate_3,candidate_2,3,0.0033333333333333335
1458,candidate_1,candidate_3,candidate_2,3,0.0033333333333333335
1459,candidate_1,candidate_3,candidate_2,3,0.0033333333333333335
1460,candidate_1,candidate_3,candidate_2,3,0.0033333333333333335
1461,candidate_1,candidate_3,candidate_2,3,0.0033333333333333335
1462,candidate_1,candidate_3,candidate_2,3,0.0033333333333333335
1463,candidate_1,candidate_3,candidate_2,3,0.0033333333333333335
1464,candidate_1,candidate_3,candidate_2,3,0.0033333333333333335
1465,candidate_1,candidate_3,candidate_2,3,0.0033333333333333335
1466,candidate_1,candidate_3,candidate_2,3,0.0033333333333333335
1467,candidate_1,candidate_3,candidate_2,3,0.0033333333333333335
1468,candidate_1,candidate_3,candidate_2,3,0.0033333333333333335
1469,candidate_1,candidate_3,candidate_2,3,0.0033333333333333335
1470,candidate_1,candidate_3,candidate_2,3,0.0033333333333333335
1471,candidate_1,candidate_3,candidate_2,3,0.0033333333333333335
1472,candidate_1,candidate_3,candidate_2,3,0.0033333333333333335
1473,candidate_1,candidate_3,candidate_2,3,0.0033333333333333335
1474,candidate_1,candidate_3,candidate_2,3,0.0033333333333333335
1475,candidate_1,candidate_3,candidate_2,3,0.0033333333333333335
1476,candidate_1,candidate_3,candidate_2,3,0.0033333333333333335
1477,candidate_1,candidate_3,candidate_2,3,0.0033333333333333335
1478,candidate_1,candidate_3,candidate_2,3,0.0033333333333333335
1479,candidate_1,candidate_3,candidate_2,3,0.0033333333333333335
1480,candidate_1,candidate_3,candidate_2,3,0.0033333333333333335
1481,candidate_1,candidate_3,candidate_2,3,0.0033333333333333335
1482,candidate_1,candidate_3,candidate_2,3,0.0033333333333333335
1483,candidate_1,candidate_3,candidate_2,3,0.0033333333333333335
1484,candidate_1,candidate_3,candidate_2,3,0.0033333333333333335
1485,candidate_1,candidate_3,candidate_2,3,0.0033333333333333335
1486,candidate_1,candidate_3,candidate_2,3,0.0033333333333333335
1487,candidate_1,candidate_3,candidate_2,3,0.0033333333333333335
1488,candidate_1,candidate_3,candidate_2,3,0.0033333333333333335
1489,candidate_1,candidate_3,candidate_2,3,0.0033333333333333335
1490,candidate_1,candidate_3,candidate_2,3,0.0033333333333333335
1491,candidate_1,candidate_3,candidate_2,3,0.0033333333333333335
1492,candidate_1,candidate_3,candidate_2,3,0.0033333333333333335
1493,candidate_1,candidate_3,candidate_2,3,0.0033333333333333335
1494,candidate_1,candidate_3,candidate_2,3,0.0033333333333333335
1495,candidate_1,candidate_3,candidate_2,3,0.0033333333333333335
1496,candidate_1,candidate_3,candidate_2,3,0.0033333333333333335
1497,candidate_1,candidate_3,candidate_2,3,0.0033333333333333335
1498,candidate_1,candidate_3,candidate_2,3,0.0033333333333333335
1499,candidate_1,candidate_3,candidate_2,3,0.0033333333333333335
1500,candidate_1,candidate_3,candidate_2,3,0.0033333333333333335
1501,candidate_1,candidate_3,candidate_2,3,0.0033333333333333335
1502,candidate_1,candidate_3,candidate_2,3,0.0033333333333333335
1503,candidate_1,candidate_3,candidate_2,3,0.0033333333333333335
1504,candidate_1,candidate_3,candidate_2,3,0.0033333333333333335
1505,candidate_1,candidate_3,candidate_2,3,0.0033333333333333335
1506,candidate_1,candidate_3,candidate_2,3,0.0033333333333333335
1507,candidate_1,candidate_3,candidate_2,3,0.0033333333333333335
1508,candidate_1,candidate_3,candidate_2,3,0.0033333333333333335
1509,candidate_1,candidate_3,candidate_2,3,0.0033333333333333335
1510,candidate_1,candidate_3,candidate_2,3,0.0033333333333333335
1511,candidate_1,candidate_3,candidate_2,3,0.0033333333333333335
1512,candidate_1,candidate_3,candidate_2,3,0.0033333333333333335
1513,candidate_1,candidate_3,candidate_2,3,0.0033333333333333335
1514,candidate_1,candidate_3,candidate_2,3,0.0033333333333333335
1515,candidate_1,candidate_3,candidate_2,3,0.0033333333333333335
1516,candidate_1,candidate_3,candidate_2,3,0.0033333333333333335
1517,candidate_1,candidate_3,candidate_2,3,0.0033333333333333335
1518,candidate_1,candidate_3,candidate_2,3,0.0033333333333333335
1519,candidate_1,candidate_3,candidate_2,3,0.0033333333333333335
1520,candidate_1,candidate_3,candidate_2,3,0.0033333333333333335
1521,candidate_1,candidate_3,candidate_2,3,0.0033333333333333335
1522,candidate_1,candidate_3,candidate_2,3,0.0033333333333333335
1523,candidate_1,candidate_3,candidate_2,3,0.0033333333333333335
1524,candidate_1,candidate_3,candidate_2,3,0.0033333333333333335
1525,candidate_1,candidate_3,candidate_2,3,0.0033333333333333335
1526,candidate_1,candidate_3,candidate_2,3,0.0033333333333333335
1527,candidate_1,candidate_3,candidate_2,3,0.0033333333333333335
1528,candidate_1,candidate_3,candidate_2,3,0.0033333333333333335
1529,candidate_1,candidate_3,candidate_2,3,0.0033333333333333335
1530,candidate_1,candidate_3,candidate_2,3,0.0033333333333333335
1531,candidate_1,candidate_3,candidate_2,3,0.0033333333333333335
1532,candidate_1,candidate_3,candidate_2,3,0.0033333333333333335
1533,candidate_1,candidate_3,candidate_2,3,0.0033333333333333335
1534,candidate_1,candidate_3,candidate_2,3,0.0033333333333333335
1535,candidate_1,candidate_3,candidate_2,3,0.0033333333333333335
1536,candidate_1,candidate_3,candidate_2,3,0.0033333333333333335
1537,candidate_1,candidate_3,candidate_2,3,0.0033333333333333335
1538,candidate_1,candidate_3,candidate_2,3,0.0033333333333333335
1539,candidate_1,candidate_3,candidate_2,3,0.0033333333333333335
1540,candidate_1,candidate_3,candidate_2,3,0.0033333333333333335
1541,candidate_1,candidate_3,candidate_2,3,0.0033333333333333335
1542,candidate_1,candidate_3,candidate_2,3,0.0033333333333333335
1543,candidate_1,candidate_3,candidate_2,3,0.0033333333333333335
1544,candidate_1,candidate_3,candidate_2,3,0.0033333333333333335
1545,candidate_1,candidate_3,candidate_2,3,0.0033333333333333335
1546,candidate_1,candidate_3,candidate_2,3,0.0033333333333333335
1547,candidate_1,candidate_3,candidate_2,3,0.0033333333333333335
1548,candidate_1,candidate_3,candidate_2,3,0.0033333333333333335
1549,candidate_1,candidate_3,candidate_2,3,0.0033333333333333335
1550,candidate_1,candidate_3,candidate_2,3,0.0033333333333333335
1551,candidate_1,candidate_3,candidate_2,3,0.0033333333333333335
1552,candidate_1,candidate_3,candidate_2,3,0.0033333333333333335
1553,candidate_1,candidate_3,candidate_2,3,0.0033333333333333335
1554,candidate_1,candidate_3,candidate_2,3,0.0033333333333333335
1555,candidate_1,candidate_3,candidate_2,3,0.0033333333333333335
1556,candidate_1,candidate_3,candidate_2,3,0.0033333333333333335
1557,candidate_1,candidate_3,candidate_2,3,0.0033333333333333335
1558,candidate_1,candidate_3,candidate_2,3,0.0033333333333333335
1559,candidate_1,candidate_3,candidate_2,3,0.0033333333333333335
1560,candidate_1,candidate_3,candidate_2,3,0.0033333333333333335
1561,candidate_1,candidate_3,candidate_2,3,0.0033333333333333335
1562,candidate_1,candidate_3,candidate_2,3,0.0033333333333333335
1563,candidate_1,candidate_3,candidate_2,3,0.0033333333333333335
1564,candidate_1,candidate_3,candidate_2,3,0.0033333333333333335
1565,candidate_1,candidate_3,candidate_2,3,0.0033333333333333335
1566,candidate_1,candidate_3,candidate_2,3,0.0033333333333333335
1567,candidate_1,candidate_3,candidate_2,3,0.0033333333333333335
1568,candidate_1,candidate_3,candidate_2,3,0.0033333333333333335
1569,candidate_1,candidate_3,candidate_2,3,0.0033333333333333335
1570,candidate_1,candidate_3,candidate_2,3,0.0033333333333333335
1571,candidate_1,candidate_3,candidate_2,3,0.0033333333333333335
1572,candidate_1,candidate_3,candidate_2,3,0.0033333333333333335
1573,candidate_1,candidate_3,candidate_2,3,0.0033333333333333335
1574,candidate_1,candidate_3,candidate_2,3,0.0033333333333333335
1575,candidate_1,candidate_3,candidate_2,3,0.0033333333333333335
1576,candidate_1,candidate_3,candidate_2,3,0.0033333333333333335
1577,candidate_1,candidate_3,candidate_2,3,0.0033333333333333335
1578,candidate_1,candidate_3,candidate_2,3,0.0033333333333333335
1579,candidate_1,candidate_3,candidate_2,3,0.0033333333333333335
1580,candidate_1,candidate_3,candidate_2,3,0.0033333333333333335
1581,candidate_1,candidate_3,candidate_2,3,0.0033333333333333335
1582,candidate_1,candidate_3,candidate_2,3,0.0033333333333333335
1583,candidate_1,candidate_3,candidate_2,3,0.0033333333333333335
1584,candidate_1,candidate_3,candidate_2,3,0.0033333333333333335
1585,candidate_1,candidate_3,candidate_2,3,0.0033333333333333335
1586,candidate_1,candidate_3,candidate_2,3,0.0033333333333333335
1587,candidate_1,candidate_3,candidate_2,3,0.0033333333333333335
1588,candidate_1,candidate_3,candidate_2,3,0.0033333333333333335
1589,candidate_1,candidate_3,candidate_2,3,0.0033333333333333335
1590,candidate_1,candidate_3,candidate_2,3,0.0033333333333333335
1591,candidate_1,candidate_3,candidate_2,3,0.0033333333333333335
1592,candidate_1,candidate_3,candidate_2,3,0.0033333333333333335
1593,candidate_1,candidate_3,candidate_2,3,0.0033333333333333335
1594,candidate_1,candidate_3,candidate_2,3,0.0033333333333333335
1595,candidate_1,candidate_3,candidate_2,3,0.0033333333333333335
1596,candidate_1,candidate_3,0,3,0.0033333333333333335
1597,candidate_1,candidate_3,candidate_2,3,0.0033333333333333335
1598,candidate_1,candidate_3,candidate_2,3,0.0033333333333333335
1599,candidate_1,candidate_3,candidate_2,3,0.0033333333333333335
1600,candidate_1,candidate_3,candidate_2,3,0.0033333333333333335
1601,candidate_1,candidate_3,candidate_2,3,0.0033333333333333335
1602,candidate_1,candidate_3,candidate_2,3,0.0033333333333333335
1603,candidate_1,candidate_3,candidate_2,3,0.0033333333333333335
1604,candidate_1,candidate_3,candidate_2,3,0.0033333333333333335
1605,candidate_1,candidate_3,candidate_2,3,0.0033333333333333335
1606,candidate_1,candidate_3,candidate_2,3,0.0033333333333333335
1607,candidate_1,candidate_3,candidate_2,3,0.0033333333333333335
1608,candidate_1,candidate_3,candidate_2,3,0.0033333333333333335
1609,candidate_1,candidate_3,candidate_2,3,0.0033333333333333335
1610,candidate_1,candidate_3,candidate_2,3,0.0033333333333333335
1611,candidate_1,candidate_3,candidate_2,3,0.0033333333333333335
1612,candidate_1,candidate_3,candidate_2,3,0.0033333333333333335
1613,candidate_1,candidate_3,candidate_2,3,0.0033333333333333335
1614,candidate_1,candidate_3,candidate_2,3,0.0033333333333333335
1615,candidate_1,candidate_3,candidate_2,3,0.0033333333333333335
1616,candidate_1,candidate_3,candidate_2,3,0.0033333333333333335
1617,candidate_1,candidate_3,candidate_2,3,0.0033333333333333335
1618,candidate_1,candidate_3,candidate_2,3,0.0033333333333333335
1619,candidate_1,candidate_3,candidate_2,3,0.0033333333333333335
1620,candidate_1,candidate_3,candidate_2,3,0.0033333333333333335
1621,candidate_1,candidate_3,candidate_2,3,0.0033333333333333335
1622,candidate_1,candidate_3,candidate_2,3,0.0033333333333333335
1623,candidate_1,candidate_3,candidate_2,3,0.0033333333333333335
1624,candidate_1,candidate_3,candidate_2,3,0.0033333333333333335
1625,candidate_1,candidate_3,candidate_2,3,0.0033333333333333335
1626,candidate_1,candidate_3,candidate_2,3,0.0033333333333333335
1627,candidate_1,candidate_3,candidate_2,3,0.0033333333333333335
1628,candidate_1,candidate_3,candidate_2,3,0.0033333333333333335
1629,candidate_1,candidate_3,candidate_2,3,0.0033333333333333335
1630,candidate_1,candidate_3,candidate_2,3,0.0033333333333333335
1631,candidate_1,candidate_3,candidate_2,3,0.0033333333333333335
1632,candidate_1,candidate_3,candidate_2,3,0.0033333333333333335
1633,candidate_1,candidate_3,candidate_2,3,0.0033333333333333335
1634,candidate_1,candidate_3,candidate_2,3,0.0033333333333333335
1635,candidate_1,candidate_3,candidate_2,3,0.0033333333333333335
1636,candidate_1,candidate_3,candidate_2,3,0.0033333333333333335
1637,candidate_1,candidate_3,candidate_2,3,0.0033333333333333335
1638,candidate_1,candidate_3,candidate_2,3,0.0033333333333333335
1639,candidate_1,candidate_3,candidate_2,3,0.0033333333333333335
1640,candidate_1,candidate_3,candidate_2,3,0.0033333333333333335
1641,candidate_1,candidate_3,candidate_2,3,0.0033333333333333335
1642,candidate_1,candidate_3,candidate_2,3,0.0033333333333333335
1643,candidate_1,candidate_3,candidate_2,3,0.0033333333333333335
1644,candidate_1,candidate_3,candidate_2,3,0.0033333333333333335
1645,candidate_1,candidate_3,candidate_2,3,0.0033333333333333335
1646,candidate_1,candidate_3,candidate_2,3,0.0033333333333333335
1647,candidate_1,candidate_3,candidate_2,3,0.0033333333333333335
1648,candidate_1,candidate_3,candidate_2,3,0.0033333333333333335
1649,candidate_1,candidate_3,candidate_2,3,0.0033333333333333335
1650,candidate_1,candidate_3,candidate_2,3,0.0033333333333333335
1651,candidate_1,candidate_3,candidate_2,3,0.0033333333333333335
1652,candidate_1,candidate_3,candidate_2,3,0.0033333333333333335
1653,candidate_1,candidate_3,candidate_2,3,0.0033333333333333335
1654,candidate_1,candidate_3,candidate_2,3,0.0033333333333333335
1655,candidate_1,candidate_3,candidate_2,3,0.0033333333333333335
1656,candidate_1,candidate_3,candidate_2,3,0.0033333333333333335
1657,candidate_1,candidate_3,candidate_2,3,0.0033333333333333335
1658,candidate_1,candidate_3,candidate_2,3,0.0033333333333333335
1659,candidate_1,candidate_3,candidate_2,3,0.0033333333333333335
1660,candidate_1,candidate_3,candidate_2,3,0.0033333333333333335
1661,candidate_1,candidate_3,candidate_2,3,0.0033333333333333335
1662,candidate_1,candidate_3,candidate_2,3,0.0033333333333333335
1663,candidate_1,candidate_3,candidate_2,3,0.0033333333333333335
1664,candidate_1,candidate_3,candidate_2,3,0.0033333333333333335
1665,candidate_1,candidate_3,candidate_2,3,0.0033333333333333335
1666,candidate_1,candidate_3,candidate_2,3,0.0033333333333333335
1667,candidate_1,candidate_3,candidate_2,3,0.0033333333333333335
1668,candidate_1,candidate_3,candidate_2,3,0.0033333333333333335
1669,candidate_1,candidate_3,candidate_2,3,0.0033333333333333335
1670,candidate_1,candidate_3,candidate_2,3,0.0033333333333333335
1671,candidate_1,candidate_3,candidate_2,3,0.0033333333333333335
1672,candidate_1,candidate_3,candidate_2,3,0.0033333333333333335
1673,candidate_1,candidate_3,candidate_2,3,0.0033333333333333335
1674,candidate_1,candidate_3,candidate_2,3,0.0033333333333333335
1675,candidate_1,candidate_3,candidate_2,3,0.0033333333333333335
1676,candidate_1,candidate_3,candidate_2,3,0.0033333333333333335
1677,candidate_1,candidate_3,candidate_2,3,0.0033333333333333335
1678,candidate_1,candidate_3,candidate_2,3,0.0033333333333333335
1679,candidate_1,candidate_3,candidate_2,3,0.0033333333333333335
1680,candidate_1,candidate_3,candidate_2,3,0.0033333333333333335
1681,candidate_1,candidate_3,candidate_2,3,0.0033333333333333335
1682,candidate_1,candidate_3,candidate_2,3,0.0033333333333333335
1683,candidate_1,candidate_3,candidate_2,3,0.0033333333333333335
1684,candidate_1,candidate_3,candidate_2,3,0.0033333333333333335
1685,candidate_1,candidate_3,candidate_2,3,0.0033333333333333335
1686,candidate_1,candidate_3,candidate_2,3,0.0033333333333333335
1687,candidate_1,candidate_3,candidate_2,3,0.0033333333333333335
1688,candidate_1,candidate_3,candidate_2,3,0.0033333333333333335
1689,0,candidate_3,candidate_2,3,0.0033333333333333335
1690,candidate_1,candidate_3,candidate_2,3,0.0033333333333333335
1691,candidate_1,candidate_3,candidate_2,3,0.0033333333333333335
1692,candidate_1,candidate_3,candidate_2,3,0.0033333333333333335
1693,candidate_1,candidate_3,candidate_2,3,0.0033333333333333335
1694,candidate_1,candidate_3,candidate_2,3,0.0033333333333333335
1695,candidate_1,candidate_3,candidate_2,3,0.0033333333333333335
1696,candidate_1,candidate_3,candidate_2,3,0.0033333333333333335
1697,candidate_1,candidate_3,candidate_2,3,0.0033333333333333335
1698,0,candidate_3,candidate_2,3,0.0033333333333333335
1699,candidate_1,candidate_3,candidate_2,3,0.0033333333333333335
1700,candidate_1,candidate_3,candidate_2,3,0.0033333333333333335
1701,candidate_1,candidate_3,candidate_2,3,0.0033333333333333335
1702,candidate_1,candidate_3,candidate_2,3,0.0033333333333333335
1703,candidate_1,candidate_3,candidate_2,3,0.0033333333333333335
1704,candidate_1,candidate_3,candidate_2,3,0.0033333333333333335
1705,candidate_1,candidate_3,candidate_2,3,0.0033333333333333335
1706,candidate_1,candidate_3,candidate_2,3,0.0033333333333333335
1707,candidate_1,candidate_3,candidate_2,3,0.0033333333333333335
1708,candidate_1,candidate_3,candidate_2,3,0.0033333333333333335
1709,candidate_1,candidate_3,candidate_2,3,0.0033333333333333335
1710,candidate_1,candidate_3,candidate_2,3,0.0033333333333333335
1711,candidate_1,candidate_3,candidate_2,3,0.0033333333333333335
1712,candidate_1,candidate_3,candidate_2,3,0.0033333333333333335
1713,candidate_1,candidate_3,candidate_2,3,0.0033333333333333335
1714,candidate_1,candidate_3,candidate_2,3,0.0033333333333333335
1715,candidate_1,candidate_3,candidate_2,3,0.0033333333333333335
1716,candidate_1,candidate_3,candidate_2,3,0.0033333333333333335
1717,candidate_1,candidate_3,candidate_2,3,0.0033333333333333335
1718,candidate_1,candidate_3,candidate_2,3,0.0033333333333333335
1719,candidate_1,candidate_3,candidate_2,3,0.0033333333333333335
1720,candidate_1,candidate_3,candidate_2,3,0.0033333333333333335
1721,candidate_1,candidate_3,candidate_2,3,0.0033333333333333335
1722,candidate_1,candidate_3,candidate_2,3,0.0033333333333333335
1723,candidate_1,candidate_3,candidate_2,3,0.0033333333333333335
1724,candidate_1,candidate_3,candidate_2,3,0.0033333333333333335
1725,candidate_1,candidate_3,candidate_2,3,0.0033333333333333335
1726,candidate_1,candidate_3,candidate_2,3,0.0033333333333333335
1727,candidate_1,candidate_3,candidate_2,3,0.0033333333333333335
1728,candidate_1,candidate_3,candidate_2,3,0.0033333333333333335
1729,candidate_1,candidate_3,candidate_2,3,0.0033333333333333335
1730,candidate_1,candidate_3,candidate_2,3,0.0033333333333333335
1731,candidate_1,candidate_3,candidate_2,3,0.0033333333333333335
1732,candidate_1,candidate_3,candidate_2,3,0.0033333333333333335
1733,candidate_1,candidate_3,candidate_2,3,0.0033333333333333335
1734,candidate_1,candidate_3,candidate_2,3,0.0033333333333333335
1735,candidate_1,candidate_3,candidate_2,3,0.0033333333333333335
1736,candidate_1,candidate_3,candidate_2,3,0.0033333333333333335
1737,candidate_1,candidate_3,candidate_2,3,0.0033333333333333335
1738,candidate_1,candidate_3,candidate_2,3,0.0033333333333333335
1739,candidate_1,candidate_3,candidate_2,3,0.0033333333333333335
1740,candidate_1,candidate_3,candidate_2,3,0.0033333333333333335
1741,candidate_1,candidate_3,candidate_2,3,0.0033333333333333335
1742,candidate_1,candidate_3,candidate_2,3,0.0033333333333333335
1743,candidate_1,candidate_3,candidate_2,3,0.0033333333333333335
1744,candidate_1,candidate_3,candidate_2,3,0.0033333333333333335
1745,candidate_1,candidate_3,candidate_2,3,0.0033333333333333335
1746,candidate_1,candidate_3,candidate_2,3,0.0033333333333333335
1747,candidate_1,candidate_3,candidate_2,3,0.0033333333333333335
1748,candidate_1,candidate_3,candidate_2,3,0.0033333333333333335
1749,candidate_1,candidate_3,candidate_2,3,0.0033333333333333335
1750,candidate_1,candidate_3,candidate_2,3,0.0033333333333333335
1751,candidate_1,candidate_3,candidate_2,3,0.0033333333333333335
1752,candidate_1,candidate_3,candidate_2,3,0.0033333333333333335
1753,candidate_1,candidate_3,candidate_2,3,0.0033333333333333335
1754,candidate_1,candidate_3,candidate_2,3,0.0033333333333333335
1755,candidate_1,candidate_3,candidate_2,3,0.0033333333333333335
1756,candidate_1,candidate_3,candidate_2,3,0.0033333333333333335
1757,candidate_1,candidate_3,candidate_2,3,0.0033333333333333335
1758,candidate_1,candidate_3,candidate_2,3,0.0033333333333333335
1759,candidate_1,candidate_3,candidate_2,3,0.0033333333333333335
1760,candidate_1,candidate_3,candidate_2,3,0.0033333333333333335
1761,candidate_1,candidate_3,candidate_2,3,0.0033333333333333335
1762,candidate_1,candidate_3,candidate_2,3,0.0033333333333333335
1763,candidate_1,candidate_3,candidate_2,3,0.0033333333333333335
1764,candidate_1,candidate_3,candidate_2,3,0.0033333333333333335
1765,candidate_1,candidate_3,candidate_2,3,0.0033333333333333335
1766,candidate_1,candidate_3,candidate_2,3,0.0033333333333333335
1767,candidate_1,candidate_3,candidate_2,3,0.0033333333333333335
1768,candidate_1,candidate_3,candidate_2,3,0.0033333333333333335
1769,candidate_1,candidate_3,candidate_2,3,0.0033333333333333335
1770,candidate_1,candidate_3,candidate_2,3,0.0033333333333333335
1771,candidate_1,candidate_3,candidate_2,3,0.0033333333333333335
1772,candidate_1,candidate_3,candidate_2,3,0.0033333333333333335
1773,candidate_1,candidate_3,candidate_2,3,0.0033333333333333335
1774,candidate_1,candidate_3,candidate_2,3,0.0033333333333333335
1775,candidate_1,candidate_3,candidate_2,3,0.0033333333333333335
1776,candidate_1,candidate_3,candidate_2,3,0.0033333333333333335
1777,candidate_1,candidate_3,candidate_2,3,0.0033333333333333335
1778,candidate_1,candidate_3,candidate_2,3,0.0033333333333333335
1779,candidate_1,candidate_3,candidate_2,3,0.0033333333333333335
1780,candidate_1,candidate_3,candidate_2,3,0.0033333333333333335
1781,candidate_1,candidate_3,candidate_2,3,0.0033333333333333335
1782,candidate_1,candidate_3,candidate_2,3,0.0033333333333333335
1783,candidate_1,candidate_3,candidate_2,3,0.0033333333333333335
1784,candidate_1,candidate_3,candidate_2,3,0.0033333333333333335
1785,candidate_1,candidate_3,candidate_2,3,0.0033333333333333335
1786,candidate_1,candidate_3,candidate_2,3,0.0033333333333333335
1787,candidate_1,candidate_3,candidate_2,3,0.0033333333333333335
1788,candidate_1,candidate_3,candidate_2,3,0.0033333333333333335
1789,candidate_1,candidate_3,candidate_2,3,0.0033333333333333335
1790,candidate_1,candidate_3,candidate_2,3,0.0033333333333333335
1791,candidate_1,candidate_3,candidate_2,3,0.0033333333333333335
1792,candidate_1,candidate_3,candidate_2,3,0.0033333333333333335
1793,candidate_1,candidate_3,candidate_2,3,0.0033333333333333335
1794,candidate_1,candidate_3,candidate_2,3,0.0033333333333333335
1795,candidate_1,candidate_3,candidate_2,3,0.0033333333333333335
1796,candidate_1,candidate_3,candidate_2,3,0.0033333333333333335
1797,candidate_1,candidate_3,candidate_2,3,0.0033333333333333335
1798,candidate_1,candidate_3,candidate_2,3,0.0033333333333333335
1799,candidate_1,candidate_3,candidate_2,3,0.0033333333333333335
1800,candidate_1,candidate_3,candidate_2,3,0.0033333333333333335
1801,candidate_1,candidate_3,candidate_2,3,0.0033333333333333335
1802,candidate_1,candidate_3,candidate_2,3,0.0033333333333333335
1803,candidate_1,candidate_3,candidate_2,3,0.0033333333333333335
1804,candidate_1,candidate_3,candidate_2,3,0.0033333333333333335
1805,candidate_1,candidate_3,candidate_2,3,0.0033333333333333335
1806,candidate_1,candidate_3,candidate_2,3,0.0033333333333333335
1807,candidate_1,candidate_3,candidate_2,3,0.0033333333333333335
1808,candidate_1,candidate_3,candidate_2,3,0.0033333333333333335
1809,candidate_1,candidate_3,candidate_2,3,0.0033333333333333335
1810,candidate_1,candidate_3,candidate_2,3,0.0033333333333333335
1811,candidate_1,candidate_3,candidate_2,3,0.0033333333333333335
1812,candidate_1,candidate_3,candidate_2,3,0.0033333333333333335
1813,candidate_1,candidate_3,candidate_2,3,0.0033333333333333335
1814,candidate_1,candidate_3,candidate_2,3,0.0033333333333333335
1815,candidate_1,candidate_3,candidate_2,3,0.0033333333333333335
1816,candidate_1,candidate_3,candidate_2,3,0.0033333333333333335
1817,candidate_1,candidate_3,candidate_2,3,0.0033333333333333335
1818,candidate_1,candidate_3,candidate_2,3,0.0033333333333333335
1819,candidate_1,candidate_3,candidate_2,3,0.0033333333333333335
1820,candidate_1,candidate_3,candidate_2,3,0.0033333333333333335
1821,candidate_1,candidate_3,candidate_2,3,0.0033333333333333335
1822,candidate_1,candidate_3,candidate_2,3,0.0033333333333333335
1823,candidate_1,candidate_3,candidate_2,3,0.0033333333333333335
1824,candidate_1,candidate_3,candidate_2,3,0.0033333333333333335
1825,candidate_1,candidate_3,0,3,0.0033333333333333335
1826,candidate_1,candidate_3,candidate_2,3,0.0033333333333333335
1827,candidate_1,candidate_3,candidate_2,3,0.0033333333333333335
1828,candidate_1,candidate_3,candidate_2,3,0.0033333333333333335
1829,candidate_1,candidate_3,candidate_2,3,0.0033333333333333335
1830,candidate_1,candidate_3,candidate_2,3,0.0033333333333333335
1831,candidate_1,candidate_3,candidate_2,3,0.0033333333333333335
1832,candidate_1,candidate_3,candidate_2,3,0.0033333333333333335
1833,candidate_1,candidate_3,candidate_2,3,0.0033333333333333335
1834,candidate_1,candidate_3,candidate_2,3,0.0033333333333333335
1835,candidate_1,candidate_3,candidate_2,3,0.0033333333333333335
1836,candidate_1,candidate_3,candidate_2,3,0.0033333333333333335
1837,candidate_1,candidate_3,candidate_2,3,0.0033333333333333335
1838,candidate_1,candidate_3,candidate_2,3,0.0033333333333333335
1839,candidate_1,candidate_3,candidate_2,3,0.0033333333333333335
1840,candidate_1,candidate_3,candidate_2,3,0.0033333333333333335
1841,candidate_1,candidate_3,candidate_2,3,0.0033333333333333335
1842,candidate_1,candidate_3,candidate_2,3,0.0033333333333333335
1843,candidate_1,candidate_3,candidate_2,3,0.0033333333333333335
1844,candidate_1,candidate_3,candidate_2,3,0.0033333333333333335
1845,candidate_1,candidate_3,candidate_2,3,0.0033333333333333335
1846,candidate_1,candidate_3,candidate_2,3,0.0033333333333333335
1847,candidate_1,candidate_3,candidate_2,3,0.0033333333333333335
1848,candidate_1,candidate_3,candidate_2,3,0.0033333333333333335
1849,candidate_1,candidate_3,candidate_2,3,0.0033333333333333335
1850,candidate_1,candidate_3,candidate_2,3,0.0033333333333333335
1851,candidate_1,candidate_3,candidate_2,3,0.0033333333333333335
1852,candidate_1,candidate_3,candidate_2,3,0.0033333333333333335
1853,candidate_1,candidate_3,candidate_2,3,0.0033333333333333335
1854,candidate_1,candidate_3,candidate_2,3,0.0033333333333333335
1855,candidate_1,candidate_3,candidate_2,3,0.0033333333333333335
1856,candidate_1,candidate_3,candidate_2,3,0.0033333333333333335
1857,candidate_1,candidate_3,candidate_2,3,0.0033333333333333335
1858,candidate_1,candidate_3,candidate_2,3,0.0033333333333333335
1859,candidate_1,candidate_3,candidate_2,3,0.0033333333333333335
1860,candidate_1,candidate_3,candidate_2,3,0.0033333333333333335
1861,candidate_1,candidate_3,candidate_2,3,0.0033333333333333335
1862,candidate_1,candidate_3,candidate_2,3,0.0033333333333333335
1863,candidate_1,candidate_3,candidate_2,3,0.0033333333333333335
1864,candidate_1,candidate_3,candidate_2,3,0.0033333333333333335
1865,candidate_1,candidate_3,candidate_2,3,0.0033333333333333335
1866,candidate_1,candidate_3,candidate_2,3,0.0033333333333333335
1867,candidate_1,candidate_3,candidate_2,3,0.0033333333333333335
1868,candidate_1,candidate_3,candidate_2,3,0.0033333333333333335
1869,candidate_1,candidate_3,candidate_2,3,0.0033333333333333335
1870,candidate_1,candidate_3,0,3,0.0033333333333333335
1871,candidate_1,candidate_3,candidate_2,3,0.0033333333333333335
1872,candidate_1,candidate_3,candidate_2,3,0.0033333333333333335
1873,candidate_1,candidate_3,candidate_2,3,0.0033333333333333335
1874,candidate_1,candidate_3,candidate_2,3,0.0033333333333333335
1875,candidate_1,candidate_3,candidate_2,3,0.0033333333333333335
1876,candidate_1,candidate_3,candidate_2,3,0.0033333333333333335
1877,candidate_1,candidate_3,candidate_2,3,0.0033333333333333335
1878,candidate_1,candidate_3,candidate_2,3,0.0033333333333333335
1879,candidate_1,candidate_3,candidate_2,3,0.0033333333333333335
1880,candidate_1,candidate_3,candidate_2,3,0.0033333333333333335
1881,candidate_1,candidate_3,candidate_2,3,0.0033333333333333335
1882,candidate_1,candidate_3,candidate_2,3,0.0033333333333333335
1883,candidate_1,candidate_3,candidate_2,3,0.0033333333333333335
1884,candidate_1,candidate_3,candidate_2,3,0.0033333333333333335
1885,candidate_1,candidate_3,candidate_2,3,0.0033333333333333335
1886,candidate_1,candidate_3,candidate_2,3,0.0033333333333333335
1887,candidate_1,candidate_3,candidate_2,3,0.0033333333333333335
1888,candidate_1,candidate_3,candidate_2,3,0.0033333333333333335
1889,candidate_1,candidate_3,candidate_2,3,0.0033333333333333335
1890,candidate_1,candidate_3,candidate_2,3,0.0033333333333333335
1891,0,candidate_3,candidate_2,3,0.0033333333333333335
1892,candidate_1,candidate_3,candidate_2,3,0.0033333333333333335
1893,candidate_1,candidate_3,candidate_2,3,0.0033333333333333335
1894,candidate_1,candidate_3,candidate_2,3,0.0033333333333333335
1895,candidate_1,candidate_3,candidate_2,3,0.0033333333333333335
1896,candidate_1,candidate_3,candidate_2,3,0.0033333333333333335
1897,candidate_1,candidate_3,candidate_2,3,0.0033333333333333335
1898,candidate_1,candidate_3,candidate_2,3,0.0033333333333333335
1899,candidate_1,candidate_3,candidate_2,3,0.0033333333333333335
1900,candidate_1,candidate_3,candidate_2,3,0.0033333333333333335
1901,candidate_1,candidate_3,candidate_2,3,0.0033333333333333335
1902,candidate_1,candidate_3,candidate_2,3,0.0033333333333333335
1903,candidate_1,candidate_3,candidate_2,3,0.0033333333333333335
1904,candidate_1,candidate_3,candidate_2,3,0.0033333333333333335
1905,candidate_1,candidate_3,candidate_2,3,0.0033333333333333335
1906,candidate_1,candidate_3,candidate_2,3,0.0033333333333333335
1907,candidate_1,candidate_3,candidate_2,3,0.0033333333333333335
1908,candidate_1,candidate_3,candidate_2,3,0.0033333333333333335
1909,candidate_1,candidate_3,candidate_2,3,0.0033333333333333335
1910,candidate_1,candidate_3,candidate_2,3,0.0033333333333333335
1911,candidate_1,candidate_3,candidate_2,3,0.0033333333333333335
1912,candidate_1,candidate_3,candidate_2,3,0.0033333333333333335
1913,candidate_1,candidate_3,candidate_2,3,0.0033333333333333335
1914,candidate_1,candidate_3,candidate_2,3,0.0033333333333333335
1915,candidate_1,candidate_3,candidate_2,3,0.0033333333333333335
1916,candidate_1,candidate_3,candidate_2,3,0.0033333333333333335
1917,candidate_1,candidate_3,candidate_2,3,0.0033333333333333335
1918,candidate_1,candidate_3,candidate_2,3,0.0033333333333333335
1919,candidate_1,candidate_3,candidate_2,3,0.0033333333333333335
1920,candidate_1,candidate_3,candidate_2,3,0.0033333333333333335
1921,candidate_1,candidate_3,candidate_2,3,0.0033333333333333335
1922,candidate_1,candidate_3,candidate_2,3,0.0033333333333333335
1923,candidate_1,candidate_3,candidate_2,3,0.0033333333333333335
1924,candidate_1,candidate_3,candidate_2,3,0.0033333333333333335
1925,candidate_1,candidate_3,candidate_2,3,0.0033333333333333335
1926,candidate_1,candidate_3,candidate_2,3,0.0033333333333333335
1927,candidate_1,candidate_3,candidate_2,3,0.0033333333333333335
1928,candidate_1,candidate_3,candidate_2,3,0.0033333333333333335
1929,candidate_1,candidate_3,candidate_2,3,0.0033333333333333335
1930,candidate_1,candidate_3,candidate_2,3,0.0033333333333333335
1931,candidate_1,candidate_3,candidate_2,3,0.0033333333333333335
1932,candidate_1,candidate_3,candidate_2,3,0.0033333333333333335
1933,candidate_1,candidate_3,candidate_2,3,0.0033333333333333335
1934,candidate_1,candidate_3,candidate_2,3,0.0033333333333333335
1935,candidate_1,candidate_3,candidate_2,3,0.0033333333333333335
1936,candidate_1,candidate_3,candidate_2,3,0.0033333333333333335
1937,candidate_1,candidate_3,candidate_2,3,0.0033333333333333335
1938,candidate_1,candidate_3,candidate_2,3,0.0033333333333333335
1939,candidate_1,candidate_3,candidate_2,3,0.0033333333333333335
1940,candidate_1,candidate_3,candidate_2,3,0.0033333333333333335
1941,candidate_1,candidate_3,candidate_2,3,0.0033333333333333335
1942,candidate_1,candidate_3,candidate_2,3,0.0033333333333333335
1943,candidate_1,candidate_3,candidate_2,3,0.0033333333333333335
1944,candidate_1,candidate_3,candidate_2,3,0.0033333333333333335
1945,candidate_1,candidate_3,candidate_2,3,0.0033333333333333335
1946,candidate_1,candidate_3,candidate_2,3,0.0033333333333333335
1947,candidate_1,candidate_3,candidate_2,3,0.0033333333333333335
1948,candidate_1,candidate_3,candidate_2,3,0.0033333333333333335
1949,candidate_1,candidate_3,candidate_2,3,0.0033333333333333335
1950,candidate_1,candidate_3,candidate_2,3,0.0033333333333333335
1951,candidate_1,candidate_3,candidate_2,3,0.0033333333333333335
1952,candidate_1,candidate_3,candidate_2,3,0.0033333333333333335
1953,candidate_1,candidate_3,candidate_2,3,0.0033333333333333335
1954,candidate_1,candidate_3,candidate_2,3,0.0033333333333333335
1955,candidate_1,candidate_3,candidate_2,3,0.0033333333333333335
1956,candidate_1,candidate_3,candidate_2,3,0.0033333333333333335
1957,candidate_1,candidate_3,candidate_2,3,0.0033333333333333335
1958,candidate_1,candidate_3,candidate_2,3,0.0033333333333333335
1959,candidate_1,0,candidate_2,3,0.0033333333333333335
1960,candidate_1,candidate_3,candidate_2,3,0.0033333333333333335
1961,candidate_1,candidate_3,candidate_2,3,0.0033333333333333335
1962,candidate_1,candidate_3,candidate_2,3,0.0033333333333333335
1963,candidate_1,candidate_3,candidate_2,3,0.0033333333333333335
1964,candidate_1,candidate_3,candidate_2,3,0.0033333333333333335
1965,candidate_1,candidate_3,candidate_2,3,0.0033333333333333335
1966,candidate_1,candidate_3,candidate_2,3,0.0033333333333333335
1967,candidate_1,candidate_3,candidate_2,3,0.0033333333333333335
1968,candidate_1,candidate_3,candidate_2,3,0.0033333333333333335
1969,candidate_1,candidate_3,candidate_2,3,0.0033333333333333335
1970,candidate_1,candidate_3,candidate_2,3,0.0033333333333333335
1971,candidate_1,candidate_3,candidate_2,3,0.0033333333333333335
1972,candidate_1,candidate_3,candidate_2,3,0.0033333333333333335
1973,candidate_1,candidate_3,candidate_2,3,0.0033333333333333335
1974,candidate_1,candidate_3,candidate_2,3,0.0033333333333333335
1975,candidate_1,candidate_3,candidate_2,3,0.0033333333333333335
1976,candidate_1,candidate_3,candidate_2,3,0.0033333333333333335
1977,candidate_1,candidate_3,candidate_2,3,0.0033333333333333335
1978,candidate_1,candidate_3,candidate_2,3,0.0033333333333333335
1979,candidate_1,candidate_3,candidate_2,3,0.0033333333333333335
1980,candidate_1,candidate_3,candidate_2,3,0.0033333333333333335
1981,candidate_1,candidate_3,candidate_2,3,0.0033333333333333335
1982,candidate_1,candidate_3,candidate_2,3,0.0033333333333333335
1983,candidate_1,candidate_3,candidate_2,3,0.0033333333333333335
1984,candidate_1,candidate_3,candidate_2,3,0.0033333333333333335
1985,candidate_1,candidate_3,candidate_2,3,0.0033333333333333335
1986,candidate_1,candidate_3,candidate_2,3,0.0033333333333333335
1987,candidate_1,candidate_3,candidate_2,3,0.0033333333333333335
1988,candidate_1,candidate_3,candidate_2,3,0.0033333333333333335
1989,candidate_1,candidate_3,candidate_2,3,0.0033333333333333335
1990,candidate_1,candidate_3,candidate_2,3,0.0033333333333333335
1991,candidate_1,candidate_3,candidate_2,3,0.0033333333333333335
1992,candidate_1,candidate_3,candidate_2,3,0.0033333333333333335
1993,candidate_1,candidate_3,candidate_2,3,0.0033333333333333335
1994,candidate_1,candidate_3,candidate_2,3,0.0033333333333333335
1995,candidate_1,candidate_3,candidate_2,3,0.0033333333333333335
1996,candidate_1,candidate_3,candidate_2,3,0.0033333333333333335
1997,candidate_1,candidate_3,candidate_2,3,0.0033333333333333335
1998,candidate_1,candidate_3,candidate_2,3,0.0033333333333333335
1999,candidate_1,candidate_3,candidate_2,3,0.0033333333333333335
2000,candidate_1,candidate_3,candidate_2,3,0.0033333333333333335
2001,candidate_1,candidate_3,candidate_2,3,0.0033333333333333335
2002,candidate_1,candidate_3,candidate_2,3,0.0033333333333333335
2003,candidate_1,candidate_3,candidate_2,3,0.0033333333333333335
2004,candidate_1,candidate_3,candidate_2,3,0.0033333333333333335
2005,candidate_1,candidate_3,candidate_2,3,0.0033333333333333335
2006,candidate_1,candidate_3,candidate_2,3,0.0033333333333333335
2007,candidate_1,candidate_3,candidate_2,3,0.0033333333333333335
2008,candidate_1,candidate_3,candidate_2,3,0.0033333333333333335
2009,candidate_1,candidate_3,candidate_2,3,0.0033333333333333335
2010,candidate_1,candidate_3,candidate_2,3,0.0033333333333333335
2011,candidate_1,candidate_3,candidate_2,3,0.0033333333333333335
2012,candidate_1,candidate_3,candidate_2,3,0.0033333333333333335
2013,candidate_1,candidate_3,candidate_2,3,0.0033333333333333335
2014,candidate_1,candidate_3,candidate_2,3,0.0033333333333333335
2015,candidate_1,candidate_3,candidate_2,3,0.0033333333333333335
2016,candidate_1,candidate_3,candidate_2,3,0.0033333333333333335
2017,candidate_1,candidate_3,candidate_2,3,0.0033333333333333335
2018,candidate_1,candidate_3,candidate_2,3,0.0033333333333333335
2019,candidate_1,candidate_3,candidate_2,3,0.0033333333333333335
2020,candidate_1,candidate_3,candidate_2,3,0.0033333333333333335
2021,candidate_1,candidate_3,candidate_2,3,0.0033333333333333335
2022,candidate_1,candidate_3,candidate_2,3,0.0033333333333333335
2023,candidate_1,candidate_3,candidate_2,3,0.0033333333333333335
2024,candidate_1,candidate_3,candidate_2,3,0.0033333333333333335
2025,candidate_1,candidate_3,candidate_2,3,0.0033333333333333335
2026,candidate_1,candidate_3,candidate_2,3,0.0033333333333333335
2027,candidate_1,candidate_3,candidate_2,3,0.0033333333333333335
2028,candidate_1,candidate_3,candidate_2,3,0.0033333333333333335
2029,candidate_1,candidate_3,candidate_2,3,0.0033333333333333335
2030,candidate_1,candidate_3,candidate_2,3,0.0033333333333333335
2031,candidate_1,candidate_3,candidate_2,3,0.0033333333333333335
2032,candidate_1,candidate_3,candidate_2,3,0.0033333333333333335
2033,candidate_1,candidate_3,candidate_2,3,0.0033333333333333335
2034,candidate_1,candidate_3,candidate_2,3,0.0033333333333333335
2035,candidate_1,candidate_3,candidate_2,3,0.0033333333333333335
2036,candidate_1,candidate_3,candidate_2,3,0.0033333333333333335
2037,candidate_1,candidate_3,candidate_2,3,0.0033333333333333335
2038,candidate_1,candidate_3,candidate_2,3,0.0033333333333333335
2039,candidate_1,candidate_3,candidate_2,3,0.0033333333333333335
2040,candidate_1,candidate_3,candidate_2,3,0.0033333333333333335
2041,candidate_1,candidate_3,candidate_2,3,0.0033333333333333335
2042,candidate_1,candidate_3,candidate_2,3,0.0033333333333333335
2043,candidate_1,candidate_3,candidate_2,3,0.0033333333333333335
2044,candidate_1,candidate_3,candidate_2,3,0.0033333333333333335
2045,candidate_1,candidate_3,candidate_2,3,0.0033333333333333335
2046,candidate_1,candidate_3,candidate_2,3,0.0033333333333333335
2047,candidate_1,candidate_3,candidate_2,3,0.0033333333333333335
2048,candidate_1,candidate_3,candidate_2,3,0.0033333333333333335
2049,candidate_1,candidate_3,candidate_2,3,0.0033333333333333335
2050,candidate_1,candidate_3,candidate_2,3,0.0033333333333333335
2051,candidate_1,candidate_3,candidate_2,3,0.0033333333333333335
2052,candidate_1,candidate_3,candidate_2,3,0.0033333333333333335
2053,candidate_1,candidate_3,candidate_2,3,0.0033333333333333335
2054,candidate_1,candidate_3,candidate_2,3,0.0033333333333333335
2055,candidate_1,candidate_3,candidate_2,3,0.0033333333333333335
2056,candidate_1,candidate_3,candidate_2,3,0.0033333333333333335
2057,candidate_1,candidate_3,candidate_2,3,0.0033333333333333335
2058,candidate_1,candidate_3,candidate_2,3,0.0033333333333333335
2059,candidate_1,candidate_3,candidate_2,3,0.0033333333333333335
2060,candidate_1,candidate_3,candidate_2,3,0.0033333333333333335
2061,candidate_1,candidate_3,candidate_2,3,0.0033333333333333335
2062,candidate_1,candidate_3,candidate_2,3,0.0033333333333333335
2063,candidate_1,candidate_3,candidate_2,3,0.0033333333333333335
2064,candidate_1,candidate_3,candidate_2,3,0.0033333333333333335
2065,candidate_1,candidate_3,candidate_2,3,0.0033333333333333335
2066,candidate_1,candidate_3,candidate_2,3,0.0033333333333333335
2067,candidate_1,candidate_3,candidate_2,3,0.0033333333333333335
2068,candidate_1,candidate_3,candidate_2,3,0.0033333333333333335
2069,candidate_1,candidate_3,candidate_2,3,0.0033333333333333335
2070,candidate_1,candidate_3,candidate_2,3,0.0033333333333333335
2071,candidate_1,candidate_3,candidate_2,3,0.0033333333333333335
2072,candidate_1,candidate_3,candidate_2,3,0.0033333333333333335
2073,candidate_1,candidate_3,candidate_2,3,0.0033333333333333335
2074,candidate_1,candidate_3,candidate_2,3,0.0033333333333333335
2075,candidate_1,candidate_3,candidate_2,3,0.0033333333333333335
2076,candidate_1,candidate_3,candidate_2,3,0.0033333333333333335
2077,candidate_1,candidate_3,candidate_2,3,0.0033333333333333335
2078,candidate_1,candidate_3,candidate_2,3,0.0033333333333333335
2079,candidate_1,candidate_3,candidate_2,3,0.0033333333333333335
2080,candidate_1,candidate_3,candidate_2,3,0.0033333333333333335
2081,candidate_1,candidate_3,candidate_2,3,0.0033333333333333335
2082,candidate_1,candidate_3,candidate_2,3,0.0033333333333333335
2083,candidate_1,candidate_3,candidate_2,3,0.0033333333333333335
2084,candidate_1,candidate_3,candidate_2,3,0.0033333333333333335
2085,candidate_1,candidate_3,candidate_2,3,0.0033333333333333335
2086,candidate_1,candidate_3,candidate_2,3,0.0033333333333333335
2087,candidate_1,candidate_3,candidate_2,3,0.0033333333333333335
2088,candidate_1,candidate_3,candidate_2,3,0.0033333333333333335
2089,candidate_1,candidate_3,candidate_2,3,0.0033333333333333335
2090,candidate_1,candidate_3,candidate_2,3,0.0033333333333333335
2091,candidate_1,candidate_3,candidate_2,3,0.0033333333333333335
2092,candidate_1,candidate_3,candidate_2,3,0.0033333333333333335
2093,candidate_1,candidate_3,candidate_2,3,0.0033333333333333335
2094,candidate_1,candidate_3,candidate_2,3,0.0033333333333333335
2095,candidate_1,candidate_3,candidate_2,3,0.0033333333333333335
2096,candidate_1,candidate_3,candidate_2,3,0.0033333333333333335
2097,candidate_1,candidate_3,candidate_2,3,0.0033333333333333335
2098,candidate_1,candidate_3,candidate_2,3,0.0033333333333333335
2099,candidate_1,candidate_3,candidate_2,3,0.0033333333333333335
2100,candidate_1,candidate_3,candidate_2,3,0.0033333333333333335
2101,candidate_1,candidate_3,candidate_2,3,0.0033333333333333335
2102,candidate_1,candidate_3,candidate_2,3,0.0033333333333333335
2103,candidate_1,candidate_3,candidate_2,3,0.0033333333333333335
2104,candidate_1,candidate_3,candidate_2,3,0.0033333333333333335
2105,candidate_1,candidate_3,candidate_2,3,0.0033333333333333335
2106,candidate_1,candidate_3,candidate_2,3,0.0033333333333333335
2107,candidate_1,candidate_3,candidate_2,3,0.0033333333333333335
2108,candidate_1,candidate_3,candidate_2,3,0.0033333333333333335
2109,candidate_1,candidate_3,candidate_2,3,0.0033333333333333335
2110,candidate_1,candidate_3,candidate_2,3,0.0033333333333333335
2111,candidate_1,candidate_3,candidate_2,3,0.0033333333333333335
2112,candidate_1,candidate_3,candidate_2,3,0.0033333333333333335
2113,candidate_1,candidate_3,candidate_2,3,0.0033333333333333335
2114,candidate_1,candidate_3,candidate_2,3,0.0033333333333333335
2115,candidate_1,candidate_3,candidate_2,3,0.0033333333333333335
2116,candidate_1,candidate_3,candidate_2,3,0.0033333333333333335
2117,candidate_1,candidate_3,candidate_2,3,0.0033333333333333335
2118,candidate_1,candidate_3,candidate_2,3,0.0033333333333333335
2119,candidate_1,candidate_3,candidate_2,3,0.0033333333333333335
2120,candidate_1,candidate_3,candidate_2,3,0.0033333333333333335
2121,candidate_1,candidate_3,candidate_2,3,0.0033333333333333335
2122,candidate_1,candidate_3,candidate_2,3,0.0033333333333333335
2123,candidate_1,candidate_3,candidate_2,3,0.0033333333333333335
2124,candidate_1,candidate_3,candidate_2,3,0.0033333333333333335
2125,candidate_1,candidate_3,candidate_2,3,0.0033333333333333335
2126,candidate_1,candidate_3,candidate_2,3,0.0033333333333333335
2127,candidate_1,candidate_3,candidate_2,3,0.0033333333333333335
2128,candidate_1,candidate_3,candidate_2,3,0.0033333333333333335
2129,candidate_1,candidate_3,candidate_2,3,0.0033333333333333335
2130,candidate_1,candidate_3,candidate_2,3,0.0033333333333333335
2131,candidate_1,candidate_3,candidate_2,3,0.0033333333333333335
2132,candidate_1,candidate_3,candidate_2,3,0.0033333333333333335
2133,candidate_1,candidate_3,candidate_2,3,0.0033333333333333335
2134,candidate_1,candidate_3,candidate_2,3,0.0033333333333333335
2135,candidate_1,candidate_3,candidate_2,3,0.0033333333333333335
2136,candidate_1,candidate_3,candidate_2,3,0.0033333333333333335
2137,candidate_1,candidate_3,candidate_2,3,0.0033333333333333335
2138,candidate_1,candidate_3,candidate_2,3,0.0033333333333333335
2139,candidate_1,candidate_3,candidate_2,3,0.0033333333333333335
2140,candidate_1,candidate_3,candidate_2,3,0.0033333333333333335
2141,candidate_1,candidate_3,candidate_2,3,0.0033333333333333335
2142,candidate_1,candidate_3,candidate_2,3,0.0033333333333333335
2143,candidate_1,candidate_3,candidate_2,3,0.0033333333333333335
2144,candidate_1,candidate_3,candidate_2,3,0.0033333333333333335
2145,candidate_1,candidate_3,candidate_2,3,0.0033333333333333335
2146,candidate_1,candidate_3,candidate_2,3,0.0033333333333333335
2147,candidate_1,candidate_3,candidate_2,3,0.0033333333333333335
2148,0,candidate_3,candidate_2,3,0.0033333333333333335
2149,candidate_1,candidate_3,candidate_2,3,0.0033333333333333335
2150,candidate_1,candidate_3,candidate_2,3,0.0033333333333333335
2151,candidate_1,candidate_3,candidate_2,3,0.0033333333333333335
2152,candidate_1,candidate_3,candidate_2,3,0.0033333333333333335
2153,candidate_1,candidate_3,candidate_2,3,0.0033333333333333335
2154,candidate_1,candidate_3,candidate_2,3,0.0033333333333333335
2155,candidate_1,candidate_3,candidate_2,3,0.0033333333333333335
2156,candidate_1,candidate_3,candidate_2,3,0.0033333333333333335
2157,candidate_1,candidate_3,candidate_2,3,0.0033333333333333335
2158,candidate_1,candidate_3,candidate_2,3,0.0033333333333333335
2159,candidate_1,candidate_3,candidate_2,3,0.0033333333333333335
2160,candidate_1,candidate_3,candidate_2,3,0.0033333333333333335
2161,candidate_1,candidate_3,candidate_2,3,0.0033333333333333335
2162,candidate_1,candidate_3,candidate_2,3,0.0033333333333333335
2163,candidate_1,candidate_3,candidate_2,3,0.0033333333333333335
2164,candidate_1,candidate_3,candidate_2,3,0.0033333333333333335
2165,candidate_1,candidate_3,candidate_2,3,0.0033333333333333335
2166,candidate_1,candidate_3,candidate_2,3,0.0033333333333333335
2167,candidate_1,candidate_3,candidate_2,3,0.0033333333333333335
2168,candidate_1,candidate_3,candidate_2,3,0.0033333333333333335
2169,candidate_1,candidate_3,candidate_2,3,0.0033333333333333335
2170,candidate_1,candidate_3,candidate_2,3,0.0033333333333333335
2171,candidate_1,candidate_3,candidate_2,3,0.0033333333333333335
2172,candidate_1,candidate_3,candidate_2,3,0.0033333333333333335
2173,candidate_1,candidate_3,candidate_2,3,0.0033333333333333335
2174,candidate_1,candidate_3,candidate_2,3,0.0033333333333333335
2175,candidate_1,candidate_3,candidate_2,3,0.0033333333333333335
2176,candidate_1,candidate_3,candidate_2,3,0.0033333333333333335
2177,candidate_1,candidate_3,candidate_2,3,0.0033333333333333335
2178,candidate_1,candidate_3,candidate_2,3,0.0033333333333333335
2179,candidate_1,candidate_3,candidate_2,3,0.0033333333333333335
2180,candidate_1,candidate_3,candidate_2,3,0.0033333333333333335
2181,candidate_1,candidate_3,candidate_2,3,0.0033333333333333335
2182,candidate_1,candidate_3,candidate_2,3,0.0033333333333333335
2183,candidate_1,candidate_3,candidate_2,3,0.0033333333333333335
2184,candidate_1,candidate_3,candidate_2,3,0.0033333333333333335
2185,candidate_1,candidate_3,candidate_2,3,0.0033333333333333335
2186,candidate_1,candidate_3,candidate_2,3,0.0033333333333333335
2187,candidate_1,candidate_3,candidate_2,3,0.0033333333333333335
2188,candidate_1,candidate_3,candidate_2,3,0.0033333333333333335
2189,candidate_1,candidate_3,candidate_2,3,0.0033333333333333335
2190,candidate_1,candidate_3,candidate_2,3,0.0033333333333333335
2191,candidate_1,candidate_3,candidate_2,3,0.0033333333333333335
2192,candidate_1,candidate_3,candidate_2,3,0.0033333333333333335
2193,candidate_1,candidate_3,candidate_2,3,0.0033333333333333335
2194,candidate_1,candidate_3,candidate_2,3,0.0033333333333333335
2195,candidate_1,candidate_3,candidate_2,3,0.0033333333333333335
2196,candidate_1,candidate_3,candidate_2,3,0.0033333333333333335
2197,candidate_1,candidate_3,candidate_2,3,0.0033333333333333335
2198,candidate_1,candidate_3,candidate_2,3,0.0033333333333333335
2199,candidate_1,candidate_3,candidate_2,3,0.0033333333333333335
2200,candidate_1,candidate_3,candidate_2,3,0.0033333333333333335
2201,candidate_1,candidate_3,candidate_2,3,0.0033333333333333335
2202,candidate_1,candidate_3,candidate_2,3,0.0033333333333333335
2203,candidate_1,candidate_3,candidate_2,3,0.0033333333333333335
2204,candidate_1,candidate_3,candidate_2,3,0.0033333333333333335
2205,candidate_1,candidate_3,candidate_2,3,0.0033333333333333335
2206,candidate_1,candidate_3,candidate_2,3,0.0033333333333333335
2207,candidate_1,candidate_3,candidate_2,3,0.0033333333333333335
2208,candidate_1,candidate_3,candidate_2,3,0.0033333333333333335
2209,candidate_1,candidate_3,candidate_2,3,0.0033333333333333335
2210,candidate_1,candidate_3,candidate_2,3,0.0033333333333333335
2211,candidate_1,candidate_3,candidate_2,3,0.0033333333333333335
2212,candidate_1,candidate_3,candidate_2,3,0.0033333333333333335
2213,candidate_1,candidate_3,candidate_2,3,0.0033333333333333335
2214,candidate_1,candidate_3,candidate_2,3,0.0033333333333333335
2215,candidate_1,candidate_3,candidate_2,3,0.0033333333333333335
2216,candidate_1,candidate_3,candidate_2,3,0.0033333333333333335
2217,candidate_1,candidate_3,candidate_2,3,0.0033333333333333335
2218,candidate_1,candidate_3,candidate_2,3,0.0033333333333333335
2219,candidate_1,candidate_3,candidate_2,3,0.0033333333333333335
2220,candidate_1,candidate_3,candidate_2,3,0.0033333333333333335
2221,candidate_1,candidate_3,candidate_2,3,0.0033333333333333335
2222,candidate_1,candidate_3,candidate_2,3,0.0033333333333333335
2223,candidate_1,candidate_3,candidate_2,3,0.0033333333333333335
2224,candidate_1,candidate_3,candidate_2,3,0.0033333333333333335
2225,candidate_1,candidate_3,candidate_2,3,0.0033333333333333335
2226,candidate_1,candidate_3,candidate_2,3,0.0033333333333333335
2227,candidate_1,candidate_3,candidate_2,3,0.0033333333333333335
2228,candidate_1,candidate_3,candidate_2,3,0.0033333333333333335
2229,candidate_1,candidate_3,candidate_2,3,0.0033333333333333335
2230,candidate_1,candidate_3,candidate_2,3,0.0033333333333333335
2231,candidate_1,candidate_3,candidate_2,3,0.0033333333333333335
2232,candidate_1,candidate_3,candidate_2,3,0.0033333333333333335
2233,candidate_1,candidate_3,candidate_2,3,0.0033333333333333335
2234,candidate_1,candidate_3,candidate_2,3,0.0033333333333333335
2235,candidate_1,candidate_3,candidate_2,3,0.0033333333333333335
2236,candidate_1,candidate_3,candidate_2,3,0.0033333333333333335
2237,candidate_1,candidate_3,candidate_2,3,0.0033333333333333335
2238,candidate_1,candidate_3,candidate_2,3,0.0033333333333333335
2239,candidate_1,candidate_3,candidate_2,3,0.0033333333333333335
2240,candidate_1,candidate_3,candidate_2,3,0.0033333333333333335
2241,candidate_1,candidate_3,candidate_2,3,0.0033333333333333335
2242,candidate_1,candidate_3,candidate_2,3,0.0033333333333333335
2243,candidate_1,candidate_3,candidate_2,3,0.0033333333333333335
2244,candidate_1,candidate_3,candidate_2,3,0.0033333333333333335
2245,candidate_1,candidate_3,candidate_2,3,0.0033333333333333335
2246,candidate_1,candidate_3,candidate_2,3,0.0033333333333333335
2247,candidate_1,candidate_3,candidate_2,3,0.0033333333333333335
2248,candidate_1,candidate_3,candidate_2,3,0.0033333333333333335
2249,candidate_1,candidate_3,candidate_2,3,0.0033333333333333335
2250,candidate_1,candidate_3,candidate_2,3,0.0033333333333333335
2251,candidate_1,candidate_3,candidate_2,3,0.0033333333333333335
2252,candidate_1,candidate_3,candidate_2,3,0.0033333333333333335
2253,candidate_1,candidate_3,candidate_2,3,0.0033333333333333335
2254,candidate_1,candidate_3,candidate_2,3,0.0033333333333333335
2255,candidate_1,candidate_3,candidate_2,3,0.0033333333333333335
2256,candidate_1,candidate_3,candidate_2,3,0.0033333333333333335
2257,candidate_1,candidate_3,candidate_2,3,0.0033333333333333335
2258,candidate_1,candidate_3,candidate_2,3,0.0033333333333333335
2259,candidate_1,candidate_3,candidate_2,3,0.0033333333333333335
2260,candidate_1,candidate_3,candidate_2,3,0.0033333333333333335
2261,candidate_1,candidate_3,candidate_2,3,0.0033333333333333335
2262,candidate_1,candidate_3,candidate_2,3,0.0033333333333333335
2263,candidate_1,candidate_3,candidate_2,3,0.0033333333333333335
2264,candidate_1,candidate_3,candidate_2,3,0.0033333333333333335
2265,candidate_1,candidate_3,candidate_2,3,0.0033333333333333335
2266,candidate_1,candidate_3,candidate_2,3,0.0033333333333333335
2267,candidate_1,candidate_3,candidate_2,3,0.0033333333333333335
2268,candidate_1,candidate_3,candidate_2,3,0.0033333333333333335
2269,candidate_1,candidate_3,candidate_2,3,0.0033333333333333335
2270,candidate_1,candidate_3,candidate_2,3,0.0033333333333333335
2271,candidate_1,candidate_3,candidate_2,3,0.0033333333333333335
2272,candidate_1,candidate_3,candidate_2,3,0.0033333333333333335
2273,candidate_1,candidate_3,candidate_2,3,0.0033333333333333335
2274,candidate_1,candidate_3,candidate_2,3,0.0033333333333333335
2275,candidate_1,candidate_3,candidate_2,3,0.0033333333333333335
2276,candidate_1,candidate_3,candidate_2,3,0.0033333333333333335
2277,candidate_1,candidate_3,candidate_2,3,0.0033333333333333335
2278,candidate_1,candidate_3,candidate_2,3,0.0033333333333333335
2279,candidate_1,candidate_3,candidate_2,3,0.0033333333333333335
2280,candidate_1,candidate_3,candidate_2,3,0.0033333333333333335
2281,candidate_1,candidate_3,candidate_2,3,0.0033333333333333335
2282,candidate_1,candidate_3,candidate_2,3,0.0033333333333333335
2283,candidate_1,candidate_3,candidate_2,3,0.0033333333333333335
2284,candidate_1,candidate_3,candidate_2,3,0.0033333333333333335
2285,candidate_1,candidate_3,candidate_2,3,0.0033333333333333335
2286,candidate_1,candidate_3,candidate_2,3,0.0033333333333333335
2287,candidate_1,candidate_3,candidate_2,3,0.0033333333333333335
2288,candidate_1,candidate_3,candidate_2,3,0.0033333333333333335
2289,candidate_1,candidate_3,candidate_2,3,0.0033333333333333335
2290,candidate_1,candidate_3,candidate_2,3,0.0033333333333333335
2291,candidate_1,candidate_3,candidate_2,3,0.0033333333333333335
2292,candidate_1,candidate_3,candidate_2,3,0.0033333333333333335
2293,candidate_1,candidate_3,candidate_2,3,0.0033333333333333335
2294,candidate_1,candidate_3,candidate_2,3,0.0033333333333333335
2295,candidate_1,candidate_3,0,3,0.0033333333333333335
2296,candidate_1,candidate_3,candidate_2,3,0.0033333333333333335
2297,candidate_1,candidate_3,candidate_2,3,0.0033333333333333335
2298,candidate_1,candidate_3,candidate_2,3,0.0033333333333333335
2299,candidate_1,candidate_3,candidate_2,3,0.0033333333333333335
2300,candidate_1,candidate_3,candidate_2,3,0.0033333333333333335
2301,candidate_1,candidate_3,candidate_2,3,0.0033333333333333335
2302,candidate_1,candidate_3,candidate_2,3,0.0033333333333333335
2303,candidate_1,candidate_3,candidate_2,3,0.0033333333333333335
2304,candidate_1,candidate_3,candidate_2,3,0.0033333333333333335
2305,candidate_1,candidate_3,candidate_2,3,0.0033333333333333335
2306,candidate_1,candidate_3,candidate_2,3,0.0033333333333333335
2307,candidate_1,candidate_3,candidate_2,3,0.0033333333333333335
2308,candidate_1,candidate_3,candidate_2,3,0.0033333333333333335
2309,candidate_1,candidate_3,candidate_2,3,0.0033333333333333335
2310,candidate_1,candidate_3,candidate_2,3,0.0033333333333333335
2311,candidate_1,candidate_3,candidate_2,3,0.0033333333333333335
2312,candidate_1,candidate_3,candidate_2,3,0.0033333333333333335
2313,candidate_1,candidate_3,candidate_2,3,0.0033333333333333335
2314,candidate_1,candidate_3,candidate_2,3,0.0033333333333333335
2315,candidate_1,candidate_3,candidate_2,3,0.0033333333333333335
2316,candidate_1,candidate_3,candidate_2,3,0.0033333333333333335
2317,candidate_1,candidate_3,candidate_2,3,0.0033333333333333335
2318,candidate_1,candidate_3,candidate_2,3,0.0033333333333333335
2319,candidate_1,candidate_3,candidate_2,3,0.0033333333333333335
2320,candidate_1,candidate_3,candidate_2,3,0.0033333333333333335
2321,candidate_1,candidate_3,candidate_2,3,0.0033333333333333335
2322,candidate_1,candidate_3,candidate_2,3,0.0033333333333333335
2323,candidate_1,candidate_3,candidate_2,3,0.0033333333333333335
2324,candidate_1,candidate_3,candidate_2,3,0.0033333333333333335
2325,candidate_1,candidate_3,candidate_2,3,0.0033333333333333335
2326,candidate_1,candidate_3,candidate_2,3,0.0033333333333333335
2327,candidate_1,candidate_3,candidate_2,3,0.0033333333333333335
2328,candidate_1,candidate_3,candidate_2,3,0.0033333333333333335
2329,candidate_1,candidate_3,candidate_2,3,0.0033333333333333335
2330,candidate_1,candidate_3,candidate_2,3,0.0033333333333333335
2331,candidate_1,candidate_3,candidate_2,3,0.0033333333333333335
2332,candidate_1,candidate_3,candidate_2,3,0.0033333333333333335
2333,candidate_1,candidate_3,candidate_2,3,0.0033333333333333335
2334,candidate_1,candidate_3,candidate_2,3,0.0033333333333333335
2335,candidate_1,candidate_3,candidate_2,3,0.0033333333333333335
2336,candidate_1,candidate_3,candidate_2,3,0.0033333333333333335
2337,candidate_1,candidate_3,candidate_2,3,0.0033333333333333335
2338,candidate_1,candidate_3,candidate_2,3,0.0033333333333333335
2339,candidate_1,candidate_3,candidate_2,3,0.0033333333333333335
2340,candidate_1,candidate_3,candidate_2,3,0.0033333333333333335
2341,candidate_1,candidate_3,candidate_2,3,0.0033333333333333335
2342,candidate_1,candidate_3,candidate_2,3,0.0033333333333333335
2343,candidate_1,candidate_3,candidate_2,3,0.0033333333333333335
2344,candidate_1,candidate_3,candidate_2,3,0.0033333333333333335
2345,candidate_1,candidate_3,candidate_2,3,0.0033333333333333335
2346,candidate_1,candidate_3,candidate_2,3,0.0033333333333333335
2347,candidate_1,candidate_3,candidate_2,3,0.0033333333333333335
2348,candidate_1,candidate_3,candidate_2,3,0.0033333333333333335
2349,candidate_1,candidate_3,candidate_2,3,0.0033333333333333335
2350,candidate_1,candidate_3,candidate_2,3,0.0033333333333333335
2351,candidate_1,candidate_3,candidate_2,3,0.0033333333333333335
2352,candidate_1,candidate_3,candidate_2,3,0.0033333333333333335
2353,candidate_1,candidate_3,candidate_2,3,0.0033333333333333335
2354,candidate_1,candidate_3,candidate_2,3,0.0033333333333333335
2355,candidate_1,candidate_3,candidate_2,3,0.0033333333333333335
2356,candidate_1,candidate_3,candidate_2,3,0.0033333333333333335
2357,candidate_1,candidate_3,candidate_2,3,0.0033333333333333335
2358,candidate_1,candidate_3,candidate_2,3,0.0033333333333333335
2359,candidate_1,candidate_3,candidate_2,3,0.0033333333333333335
2360,candidate_1,candidate_3,candidate_2,3,0.0033333333333333335
2361,candidate_1,candidate_3,candidate_2,3,0.0033333333333333335
2362,candidate_1,candidate_3,candidate_2,3,0.0033333333333333335
2363,candidate_1,candidate_3,candidate_2,3,0.0033333333333333335
2364,candidate_1,candidate_3,candidate_2,3,0.0033333333333333335
2365,candidate_1,candidate_3,candidate_2,3,0.0033333333333333335
2366,candidate_1,candidate_3,candidate_2,3,0.0033333333333333335
2367,candidate_1,candidate_3,candidate_2,3,0.0033333333333333335
2368,candidate_1,candidate_3,candidate_2,3,0.0033333333333333335
2369,candidate_1,candidate_3,candidate_2,3,0.0033333333333333335
2370,candidate_1,candidate_3,candidate_2,3,0.0033333333333333335
2371,candidate_1,candidate_3,candidate_2,3,0.0033333333333333335
2372,candidate_1,candidate_3,candidate_2,3,0.0033333333333333335
2373,candidate_1,candidate_3,candidate_2,3,0.0033333333333333335
2374,candidate_1,candidate_3,candidate_2,3,0.0033333333333333335
2375,candidate_1,candidate_3,candidate_2,3,0.0033333333333333335
2376,candidate_1,candidate_3,candidate_2,3,0.0033333333333333335
2377,candidate_1,candidate_3,candidate_2,3,0.0033333333333333335
2378,candidate_1,candidate_3,candidate_2,3,0.0033333333333333335
2379,candidate_1,candidate_3,candidate_2,3,0.0033333333333333335
2380,candidate_1,candidate_3,candidate_2,3,0.0033333333333333335
2381,candidate_1,candidate_3,candidate_2,3,0.0033333333333333335
2382,candidate_1,candidate_3,candidate_2,3,0.0033333333333333335
2383,candidate_1,candidate_3,candidate_2,3,0.0033333333333333335
2384,candidate_1,candidate_3,candidate_2,3,0.0033333333333333335
2385,candidate_1,candidate_3,candidate_2,3,0.0033333333333333335
2386,candidate_1,candidate_3,candidate_2,3,0.0033333333333333335
2387,candidate_1,candidate_3,candidate_2,3,0.0033333333333333335
2388,candidate_1,candidate_3,candidate_2,3,0.0033333333333333335
2389,candidate_1,candidate_3,candidate_2,3,0.0033333333333333335
2390,candidate_1,candidate_3,candidate_2,3,0.0033333333333333335
2391,candidate_1,candidate_3,candidate_2,3,0.0033333333333333335
2392,candidate_1,candidate_3,candidate_2,3,0.0033333333333333335
2393,candidate_1,candidate_3,candidate_2,3,0.0033333333333333335
2394,candidate_1,candidate_3,candidate_2,3,0.0033333333333333335
2395,candidate_1,candidate_3,candidate_2,3,0.0033333333333333335
2396,candidate_1,candidate_3,candidate_2,3,0.0033333333333333335
2397,candidate_1,candidate_3,candidate_2,3,0.0033333333333333335
2398,candidate_1,candidate_3,candidate_2,3,0.0033333333333333335
2399,candidate_1,candidate_3,candidate_2,3,0.0033333333333333335
2400,candidate_1,candidate_3,candidate_2,3,0.0033333333333333335
2401,candidate_1,candidate_3,candidate_2,3,0.0033333333333333335
2402,candidate_1,candidate_3,candidate_2,3,0.0033333333333333335
2403,candidate_1,candidate_3,candidate_2,3,0.0033333333333333335
2404,candidate_1,candidate_3,candidate_2,3,0.0033333333333333335
2405,candidate_1,candidate_3,candidate_2,3,0.0033333333333333335
2406,candidate_1,candidate_3,candidate_2,3,0.0033333333333333335
2407,candidate_1,candidate_3,candidate_2,3,0.0033333333333333335
2408,candidate_1,candidate_3,candidate_2,3,0.0033333333333333335
2409,candidate_1,candidate_3,candidate_2,3,0.0033333333333333335
2410,candidate_1,candidate_3,candidate_2,3,0.0033333333333333335
2411,candidate_1,candidate_3,candidate_2,3,0.0033333333333333335
2412,candidate_1,candidate_3,candidate_2,3,0.0033333333333333335
2413,candidate_1,candidate_3,candidate_2,3,0.0033333333333333335
2414,candidate_1,candidate_3,candidate_2,3,0.0033333333333333335
2415,candidate_1,candidate_3,candidate_2,3,0.0033333333333333335
2416,candidate_1,candidate_3,candidate_2,3,0.0033333333333333335
2417,candidate_1,candidate_3,candidate_2,3,0.0033333333333333335
2418,candidate_1,candidate_3,candidate_2,3,0.0033333333333333335
2419,candidate_1,candidate_3,candidate_2,3,0.0033333333333333335
2420,candidate_1,candidate_3,candidate_2,3,0.0033333333333333335
2421,candidate_1,candidate_3,candidate_2,3,0.0033333333333333335
2422,candidate_1,candidate_3,candidate_2,3,0.0033333333333333335
2423,candidate_1,candidate_3,candidate_2,3,0.0033333333333333335
2424,candidate_1,candidate_3,candidate_2,3,0.0033333333333333335
2425,candidate_1,candidate_3,candidate_2,3,0.0033333333333333335
2426,candidate_1,candidate_3,candidate_2,3,0.0033333333333333335
2427,candidate_1,candidate_3,candidate_2,3,0.0033333333333333335
2428,candidate_1,candidate_3,candidate_2,3,0.0033333333333333335
2429,candidate_1,candidate_3,candidate_2,3,0.0033333333333333335
2430,candidate_1,candidate_3,candidate_2,3,0.0033333333333333335
2431,candidate_1,candidate_3,candidate_2,3,0.0033333333333333335
2432,candidate_1,candidate_3,candidate_2,3,0.0033333333333333335
2433,candidate_1,candidate_3,candidate_2,3,0.0033333333333333335
2434,candidate_1,candidate_3,candidate_2,3,0.0033333333333333335
2435,candidate_1,candidate_3,candidate_2,3,0.0033333333333333335
2436,candidate_1,candidate_3,candidate_2,3,0.0033333333333333335
2437,candidate_1,candidate_3,candidate_2,3,0.0033333333333333335
2438,candidate_1,candidate_3,candidate_2,3,0.0033333333333333335
2439,candidate_1,candidate_3,candidate_2,3,0.0033333333333333335
2440,candidate_1,candidate_3,candidate_2,3,0.0033333333333333335
2441,candidate_1,candidate_3,candidate_2,3,0.0033333333333333335
2442,candidate_1,candidate_3,candidate_2,3,0.0033333333333333335
2443,candidate_1,candidate_3,candidate_2,3,0.0033333333333333335
2444,candidate_1,candidate_3,candidate_2,3,0.0033333333333333335
2445,candidate_1,candidate_3,candidate_2,3,0.0033333333333333335
2446,candidate_1,candidate_3,candidate_2,3,0.0033333333333333335
2447,candidate_1,candidate_3,candidate_2,3,0.0033333333333333335
2448,candidate_1,candidate_3,candidate_2,3,0.0033333333333333335
2449,candidate_1,candidate_3,candidate_2,3,0.0033333333333333335
2450,candidate_1,candidate_3,candidate_2,3,0.0033333333333333335
2451,candidate_1,candidate_3,candidate_2,3,0.0033333333333333335
2452,candidate_1,candidate_3,candidate_2,3,0.0033333333333333335
2453,candidate_1,candidate_3,candidate_2,3,0.0033333333333333335
2454,candidate_1,candidate_3,candidate_2,3,0.0033333333333333335
2455,candidate_1,candidate_3,candidate_2,3,0.0033333333333333335
2456,candidate_1,candidate_3,candidate_2,3,0.0033333333333333335
2457,candidate_1,candidate_3,candidate_2,3,0.0033333333333333335
2458,candidate_1,candidate_3,candidate_2,3,0.0033333333333333335
2459,candidate_1,candidate_3,candidate_2,3,0.0033333333333333335
2460,candidate_1,candidate_3,candidate_2,3,0.0033333333333333335
2461,candidate_1,candidate_3,candidate_2,3,0.0033333333333333335
2462,candidate_1,candidate_3,candidate_2,3,0.0033333333333333335
2463,candidate_1,candidate_3,candidate_2,3,0.0033333333333333335
2464,candidate_1,candidate_3,candidate_2,3,0.0033333333333333335
2465,candidate_1,candidate_3,candidate_2,3,0.0033333333333333335
2466,candidate_1,candidate_3,candidate_2,3,0.0033333333333333335
2467,candidate_1,candidate_3,candidate_2,3,0.0033333333333333335
2468,candidate_1,candidate_3,candidate_2,3,0.0033333333333333335
2469,candidate_1,candidate_3,candidate_2,3,0.0033333333333333335
2470,candidate_1,candidate_3,candidate_2,3,0.0033333333333333335
2471,candidate_1,candidate_3,candidate_2,3,0.0033333333333333335
2472,candidate_1,candidate_3,candidate_2,3,0.0033333333333333335
2473,candidate_1,candidate_3,candidate_2,3,0.0033333333333333335
2474,candidate_1,candidate_3,candidate_2,3,0.0033333333333333335
2475,candidate_1,candidate_3,candidate_2,3,0.0033333333333333335
2476,candidate_1,candidate_3,candidate_2,3,0.0033333333333333335
2477,candidate_1,candidate_3,candidate_2,3,0.0033333333333333335
2478,candidate_1,candidate_3,candidate_2,3,0.0033333333333333335
2479,candidate_1,candidate_3,candidate_2,3,0.0033333333333333335
2480,candidate_1,candidate_3,candidate_2,3,0.0033333333333333335
2481,candidate_1,candidate_3,candidate_2,3,0.0033333333333333335
2482,candidate_1,candidate_3,candidate_2,3,0.0033333333333333335
2483,candidate_1,candidate_3,candidate_2,3,0.0033333333333333335
2484,candidate_1,candidate_3,candidate_2,3,0.0033333333333333335
2485,candidate_1,candidate_3,candidate_2,3,0.0033333333333333335
2486,candidate_1,candidate_3,candidate_2,3,0.0033333333333333335
2487,candidate_1,candidate_3,candidate_2,3,0.0033333333333333335
2488,candidate_1,candidate_3,candidate_2,3,0.0033333333333333335
2489,candidate_1,candidate_3,candidate_2,3,0.0033333333333333335
2490,candidate_1,candidate_3,candidate_2,3,0.0033333333333333335
2491,candidate_1,candidate_3,candidate_2,3,0.0033333333333333335
2492,candidate_1,candidate_3,candidate_2,3,0.0033333333333333335
2493,candidate_1,candidate_3,candidate_2,3,0.0033333333333333335
2494,candidate_1,candidate_3,candidate_2,3,0.0033333333333333335
2495,candidate_1,candidate_3,candidate_2,3,0.0033333333333333335
2496,candidate_1,candidate_3,candidate_2,3,0.0033333333333333335
2497,candidate_1,candidate_3,candidate_2,3,0.0033333333333333335
2498,candidate_1,candidate_3,candidate_2,3,0.0033333333333333335
2499,candidate_1,candidate_3,candidate_2,3,0.0033333333333333335
2500,candidate_1,candidate_3,candidate_2,3,0.0033333333333333335
2501,candidate_1,candidate_3,candidate_2,3,0.0033333333333333335
2502,candidate_1,candidate_3,candidate_2,3,0.0033333333333333335
2503,candidate_1,candidate_3,candidate_2,3,0.0033333333333333335
2504,candidate_1,candidate_3,candidate_2,3,0.0033333333333333335
2505,candidate_1,candidate_3,candidate_2,3,0.0033333333333333335
2506,candidate_1,candidate_3,candidate_2,3,0.0033333333333333335
2507,candidate_1,candidate_3,candidate_2,3,0.0033333333333333335
2508,candidate_1,candidate_3,candidate_2,3,0.0033333333333333335
2509,candidate_1,candidate_3,candidate_2,3,0.0033333333333333335
2510,candidate_1,candidate_3,candidate_2,3,0.0033333333333333335
2511,candidate_1,candidate_3,candidate_2,3,0.0033333333333333335
2512,candidate_1,candidate_3,candidate_2,3,0.0033333333333333335
2513,candidate_1,candidate_3,candidate_2,3,0.0033333333333333335
2514,candidate_1,candidate_3,candidate_2,3,0.0033333333333333335
2515,candidate_1,candidate_3,candidate_2,3,0.0033333333333333335
2516,candidate_1,candidate_3,candidate_2,3,0.0033333333333333335
2517,candidate_1,candidate_3,candidate_2,3,0.0033333333333333335
2518,candidate_1,candidate_3,candidate_2,3,0.0033333333333333335
2519,candidate_1,candidate_3,candidate_2,3,0.0033333333333333335
2520,candidate_1,candidate_3,candidate_2,3,0.0033333333333333335
2521,candidate_1,candidate_3,candidate_2,3,0.0033333333333333335
2522,candidate_1,candidate_3,candidate_2,3,0.0033333333333333335
2523,candidate_1,candidate_3,candidate_2,3,0.0033333333333333335
2524,candidate_1,candidate_3,candidate_2,3,0.0033333333333333335
2525,0,candidate_3,candidate_2,3,0.0033333333333333335
2526,candidate_1,candidate_3,candidate_2,3,0.0033333333333333335
2527,candidate_1,candidate_3,candidate_2,3,0.0033333333333333335
2528,candidate_1,candidate_3,candidate_2,3,0.0033333333333333335
2529,candidate_1,candidate_3,candidate_2,3,0.0033333333333333335
2530,candidate_1,candidate_3,candidate_2,3,0.0033333333333333335
2531,candidate_1,candidate_3,candidate_2,3,0.0033333333333333335
2532,candidate_1,candidate_3,candidate_2,3,0.0033333333333333335
2533,candidate_1,candidate_3,candidate_2,3,0.0033333333333333335
2534,candidate_1,candidate_3,candidate_2,3,0.0033333333333333335
2535,candidate_1,candidate_3,candidate_2,3,0.0033333333333333335
2536,candidate_1,candidate_3,candidate_2,3,0.0033333333333333335
2537,candidate_1,candidate_3,candidate_2,3,0.0033333333333333335
2538,candidate_1,candidate_3,candidate_2,3,0.0033333333333333335
2539,candidate_1,candidate_3,candidate_2,3,0.0033333333333333335
2540,candidate_1,candidate_3,candidate_2,3,0.0033333333333333335
2541,candidate_1,candidate_3,candidate_2,3,0.0033333333333333335
2542,candidate_1,candidate_3,candidate_2,3,0.0033333333333333335
2543,candidate_1,candidate_3,candidate_2,3,0.0033333333333333335
2544,candidate_1,candidate_3,candidate_2,3,0.0033333333333333335
2545,candidate_1,candidate_3,candidate_2,3,0.0033333333333333335
2546,candidate_1,candidate_3,candidate_2,3,0.0033333333333333335
2547,candidate_1,candidate_3,candidate_2,3,0.0033333333333333335
2548,candidate_1,candidate_3,candidate_2,3,0.0033333333333333335
2549,candidate_1,candidate_3,candidate_2,3,0.0033333333333333335
2550,candidate_1,candidate_3,candidate_2,3,0.0033333333333333335
2551,candidate_1,candidate_3,candidate_2,3,0.0033333333333333335
2552,candidate_1,candidate_3,candidate_2,3,0.0033333333333333335
2553,candidate_1,0,candidate_2,3,0.0033333333333333335
2554,candidate_1,candidate_3,candidate_2,3,0.0033333333333333335
2555,candidate_1,candidate_3,candidate_2,3,0.0033333333333333335
2556,candidate_1,candidate_3,candidate_2,3,0.0033333333333333335
2557,candidate_1,candidate_3,candidate_2,3,0.0033333333333333335
2558,candidate_1,candidate_3,candidate_2,3,0.0033333333333333335
2559,candidate_1,candidate_3,candidate_2,3,0.0033333333333333335
2560,candidate_1,candidate_3,candidate_2,3,0.0033333333333333335
2561,candidate_1,candidate_3,candidate_2,3,0.0033333333333333335
2562,candidate_1,candidate_3,candidate_2,3,0.0033333333333333335
2563,candidate_1,candidate_3,candidate_2,3,0.0033333333333333335
2564,candidate_1,candidate_3,candidate_2,3,0.0033333333333333335
2565,candidate_1,candidate_3,candidate_2,3,0.0033333333333333335
2566,candidate_1,candidate_3,candidate_2,3,0.0033333333333333335
2567,candidate_1,candidate_3,candidate_2,3,0.0033333333333333335
2568,candidate_1,candidate_3,candidate_2,3,0.0033333333333333335
2569,candidate_1,candidate_3,candidate_2,3,0.0033333333333333335
2570,candidate_1,candidate_3,candidate_2,3,0.0033333333333333335
2571,candidate_1,candidate_3,candidate_2,3,0.0033333333333333335
2572,candidate_1,candidate_3,candidate_2,3,0.0033333333333333335
2573,candidate_1,candidate_3,candidate_2,3,0.0033333333333333335
2574,candidate_1,candidate_3,candidate_2,3,0.0033333333333333335
2575,candidate_1,candidate_3,candidate_2,3,0.0033333333333333335
2576,candidate_1,candidate_3,candidate_2,3,0.0033333333333333335
2577,candidate_1,candidate_3,candidate_2,3,0.0033333333333333335
2578,candidate_1,candidate_3,candidate_2,3,0.0033333333333333335
2579,candidate_1,candidate_3,candidate_2,3,0.0033333333333333335
2580,candidate_1,candidate_3,candidate_2,3,0.0033333333333333335
2581,candidate_1,candidate_3,candidate_2,3,0.0033333333333333335
2582,candidate_1,candidate_3,candidate_2,3,0.0033333333333333335
2583,candidate_1,candidate_3,candidate_2,3,0.0033333333333333335
2584,candidate_1,candidate_3,candidate_2,3,0.0033333333333333335
2585,candidate_1,candidate_3,candidate_2,3,0.0033333333333333335
2586,candidate_1,candidate_3,candidate_2,3,0.0033333333333333335
2587,candidate_1,candidate_3,candidate_2,3,0.0033333333333333335
2588,candidate_1,candidate_3,candidate_2,3,0.0033333333333333335
2589,candidate_1,0,candidate_2,3,0.0033333333333333335
2590,candidate_1,candidate_3,candidate_2,3,0.0033333333333333335
2591,candidate_1,candidate_3,candidate_2,3,0.0033333333333333335
2592,candidate_1,candidate_3,candidate_2,3,0.0033333333333333335
2593,candidate_1,candidate_3,candidate_2,3,0.0033333333333333335
2594,candidate_1,candidate_3,candidate_2,3,0.0033333333333333335
2595,candidate_1,candidate_3,candidate_2,3,0.0033333333333333335
2596,candidate_1,candidate_3,candidate_2,3,0.0033333333333333335
2597,candidate_1,candidate_3,candidate_2,3,0.0033333333333333335
2598,candidate_1,candidate_3,candidate_2,3,0.0033333333333333335
2599,candidate_1,candidate_3,candidate_2,3,0.0033333333333333335
2600,candidate_1,candidate_3,candidate_2,3,0.0033333333333333335
2601,candidate_1,candidate_3,candidate_2,3,0.0033333333333333335
2602,candidate_1,candidate_3,candidate_2,3,0.0033333333333333335
2603,candidate_1,candidate_3,candidate_2,3,0.0033333333333333335
2604,candidate_1,candidate_3,candidate_2,3,0.0033333333333333335
2605,candidate_1,candidate_3,candidate_2,3,0.0033333333333333335
2606,candidate_1,candidate_3,candidate_2,3,0.0033333333333333335
2607,candidate_1,candidate_3,candidate_2,3,0.0033333333333333335
2608,candidate_1,candidate_3,candidate_2,3,0.0033333333333333335
2609,candidate_1,candidate_3,candidate_2,3,0.0033333333333333335
2610,candidate_1,candidate_3,candidate_2,3,0.0033333333333333335
2611,candidate_1,candidate_3,candidate_2,3,0.0033333333333333335
2612,candidate_1,candidate_3,candidate_2,3,0.0033333333333333335
2613,candidate_1,candidate_3,candidate_2,3,0.0033333333333333335
2614,candidate_1,candidate_3,candidate_2,3,0.0033333333333333335
2615,candidate_1,candidate_3,candidate_2,3,0.0033333333333333335
2616,candidate_1,candidate_3,candidate_2,3,0.0033333333333333335
2617,candidate_1,candidate_3,candidate_2,3,0.0033333333333333335
2618,candidate_1,candidate_3,candidate_2,3,0.0033333333333333335
2619,candidate_1,candidate_3,candidate_2,3,0.0033333333333333335
2620,candidate_1,candidate_3,candidate_2,3,0.0033333333333333335
2621,candidate_1,candidate_3,candidate_2,3,0.0033333333333333335
2622,candidate_1,candidate_3,candidate_2,3,0.0033333333333333335
2623,candidate_1,candidate_3,candidate_2,3,0.0033333333333333335
2624,candidate_1,candidate_3,candidate_2,3,0.0033333333333333335
2625,candidate_1,candidate_3,candidate_2,3,0.0033333333333333335
2626,candidate_1,candidate_3,candidate_2,3,0.0033333333333333335
2627,candidate_1,candidate_3,candidate_2,3,0.0033333333333333335
2628,candidate_1,candidate_3,candidate_2,3,0.0033333333333333335
2629,candidate_1,candidate_3,candidate_2,3,0.0033333333333333335
2630,candidate_1,candidate_3,candidate_2,3,0.0033333333333333335
2631,candidate_1,candidate_3,candidate_2,3,0.0033333333333333335
2632,candidate_1,candidate_3,candidate_2,3,0.0033333333333333335
2633,candidate_1,candidate_3,candidate_2,3,0.0033333333333333335
2634,candidate_1,candidate_3,candidate_2,3,0.0033333333333333335
2635,candidate_1,candidate_3,candidate_2,3,0.0033333333333333335
2636,candidate_1,candidate_3,candidate_2,3,0.0033333333333333335
2637,candidate_1,candidate_3,candidate_2,3,0.0033333333333333335
2638,candidate_1,candidate_3,candidate_2,3,0.0033333333333333335
2639,candidate_1,candidate_3,candidate_2,3,0.0033333333333333335
2640,candidate_1,candidate_3,candidate_2,3,0.0033333333333333335
2641,candidate_1,candidate_3,candidate_2,3,0.0033333333333333335
2642,candidate_1,candidate_3,candidate_2,3,0.0033333333333333335
2643,candidate_1,candidate_3,candidate_2,3,0.0033333333333333335
2644,candidate_1,candidate_3,candidate_2,3,0.0033333333333333335
2645,candidate_1,candidate_3,candidate_2,3,0.0033333333333333335
2646,candidate_1,candidate_3,candidate_2,3,0.0033333333333333335
2647,candidate_1,candidate_3,candidate_2,3,0.0033333333333333335
2648,candidate_1,candidate_3,candidate_2,3,0.0033333333333333335
2649,candidate_1,candidate_3,candidate_2,3,0.0033333333333333335
2650,candidate_1,candidate_3,candidate_2,3,0.0033333333333333335
2651,candidate_1,candidate_3,candidate_2,3,0.0033333333333333335
2652,candidate_1,candidate_3,candidate_2,3,0.0033333333333333335
2653,candidate_1,candidate_3,candidate_2,3,0.0033333333333333335
2654,candidate_1,candidate_3,candidate_2,3,0.0033333333333333335
2655,candidate_1,candidate_3,candidate_2,3,0.0033333333333333335
2656,candidate_1,candidate_3,candidate_2,3,0.0033333333333333335
2657,candidate_1,candidate_3,candidate_2,3,0.0033333333333333335
2658,candidate_1,candidate_3,candidate_2,3,0.0033333333333333335
2659,candidate_1,candidate_3,candidate_2,3,0.0033333333333333335
2660,candidate_1,candidate_3,candidate_2,3,0.0033333333333333335
2661,candidate_1,candidate_3,candidate_2,3,0.0033333333333333335
2662,candidate_1,candidate_3,candidate_2,3,0.0033333333333333335
2663,candidate_1,candidate_3,candidate_2,3,0.0033333333333333335
2664,candidate_1,candidate_3,candidate_2,3,0.0033333333333333335
2665,candidate_1,candidate_3,candidate_2,3,0.0033333333333333335
2666,candidate_1,candidate_3,candidate_2,3,0.0033333333333333335
2667,candidate_1,candidate_3,candidate_2,3,0.0033333333333333335
2668,candidate_1,candidate_3,candidate_2,3,0.0033333333333333335
2669,candidate_1,candidate_3,candidate_2,3,0.0033333333333333335
2670,candidate_1,candidate_3,candidate_2,3,0.0033333333333333335
2671,candidate_1,candidate_3,candidate_2,3,0.0033333333333333335
2672,candidate_1,candidate_3,candidate_2,3,0.0033333333333333335
2673,candidate_1,candidate_3,candidate_2,3,0.0033333333333333335
2674,candidate_1,candidate_3,candidate_2,3,0.0033333333333333335
2675,candidate_1,candidate_3,candidate_2,3,0.0033333333333333335
2676,candidate_1,candidate_3,candidate_2,3,0.0033333333333333335
2677,candidate_1,candidate_3,candidate_2,3,0.0033333333333333335
2678,candidate_1,candidate_3,candidate_2,3,0.0033333333333333335
2679,candidate_1,candidate_3,candidate_2,3,0.0033333333333333335
2680,candidate_1,candidate_3,candidate_2,3,0.0033333333333333335
2681,candidate_1,candidate_3,candidate_2,3,0.0033333333333333335
2682,candidate_1,candidate_3,candidate_2,3,0.0033333333333333335
2683,candidate_1,candidate_3,candidate_2,3,0.0033333333333333335
2684,candidate_1,candidate_3,candidate_2,3,0.0033333333333333335
2685,candidate_1,candidate_3,candidate_2,3,0.0033333333333333335
2686,candidate_1,candidate_3,candidate_2,3,0.0033333333333333335
2687,candidate_1,candidate_3,candidate_2,3,0.0033333333333333335
2688,candidate_1,candidate_3,candidate_2,3,0.0033333333333333335
2689,candidate_1,candidate_3,candidate_2,3,0.0033333333333333335
2690,candidate_1,candidate_3,candidate_2,3,0.0033333333333333335
2691,candidate_1,candidate_3,candidate_2,3,0.0033333333333333335
2692,candidate_1,candidate_3,candidate_2,3,0.0033333333333333335
2693,candidate_1,candidate_3,candidate_2,3,0.0033333333333333335
2694,candidate_1,candidate_3,candidate_2,3,0.0033333333333333335
2695,candidate_1,candidate_3,candidate_2,3,0.0033333333333333335
2696,candidate_1,candidate_3,candidate_2,3,0.0033333333333333335
2697,candidate_1,candidate_3,candidate_2,3,0.0033333333333333335
2698,candidate_1,candidate_3,candidate_2,3,0.0033333333333333335
2699,candidate_1,candidate_3,candidate_2,3,0.0033333333333333335
2700,candidate_1,candidate_3,candidate_2,3,0.0033333333333333335
2701,candidate_1,candidate_3,candidate_2,3,0.0033333333333333335
2702,candidate_1,candidate_3,candidate_2,3,0.0033333333333333335
2703,candidate_1,candidate_3,candidate_2,3,0.0033333333333333335
2704,candidate_1,candidate_3,candidate_2,3,0.0033333333333333335
2705,candidate_1,candidate_3,candidate_2,3,0.0033333333333333335
2706,candidate_1,candidate_3,candidate_2,3,0.0033333333333333335
2707,candidate_1,candidate_3,candidate_2,3,0.0033333333333333335
2708,candidate_1,candidate_3,candidate_2,3,0.0033333333333333335
2709,candidate_1,candidate_3,candidate_2,3,0.0033333333333333335
2710,candidate_1,candidate_3,candidate_2,3,0.0033333333333333335
2711,candidate_1,candidate_3,candidate_2,3,0.0033333333333333335
2712,candidate_1,candidate_3,candidate_2,3,0.0033333333333333335
2713,candidate_1,candidate_3,candidate_2,3,0.0033333333333333335
2714,candidate_1,candidate_3,candidate_2,3,0.0033333333333333335
2715,candidate_1,candidate_3,candidate_2,3,0.0033333333333333335
2716,candidate_1,candidate_3,candidate_2,3,0.0033333333333333335
2717,candidate_1,candidate_3,candidate_2,3,0.0033333333333333335
2718,candidate_1,candidate_3,candidate_2,3,0.0033333333333333335
2719,candidate_1,candidate_3,candidate_2,3,0.0033333333333333335
2720,candidate_1,candidate_3,candidate_2,3,0.0033333333333333335
2721,candidate_1,candidate_3,candidate_2,3,0.0033333333333333335
2722,candidate_1,candidate_3,candidate_2,3,0.0033333333333333335
2723,candidate_1,candidate_3,candidate_2,3,0.0033333333333333335
2724,candidate_1,candidate_3,candidate_2,3,0.0033333333333333335
2725,candidate_1,candidate_3,candidate_2,3,0.0033333333333333335
2726,candidate_1,candidate_3,candidate_2,3,0.0033333333333333335
2727,candidate_1,candidate_3,candidate_2,3,0.0033333333333333335
2728,candidate_1,candidate_3,candidate_2,3,0.0033333333333333335
2729,candidate_1,candidate_3,candidate_2,3,0.0033333333333333335
2730,candidate_1,candidate_3,candidate_2,3,0.0033333333333333335
2731,candidate_1,candidate_3,candidate_2,3,0.0033333333333333335
2732,candidate_1,candidate_3,candidate_2,3,0.0033333333333333335
2733,candidate_1,candidate_3,candidate_2,3,0.0033333333333333335
2734,candidate_1,candidate_3,candidate_2,3,0.0033333333333333335
2735,candidate_1,candidate_3,candidate_2,3,0.0033333333333333335
2736,candidate_1,candidate_3,candidate_2,3,0.0033333333333333335
2737,candidate_1,candidate_3,candidate_2,3,0.0033333333333333335
2738,candidate_1,candidate_3,candidate_2,3,0.0033333333333333335
2739,candidate_1,candidate_3,candidate_2,3,0.0033333333333333335
2740,candidate_1,candidate_3,candidate_2,3,0.0033333333333333335
2741,candidate_1,candidate_3,candidate_2,3,0.0033333333333333335
2742,candidate_1,candidate_3,candidate_2,3,0.0033333333333333335
2743,candidate_1,candidate_3,candidate_2,3,0.0033333333333333335
2744,candidate_1,candidate_3,candidate_2,3,0.0033333333333333335
2745,candidate_1,candidate_3,candidate_2,3,0.0033333333333333335
2746,candidate_1,candidate_3,candidate_2,3,0.0033333333333333335
2747,candidate_1,candidate_3,candidate_2,3,0.0033333333333333335
2748,candidate_1,candidate_3,candidate_2,3,0.0033333333333333335
2749,candidate_1,candidate_3,candidate_2,3,0.0033333333333333335
2750,candidate_1,0,candidate_2,3,0.0033333333333333335
2751,candidate_1,candidate_3,candidate_2,3,0.0033333333333333335
2752,candidate_1,candidate_3,candidate_2,3,0.0033333333333333335
2753,candidate_1,candidate_3,candidate_2,3,0.0033333333333333335
2754,candidate_1,candidate_3,candidate_2,3,0.0033333333333333335
2755,candidate_1,candidate_3,candidate_2,3,0.0033333333333333335
2756,candidate_1,candidate_3,candidate_2,3,0.0033333333333333335
2757,candidate_1,candidate_3,candidate_2,3,0.0033333333333333335
2758,candidate_1,candidate_3,candidate_2,3,0.0033333333333333335
2759,candidate_1,candidate_3,candidate_2,3,0.0033333333333333335
2760,candidate_1,candidate_3,candidate_2,3,0.0033333333333333335
2761,candidate_1,candidate_3,candidate_2,3,0.0033333333333333335
2762,candidate_1,candidate_3,candidate_2,3,0.0033333333333333335
2763,candidate_1,candidate_3,candidate_2,3,0.0033333333333333335
2764,candidate_1,candidate_3,candidate_2,3,0.0033333333333333335
2765,candidate_1,candidate_3,candidate_2,3,0.0033333333333333335
2766,candidate_1,candidate_3,candidate_2,3,0.0033333333333333335
2767,candidate_1,candidate_3,candidate_2,3,0.0033333333333333335
2768,candidate_1,candidate_3,candidate_2,3,0.0033333333333333335
2769,candidate_1,candidate_3,candidate_2,3,0.0033333333333333335
2770,candidate_1,candidate_3,candidate_2,3,0.0033333333333333335
2771,candidate_1,candidate_3,candidate_2,3,0.0033333333333333335
2772,candidate_1,candidate_3,candidate_2,3,0.0033333333333333335
2773,candidate_1,candidate_3,candidate_2,3,0.0033333333333333335
2774,candidate_1,candidate_3,candidate_2,3,0.0033333333333333335
2775,candidate_1,candidate_3,candidate_2,3,0.0033333333333333335
2776,candidate_1,candidate_3,candidate_2,3,0.0033333333333333335
2777,candidate_1,candidate_3,candidate_2,3,0.0033333333333333335
2778,candidate_1,candidate_3,candidate_2,3,0.0033333333333333335
2779,candidate_1,candidate_3,candidate_2,3,0.0033333333333333335
2780,candidate_1,candidate_3,candidate_2,3,0.0033333333333333335
2781,candidate_1,candidate_3,candidate_2,3,0.0033333333333333335
2782,candidate_1,candidate_3,candidate_2,3,0.0033333333333333335
2783,candidate_1,candidate_3,candidate_2,3,0.0033333333333333335
2784,candidate_1,candidate_3,candidate_2,3,0.0033333333333333335
2785,candidate_1,candidate_3,candidate_2,3,0.0033333333333333335
2786,candidate_1,candidate_3,candidate_2,3,0.0033333333333333335
2787,candidate_1,candidate_3,candidate_2,3,0.0033333333333333335
2788,candidate_1,candidate_3,candidate_2,3,0.0033333333333333335
2789,candidate_1,candidate_3,candidate_2,3,0.0033333333333333335
2790,candidate_1,candidate_3,candidate_2,3,0.0033333333333333335
2791,candidate_1,candidate_3,candidate_2,3,0.0033333333333333335
2792,candidate_1,candidate_3,candidate_2,3,0.0033333333333333335
2793,candidate_1,candidate_3,candidate_2,3,0.0033333333333333335
2794,candidate_1,candidate_3,candidate_2,3,0.0033333333333333335
2795,candidate_1,candidate_3,candidate_2,3,0.0033333333333333335
2796,candidate_1,candidate_3,candidate_2,3,0.0033333333333333335
2797,candidate_1,candidate_3,candidate_2,3,0.0033333333333333335
2798,candidate_1,candidate_3,candidate_2,3,0.0033333333333333335
2799,candidate_1,candidate_3,candidate_2,3,0.0033333333333333335
2800,candidate_1,candidate_3,candidate_2,3,0.0033333333333333335
2801,candidate_1,candidate_3,candidate_2,3,0.0033333333333333335
2802,candidate_1,candidate_3,candidate_2,3,0.0033333333333333335
2803,candidate_1,candidate_3,candidate_2,3,0.0033333333333333335
2804,candidate_1,candidate_3,candidate_2,3,0.0033333333333333335
2805,candidate_1,candidate_3,candidate_2,3,0.0033333333333333335
2806,candidate_1,candidate_3,candidate_2,3,0.0033333333333333335
2807,candidate_1,candidate_3,candidate_2,3,0.0033333333333333335
2808,candidate_1,candidate_3,candidate_2,3,0.0033333333333333335
2809,candidate_1,candidate_3,candidate_2,3,0.0033333333333333335
2810,candidate_1,candidate_3,candidate_2,3,0.0033333333333333335
2811,candidate_1,candidate_3,candidate_2,3,0.0033333333333333335
2812,candidate_1,candidate_3,candidate_2,3,0.0033333333333333335
2813,candidate_1,candidate_3,candidate_2,3,0.0033333333333333335
2814,candidate_1,candidate_3,candidate_2,3,0.0033333333333333335
2815,candidate_1,candidate_3,candidate_2,3,0.0033333333333333335
2816,candidate_1,candidate_3,candidate_2,3,0.0033333333333333335
2817,candidate_1,candidate_3,candidate_2,3,0.0033333333333333335
2818,candidate_1,candidate_3,candidate_2,3,0.0033333333333333335
2819,candidate_1,candidate_3,candidate_2,3,0.0033333333333333335
2820,candidate_1,candidate_3,candidate_2,3,0.0033333333333333335
2821,candidate_1,candidate_3,candidate_2,3,0.0033333333333333335
2822,candidate_1,candidate_3,candidate_2,3,0.0033333333333333335
2823,candidate_1,candidate_3,candidate_2,3,0.0033333333333333335
2824,candidate_1,candidate_3,candidate_2,3,0.0033333333333333335
2825,candidate_1,candidate_3,candidate_2,3,0.0033333333333333335
2826,candidate_1,candidate_3,candidate_2,3,0.0033333333333333335
2827,candidate_1,candidate_3,candidate_2,3,0.0033333333333333335
2828,candidate_1,candidate_3,candidate_2,3,0.0033333333333333335
2829,candidate_1,candidate_3,candidate_2,3,0.0033333333333333335
2830,candidate_1,candidate_3,candidate_2,3,0.0033333333333333335
2831,candidate_1,candidate_3,candidate_2,3,0.0033333333333333335
2832,candidate_1,candidate_3,candidate_2,3,0.0033333333333333335
2833,candidate_1,candidate_3,candidate_2,3,0.0033333333333333335
2834,candidate_1,candidate_3,candidate_2,3,0.0033333333333333335
2835,candidate_1,candidate_3,candidate_2,3,0.0033333333333333335
2836,candidate_1,candidate_3,candidate_2,3,0.0033333333333333335
2837,candidate_1,candidate_3,candidate_2,3,0.0033333333333333335
2838,candidate_1,candidate_3,candidate_2,3,0.0033333333333333335
2839,candidate_1,candidate_3,candidate_2,3,0.0033333333333333335
2840,candidate_1,candidate_3,candidate_2,3,0.0033333333333333335
2841,candidate_1,candidate_3,candidate_2,3,0.0033333333333333335
2842,candidate_1,candidate_3,candidate_2,3,0.0033333333333333335
2843,candidate_1,candidate_3,candidate_2,3,0.0033333333333333335
2844,candidate_1,candidate_3,candidate_2,3,0.0033333333333333335
2845,candidate_1,candidate_3,candidate_2,3,0.0033333333333333335
2846,candidate_1,candidate_3,candidate_2,3,0.0033333333333333335
2847,candidate_1,candidate_3,candidate_2,3,0.0033333333333333335
2848,candidate_1,candidate_3,candidate_2,3,0.0033333333333333335
2849,candidate_1,candidate_3,candidate_2,3,0.0033333333333333335
2850,candidate_1,candidate_3,candidate_2,3,0.0033333333333333335
2851,candidate_1,candidate_3,candidate_2,3,0.0033333333333333335
2852,candidate_1,candidate_3,candidate_2,3,0.0033333333333333335
2853,candidate_1,candidate_3,candidate_2,3,0.0033333333333333335
2854,candidate_1,candidate_3,candidate_2,3,0.0033333333333333335
2855,candidate_1,candidate_3,candidate_2,3,0.0033333333333333335
2856,candidate_1,candidate_3,candidate_2,3,0.0033333333333333335
2857,candidate_1,candidate_3,candidate_2,3,0.0033333333333333335
2858,candidate_1,candidate_3,candidate_2,3,0.0033333333333333335
2859,candidate_1,candidate_3,candidate_2,3,0.0033333333333333335
2860,candidate_1,candidate_3,candidate_2,3,0.0033333333333333335
2861,candidate_1,candidate_3,candidate_2,3,0.0033333333333333335
2862,candidate_1,candidate_3,candidate_2,3,0.0033333333333333335
2863,candidate_1,candidate_3,candidate_2,3,0.0033333333333333335
2864,candidate_1,candidate_3,candidate_2,3,0.0033333333333333335
2865,candidate_1,candidate_3,candidate_2,3,0.0033333333333333335
2866,candidate_1,candidate_3,candidate_2,3,0.0033333333333333335
2867,candidate_1,candidate_3,candidate_2,3,0.0033333333333333335
2868,candidate_1,candidate_3,candidate_2,3,0.0033333333333333335
2869,candidate_1,candidate_3,candidate_2,3,0.0033333333333333335
2870,candidate_1,candidate_3,candidate_2,3,0.0033333333333333335
2871,candidate_1,candidate_3,candidate_2,3,0.0033333333333333335
2872,candidate_1,candidate_3,candidate_2,3,0.0033333333333333335
2873,candidate_1,candidate_3,candidate_2,3,0.0033333333333333335
2874,candidate_1,candidate_3,candidate_2,3,0.0033333333333333335
2875,candidate_1,candidate_3,candidate_2,3,0.0033333333333333335
2876,candidate_1,candidate_3,candidate_2,3,0.0033333333333333335
2877,candidate_1,candidate_3,candidate_2,3,0.0033333333333333335
2878,candidate_1,candidate_3,candidate_2,3,0.0033333333333333335
2879,candidate_1,candidate_3,candidate_2,3,0.0033333333333333335
2880,candidate_1,candidate_3,candidate_2,3,0.0033333333333333335
2881,candidate_1,candidate_3,candidate_2,3,0.0033333333333333335
2882,candidate_1,candidate_3,candidate_2,3,0.0033333333333333335
2883,candidate_1,candidate_3,candidate_2,3,0.0033333333333333335
2884,candidate_1,candidate_3,candidate_2,3,0.0033333333333333335
2885,candidate_1,candidate_3,candidate_2,3,0.0033333333333333335
2886,candidate_1,candidate_3,candidate_2,3,0.0033333333333333335
2887,candidate_1,candidate_3,candidate_2,3,0.0033333333333333335
2888,candidate_1,candidate_3,candidate_2,3,0.0033333333333333335
2889,candidate_1,candidate_3,candidate_2,3,0.0033333333333333335
2890,candidate_1,candidate_3,candidate_2,3,0.0033333333333333335
2891,candidate_1,candidate_3,candidate_2,3,0.0033333333333333335
2892,candidate_1,candidate_3,candidate_2,3,0.0033333333333333335
2893,candidate_1,candidate_3,candidate_2,3,0.0033333333333333335
2894,candidate_1,candidate_3,candidate_2,3,0.0033333333333333335
2895,candidate_1,candidate_3,candidate_2,3,0.0033333333333333335
2896,candidate_1,candidate_3,candidate_2,3,0.0033333333333333335
2897,candidate_1,candidate_3,candidate_2,3,0.0033333333333333335
2898,candidate_1,candidate_3,candidate_2,3,0.0033333333333333335
2899,candidate_1,candidate_3,candidate_2,3,0.0033333333333333335
2900,candidate_1,candidate_3,candidate_2,3,0.0033333333333333335
2901,candidate_1,candidate_3,candidate_2,3,0.0033333333333333335
2902,candidate_1,candidate_3,candidate_2,3,0.0033333333333333335
2903,candidate_1,candidate_3,candidate_2,3,0.0033333333333333335
2904,candidate_1,candidate_3,candidate_2,3,0.0033333333333333335
2905,candidate_1,candidate_3,candidate_2,3,0.0033333333333333335
2906,candidate_1,candidate_3,candidate_2,3,0.0033333333333333335
2907,candidate_1,candidate_3,candidate_2,3,0.0033333333333333335
2908,candidate_1,candidate_3,candidate_2,3,0.0033333333333333335
2909,candidate_1,candidate_3,candidate_2,3,0.0033333333333333335
2910,candidate_1,candidate_3,candidate_2,3,0.0033333333333333335
2911,candidate_1,candidate_3,candidate_2,3,0.0033333333333333335
2912,candidate_1,candidate_3,candidate_2,3,0.0033333333333333335
2913,candidate_1,candidate_3,candidate_2,3,0.0033333333333333335
2914,candidate_1,candidate_3,candidate_2,3,0.0033333333333333335
2915,candidate_1,candidate_3,candidate_2,3,0.0033333333333333335
2916,candidate_1,candidate_3,candidate_2,3,0.0033333333333333335
2917,candidate_1,candidate_3,candidate_2,3,0.0033333333333333335
2918,candidate_1,candidate_3,candidate_2,3,0.0033333333333333335
2919,candidate_1,candidate_3,candidate_2,3,0.0033333333333333335
2920,candidate_1,candidate_3,candidate_2,3,0.0033333333333333335
2921,candidate_1,candidate_3,candidate_2,3,0.0033333333333333335
2922,candidate_1,candidate_3,candidate_2,3,0.0033333333333333335
2923,candidate_1,candidate_3,candidate_2,3,0.0033333333333333335
2924,candidate_1,candidate_3,candidate_2,3,0.0033333333333333335
2925,candidate_1,candidate_3,candidate_2,3,0.0033333333333333335
2926,candidate_1,candidate_3,candidate_2,3,0.0033333333333333335
2927,candidate_1,candidate_3,candidate_2,3,0.0033333333333333335
2928,candidate_1,candidate_3,candidate_2,3,0.0033333333333333335
2929,candidate_1,candidate_3,candidate_2,3,0.0033333333333333335
2930,candidate_1,candidate_3,candidate_2,3,0.0033333333333333335
2931,candidate_1,candidate_3,candidate_2,3,0.0033333333333333335
2932,candidate_1,candidate_3,candidate_2,3,0.0033333333333333335
2933,candidate_1,candidate_3,candidate_2,3,0.0033333333333333335
2934,candidate_1,candidate_3,candidate_2,3,0.0033333333333333335
2935,candidate_1,candidate_3,candidate_2,3,0.0033333333333333335
2936,candidate_1,candidate_3,candidate_2,3,0.0033333333333333335
2937,candidate_1,candidate_3,candidate_2,3,0.0033333333333333335
2938,candidate_1,candidate_3,candidate_2,3,0.0033333333333333335
2939,candidate_1,candidate_3,candidate_2,3,0.0033333333333333335
2940,candidate_1,candidate_3,candidate_2,3,0.0033333333333333335
2941,candidate_1,candidate_3,candidate_2,3,0.0033333333333333335
2942,candidate_1,candidate_3,candidate_2,3,0.0033333333333333335
2943,candidate_1,candidate_3,candidate_2,3,0.0033333333333333335
2944,candidate_1,candidate_3,candidate_2,3,0.0033333333333333335
2945,candidate_1,candidate_3,candidate_2,3,0.0033333333333333335
2946,candidate_1,candidate_3,candidate_2,3,0.0033333333333333335
2947,candidate_1,candidate_3,candidate_2,3,0.0033333333333333335
2948,candidate_1,candidate_3,candidate_2,3,0.0033333333333333335
2949,candidate_1,candidate_3,candidate_2,3,0.0033333333333333335
2950,candidate_1,candidate_3,candidate_2,3,0.0033333333333333335
2951,candidate_1,candidate_3,candidate_2,3,0.0033333333333333335
2952,candidate_1,candidate_3,candidate_2,3,0.0033333333333333335
2953,candidate_1,candidate_3,candidate_2,3,0.0033333333333333335
2954,candidate_1,candidate_3,candidate_2,3,0.0033333333333333335
2955,candidate_1,candidate_3,candidate_2,3,0.0033333333333333335
2956,candidate_1,candidate_3,candidate_2,3,0.0033333333333333335
2957,candidate_1,candidate_3,candidate_2,3,0.0033333333333333335
2958,candidate_1,candidate_3,candidate_2,3,0.0033333333333333335
2959,candidate_1,candidate_3,candidate_2,3,0.0033333333333333335
2960,candidate_1,candidate_3,candidate_2,3,0.0033333333333333335
2961,candidate_1,candidate_3,candidate_2,3,0.0033333333333333335
2962,candidate_1,candidate_3,candidate_2,3,0.0033333333333333335
2963,candidate_1,candidate_3,candidate_2,3,0.0033333333333333335
2964,candidate_1,candidate_3,candidate_2,3,0.0033333333333333335
2965,candidate_1,candidate_3,candidate_2,3,0.0033333333333333335
2966,candidate_1,candidate_3,candidate_2,3,0.0033333333333333335
2967,candidate_1,candidate_3,candidate_2,3,0.0033333333333333335
2968,candidate_1,candidate_3,candidate_2,3,0.0033333333333333335
2969,candidate_1,candidate_3,candidate_2,3,0.0033333333333333335
2970,candidate_1,candidate_3,candidate_2,3,0.0033333333333333335
2971,candidate_1,candidate_3,candidate_2,3,0.0033333333333333335
2972,candidate_1,candidate_3,candidate_2,3,0.0033333333333333335
2973,candidate_1,candidate_3,candidate_2,3,0.0033333333333333335
2974,candidate_1,candidate_3,candidate_2,3,0.0033333333333333335
2975,candidate_1,candidate_3,candidate_2,3,0.0033333333333333335
2976,candidate_1,candidate_3,candidate_2,3,0.0033333333333333335
2977,candidate_1,candidate_3,candidate_2,3,0.0033333333333333335
2978,candidate_1,candidate_3,candidate_2,3,0.0033333333333333335
2979,candidate_1,candidate_3,candidate_2,3,0.0033333333333333335
2980,candidate_1,candidate_3,candidate_2,3,0.0033333333333333335
2981,candidate_1,candidate_3,candidate_2,3,0.0033333333333333335
2982,candidate_1,candidate_3,candidate_2,3,0.0033333333333333335
2983,candidate_1,candidate_3,candidate_2,3,0.0033333333333333335
2984,candidate_1,candidate_3,candidate_2,3,0.0033333333333333335
2985,candidate_1,candidate_3,candidate_2,3,0.0033333333333333335
2986,candidate_1,candidate_3,candidate_2,3,0.0033333333333333335
2987,candidate_1,candidate_3,candidate_2,3,0.0033333333333333335
2988,candidate_1,candidate_3,candidate_2,3,0.0033333333333333335
2989,candidate_1,candidate_3,candidate_2,3,0.0033333333333333335
2990,candidate_1,candidate_3,candidate_2,3,0.0033333333333333335
2991,candidate_1,candidate_3,candidate_2,3,0.0033333333333333335
2992,candidate_1,candidate_3,candidate_2,3,0.0033333333333333335
2993,candidate_1,candidate_3,candidate_2,3,0.0033333333333333335
2994,candidate_1,candidate_3,candidate_2,3,0.0033333333333333335
2995,candidate_1,candidate_3,candidate_2,3,0.0033333333333333335
2996,candidate_1,candidate_3,candidate_2,3,0.0033333333333333335
2997,candidate_1,candidate_3,candidate_2,3,0.0033333333333333335
2998,candidate_1,candidate_3,candidate_2,3,0.0033333333333333335
2999,candidate_1,candidate_3,candidate_2,3,0.0033333333333333335
3000,candidate_1,candidate_3,candidate_2,3,0.0033333333333333335
3001,candidate_1,candidate_3,candidate_2,3,0.0033333333333333335
3002,candidate_1,candidate_3,candidate_2,3,0.0033333333333333335
3003,candidate_1,candidate_3,candidate_2,3,0.0033333333333333335
3004,candidate_1,candidate_3,candidate_2,3,0.0033333333333333335
3005,candidate_1,candidate_3,candidate_2,3,0.0033333333333333335
3006,candidate_1,candidate_3,candidate_2,3,0.0033333333333333335
3007,candidate_1,candidate_3,candidate_2,3,0.0033333333333333335
3008,candidate_1,candidate_3,candidate_2,3,0.0033333333333333335
3009,candidate_1,candidate_3,candidate_2,3,0.0033333333333333335
3010,candidate_1,candidate_3,candidate_2,3,0.0033333333333333335
3011,candidate_1,candidate_3,candidate_2,3,0.0033333333333333335
3012,candidate_1,candidate_3,candidate_2,3,0.0033333333333333335
3013,candidate_1,candidate_3,candidate_2,3,0.0033333333333333335
3014,candidate_1,candidate_3,candidate_2,3,0.0033333333333333335
3015,candidate_1,candidate_3,candidate_2,3,0.0033333333333333335
3016,candidate_1,candidate_3,candidate_2,3,0.0033333333333333335
3017,candidate_1,candidate_3,candidate_2,3,0.0033333333333333335
3018,candidate_1,candidate_3,candidate_2,3,0.0033333333333333335
3019,candidate_1,candidate_3,candidate_2,3,0.0033333333333333335
3020,candidate_1,candidate_3,candidate_2,3,0.0033333333333333335
3021,candidate_1,candidate_3,candidate_2,3,0.0033333333333333335
3022,candidate_1,candidate_3,candidate_2,3,0.0033333333333333335
3023,candidate_1,candidate_3,candidate_2,3,0.0033333333333333335
3024,candidate_1,candidate_3,candidate_2,3,0.0033333333333333335
3025,candidate_1,candidate_3,candidate_2,3,0.0033333333333333335
3026,candidate_1,candidate_3,candidate_2,3,0.0033333333333333335
3027,candidate_1,candidate_3,candidate_2,3,0.0033333333333333335
3028,candidate_1,candidate_3,candidate_2,3,0.0033333333333333335
3029,candidate_1,candidate_3,candidate_2,3,0.0033333333333333335
3030,candidate_1,candidate_3,candidate_2,3,0.0033333333333333335
3031,candidate_1,candidate_3,candidate_2,3,0.0033333333333333335
3032,candidate_1,candidate_3,candidate_2,3,0.0033333333333333335
3033,candidate_1,candidate_3,candidate_2,3,0.0033333333333333335
3034,candidate_1,candidate_3,candidate_2,3,0.0033333333333333335
3035,candidate_1,candidate_3,candidate_2,3,0.0033333333333333335
3036,candidate_1,candidate_3,candidate_2,3,0.0033333333333333335
3037,candidate_1,candidate_3,candidate_2,3,0.0033333333333333335
3038,candidate_1,candidate_3,candidate_2,3,0.0033333333333333335
3039,candidate_1,candidate_3,candidate_2,3,0.0033333333333333335
3040,candidate_1,candidate_3,candidate_2,3,0.0033333333333333335
3041,candidate_1,candidate_3,candidate_2,3,0.0033333333333333335
3042,candidate_1,candidate_3,candidate_2,3,0.0033333333333333335
3043,candidate_1,candidate_3,candidate_2,3,0.0033333333333333335
3044,candidate_1,candidate_3,candidate_2,3,0.0033333333333333335
3045,candidate_1,candidate_3,candidate_2,3,0.0033333333333333335
3046,candidate_1,candidate_3,candidate_2,3,0.0033333333333333335
3047,candidate_1,candidate_3,candidate_2,3,0.0033333333333333335
3048,candidate_1,candidate_3,candidate_2,3,0.0033333333333333335
3049,candidate_1,candidate_3,candidate_2,3,0.0033333333333333335
3050,candidate_1,candidate_3,candidate_2,3,0.0033333333333333335
3051,candidate_1,candidate_3,candidate_2,3,0.0033333333333333335
3052,candidate_1,candidate_3,candidate_2,3,0.0033333333333333335
3053,candidate_1,candidate_3,candidate_2,3,0.0033333333333333335
3054,candidate_1,candidate_3,candidate_2,3,0.0033333333333333335
3055,candidate_1,candidate_3,candidate_2,3,0.0033333333333333335
3056,candidate_1,candidate_3,candidate_2,3,0.0033333333333333335
3057,candidate_1,candidate_3,candidate_2,3,0.0033333333333333335
3058,candidate_1,candidate_3,candidate_2,3,0.0033333333333333335
3059,candidate_1,candidate_3,candidate_2,3,0.0033333333333333335
3060,candidate_1,candidate_3,candidate_2,3,0.0033333333333333335
3061,candidate_1,candidate_3,candidate_2,3,0.0033333333333333335
3062,candidate_1,0,candidate_2,3,0.0033333333333333335
3063,candidate_1,candidate_3,candidate_2,3,0.0033333333333333335
3064,candidate_1,candidate_3,candidate_2,3,0.0033333333333333335
3065,candidate_1,candidate_3,candidate_2,3,0.0033333333333333335
3066,candidate_1,candidate_3,candidate_2,3,0.0033333333333333335
3067,candidate_1,candidate_3,candidate_2,3,0.0033333333333333335
3068,candidate_1,candidate_3,candidate_2,3,0.0033333333333333335
3069,candidate_1,candidate_3,candidate_2,3,0.0033333333333333335
3070,candidate_1,candidate_3,candidate_2,3,0.0033333333333333335
3071,candidate_1,candidate_3,candidate_2,3,0.0033333333333333335
3072,candidate_1,candidate_3,candidate_2,3,0.0033333333333333335
3073,candidate_1,candidate_3,candidate_2,3,0.0033333333333333335
3074,candidate_1,candidate_3,candidate_2,3,0.0033333333333333335
3075,candidate_1,candidate_3,candidate_2,3,0.0033333333333333335
3076,candidate_1,candidate_3,candidate_2,3,0.0033333333333333335
3077,candidate_1,candidate_3,candidate_2,3,0.0033333333333333335
3078,candidate_1,candidate_3,candidate_2,3,0.0033333333333333335
3079,candidate_1,candidate_3,candidate_2,3,0.0033333333333333335
3080,candidate_1,candidate_3,candidate_2,3,0.0033333333333333335
3081,candidate_1,candidate_3,candidate_2,3,0.0033333333333333335
3082,candidate_1,candidate_3,candidate_2,3,0.0033333333333333335
3083,candidate_1,candidate_3,candidate_2,3,0.0033333333333333335
3084,candidate_1,candidate_3,candidate_2,3,0.0033333333333333335
3085,candidate_1,candidate_3,candidate_2,3,0.0033333333333333335
3086,candidate_1,candidate_3,candidate_2,3,0.0033333333333333335
3087,candidate_1,candidate_3,candidate_2,3,0.0033333333333333335
3088,candidate_1,candidate_3,candidate_2,3,0.0033333333333333335
3089,0,candidate_3,candidate_2,3,0.0033333333333333335
3090,candidate_1,candidate_3,candidate_2,3,0.0033333333333333335
3091,candidate_1,candidate_3,candidate_2,3,0.0033333333333333335
3092,candidate_1,candidate_3,candidate_2,3,0.0033333333333333335
3093,candidate_1,candidate_3,candidate_2,3,0.0033333333333333335
3094,candidate_1,candidate_3,candidate_2,3,0.0033333333333333335
3095,candidate_1,candidate_3,candidate_2,3,0.0033333333333333335
3096,candidate_1,candidate_3,candidate_2,3,0.0033333333333333335
3097,candidate_1,candidate_3,candidate_2,3,0.0033333333333333335
3098,candidate_1,candidate_3,candidate_2,3,0.0033333333333333335
3099,candidate_1,candidate_3,candidate_2,3,0.0033333333333333335
3100,candidate_1,candidate_3,candidate_2,3,0.0033333333333333335
3101,candidate_1,candidate_3,candidate_2,3,0.0033333333333333335
3102,candidate_1,candidate_3,candidate_2,3,0.0033333333333333335
3103,candidate_1,candidate_3,candidate_2,3,0.0033333333333333335
3104,candidate_1,candidate_3,candidate_2,3,0.0033333333333333335
3105,candidate_1,candidate_3,candidate_2,3,0.0033333333333333335
3106,candidate_1,candidate_3,candidate_2,3,0.0033333333333333335
3107,candidate_1,candidate_3,candidate_2,3,0.0033333333333333335
3108,candidate_1,candidate_3,candidate_2,3,0.0033333333333333335
3109,candidate_1,candidate_3,candidate_2,3,0.0033333333333333335
3110,candidate_1,candidate_3,candidate_2,3,0.0033333333333333335
3111,candidate_1,candidate_3,candidate_2,3,0.0033333333333333335
3112,candidate_1,candidate_3,candidate_2,3,0.0033333333333333335
3113,candidate_1,candidate_3,candidate_2,3,0.0033333333333333335
3114,candidate_1,candidate_3,candidate_2,3,0.0033333333333333335
3115,candidate_1,candidate_3,candidate_2,3,0.0033333333333333335
3116,candidate_1,candidate_3,candidate_2,3,0.0033333333333333335
3117,candidate_1,candidate_3,candidate_2,3,0.0033333333333333335
3118,candidate_1,candidate_3,candidate_2,3,0.0033333333333333335
3119,candidate_1,candidate_3,candidate_2,3,0.0033333333333333335
3120,candidate_1,candidate_3,candidate_2,3,0.0033333333333333335
3121,candidate_1,candidate_3,candidate_2,3,0.0033333333333333335
3122,candidate_1,candidate_3,candidate_2,3,0.0033333333333333335
3123,candidate_1,candidate_3,candidate_2,3,0.0033333333333333335
3124,candidate_1,candidate_3,candidate_2,3,0.0033333333333333335
3125,candidate_1,candidate_3,candidate_2,3,0.0033333333333333335
3126,candidate_1,candidate_3,candidate_2,3,0.0033333333333333335
3127,candidate_1,candidate_3,candidate_2,3,0.0033333333333333335
3128,candidate_1,candidate_3,candidate_2,3,0.0033333333333333335
3129,candidate_1,candidate_3,candidate_2,3,0.0033333333333333335
3130,candidate_1,candidate_3,candidate_2,3,0.0033333333333333335
3131,candidate_1,candidate_3,candidate_2,3,0.0033333333333333335
3132,candidate_1,candidate_3,candidate_2,3,0.0033333333333333335
3133,candidate_1,candidate_3,candidate_2,3,0.0033333333333333335
3134,candidate_1,candidate_3,candidate_2,3,0.0033333333333333335
3135,candidate_1,candidate_3,candidate_2,3,0.0033333333333333335
3136,candidate_1,candidate_3,candidate_2,3,0.0033333333333333335
3137,candidate_1,candidate_3,candidate_2,3,0.0033333333333333335
3138,candidate_1,candidate_3,candidate_2,3,0.0033333333333333335
3139,candidate_1,candidate_3,candidate_2,3,0.0033333333333333335
3140,candidate_1,candidate_3,candidate_2,3,0.0033333333333333335
3141,candidate_1,candidate_3,candidate_2,3,0.0033333333333333335
3142,candidate_1,candidate_3,candidate_2,3,0.0033333333333333335
3143,candidate_1,candidate_3,candidate_2,3,0.0033333333333333335
3144,candidate_1,candidate_3,candidate_2,3,0.0033333333333333335
3145,candidate_1,candidate_3,candidate_2,3,0.0033333333333333335
3146,candidate_1,candidate_3,candidate_2,3,0.0033333333333333335
3147,candidate_1,candidate_3,candidate_2,3,0.0033333333333333335
3148,candidate_1,candidate_3,candidate_2,3,0.0033333333333333335
3149,candidate_1,candidate_3,candidate_2,3,0.0033333333333333335
3150,candidate_1,candidate_3,candidate_2,3,0.0033333333333333335
3151,candidate_1,candidate_3,candidate_2,3,0.0033333333333333335
3152,candidate_1,candidate_3,candidate_2,3,0.0033333333333333335
3153,candidate_1,candidate_3,candidate_2,3,0.0033333333333333335
3154,candidate_1,candidate_3,candidate_2,3,0.0033333333333333335
3155,candidate_1,candidate_3,candidate_2,3,0.0033333333333333335
3156,candidate_1,candidate_3,candidate_2,3,0.0033333333333333335
3157,candidate_1,candidate_3,candidate_2,3,0.0033333333333333335
3158,candidate_1,candidate_3,candidate_2,3,0.0033333333333333335
3159,candidate_1,candidate_3,candidate_2,3,0.0033333333333333335
3160,candidate_1,candidate_3,candidate_2,3,0.0033333333333333335
3161,candidate_1,candidate_3,candidate_2,3,0.0033333333333333335
3162,candidate_1,candidate_3,candidate_2,3,0.0033333333333333335
3163,candidate_1,candidate_3,candidate_2,3,0.0033333333333333335
3164,candidate_1,candidate_3,candidate_2,3,0.0033333333333333335
3165,candidate_1,candidate_3,candidate_2,3,0.0033333333333333335
3166,candidate_1,candidate_3,candidate_2,3,0.0033333333333333335
3167,candidate_1,candidate_3,candidate_2,3,0.0033333333333333335
3168,candidate_1,candidate_3,candidate_2,3,0.0033333333333333335
3169,candidate_1,candidate_3,candidate_2,3,0.0033333333333333335
3170,candidate_1,candidate_3,candidate_2,3,0.0033333333333333335
3171,candidate_1,candidate_3,candidate_2,3,0.0033333333333333335
3172,candidate_1,candidate_3,candidate_2,3,0.0033333333333333335
3173,candidate_1,candidate_3,candidate_2,3,0.0033333333333333335
3174,candidate_1,candidate_3,candidate_2,3,0.0033333333333333335
3175,candidate_1,candidate_3,candidate_2,3,0.0033333333333333335
3176,candidate_1,candidate_3,candidate_2,3,0.0033333333333333335
3177,candidate_1,candidate_3,candidate_2,3,0.0033333333333333335
3178,candidate_1,candidate_3,candidate_2,3,0.0033333333333333335
3179,candidate_1,candidate_3,candidate_2,3,0.0033333333333333335
3180,candidate_1,candidate_3,candidate_2,3,0.0033333333333333335
3181,candidate_1,candidate_3,candidate_2,3,0.0033333333333333335
3182,candidate_1,candidate_3,candidate_2,3,0.0033333333333333335
3183,candidate_1,candidate_3,candidate_2,3,0.0033333333333333335
3184,candidate_1,candidate_3,candidate_2,3,0.0033333333333333335
3185,candidate_1,candidate_3,candidate_2,3,0.0033333333333333335
3186,candidate_1,candidate_3,candidate_2,3,0.0033333333333333335
3187,candidate_1,candidate_3,candidate_2,3,0.0033333333333333335
3188,candidate_1,candidate_3,candidate_2,3,0.0033333333333333335
3189,candidate_1,candidate_3,candidate_2,3,0.0033333333333333335
3190,candidate_1,candidate_3,candidate_2,3,0.0033333333333333335
3191,candidate_1,candidate_3,candidate_2,3,0.0033333333333333335
3192,candidate_1,candidate_3,candidate_2,3,0.0033333333333333335
3193,candidate_1,candidate_3,candidate_2,3,0.0033333333333333335
3194,candidate_1,candidate_3,candidate_2,3,0.0033333333333333335
3195,candidate_1,candidate_3,candidate_2,3,0.0033333333333333335
3196,candidate_1,candidate_3,candidate_2,3,0.0033333333333333335
3197,candidate_1,candidate_3,candidate_2,3,0.0033333333333333335
3198,candidate_1,candidate_3,candidate_2,3,0.0033333333333333335
3199,candidate_1,candidate_3,candidate_2,3,0.0033333333333333335
3200,candidate_1,candidate_3,candidate_2,3,0.0033333333333333335
3201,candidate_1,candidate_3,candidate_2,3,0.0033333333333333335
3202,candidate_1,candidate_3,candidate_2,3,0.0033333333333333335
3203,candidate_1,candidate_3,candidate_2,3,0.0033333333333333335
3204,candidate_1,candidate_3,candidate_2,3,0.0033333333333333335
3205,candidate_1,candidate_3,candidate_2,3,0.0033333333333333335
3206,candidate_1,candidate_3,candidate_2,3,0.0033333333333333335
3207,candidate_1,candidate_3,candidate_2,3,0.0033333333333333335
3208,candidate_1,candidate_3,candidate_2,3,0.0033333333333333335
3209,candidate_1,candidate_3,0,3,0.0033333333333333335
3210,candidate_1,candidate_3,candidate_2,3,0.0033333333333333335
3211,candidate_1,candidate_3,candidate_2,3,0.0033333333333333335
3212,candidate_1,candidate_3,candidate_2,3,0.0033333333333333335
3213,candidate_1,candidate_3,candidate_2,3,0.0033333333333333335
3214,candidate_1,candidate_3,candidate_2,3,0.0033333333333333335
3215,candidate_1,candidate_3,candidate_2,3,0.0033333333333333335
3216,candidate_1,candidate_3,candidate_2,3,0.0033333333333333335
3217,candidate_1,candidate_3,candidate_2,3,0.0033333333333333335
3218,candidate_1,candidate_3,candidate_2,3,0.0033333333333333335
3219,candidate_1,candidate_3,candidate_2,3,0.0033333333333333335
3220,candidate_1,candidate_3,candidate_2,3,0.0033333333333333335
3221,candidate_1,candidate_3,candidate_2,3,0.0033333333333333335
3222,candidate_1,candidate_3,candidate_2,3,0.0033333333333333335
3223,candidate_1,candidate_3,candidate_2,3,0.0033333333333333335
3224,candidate_1,candidate_3,candidate_2,3,0.0033333333333333335
3225,candidate_1,candidate_3,candidate_2,3,0.0033333333333333335
3226,candidate_1,candidate_3,candidate_2,3,0.0033333333333333335
3227,candidate_1,candidate_3,candidate_2,3,0.0033333333333333335
3228,candidate_1,candidate_3,candidate_2,3,0.0033333333333333335
3229,candidate_1,candidate_3,candidate_2,3,0.0033333333333333335
3230,candidate_1,candidate_3,candidate_2,3,0.0033333333333333335
3231,candidate_1,candidate_3,candidate_2,3,0.0033333333333333335
3232,candidate_1,candidate_3,candidate_2,3,0.0033333333333333335
3233,candidate_1,candidate_3,candidate_2,3,0.0033333333333333335
3234,candidate_1,candidate_3,candidate_2,3,0.0033333333333333335
3235,candidate_1,candidate_3,candidate_2,3,0.0033333333333333335
3236,candidate_1,candidate_3,candidate_2,3,0.0033333333333333335
3237,candidate_1,candidate_3,candidate_2,3,0.0033333333333333335
3238,candidate_1,candidate_3,candidate_2,3,0.0033333333333333335
3239,candidate_1,candidate_3,candidate_2,3,0.0033333333333333335
3240,candidate_1,candidate_3,candidate_2,3,0.0033333333333333335
3241,candidate_1,candidate_3,candidate_2,3,0.0033333333333333335
3242,candidate_1,candidate_3,candidate_2,3,0.0033333333333333335
3243,candidate_1,candidate_3,candidate_2,3,0.0033333333333333335
3244,candidate_1,candidate_3,candidate_2,3,0.0033333333333333335
3245,candidate_1,candidate_3,candidate_2,3,0.0033333333333333335
3246,candidate_1,candidate_3,candidate_2,3,0.0033333333333333335
3247,candidate_1,candidate_3,candidate_2,3,0.0033333333333333335
3248,candidate_1,candidate_3,candidate_2,3,0.0033333333333333335
3249,candidate_1,candidate_3,candidate_2,3,0.0033333333333333335
3250,candidate_1,candidate_3,candidate_2,3,0.0033333333333333335
3251,candidate_1,candidate_3,candidate_2,3,0.0033333333333333335
3252,candidate_1,candidate_3,candidate_2,3,0.0033333333333333335
3253,candidate_1,candidate_3,candidate_2,3,0.0033333333333333335
3254,candidate_1,candidate_3,candidate_2,3,0.0033333333333333335
3255,candidate_1,candidate_3,candidate_2,3,0.0033333333333333335
3256,candidate_1,candidate_3,candidate_2,3,0.0033333333333333335
3257,candidate_1,candidate_3,candidate_2,3,0.0033333333333333335
3258,candidate_1,candidate_3,candidate_2,3,0.0033333333333333335
3259,candidate_1,candidate_3,candidate_2,3,0.0033333333333333335
3260,candidate_1,candidate_3,candidate_2,3,0.0033333333333333335
3261,candidate_1,candidate_3,candidate_2,3,0.0033333333333333335
3262,candidate_1,candidate_3,candidate_2,3,0.0033333333333333335
3263,candidate_1,candidate_3,candidate_2,3,0.0033333333333333335
3264,candidate_1,candidate_3,candidate_2,3,0.0033333333333333335
3265,candidate_1,candidate_3,candidate_2,3,0.0033333333333333335
3266,candidate_1,candidate_3,candidate_2,3,0.0033333333333333335
3267,candidate_1,candidate_3,candidate_2,3,0.0033333333333333335
3268,candidate_1,candidate_3,candidate_2,3,0.0033333333333333335
3269,candidate_1,candidate_3,candidate_2,3,0.0033333333333333335
3270,candidate_1,candidate_3,candidate_2,3,0.0033333333333333335
3271,candidate_1,candidate_3,candidate_2,3,0.0033333333333333335
3272,candidate_1,candidate_3,candidate_2,3,0.0033333333333333335
3273,candidate_1,candidate_3,candidate_2,3,0.0033333333333333335
3274,candidate_1,candidate_3,candidate_2,3,0.0033333333333333335
3275,candidate_1,candidate_3,candidate_2,3,0.0033333333333333335
3276,candidate_1,candidate_3,candidate_2,3,0.0033333333333333335
3277,candidate_1,candidate_3,candidate_2,3,0.0033333333333333335
3278,candidate_1,candidate_3,candidate_2,3,0.0033333333333333335
3279,candidate_1,candidate_3,candidate_2,3,0.0033333333333333335
3280,candidate_1,candidate_3,candidate_2,3,0.0033333333333333335
3281,candidate_1,candidate_3,candidate_2,3,0.0033333333333333335
3282,0,candidate_3,candidate_2,3,0.0033333333333333335
3283,candidate_1,candidate_3,candidate_2,3,0.0033333333333333335
3284,candidate_1,candidate_3,candidate_2,3,0.0033333333333333335
3285,candidate_1,candidate_3,candidate_2,3,0.0033333333333333335
3286,candidate_1,candidate_3,candidate_2,3,0.0033333333333333335
3287,candidate_1,candidate_3,candidate_2,3,0.0033333333333333335
3288,candidate_1,candidate_3,candidate_2,3,0.0033333333333333335
3289,candidate_1,candidate_3,candidate_2,3,0.0033333333333333335
3290,candidate_1,candidate_3,candidate_2,3,0.0033333333333333335
3291,candidate_1,candidate_3,candidate_2,3,0.0033333333333333335
3292,candidate_1,candidate_3,candidate_2,3,0.0033333333333333335
3293,candidate_1,candidate_3,candidate_2,3,0.0033333333333333335
3294,candidate_1,candidate_3,candidate_2,3,0.0033333333333333335
3295,candidate_1,candidate_3,candidate_2,3,0.0033333333333333335
3296,candidate_1,candidate_3,candidate_2,3,0.0033333333333333335
3297,candidate_1,candidate_3,candidate_2,3,0.0033333333333333335
3298,candidate_1,candidate_3,candidate_2,3,0.0033333333333333335
3299,candidate_1,candidate_3,candidate_2,3,0.0033333333333333335
3300,candidate_1,candidate_3,candidate_2,3,0.0033333333333333335
3301,candidate_1,candidate_3,candidate_2,3,0.0033333333333333335
3302,candidate_1,candidate_3,candidate_2,3,0.0033333333333333335
3303,0,candidate_3,candidate_2,3,0.0033333333333333335
3304,candidate_1,candidate_3,candidate_2,3,0.0033333333333333335
3305,candidate_1,candidate_3,candidate_2,3,0.0033333333333333335
3306,candidate_1,candidate_3,candidate_2,3,0.0033333333333333335
3307,candidate_1,candidate_3,candidate_2,3,0.0033333333333333335
3308,candidate_1,candidate_3,candidate_2,3,0.0033333333333333335
3309,candidate_1,candidate_3,candidate_2,3,0.0033333333333333335
3310,candidate_1,candidate_3,candidate_2,3,0.0033333333333333335
3311,candidate_1,candidate_3,candidate_2,3,0.0033333333333333335
3312,candidate_1,candidate_3,candidate_2,3,0.0033333333333333335
3313,candidate_1,candidate_3,candidate_2,3,0.0033333333333333335
3314,candidate_1,candidate_3,candidate_2,3,0.0033333333333333335
3315,candidate_1,candidate_3,candidate_2,3,0.0033333333333333335
3316,candidate_1,candidate_3,candidate_2,3,0.0033333333333333335
3317,candidate_1,candidate_3,candidate_2,3,0.0033333333333333335
3318,candidate_1,candidate_3,candidate_2,3,0.0033333333333333335
3319,candidate_1,candidate_3,candidate_2,3,0.0033333333333333335
3320,candidate_1,candidate_3,candidate_2,3,0.0033333333333333335
3321,candidate_1,candidate_3,candidate_2,3,0.0033333333333333335
3322,candidate_1,candidate_3,candidate_2,3,0.0033333333333333335
3323,candidate_1,candidate_3,candidate_2,3,0.0033333333333333335
3324,candidate_1,candidate_3,candidate_2,3,0.0033333333333333335
3325,candidate_1,candidate_3,candidate_2,3,0.0033333333333333335
3326,candidate_1,candidate_3,candidate_2,3,0.0033333333333333335
3327,candidate_1,candidate_3,candidate_2,3,0.0033333333333333335
3328,candidate_1,candidate_3,candidate_2,3,0.0033333333333333335
3329,candidate_1,candidate_3,candidate_2,3,0.0033333333333333335
3330,candidate_1,candidate_3,candidate_2,3,0.0033333333333333335
3331,candidate_1,candidate_3,candidate_2,3,0.0033333333333333335
3332,candidate_1,candidate_3,candidate_2,3,0.0033333333333333335
3333,candidate_1,candidate_3,candidate_2,3,0.0033333333333333335
3334,candidate_1,candidate_3,candidate_2,3,0.0033333333333333335
3335,candidate_1,candidate_3,candidate_2,3,0.0033333333333333335
3336,candidate_1,candidate_3,candidate_2,3,0.0033333333333333335
3337,candidate_1,candidate_3,candidate_2,3,0.0033333333333333335
3338,candidate_1,candidate_3,candidate_2,3,0.0033333333333333335
3339,candidate_1,candidate_3,candidate_2,3,0.0033333333333333335
3340,candidate_1,candidate_3,candidate_2,3,0.0033333333333333335
3341,candidate_1,candidate_3,candidate_2,3,0.0033333333333333335
3342,candidate_1,candidate_3,candidate_2,3,0.0033333333333333335
3343,candidate_1,candidate_3,candidate_2,3,0.0033333333333333335
3344,candidate_1,candidate_3,candidate_2,3,0.0033333333333333335
3345,candidate_1,candidate_3,candidate_2,3,0.0033333333333333335
3346,candidate_1,candidate_3,candidate_2,3,0.0033333333333333335
3347,candidate_1,candidate_3,candidate_2,3,0.0033333333333333335
3348,candidate_1,candidate_3,candidate_2,3,0.0033333333333333335
3349,candidate_1,candidate_3,candidate_2,3,0.0033333333333333335
3350,candidate_1,candidate_3,candidate_2,3,0.0033333333333333335
3351,candidate_1,candidate_3,candidate_2,3,0.0033333333333333335
3352,candidate_1,candidate_3,candidate_2,3,0.0033333333333333335
3353,candidate_1,candidate_3,candidate_2,3,0.0033333333333333335
3354,candidate_1,candidate_3,candidate_2,3,0.0033333333333333335
3355,candidate_1,candidate_3,candidate_2,3,0.0033333333333333335
3356,candidate_1,candidate_3,candidate_2,3,0.0033333333333333335
3357,candidate_1,candidate_3,candidate_2,3,0.0033333333333333335
3358,candidate_1,candidate_3,candidate_2,3,0.0033333333333333335
3359,candidate_1,candidate_3,candidate_2,3,0.0033333333333333335
3360,candidate_1,candidate_3,candidate_2,3,0.0033333333333333335
3361,candidate_1,candidate_3,candidate_2,3,0.0033333333333333335
3362,candidate_1,candidate_3,candidate_2,3,0.0033333333333333335
3363,candidate_1,candidate_3,candidate_2,3,0.0033333333333333335
3364,0,candidate_3,candidate_2,3,0.0033333333333333335
3365,candidate_1,candidate_3,candidate_2,3,0.0033333333333333335
3366,candidate_1,candidate_3,candidate_2,3,0.0033333333333333335
3367,candidate_1,candidate_3,candidate_2,3,0.0033333333333333335
3368,candidate_1,candidate_3,candidate_2,3,0.0033333333333333335
3369,candidate_1,candidate_3,candidate_2,3,0.0033333333333333335
3370,candidate_1,candidate_3,candidate_2,3,0.0033333333333333335
3371,candidate_1,candidate_3,candidate_2,3,0.0033333333333333335
3372,candidate_1,candidate_3,candidate_2,3,0.0033333333333333335
3373,candidate_1,candidate_3,candidate_2,3,0.0033333333333333335
3374,candidate_1,candidate_3,candidate_2,3,0.0033333333333333335
3375,candidate_1,candidate_3,candidate_2,3,0.0033333333333333335
3376,candidate_1,candidate_3,candidate_2,3,0.0033333333333333335
3377,candidate_1,candidate_3,candidate_2,3,0.0033333333333333335
3378,candidate_1,candidate_3,candidate_2,3,0.0033333333333333335
3379,candidate_1,candidate_3,candidate_2,3,0.0033333333333333335
3380,candidate_1,candidate_3,candidate_2,3,0.0033333333333333335
3381,candidate_1,candidate_3,candidate_2,3,0.0033333333333333335
3382,candidate_1,candidate_3,candidate_2,3,0.0033333333333333335
3383,candidate_1,candidate_3,candidate_2,3,0.0033333333333333335
3384,candidate_1,candidate_3,candidate_2,3,0.0033333333333333335
3385,candidate_1,candidate_3,candidate_2,3,0.0033333333333333335
3386,candidate_1,candidate_3,candidate_2,3,0.0033333333333333335
3387,candidate_1,candidate_3,candidate_2,3,0.0033333333333333335
3388,candidate_1,candidate_3,candidate_2,3,0.0033333333333333335
3389,candidate_1,candidate_3,candidate_2,3,0.0033333333333333335
3390,candidate_1,candidate_3,candidate_2,3,0.0033333333333333335
3391,candidate_1,candidate_3,candidate_2,3,0.0033333333333333335
3392,candidate_1,candidate_3,candidate_2,3,0.0033333333333333335
3393,candidate_1,candidate_3,candidate_2,3,0.0033333333333333335
3394,candidate_1,candidate_3,candidate_2,3,0.0033333333333333335
3395,candidate_1,candidate_3,candidate_2,3,0.0033333333333333335
3396,candidate_1,candidate_3,candidate_2,3,0.0033333333333333335
3397,candidate_1,candidate_3,candidate_2,3,0.0033333333333333335
3398,candidate_1,candidate_3,candidate_2,3,0.0033333333333333335
3399,candidate_1,candidate_3,candidate_2,3,0.0033333333333333335
3400,candidate_1,candidate_3,candidate_2,3,0.0033333333333333335
3401,candidate_1,candidate_3,candidate_2,3,0.0033333333333333335
3402,candidate_1,candidate_3,candidate_2,3,0.0033333333333333335
3403,candidate_1,candidate_3,candidate_2,3,0.0033333333333333335
3404,candidate_1,candidate_3,candidate_2,3,0.0033333333333333335
3405,candidate_1,candidate_3,candidate_2,3,0.0033333333333333335
3406,candidate_1,candidate_3,candidate_2,3,0.0033333333333333335
3407,candidate_1,candidate_3,candidate_2,3,0.0033333333333333335
3408,candidate_1,candidate_3,candidate_2,3,0.0033333333333333335
3409,candidate_1,candidate_3,candidate_2,3,0.0033333333333333335
3410,candidate_1,candidate_3,candidate_2,3,0.0033333333333333335
3411,candidate_1,candidate_3,candidate_2,3,0.0033333333333333335
3412,candidate_1,candidate_3,candidate_2,3,0.0033333333333333335
3413,candidate_1,candidate_3,candidate_2,3,0.0033333333333333335
3414,candidate_1,candidate_3,candidate_2,3,0.0033333333333333335
3415,candidate_1,candidate_3,candidate_2,3,0.0033333333333333335
3416,candidate_1,candidate_3,candidate_2,3,0.0033333333333333335
3417,candidate_1,candidate_3,candidate_2,3,0.0033333333333333335
3418,candidate_1,candidate_3,candidate_2,3,0.0033333333333333335
3419,candidate_1,candidate_3,candidate_2,3,0.0033333333333333335
3420,candidate_1,candidate_3,candidate_2,3,0.0033333333333333335
3421,candidate_1,candidate_3,candidate_2,3,0.0033333333333333335
3422,candidate_1,candidate_3,candidate_2,3,0.0033333333333333335
3423,candidate_1,candidate_3,candidate_2,3,0.0033333333333333335
3424,candidate_1,candidate_3,candidate_2,3,0.0033333333333333335
3425,candidate_1,candidate_3,candidate_2,3,0.0033333333333333335
3426,candidate_1,candidate_3,candidate_2,3,0.0033333333333333335
3427,candidate_1,candidate_3,candidate_2,3,0.0033333333333333335
3428,candidate_1,candidate_3,candidate_2,3,0.0033333333333333335
3429,candidate_1,candidate_3,candidate_2,3,0.0033333333333333335
3430,candidate_1,candidate_3,candidate_2,3,0.0033333333333333335
3431,candidate_1,candidate_3,candidate_2,3,0.0033333333333333335
3432,candidate_1,candidate_3,candidate_2,3,0.0033333333333333335
3433,candidate_1,candidate_3,candidate_2,3,0.0033333333333333335
3434,candidate_1,candidate_3,candidate_2,3,0.0033333333333333335
3435,candidate_1,candidate_3,candidate_2,3,0.0033333333333333335
3436,candidate_1,candidate_3,candidate_2,3,0.0033333333333333335
3437,candidate_1,candidate_3,candidate_2,3,0.0033333333333333335
3438,candidate_1,candidate_3,candidate_2,3,0.0033333333333333335
3439,candidate_1,candidate_3,candidate_2,3,0.0033333333333333335
3440,candidate_1,candidate_3,candidate_2,3,0.0033333333333333335
3441,candidate_1,candidate_3,candidate_2,3,0.0033333333333333335
3442,candidate_1,candidate_3,candidate_2,3,0.0033333333333333335
3443,candidate_1,candidate_3,candidate_2,3,0.0033333333333333335
3444,candidate_1,candidate_3,candidate_2,3,0.0033333333333333335
3445,candidate_1,candidate_3,candidate_2,3,0.0033333333333333335
3446,candidate_1,candidate_3,candidate_2,3,0.0033333333333333335
3447,candidate_1,candidate_3,candidate_2,3,0.0033333333333333335
3448,candidate_1,candidate_3,candidate_2,3,0.0033333333333333335
3449,candidate_1,candidate_3,candidate_2,3,0.0033333333333333335
3450,candidate_1,candidate_3,candidate_2,3,0.0033333333333333335
3451,candidate_1,candidate_3,candidate_2,3,0.0033333333333333335
3452,candidate_1,candidate_3,candidate_2,3,0.0033333333333333335
3453,candidate_1,candidate_3,candidate_2,3,0.0033333333333333335
3454,candidate_1,candidate_3,candidate_2,3,0.0033333333333333335
3455,candidate_1,candidate_3,candidate_2,3,0.0033333333333333335
3456,candidate_1,candidate_3,candidate_2,3,0.0033333333333333335
3457,candidate_1,candidate_3,candidate_2,3,0.0033333333333333335
3458,candidate_1,candidate_3,candidate_2,3,0.0033333333333333335
3459,candidate_1,candidate_3,candidate_2,3,0.0033333333333333335
3460,candidate_1,candidate_3,candidate_2,3,0.0033333333333333335
3461,candidate_1,candidate_3,candidate_2,3,0.0033333333333333335
3462,candidate_1,candidate_3,candidate_2,3,0.0033333333333333335
3463,candidate_1,candidate_3,candidate_2,3,0.0033333333333333335
3464,candidate_1,candidate_3,candidate_2,3,0.0033333333333333335
3465,candidate_1,candidate_3,candidate_2,3,0.0033333333333333335
3466,candidate_1,candidate_3,candidate_2,3,0.0033333333333333335
3467,candidate_1,candidate_3,candidate_2,3,0.0033333333333333335
3468,candidate_1,candidate_3,candidate_2,3,0.0033333333333333335
3469,candidate_1,candidate_3,candidate_2,3,0.0033333333333333335
3470,candidate_1,candidate_3,candidate_2,3,0.0033333333333333335
3471,candidate_1,candidate_3,candidate_2,3,0.0033333333333333335
3472,candidate_1,candidate_3,candidate_2,3,0.0033333333333333335
3473,candidate_1,candidate_3,candidate_2,3,0.0033333333333333335
3474,candidate_1,candidate_3,candidate_2,3,0.0033333333333333335
3475,candidate_1,candidate_3,candidate_2,3,0.0033333333333333335
3476,candidate_1,candidate_3,candidate_2,3,0.0033333333333333335
3477,candidate_1,candidate_3,candidate_2,3,0.0033333333333333335
3478,candidate_1,candidate_3,candidate_2,3,0.0033333333333333335
3479,candidate_1,candidate_3,candidate_2,3,0.0033333333333333335
3480,candidate_1,candidate_3,candidate_2,3,0.0033333333333333335
3481,candidate_1,candidate_3,candidate_2,3,0.0033333333333333335
3482,candidate_1,candidate_3,candidate_2,3,0.0033333333333333335
3483,candidate_1,candidate_3,candidate_2,3,0.0033333333333333335
3484,candidate_1,candidate_3,candidate_2,3,0.0033333333333333335
3485,candidate_1,candidate_3,candidate_2,3,0.0033333333333333335
3486,candidate_1,candidate_3,candidate_2,3,0.0033333333333333335
3487,candidate_1,candidate_3,candidate_2,3,0.0033333333333333335
3488,candidate_1,candidate_3,candidate_2,3,0.0033333333333333335
3489,candidate_1,candidate_3,candidate_2,3,0.0033333333333333335
3490,candidate_1,candidate_3,candidate_2,3,0.0033333333333333335
3491,candidate_1,candidate_3,candidate_2,3,0.0033333333333333335
3492,candidate_1,candidate_3,candidate_2,3,0.0033333333333333335
3493,candidate_1,candidate_3,candidate_2,3,0.0033333333333333335
3494,candidate_1,candidate_3,candidate_2,3,0.0033333333333333335
3495,candidate_1,candidate_3,candidate_2,3,0.0033333333333333335
3496,candidate_1,candidate_3,candidate_2,3,0.0033333333333333335
3497,candidate_1,candidate_3,candidate_2,3,0.0033333333333333335
3498,candidate_1,candidate_3,candidate_2,3,0.0033333333333333335
3499,candidate_1,candidate_3,candidate_2,3,0.0033333333333333335
3500,candidate_1,candidate_3,candidate_2,3,0.0033333333333333335
3501,candidate_1,candidate_3,candidate_2,3,0.0033333333333333335
3502,candidate_1,candidate_3,candidate_2,3,0.0033333333333333335
3503,candidate_1,candidate_3,candidate_2,3,0.0033333333333333335
3504,candidate_1,candidate_3,candidate_2,3,0.0033333333333333335
3505,candidate_1,candidate_3,candidate_2,3,0.0033333333333333335
3506,candidate_1,candidate_3,candidate_2,3,0.0033333333333333335
3507,candidate_1,candidate_3,candidate_2,3,0.0033333333333333335
3508,candidate_1,candidate_3,candidate_2,3,0.0033333333333333335
3509,candidate_1,candidate_3,candidate_2,3,0.0033333333333333335
3510,candidate_1,candidate_3,candidate_2,3,0.0033333333333333335
3511,candidate_1,candidate_3,candidate_2,3,0.0033333333333333335
3512,candidate_1,candidate_3,candidate_2,3,0.0033333333333333335
3513,candidate_1,candidate_3,candidate_2,3,0.0033333333333333335
3514,candidate_1,candidate_3,candidate_2,3,0.0033333333333333335
3515,candidate_1,candidate_3,candidate_2,3,0.0033333333333333335
3516,candidate_1,candidate_3,candidate_2,3,0.0033333333333333335
3517,candidate_1,candidate_3,candidate_2,3,0.0033333333333333335
3518,candidate_1,candidate_3,candidate_2,3,0.0033333333333333335
3519,candidate_1,candidate_3,candidate_2,3,0.0033333333333333335
3520,candidate_1,candidate_3,candidate_2,3,0.0033333333333333335
3521,candidate_1,candidate_3,candidate_2,3,0.0033333333333333335
3522,candidate_1,candidate_3,candidate_2,3,0.0033333333333333335
3523,candidate_1,candidate_3,candidate_2,3,0.0033333333333333335
3524,candidate_1,candidate_3,candidate_2,3,0.0033333333333333335
3525,candidate_1,candidate_3,candidate_2,3,0.0033333333333333335
3526,candidate_1,candidate_3,candidate_2,3,0.0033333333333333335
3527,candidate_1,candidate_3,candidate_2,3,0.0033333333333333335
3528,candidate_1,candidate_3,candidate_2,3,0.0033333333333333335
3529,candidate_1,candidate_3,candidate_2,3,0.0033333333333333335
3530,candidate_1,candidate_3,candidate_2,3,0.0033333333333333335
3531,candidate_1,candidate_3,candidate_2,3,0.0033333333333333335
3532,candidate_1,candidate_3,candidate_2,3,0.0033333333333333335
3533,candidate_1,candidate_3,candidate_2,3,0.0033333333333333335
3534,candidate_1,candidate_3,candidate_2,3,0.0033333333333333335
3535,candidate_1,candidate_3,candidate_2,3,0.0033333333333333335
3536,candidate_1,candidate_3,candidate_2,3,0.0033333333333333335
3537,candidate_1,candidate_3,candidate_2,3,0.0033333333333333335
3538,candidate_1,candidate_3,candidate_2,3,0.0033333333333333335
3539,candidate_1,candidate_3,candidate_2,3,0.0033333333333333335
3540,candidate_1,candidate_3,candidate_2,3,0.0033333333333333335
3541,candidate_1,candidate_3,candidate_2,3,0.0033333333333333335
3542,candidate_1,candidate_3,candidate_2,3,0.0033333333333333335
3543,candidate_1,candidate_3,candidate_2,3,0.0033333333333333335
3544,candidate_1,candidate_3,candidate_2,3,0.0033333333333333335
3545,candidate_1,candidate_3,candidate_2,3,0.0033333333333333335
3546,candidate_1,candidate_3,candidate_2,3,0.0033333333333333335
3547,candidate_1,candidate_3,candidate_2,3,0.0033333333333333335
3548,candidate_1,candidate_3,candidate_2,3,0.0033333333333333335
3549,candidate_1,candidate_3,candidate_2,3,0.0033333333333333335
3550,candidate_1,candidate_3,candidate_2,3,0.0033333333333333335
3551,candidate_1,candidate_3,candidate_2,3,0.0033333333333333335
3552,candidate_1,candidate_3,candidate_2,3,0.0033333333333333335
3553,candidate_1,candidate_3,candidate_2,3,0.0033333333333333335
3554,candidate_1,candidate_3,candidate_2,3,0.0033333333333333335
3555,candidate_1,candidate_3,candidate_2,3,0.0033333333333333335
3556,candidate_1,candidate_3,candidate_2,3,0.0033333333333333335
3557,candidate_1,candidate_3,candidate_2,3,0.0033333333333333335
3558,candidate_1,candidate_3,candidate_2,3,0.0033333333333333335
3559,candidate_1,candidate_3,candidate_2,3,0.0033333333333333335
3560,candidate_1,candidate_3,candidate_2,3,0.0033333333333333335
3561,candidate_1,candidate_3,candidate_2,3,0.0033333333333333335
3562,candidate_1,candidate_3,candidate_2,3,0.0033333333333333335
3563,candidate_1,candidate_3,candidate_2,3,0.0033333333333333335
3564,candidate_1,candidate_3,candidate_2,3,0.0033333333333333335
3565,candidate_1,candidate_3,candidate_2,3,0.0033333333333333335
3566,candidate_1,candidate_3,candidate_2,3,0.0033333333333333335
3567,candidate_1,candidate_3,candidate_2,3,0.0033333333333333335
3568,candidate_1,candidate_3,candidate_2,3,0.0033333333333333335
3569,candidate_1,candidate_3,candidate_2,3,0.0033333333333333335
3570,candidate_1,candidate_3,candidate_2,3,0.0033333333333333335
3571,candidate_1,candidate_3,candidate_2,3,0.0033333333333333335
3572,candidate_1,candidate_3,candidate_2,3,0.0033333333333333335
3573,candidate_1,candidate_3,candidate_2,3,0.0033333333333333335
3574,candidate_1,candidate_3,candidate_2,3,0.0033333333333333335
3575,candidate_1,candidate_3,candidate_2,3,0.0033333333333333335
3576,candidate_1,candidate_3,candidate_2,3,0.0033333333333333335
3577,candidate_1,candidate_3,candidate_2,3,0.0033333333333333335
3578,candidate_1,candidate_3,candidate_2,3,0.0033333333333333335
3579,candidate_1,candidate_3,candidate_2,3,0.0033333333333333335
3580,candidate_1,candidate_3,candidate_2,3,0.0033333333333333335
3581,candidate_1,candidate_3,candidate_2,3,0.0033333333333333335
3582,candidate_1,candidate_3,candidate_2,3,0.0033333333333333335
3583,candidate_1,candidate_3,candidate_2,3,0.0033333333333333335
3584,candidate_1,candidate_3,candidate_2,3,0.0033333333333333335
3585,candidate_1,candidate_3,candidate_2,3,0.0033333333333333335
3586,candidate_1,candidate_3,candidate_2,3,0.0033333333333333335
3587,candidate_1,candidate_3,candidate_2,3,0.0033333333333333335
3588,candidate_1,candidate_3,candidate_2,3,0.0033333333333333335
3589,candidate_1,candidate_3,candidate_2,3,0.0033333333333333335
3590,candidate_1,candidate_3,candidate_2,3,0.0033333333333333335
3591,candidate_1,candidate_3,candidate_2,3,0.0033333333333333335
3592,candidate_1,candidate_3,candidate_2,3,0.0033333333333333335
3593,candidate_1,candidate_3,candidate_2,3,0.0033333333333333335
3594,candidate_1,candidate_3,candidate_2,3,0.0033333333333333335
3595,candidate_1,candidate_3,candidate_2,3,0.0033333333333333335
3596,candidate_1,candidate_3,candidate_2,3,0.0033333333333333335
3597,candidate_1,candidate_3,candidate_2,3,0.0033333333333333335
3598,candidate_1,candidate_3,candidate_2,3,0.0033333333333333335
3599,candidate_1,candidate_3,candidate_2,3,0.0033333333333333335
3600,candidate_1,candidate_3,candidate_2,3,0.0033333333333333335
3601,candidate_1,candidate_3,candidate_2,3,0.0033333333333333335
3602,candidate_1,candidate_3,candidate_2,3,0.0033333333333333335
3603,candidate_1,candidate_3,candidate_2,3,0.0033333333333333335
3604,candidate_1,candidate_3,candidate_2,3,0.0033333333333333335
3605,candidate_1,candidate_3,candidate_2,3,0.0033333333333333335
3606,candidate_1,candidate_3,candidate_2,3,0.0033333333333333335
3607,candidate_1,candidate_3,candidate_2,3,0.0033333333333333335
3608,candidate_1,candidate_3,candidate_2,3,0.0033333333333333335
3609,candidate_1,candidate_3,candidate_2,3,0.0033333333333333335
3610,candidate_1,candidate_3,candidate_2,3,0.0033333333333333335
3611,candidate_1,candidate_3,candidate_2,3,0.0033333333333333335
3612,candidate_1,candidate_3,candidate_2,3,0.0033333333333333335
3613,candidate_1,candidate_3,candidate_2,3,0.0033333333333333335
3614,candidate_1,candidate_3,candidate_2,3,0.0033333333333333335
3615,candidate_1,candidate_3,candidate_2,3,0.0033333333333333335
3616,candidate_1,candidate_3,candidate_2,3,0.0033333333333333335
3617,candidate_1,candidate_3,candidate_2,3,0.0033333333333333335
3618,candidate_1,candidate_3,candidate_2,3,0.0033333333333333335
3619,candidate_1,candidate_3,candidate_2,3,0.0033333333333333335
3620,candidate_1,candidate_3,candidate_2,3,0.0033333333333333335
3621,candidate_1,candidate_3,candidate_2,3,0.0033333333333333335
3622,candidate_1,candidate_3,candidate_2,3,0.0033333333333333335
3623,candidate_1,candidate_3,candidate_2,3,0.0033333333333333335
3624,candidate_1,candidate_3,candidate_2,3,0.0033333333333333335
3625,candidate_1,candidate_3,candidate_2,3,0.0033333333333333335
3626,candidate_1,candidate_3,candidate_2,3,0.0033333333333333335
3627,candidate_1,candidate_3,candidate_2,3,0.0033333333333333335
3628,candidate_1,candidate_3,candidate_2,3,0.0033333333333333335
3629,candidate_1,candidate_3,candidate_2,3,0.0033333333333333335
3630,candidate_1,candidate_3,candidate_2,3,0.0033333333333333335
3631,candidate_1,candidate_3,candidate_2,3,0.0033333333333333335
3632,candidate_1,candidate_3,candidate_2,3,0.0033333333333333335
3633,candidate_1,candidate_3,candidate_2,3,0.0033333333333333335
3634,candidate_1,candidate_3,candidate_2,3,0.0033333333333333335
3635,candidate_1,candidate_3,candidate_2,3,0.0033333333333333335
3636,candidate_1,candidate_3,candidate_2,3,0.0033333333333333335
3637,candidate_1,candidate_3,candidate_2,3,0.0033333333333333335
3638,candidate_1,candidate_3,candidate_2,3,0.0033333333333333335
3639,candidate_1,candidate_3,candidate_2,3,0.0033333333333333335
3640,candidate_1,candidate_3,candidate_2,3,0.0033333333333333335
3641,candidate_1,candidate_3,candidate_2,3,0.0033333333333333335
3642,candidate_1,candidate_3,candidate_2,3,0.0033333333333333335
3643,candidate_1,candidate_3,candidate_2,3,0.0033333333333333335
3644,candidate_1,candidate_3,candidate_2,3,0.0033333333333333335
3645,candidate_1,candidate_3,candidate_2,3,0.0033333333333333335
3646,candidate_1,candidate_3,candidate_2,3,0.0033333333333333335
3647,candidate_1,candidate_3,candidate_2,3,0.0033333333333333335
3648,candidate_1,candidate_3,candidate_2,3,0.0033333333333333335
3649,candidate_1,candidate_3,candidate_2,3,0.0033333333333333335
3650,candidate_1,candidate_3,candidate_2,3,0.0033333333333333335
3651,candidate_1,candidate_3,candidate_2,3,0.0033333333333333335
3652,candidate_1,candidate_3,candidate_2,3,0.0033333333333333335
3653,candidate_1,candidate_3,candidate_2,3,0.0033333333333333335
3654,candidate_1,candidate_3,candidate_2,3,0.0033333333333333335
3655,candidate_1,candidate_3,candidate_2,3,0.0033333333333333335
3656,candidate_1,candidate_3,candidate_2,3,0.0033333333333333335
3657,candidate_1,candidate_3,candidate_2,3,0.0033333333333333335
3658,candidate_1,candidate_3,candidate_2,3,0.0033333333333333335
3659,candidate_1,candidate_3,candidate_2,3,0.0033333333333333335
3660,candidate_1,candidate_3,candidate_2,3,0.0033333333333333335
3661,candidate_1,candidate_3,candidate_2,3,0.0033333333333333335
3662,candidate_1,candidate_3,candidate_2,3,0.0033333333333333335
3663,candidate_1,candidate_3,candidate_2,3,0.0033333333333333335
3664,candidate_1,candidate_3,candidate_2,3,0.0033333333333333335
3665,candidate_1,candidate_3,candidate_2,3,0.0033333333333333335
3666,candidate_1,candidate_3,candidate_2,3,0.0033333333333333335
3667,candidate_1,candidate_3,candidate_2,3,0.0033333333333333335
3668,candidate_1,candidate_3,candidate_2,3,0.0033333333333333335
3669,candidate_1,candidate_3,candidate_2,3,0.0033333333333333335
3670,candidate_1,candidate_3,candidate_2,3,0.0033333333333333335
3671,candidate_1,candidate_3,candidate_2,3,0.0033333333333333335
3672,candidate_1,candidate_3,candidate_2,3,0.0033333333333333335
3673,candidate_1,candidate_3,candidate_2,3,0.0033333333333333335
3674,candidate_1,candidate_3,candidate_2,3,0.0033333333333333335
3675,candidate_1,candidate_3,candidate_2,3,0.0033333333333333335
3676,candidate_1,candidate_3,candidate_2,3,0.0033333333333333335
3677,candidate_1,candidate_3,candidate_2,3,0.0033333333333333335
3678,candidate_1,candidate_3,candidate_2,3,0.0033333333333333335
3679,candidate_1,candidate_3,candidate_2,3,0.0033333333333333335
3680,candidate_1,candidate_3,candidate_2,3,0.0033333333333333335
3681,candidate_1,candidate_3,candidate_2,3,0.0033333333333333335
3682,candidate_1,candidate_3,candidate_2,3,0.0033333333333333335
3683,candidate_1,candidate_3,candidate_2,3,0.0033333333333333335
3684,candidate_1,candidate_3,candidate_2,3,0.0033333333333333335
3685,candidate_1,candidate_3,candidate_2,3,0.0033333333333333335
3686,candidate_1,candidate_3,candidate_2,3,0.0033333333333333335
3687,candidate_1,candidate_3,candidate_2,3,0.0033333333333333335
3688,candidate_1,candidate_3,candidate_2,3,0.0033333333333333335
3689,candidate_1,candidate_3,candidate_2,3,0.0033333333333333335
3690,candidate_1,candidate_3,candidate_2,3,0.0033333333333333335
3691,candidate_1,candidate_3,candidate_2,3,0.0033333333333333335
3692,candidate_1,candidate_3,candidate_2,3,0.0033333333333333335
3693,candidate_1,candidate_3,candidate_2,3,0.0033333333333333335
3694,candidate_1,candidate_3,candidate_2,3,0.0033333333333333335
3695,candidate_1,candidate_3,candidate_2,3,0.0033333333333333335
3696,candidate_1,candidate_3,candidate_2,3,0.0033333333333333335
3697,candidate_1,candidate_3,candidate_2,3,0.0033333333333333335
3698,candidate_1,candidate_3,candidate_2,3,0.0033333333333333335
3699,candidate_1,candidate_3,candidate_2,3,0.0033333333333333335
3700,candidate_1,candidate_3,candidate_2,3,0.0033333333333333335
3701,candidate_1,candidate_3,candidate_2,3,0.0033333333333333335
3702,candidate_1,candidate_3,candidate_2,3,0.0033333333333333335
3703,candidate_1,candidate_3,candidate_2,3,0.0033333333333333335
3704,candidate_1,candidate_3,candidate_2,3,0.0033333333333333335
3705,candidate_1,candidate_3,candidate_2,3,0.0033333333333333335
3706,candidate_1,candidate_3,candidate_2,3,0.0033333333333333335
3707,candidate_1,candidate_3,candidate_2,3,0.0033333333333333335
3708,candidate_1,candidate_3,candidate_2,3,0.0033333333333333335
3709,candidate_1,candidate_3,candidate_2,3,0.0033333333333333335
3710,candidate_1,candidate_3,candidate_2,3,0.0033333333333333335
3711,candidate_1,candidate_3,candidate_2,3,0.0033333333333333335
3712,candidate_1,candidate_3,candidate_2,3,0.0033333333333333335
3713,candidate_1,candidate_3,candidate_2,3,0.0033333333333333335
3714,candidate_1,candidate_3,candidate_2,3,0.0033333333333333335
3715,candidate_1,candidate_3,candidate_2,3,0.0033333333333333335
3716,candidate_1,candidate_3,candidate_2,3,0.0033333333333333335
3717,candidate_1,candidate_3,candidate_2,3,0.0033333333333333335
3718,candidate_1,candidate_3,candidate_2,3,0.0033333333333333335
3719,candidate_1,candidate_3,candidate_2,3,0.0033333333333333335
3720,candidate_1,candidate_3,candidate_2,3,0.0033333333333333335
3721,candidate_1,candidate_3,candidate_2,3,0.0033333333333333335
3722,candidate_1,candidate_3,candidate_2,3,0.0033333333333333335
3723,candidate_1,candidate_3,candidate_2,3,0.0033333333333333335
3724,candidate_1,candidate_3,candidate_2,3,0.0033333333333333335
3725,candidate_1,candidate_3,candidate_2,3,0.0033333333333333335
3726,candidate_1,candidate_3,candidate_2,3,0.0033333333333333335
3727,candidate_1,candidate_3,candidate_2,3,0.0033333333333333335
3728,candidate_1,candidate_3,candidate_2,3,0.0033333333333333335
3729,candidate_1,candidate_3,candidate_2,3,0.0033333333333333335
3730,candidate_1,candidate_3,candidate_2,3,0.0033333333333333335
3731,candidate_1,candidate_3,candidate_2,3,0.0033333333333333335
3732,candidate_1,candidate_3,candidate_2,3,0.0033333333333333335
3733,candidate_1,candidate_3,candidate_2,3,0.0033333333333333335
3734,candidate_1,candidate_3,candidate_2,3,0.0033333333333333335
3735,candidate_1,candidate_3,candidate_2,3,0.0033333333333333335
3736,candidate_1,candidate_3,candidate_2,3,0.0033333333333333335
3737,candidate_1,candidate_3,candidate_2,3,0.0033333333333333335
3738,candidate_1,candidate_3,candidate_2,3,0.0033333333333333335
3739,candidate_1,candidate_3,candidate_2,3,0.0033333333333333335
3740,candidate_1,candidate_3,candidate_2,3,0.0033333333333333335
3741,candidate_1,candidate_3,candidate_2,3,0.0033333333333333335
3742,candidate_1,candidate_3,candidate_2,3,0.0033333333333333335
3743,candidate_1,candidate_3,candidate_2,3,0.0033333333333333335
3744,candidate_1,candidate_3,candidate_2,3,0.0033333333333333335
3745,candidate_1,candidate_3,candidate_2,3,0.0033333333333333335
3746,candidate_1,candidate_3,candidate_2,3,0.0033333333333333335
3747,candidate_1,candidate_3,candidate_2,3,0.0033333333333333335
3748,candidate_1,candidate_3,candidate_2,3,0.0033333333333333335
3749,candidate_1,candidate_3,candidate_2,3,0.0033333333333333335
3750,candidate_1,candidate_3,candidate_2,3,0.0033333333333333335
3751,candidate_1,candidate_3,candidate_2,3,0.0033333333333333335
3752,candidate_1,candidate_3,candidate_2,3,0.0033333333333333335
3753,candidate_1,candidate_3,candidate_2,3,0.0033333333333333335
3754,candidate_1,candidate_3,candidate_2,3,0.0033333333333333335
3755,candidate_1,candidate_3,candidate_2,3,0.0033333333333333335
3756,candidate_1,candidate_3,candidate_2,3,0.0033333333333333335
3757,candidate_1,candidate_3,candidate_2,3,0.0033333333333333335
3758,candidate_1,candidate_3,candidate_2,3,0.0033333333333333335
3759,candidate_1,candidate_3,candidate_2,3,0.0033333333333333335
3760,candidate_1,candidate_3,candidate_2,3,0.0033333333333333335
3761,candidate_1,candidate_3,candidate_2,3,0.0033333333333333335
3762,candidate_1,candidate_3,candidate_2,3,0.0033333333333333335
3763,candidate_1,candidate_3,candidate_2,3,0.0033333333333333335
3764,candidate_1,candidate_3,candidate_2,3,0.0033333333333333335
3765,candidate_1,candidate_3,candidate_2,3,0.0033333333333333335
3766,candidate_1,candidate_3,candidate_2,3,0.0033333333333333335
3767,candidate_1,candidate_3,candidate_2,3,0.0033333333333333335
3768,candidate_1,candidate_3,candidate_2,3,0.0033333333333333335
3769,candidate_1,candidate_3,candidate_2,3,0.0033333333333333335
3770,candidate_1,candidate_3,candidate_2,3,0.0033333333333333335
3771,candidate_1,candidate_3,candidate_2,3,0.0033333333333333335
3772,candidate_1,candidate_3,candidate_2,3,0.0033333333333333335
3773,candidate_1,candidate_3,candidate_2,3,0.0033333333333333335
3774,candidate_1,candidate_3,candidate_2,3,0.0033333333333333335
3775,candidate_1,candidate_3,candidate_2,3,0.0033333333333333335
3776,candidate_1,candidate_3,candidate_2,3,0.0033333333333333335
3777,candidate_1,candidate_3,candidate_2,3,0.0033333333333333335
3778,candidate_1,candidate_3,candidate_2,3,0.0033333333333333335
3779,candidate_1,candidate_3,candidate_2,3,0.0033333333333333335
3780,candidate_1,candidate_3,candidate_2,3,0.0033333333333333335
3781,candidate_1,candidate_3,candidate_2,3,0.0033333333333333335
3782,candidate_1,candidate_3,candidate_2,3,0.0033333333333333335
3783,candidate_1,candidate_3,candidate_2,3,0.0033333333333333335
3784,candidate_1,candidate_3,candidate_2,3,0.0033333333333333335
3785,candidate_1,candidate_3,candidate_2,3,0.0033333333333333335
3786,candidate_1,candidate_3,candidate_2,3,0.0033333333333333335
3787,candidate_1,candidate_3,candidate_2,3,0.0033333333333333335
3788,candidate_1,candidate_3,candidate_2,3,0.0033333333333333335
3789,candidate_1,candidate_3,candidate_2,3,0.0033333333333333335
3790,candidate_1,candidate_3,candidate_2,3,0.0033333333333333335
3791,candidate_1,candidate_3,candidate_2,3,0.0033333333333333335
3792,candidate_1,candidate_3,candidate_2,3,0.0033333333333333335
3793,candidate_1,candidate_3,candidate_2,3,0.0033333333333333335
3794,candidate_1,candidate_3,candidate_2,3,0.0033333333333333335
3795,candidate_1,candidate_3,candidate_2,3,0.0033333333333333335
3796,candidate_1,candidate_3,candidate_2,3,0.0033333333333333335
3797,candidate_1,candidate_3,candidate_2,3,0.0033333333333333335
3798,candidate_1,candidate_3,candidate_2,3,0.0033333333333333335
3799,candidate_1,candidate_3,candidate_2,3,0.0033333333333333335
3800,candidate_1,candidate_3,candidate_2,3,0.0033333333333333335
3801,candidate_1,candidate_3,candidate_2,3,0.0033333333333333335
3802,candidate_1,candidate_3,candidate_2,3,0.0033333333333333335
3803,candidate_1,candidate_3,candidate_2,3,0.0033333333333333335
3804,candidate_1,candidate_3,candidate_2,3,0.0033333333333333335
3805,candidate_1,0,candidate_2,3,0.0033333333333333335
3806,candidate_1,candidate_3,candidate_2,3,0.0033333333333333335
3807,candidate_1,candidate_3,candidate_2,3,0.0033333333333333335
3808,candidate_1,candidate_3,candidate_2,3,0.0033333333333333335
3809,candidate_1,candidate_3,candidate_2,3,0.0033333333333333335
3810,candidate_1,candidate_3,candidate_2,3,0.0033333333333333335
3811,candidate_1,candidate_3,candidate_2,3,0.0033333333333333335
3812,candidate_1,candidate_3,candidate_2,3,0.0033333333333333335
3813,candidate_1,candidate_3,candidate_2,3,0.0033333333333333335
3814,candidate_1,candidate_3,candidate_2,3,0.0033333333333333335
3815,candidate_1,candidate_3,candidate_2,3,0.0033333333333333335
3816,candidate_1,candidate_3,candidate_2,3,0.0033333333333333335
3817,candidate_1,candidate_3,candidate_2,3,0.0033333333333333335
3818,candidate_1,candidate_3,candidate_2,3,0.0033333333333333335
3819,candidate_1,candidate_3,candidate_2,3,0.0033333333333333335
3820,candidate_1,candidate_3,candidate_2,3,0.0033333333333333335
3821,candidate_1,candidate_3,candidate_2,3,0.0033333333333333335
3822,candidate_1,candidate_3,candidate_2,3,0.0033333333333333335
3823,candidate_1,candidate_3,candidate_2,3,0.0033333333333333335
3824,candidate_1,candidate_3,candidate_2,3,0.0033333333333333335
3825,candidate_1,candidate_3,candidate_2,3,0.0033333333333333335
3826,candidate_1,candidate_3,candidate_2,3,0.0033333333333333335
3827,candidate_1,candidate_3,candidate_2,3,0.0033333333333333335
3828,candidate_1,candidate_3,candidate_2,3,0.0033333333333333335
3829,candidate_1,candidate_3,candidate_2,3,0.0033333333333333335
3830,candidate_1,candidate_3,candidate_2,3,0.0033333333333333335
3831,candidate_1,candidate_3,candidate_2,3,0.0033333333333333335
3832,candidate_1,candidate_3,candidate_2,3,0.0033333333333333335
3833,candidate_1,candidate_3,candidate_2,3,0.0033333333333333335
3834,candidate_1,candidate_3,candidate_2,3,0.0033333333333333335
3835,candidate_1,candidate_3,candidate_2,3,0.0033333333333333335
3836,candidate_1,candidate_3,candidate_2,3,0.0033333333333333335
3837,candidate_1,candidate_3,candidate_2,3,0.0033333333333333335
3838,candidate_1,candidate_3,candidate_2,3,0.0033333333333333335
3839,candidate_1,candidate_3,candidate_2,3,0.0033333333333333335
3840,candidate_1,candidate_3,candidate_2,3,0.0033333333333333335
3841,candidate_1,candidate_3,candidate_2,3,0.0033333333333333335
3842,candidate_1,candidate_3,candidate_2,3,0.0033333333333333335
3843,candidate_1,candidate_3,candidate_2,3,0.0033333333333333335
3844,candidate_1,candidate_3,candidate_2,3,0.0033333333333333335
3845,candidate_1,candidate_3,candidate_2,3,0.0033333333333333335
3846,candidate_1,candidate_3,candidate_2,3,0.0033333333333333335
3847,candidate_1,candidate_3,candidate_2,3,0.0033333333333333335
3848,candidate_1,candidate_3,candidate_2,3,0.0033333333333333335
3849,candidate_1,candidate_3,candidate_2,3,0.0033333333333333335
3850,candidate_1,candidate_3,candidate_2,3,0.0033333333333333335
3851,candidate_1,candidate_3,candidate_2,3,0.0033333333333333335
3852,candidate_1,candidate_3,candidate_2,3,0.0033333333333333335
3853,candidate_1,candidate_3,candidate_2,3,0.0033333333333333335
3854,candidate_1,candidate_3,candidate_2,3,0.0033333333333333335
3855,candidate_1,candidate_3,candidate_2,3,0.0033333333333333335
3856,candidate_1,candidate_3,candidate_2,3,0.0033333333333333335
3857,candidate_1,candidate_3,candidate_2,3,0.0033333333333333335
3858,candidate_1,candidate_3,candidate_2,3,0.0033333333333333335
3859,candidate_1,candidate_3,candidate_2,3,0.0033333333333333335
3860,candidate_1,candidate_3,candidate_2,3,0.0033333333333333335
3861,candidate_1,candidate_3,candidate_2,3,0.0033333333333333335
3862,candidate_1,candidate_3,candidate_2,3,0.0033333333333333335
3863,candidate_1,candidate_3,candidate_2,3,0.0033333333333333335
3864,candidate_1,candidate_3,candidate_2,3,0.0033333333333333335
3865,candidate_1,candidate_3,candidate_2,3,0.0033333333333333335
3866,candidate_1,candidate_3,candidate_2,3,0.0033333333333333335
3867,candidate_1,candidate_3,candidate_2,3,0.0033333333333333335
3868,candidate_1,candidate_3,candidate_2,3,0.0033333333333333335
3869,candidate_1,candidate_3,candidate_2,3,0.0033333333333333335
3870,candidate_1,candidate_3,candidate_2,3,0.0033333333333333335
3871,candidate_1,candidate_3,candidate_2,3,0.0033333333333333335
3872,candidate_1,candidate_3,candidate_2,3,0.0033333333333333335
3873,candidate_1,candidate_3,candidate_2,3,0.0033333333333333335
3874,candidate_1,candidate_3,candidate_2,3,0.0033333333333333335
3875,candidate_1,candidate_3,candidate_2,3,0.0033333333333333335
3876,candidate_1,candidate_3,candidate_2,3,0.0033333333333333335
3877,candidate_1,candidate_3,candidate_2,3,0.0033333333333333335
3878,candidate_1,candidate_3,candidate_2,3,0.0033333333333333335
3879,candidate_1,candidate_3,candidate_2,3,0.0033333333333333335
3880,candidate_1,candidate_3,candidate_2,3,0.0033333333333333335
3881,candidate_1,candidate_3,candidate_2,3,0.0033333333333333335
3882,candidate_1,candidate_3,candidate_2,3,0.0033333333333333335
3883,candidate_1,candidate_3,candidate_2,3,0.0033333333333333335
3884,candidate_1,candidate_3,candidate_2,3,0.0033333333333333335
3885,candidate_1,candidate_3,candidate_2,3,0.0033333333333333335
3886,candidate_1,candidate_3,candidate_2,3,0.0033333333333333335
3887,candidate_1,candidate_3,candidate_2,3,0.0033333333333333335
3888,candidate_1,candidate_3,candidate_2,3,0.0033333333333333335
3889,candidate_1,candidate_3,candidate_2,3,0.0033333333333333335
3890,candidate_1,candidate_3,candidate_2,3,0.0033333333333333335
3891,candidate_1,candidate_3,candidate_2,3,0.0033333333333333335
3892,candidate_1,candidate_3,candidate_2,3,0.0033333333333333335
3893,candidate_1,candidate_3,candidate_2,3,0.0033333333333333335
3894,candidate_1,candidate_3,candidate_2,3,0.0033333333333333335
3895,candidate_1,candidate_3,candidate_2,3,0.0033333333333333335
3896,candidate_1,candidate_3,candidate_2,3,0.0033333333333333335
3897,candidate_1,candidate_3,candidate_2,3,0.0033333333333333335
3898,candidate_1,candidate_3,candidate_2,3,0.0033333333333333335
3899,candidate_1,candidate_3,candidate_2,3,0.0033333333333333335
3900,candidate_1,candidate_3,candidate_2,3,0.0033333333333333335
3901,candidate_1,candidate_3,candidate_2,3,0.0033333333333333335
3902,candidate_1,candidate_3,candidate_2,3,0.0033333333333333335
3903,candidate_1,candidate_3,candidate_2,3,0.0033333333333333335
3904,candidate_1,candidate_3,candidate_2,3,0.0033333333333333335
3905,candidate_1,candidate_3,candidate_2,3,0.0033333333333333335
3906,candidate_1,candidate_3,candidate_2,3,0.0033333333333333335
3907,candidate_1,candidate_3,candidate_2,3,0.0033333333333333335
3908,candidate_1,candidate_3,candidate_2,3,0.0033333333333333335
3909,candidate_1,candidate_3,candidate_2,3,0.0033333333333333335
3910,candidate_1,candidate_3,candidate_2,3,0.0033333333333333335
3911,candidate_1,candidate_3,candidate_2,3,0.0033333333333333335
3912,candidate_1,candidate_3,candidate_2,3,0.0033333333333333335
3913,candidate_1,candidate_3,candidate_2,3,0.0033333333333333335
3914,candidate_1,candidate_3,candidate_2,3,0.0033333333333333335
3915,candidate_1,candidate_3,candidate_2,3,0.0033333333333333335
3916,candidate_1,candidate_3,candidate_2,3,0.0033333333333333335
3917,candidate_1,candidate_3,candidate_2,3,0.0033333333333333335
3918,candidate_1,candidate_3,candidate_2,3,0.0033333333333333335
3919,candidate_1,candidate_3,candidate_2,3,0.0033333333333333335
3920,candidate_1,candidate_3,candidate_2,3,0.0033333333333333335
3921,candidate_1,candidate_3,candidate_2,3,0.0033333333333333335
3922,candidate_1,candidate_3,candidate_2,3,0.0033333333333333335
3923,candidate_1,candidate_3,candidate_2,3,0.0033333333333333335
3924,candidate_1,candidate_3,candidate_2,3,0.0033333333333333335
3925,candidate_1,candidate_3,candidate_2,3,0.0033333333333333335
3926,candidate_1,candidate_3,candidate_2,3,0.0033333333333333335
3927,candidate_1,candidate_3,candidate_2,3,0.0033333333333333335
3928,candidate_1,candidate_3,candidate_2,3,0.0033333333333333335
3929,candidate_1,candidate_3,candidate_2,3,0.0033333333333333335
3930,candidate_1,candidate_3,candidate_2,3,0.0033333333333333335
3931,candidate_1,candidate_3,candidate_2,3,0.0033333333333333335
3932,candidate_1,candidate_3,candidate_2,3,0.0033333333333333335
3933,candidate_1,candidate_3,candidate_2,3,0.0033333333333333335
3934,candidate_1,candidate_3,candidate_2,3,0.0033333333333333335
3935,candidate_1,candidate_3,candidate_2,3,0.0033333333333333335
3936,candidate_1,candidate_3,candidate_2,3,0.0033333333333333335
3937,candidate_1,candidate_3,candidate_2,3,0.0033333333333333335
3938,candidate_1,candidate_3,candidate_2,3,0.0033333333333333335
3939,candidate_1,candidate_3,candidate_2,3,0.0033333333333333335
3940,candidate_1,candidate_3,candidate_2,3,0.0033333333333333335
3941,candidate_1,candidate_3,candidate_2,3,0.0033333333333333335
3942,candidate_1,candidate_3,candidate_2,3,0.0033333333333333335
3943,candidate_1,candidate_3,candidate_2,3,0.0033333333333333335
3944,candidate_1,candidate_3,candidate_2,3,0.0033333333333333335
3945,candidate_1,candidate_3,candidate_2,3,0.0033333333333333335
3946,candidate_1,candidate_3,candidate_2,3,0.0033333333333333335
3947,candidate_1,candidate_3,candidate_2,3,0.0033333333333333335
3948,candidate_1,candidate_3,candidate_2,3,0.0033333333333333335
3949,candidate_1,candidate_3,candidate_2,3,0.0033333333333333335
3950,candidate_1,candidate_3,candidate_2,3,0.0033333333333333335
3951,candidate_1,candidate_3,candidate_2,3,0.0033333333333333335
3952,candidate_1,candidate_3,candidate_2,3,0.0033333333333333335
3953,candidate_1,candidate_3,candidate_2,3,0.0033333333333333335
3954,candidate_1,candidate_3,candidate_2,3,0.0033333333333333335
3955,candidate_1,candidate_3,candidate_2,3,0.0033333333333333335
3956,candidate_1,candidate_3,candidate_2,3,0.0033333333333333335
3957,candidate_1,candidate_3,candidate_2,3,0.0033333333333333335
3958,candidate_1,candidate_3,candidate_2,3,0.0033333333333333335
3959,candidate_1,candidate_3,candidate_2,3,0.0033333333333333335
3960,candidate_1,candidate_3,candidate_2,3,0.0033333333333333335
3961,candidate_1,candidate_3,candidate_2,3,0.0033333333333333335
3962,candidate_1,candidate_3,candidate_2,3,0.0033333333333333335
3963,candidate_1,candidate_3,candidate_2,3,0.0033333333333333335
3964,candidate_1,candidate_3,candidate_2,3,0.0033333333333333335
3965,candidate_1,candidate_3,candidate_2,3,0.0033333333333333335
3966,candidate_1,candidate_3,candidate_2,3,0.0033333333333333335
3967,candidate_1,candidate_3,candidate_2,3,0.0033333333333333335
3968,candidate_1,candidate_3,candidate_2,3,0.0033333333333333335
3969,candidate_1,candidate_3,candidate_2,3,0.0033333333333333335
3970,candidate_1,candidate_3,candidate_2,3,0.0033333333333333335
3971,candidate_1,candidate_3,candidate_2,3,0.0033333333333333335
3972,candidate_1,candidate_3,candidate_2,3,0.0033333333333333335
3973,candidate_1,candidate_3,candidate_2,3,0.0033333333333333335
3974,candidate_1,candidate_3,candidate_2,3,0.0033333333333333335
3975,candidate_1,candidate_3,candidate_2,3,0.0033333333333333335
3976,candidate_1,candidate_3,candidate_2,3,0.0033333333333333335
3977,candidate_1,candidate_3,candidate_2,3,0.0033333333333333335
3978,candidate_1,candidate_3,candidate_2,3,0.0033333333333333335
3979,candidate_1,candidate_3,candidate_2,3,0.0033333333333333335
3980,candidate_1,candidate_3,candidate_2,3,0.0033333333333333335
3981,candidate_1,candidate_3,candidate_2,3,0.0033333333333333335
3982,candidate_1,candidate_3,candidate_2,3,0.0033333333333333335
3983,candidate_1,candidate_3,candidate_2,3,0.0033333333333333335
3984,candidate_1,candidate_3,candidate_2,3,0.0033333333333333335
3985,candidate_1,candidate_3,candidate_2,3,0.0033333333333333335
3986,candidate_1,candidate_3,candidate_2,3,0.0033333333333333335
3987,candidate_1,candidate_3,candidate_2,3,0.0033333333333333335
3988,candidate_1,candidate_3,candidate_2,3,0.0033333333333333335
3989,candidate_1,candidate_3,candidate_2,3,0.0033333333333333335
3990,candidate_1,candidate_3,candidate_2,3,0.0033333333333333335
3991,candidate_1,candidate_3,candidate_2,3,0.0033333333333333335
3992,candidate_1,candidate_3,candidate_2,3,0.0033333333333333335
3993,candidate_1,candidate_3,candidate_2,3,0.0033333333333333335
3994,candidate_1,candidate_3,candidate_2,3,0.0033333333333333335
3995,candidate_1,candidate_3,candidate_2,3,0.0033333333333333335
3996,candidate_1,candidate_3,candidate_2,3,0.0033333333333333335
3997,candidate_1,candidate_3,candidate_2,3,0.0033333333333333335
3998,candidate_1,candidate_3,candidate_2,3,0.0033333333333333335
3999,candidate_1,candidate_3,candidate_2,3,0.0033333333333333335
4000,candidate_1,candidate_3,candidate_2,3,0.0033333333333333335
4001,candidate_1,candidate_3,candidate_2,3,0.0033333333333333335
4002,candidate_1,candidate_3,candidate_2,3,0.0033333333333333335
4003,candidate_1,candidate_3,candidate_2,3,0.0033333333333333335
4004,candidate_1,candidate_3,candidate_2,3,0.0033333333333333335
4005,candidate_1,candidate_3,candidate_2,3,0.0033333333333333335
4006,candidate_1,candidate_3,candidate_2,3,0.0033333333333333335
4007,candidate_1,candidate_3,candidate_2,3,0.0033333333333333335
4008,candidate_1,candidate_3,candidate_2,3,0.0033333333333333335
4009,candidate_1,candidate_3,candidate_2,3,0.0033333333333333335
4010,candidate_1,candidate_3,candidate_2,3,0.0033333333333333335
4011,candidate_1,candidate_3,candidate_2,3,0.0033333333333333335
4012,candidate_1,candidate_3,candidate_2,3,0.0033333333333333335
4013,candidate_1,candidate_3,candidate_2,3,0.0033333333333333335
4014,candidate_1,candidate_3,candidate_2,3,0.0033333333333333335
4015,candidate_1,candidate_3,candidate_2,3,0.0033333333333333335
4016,candidate_1,candidate_3,candidate_2,3,0.0033333333333333335
4017,candidate_1,candidate_3,candidate_2,3,0.0033333333333333335
4018,candidate_1,candidate_3,candidate_2,3,0.0033333333333333335
4019,candidate_1,candidate_3,candidate_2,3,0.0033333333333333335
4020,candidate_1,candidate_3,candidate_2,3,0.0033333333333333335
4021,candidate_1,candidate_3,candidate_2,3,0.0033333333333333335
4022,candidate_1,candidate_3,candidate_2,3,0.0033333333333333335
4023,candidate_1,candidate_3,candidate_2,3,0.0033333333333333335
4024,candidate_1,candidate_3,candidate_2,3,0.0033333333333333335
4025,candidate_1,candidate_3,candidate_2,3,0.0033333333333333335
4026,candidate_1,candidate_3,candidate_2,3,0.0033333333333333335
4027,candidate_1,candidate_3,candidate_2,3,0.0033333333333333335
4028,candidate_1,candidate_3,candidate_2,3,0.0033333333333333335
4029,candidate_1,candidate_3,candidate_2,3,0.0033333333333333335
4030,candidate_1,candidate_3,candidate_2,3,0.0033333333333333335
4031,candidate_1,candidate_3,candidate_2,3,0.0033333333333333335
4032,candidate_1,candidate_3,candidate_2,3,0.0033333333333333335
4033,candidate_1,candidate_3,candidate_2,3,0.0033333333333333335
4034,candidate_1,candidate_3,candidate_2,3,0.0033333333333333335
4035,candidate_1,candidate_3,candidate_2,3,0.0033333333333333335
4036,candidate_1,candidate_3,candidate_2,3,0.0033333333333333335
4037,candidate_1,candidate_3,candidate_2,3,0.0033333333333333335
4038,candidate_1,candidate_3,candidate_2,3,0.0033333333333333335
4039,candidate_1,candidate_3,candidate_2,3,0.0033333333333333335
4040,candidate_1,candidate_3,candidate_2,3,0.0033333333333333335
4041,candidate_1,candidate_3,candidate_2,3,0.0033333333333333335
4042,candidate_1,candidate_3,candidate_2,3,0.0033333333333333335
4043,candidate_1,candidate_3,candidate_2,3,0.0033333333333333335
4044,candidate_1,candidate_3,candidate_2,3,0.0033333333333333335
4045,candidate_1,candidate_3,candidate_2,3,0.0033333333333333335
4046,candidate_1,candidate_3,candidate_2,3,0.0033333333333333335
4047,candidate_1,candidate_3,candidate_2,3,0.0033333333333333335
4048,candidate_1,candidate_3,candidate_2,3,0.0033333333333333335
4049,candidate_1,candidate_3,candidate_2,3,0.0033333333333333335
4050,0,candidate_3,candidate_2,3,0.0033333333333333335
4051,candidate_1,candidate_3,candidate_2,3,0.0033333333333333335
4052,candidate_1,candidate_3,candidate_2,3,0.0033333333333333335
4053,candidate_1,candidate_3,candidate_2,3,0.0033333333333333335
4054,candidate_1,candidate_3,candidate_2,3,0.0033333333333333335
4055,candidate_1,candidate_3,candidate_2,3,0.0033333333333333335
4056,candidate_1,candidate_3,candidate_2,3,0.0033333333333333335
4057,candidate_1,candidate_3,candidate_2,3,0.0033333333333333335
4058,candidate_1,candidate_3,candidate_2,3,0.0033333333333333335
4059,candidate_1,candidate_3,candidate_2,3,0.0033333333333333335
4060,candidate_1,candidate_3,candidate_2,3,0.0033333333333333335
4061,candidate_1,candidate_3,candidate_2,3,0.0033333333333333335
4062,candidate_1,candidate_3,candidate_2,3,0.0033333333333333335
4063,candidate_1,candidate_3,candidate_2,3,0.0033333333333333335
4064,candidate_1,candidate_3,candidate_2,3,0.0033333333333333335
4065,candidate_1,candidate_3,candidate_2,3,0.0033333333333333335
4066,candidate_1,candidate_3,candidate_2,3,0.0033333333333333335
4067,candidate_1,candidate_3,candidate_2,3,0.0033333333333333335
4068,candidate_1,candidate_3,candidate_2,3,0.0033333333333333335
4069,candidate_1,candidate_3,candidate_2,3,0.0033333333333333335
4070,candidate_1,candidate_3,candidate_2,3,0.0033333333333333335
4071,candidate_1,candidate_3,candidate_2,3,0.0033333333333333335
4072,candidate_1,candidate_3,candidate_2,3,0.0033333333333333335
4073,candidate_1,candidate_3,candidate_2,3,0.0033333333333333335
4074,candidate_1,candidate_3,candidate_2,3,0.0033333333333333335
4075,candidate_1,candidate_3,candidate_2,3,0.0033333333333333335
4076,candidate_1,candidate_3,candidate_2,3,0.0033333333333333335
4077,candidate_1,candidate_3,candidate_2,3,0.0033333333333333335
4078,candidate_1,candidate_3,candidate_2,3,0.0033333333333333335
4079,candidate_1,candidate_3,candidate_2,3,0.0033333333333333335
4080,candidate_1,candidate_3,candidate_2,3,0.0033333333333333335
4081,candidate_1,candidate_3,candidate_2,3,0.0033333333333333335
4082,candidate_1,candidate_3,candidate_2,3,0.0033333333333333335
4083,candidate_1,candidate_3,candidate_2,3,0.0033333333333333335
4084,candidate_1,candidate_3,candidate_2,3,0.0033333333333333335
4085,candidate_1,candidate_3,candidate_2,3,0.0033333333333333335
4086,candidate_1,candidate_3,candidate_2,3,0.0033333333333333335
4087,candidate_1,candidate_3,candidate_2,3,0.0033333333333333335
4088,candidate_1,candidate_3,candidate_2,3,0.0033333333333333335
4089,candidate_1,candidate_3,candidate_2,3,0.0033333333333333335
4090,candidate_1,candidate_3,candidate_2,3,0.0033333333333333335
4091,candidate_1,candidate_3,candidate_2,3,0.0033333333333333335
4092,candidate_1,candidate_3,candidate_2,3,0.0033333333333333335
4093,candidate_1,candidate_3,candidate_2,3,0.0033333333333333335
4094,candidate_1,candidate_3,candidate_2,3,0.0033333333333333335
4095,candidate_1,candidate_3,candidate_2,3,0.0033333333333333335
4096,candidate_1,candidate_3,candidate_2,3,0.0033333333333333335
4097,candidate_1,candidate_3,candidate_2,3,0.0033333333333333335
4098,candidate_1,candidate_3,candidate_2,3,0.0033333333333333335
4099,candidate_1,candidate_3,candidate_2,3,0.0033333333333333335
4100,candidate_1,candidate_3,candidate_2,3,0.0033333333333333335
4101,candidate_1,candidate_3,candidate_2,3,0.0033333333333333335
4102,candidate_1,candidate_3,candidate_2,3,0.0033333333333333335
4103,candidate_1,candidate_3,candidate_2,3,0.0033333333333333335
4104,candidate_1,candidate_3,candidate_2,3,0.0033333333333333335
4105,candidate_1,candidate_3,candidate_2,3,0.0033333333333333335
4106,candidate_1,candidate_3,candidate_2,3,0.0033333333333333335
4107,candidate_1,candidate_3,candidate_2,3,0.0033333333333333335
4108,candidate_1,candidate_3,candidate_2,3,0.0033333333333333335
4109,candidate_1,candidate_3,candidate_2,3,0.0033333333333333335
4110,candidate_1,candidate_3,candidate_2,3,0.0033333333333333335
4111,candidate_1,candidate_3,candidate_2,3,0.0033333333333333335
4112,candidate_1,candidate_3,candidate_2,3,0.0033333333333333335
4113,candidate_1,candidate_3,candidate_2,3,0.0033333333333333335
4114,candidate_1,candidate_3,candidate_2,3,0.0033333333333333335
4115,candidate_1,candidate_3,candidate_2,3,0.0033333333333333335
4116,candidate_1,candidate_3,candidate_2,3,0.0033333333333333335
4117,candidate_1,candidate_3,candidate_2,3,0.0033333333333333335
4118,candidate_1,candidate_3,candidate_2,3,0.0033333333333333335
4119,candidate_1,candidate_3,candidate_2,3,0.0033333333333333335
4120,candidate_1,candidate_3,candidate_2,3,0.0033333333333333335
4121,candidate_1,candidate_3,candidate_2,3,0.0033333333333333335
4122,candidate_1,candidate_3,candidate_2,3,0.0033333333333333335
4123,candidate_1,candidate_3,candidate_2,3,0.0033333333333333335
4124,candidate_1,candidate_3,candidate_2,3,0.0033333333333333335
4125,candidate_1,candidate_3,candidate_2,3,0.0033333333333333335
4126,candidate_1,candidate_3,candidate_2,3,0.0033333333333333335
4127,candidate_1,candidate_3,candidate_2,3,0.0033333333333333335
4128,candidate_1,candidate_3,candidate_2,3,0.0033333333333333335
4129,candidate_1,candidate_3,candidate_2,3,0.0033333333333333335
4130,candidate_1,candidate_3,candidate_2,3,0.0033333333333333335
4131,candidate_1,candidate_3,candidate_2,3,0.0033333333333333335
4132,candidate_1,candidate_3,candidate_2,3,0.0033333333333333335
4133,candidate_1,candidate_3,candidate_2,3,0.0033333333333333335
4134,candidate_1,candidate_3,candidate_2,3,0.0033333333333333335
4135,candidate_1,candidate_3,candidate_2,3,0.0033333333333333335
4136,candidate_1,candidate_3,candidate_2,3,0.0033333333333333335
4137,candidate_1,candidate_3,candidate_2,3,0.0033333333333333335
4138,candidate_1,candidate_3,candidate_2,3,0.0033333333333333335
4139,candidate_1,candidate_3,candidate_2,3,0.0033333333333333335
4140,candidate_1,candidate_3,candidate_2,3,0.0033333333333333335
4141,candidate_1,candidate_3,candidate_2,3,0.0033333333333333335
4142,candidate_1,candidate_3,candidate_2,3,0.0033333333333333335
4143,candidate_1,candidate_3,candidate_2,3,0.0033333333333333335
4144,candidate_1,candidate_3,candidate_2,3,0.0033333333333333335
4145,candidate_1,candidate_3,candidate_2,3,0.0033333333333333335
4146,candidate_1,candidate_3,candidate_2,3,0.0033333333333333335
4147,candidate_1,candidate_3,candidate_2,3,0.0033333333333333335
4148,candidate_1,candidate_3,candidate_2,3,0.0033333333333333335
4149,candidate_1,candidate_3,candidate_2,3,0.0033333333333333335
4150,candidate_1,candidate_3,candidate_2,3,0.0033333333333333335
4151,candidate_1,candidate_3,candidate_2,3,0.0033333333333333335
4152,candidate_1,candidate_3,candidate_2,3,0.0033333333333333335
4153,candidate_1,candidate_3,candidate_2,3,0.0033333333333333335
4154,candidate_1,candidate_3,candidate_2,3,0.0033333333333333335
4155,candidate_1,candidate_3,candidate_2,3,0.0033333333333333335
4156,candidate_1,candidate_3,candidate_2,3,0.0033333333333333335
4157,candidate_1,candidate_3,candidate_2,3,0.0033333333333333335
4158,candidate_1,candidate_3,candidate_2,3,0.0033333333333333335
4159,candidate_1,candidate_3,candidate_2,3,0.0033333333333333335
4160,candidate_1,candidate_3,candidate_2,3,0.0033333333333333335
4161,candidate_1,candidate_3,candidate_2,3,0.0033333333333333335
4162,candidate_1,candidate_3,candidate_2,3,0.0033333333333333335
4163,candidate_1,candidate_3,candidate_2,3,0.0033333333333333335
4164,candidate_1,candidate_3,candidate_2,3,0.0033333333333333335
4165,candidate_1,candidate_3,candidate_2,3,0.0033333333333333335
4166,candidate_1,candidate_3,candidate_2,3,0.0033333333333333335
4167,candidate_1,candidate_3,candidate_2,3,0.0033333333333333335
4168,candidate_1,candidate_3,candidate_2,3,0.0033333333333333335
4169,candidate_1,candidate_3,candidate_2,3,0.0033333333333333335
4170,candidate_1,candidate_3,candidate_2,3,0.0033333333333333335
4171,candidate_1,candidate_3,candidate_2,3,0.0033333333333333335
4172,candidate_1,candidate_3,candidate_2,3,0.0033333333333333335
4173,candidate_1,candidate_3,candidate_2,3,0.0033333333333333335
4174,candidate_1,candidate_3,candidate_2,3,0.0033333333333333335
4175,candidate_1,candidate_3,candidate_2,3,0.0033333333333333335
4176,candidate_1,candidate_3,candidate_2,3,0.0033333333333333335
4177,candidate_1,candidate_3,candidate_2,3,0.0033333333333333335
4178,candidate_1,candidate_3,candidate_2,3,0.0033333333333333335
4179,candidate_1,candidate_3,candidate_2,3,0.0033333333333333335
4180,candidate_1,candidate_3,candidate_2,3,0.0033333333333333335
4181,candidate_1,candidate_3,candidate_2,3,0.0033333333333333335
4182,candidate_1,candidate_3,candidate_2,3,0.0033333333333333335
4183,candidate_1,candidate_3,candidate_2,3,0.0033333333333333335
4184,candidate_1,candidate_3,candidate_2,3,0.0033333333333333335
4185,candidate_1,candidate_3,candidate_2,3,0.0033333333333333335
4186,candidate_1,candidate_3,candidate_2,3,0.0033333333333333335
4187,candidate_1,candidate_3,candidate_2,3,0.0033333333333333335
4188,candidate_1,candidate_3,candidate_2,3,0.0033333333333333335
4189,candidate_1,candidate_3,candidate_2,3,0.0033333333333333335
4190,candidate_1,candidate_3,candidate_2,3,0.0033333333333333335
4191,candidate_1,candidate_3,candidate_2,3,0.0033333333333333335
4192,candidate_1,candidate_3,candidate_2,3,0.0033333333333333335
4193,candidate_1,candidate_3,candidate_2,3,0.0033333333333333335
4194,candidate_1,candidate_3,candidate_2,3,0.0033333333333333335
4195,candidate_1,candidate_3,candidate_2,3,0.0033333333333333335
4196,candidate_1,candidate_3,candidate_2,3,0.0033333333333333335
4197,candidate_1,candidate_3,candidate_2,3,0.0033333333333333335
4198,candidate_1,candidate_3,candidate_2,3,0.0033333333333333335
4199,candidate_1,candidate_3,candidate_2,3,0.0033333333333333335
4200,candidate_1,candidate_3,candidate_2,3,0.0033333333333333335
4201,candidate_1,candidate_3,candidate_2,3,0.0033333333333333335
4202,candidate_1,candidate_3,candidate_2,3,0.0033333333333333335
4203,candidate_1,candidate_3,candidate_2,3,0.0033333333333333335
4204,candidate_1,candidate_3,candidate_2,3,0.0033333333333333335
4205,candidate_1,candidate_3,candidate_2,3,0.0033333333333333335
4206,candidate_1,candidate_3,candidate_2,3,0.0033333333333333335
4207,candidate_1,candidate_3,candidate_2,3,0.0033333333333333335
4208,candidate_1,candidate_3,candidate_2,3,0.0033333333333333335
4209,candidate_1,candidate_3,candidate_2,3,0.0033333333333333335
4210,candidate_1,candidate_3,candidate_2,3,0.0033333333333333335
4211,candidate_1,candidate_3,candidate_2,3,0.0033333333333333335
4212,candidate_1,candidate_3,candidate_2,3,0.0033333333333333335
4213,candidate_1,candidate_3,candidate_2,3,0.0033333333333333335
4214,candidate_1,candidate_3,candidate_2,3,0.0033333333333333335
4215,candidate_1,candidate_3,candidate_2,3,0.0033333333333333335
4216,candidate_1,candidate_3,candidate_2,3,0.0033333333333333335
4217,candidate_1,candidate_3,candidate_2,3,0.0033333333333333335
4218,candidate_1,candidate_3,candidate_2,3,0.0033333333333333335
4219,candidate_1,candidate_3,candidate_2,3,0.0033333333333333335
4220,candidate_1,candidate_3,candidate_2,3,0.0033333333333333335
4221,candidate_1,candidate_3,candidate_2,3,0.0033333333333333335
4222,candidate_1,candidate_3,candidate_2,3,0.0033333333333333335
4223,candidate_1,candidate_3,candidate_2,3,0.0033333333333333335
4224,candidate_1,candidate_3,candidate_2,3,0.0033333333333333335
4225,candidate_1,candidate_3,candidate_2,3,0.0033333333333333335
4226,candidate_1,candidate_3,candidate_2,3,0.0033333333333333335
4227,candidate_1,candidate_3,candidate_2,3,0.0033333333333333335
4228,candidate_1,candidate_3,candidate_2,3,0.0033333333333333335
4229,candidate_1,candidate_3,candidate_2,3,0.0033333333333333335
4230,candidate_1,candidate_3,candidate_2,3,0.0033333333333333335
4231,candidate_1,candidate_3,candidate_2,3,0.0033333333333333335
4232,candidate_1,candidate_3,candidate_2,3,0.0033333333333333335
4233,candidate_1,candidate_3,candidate_2,3,0.0033333333333333335
4234,candidate_1,candidate_3,candidate_2,3,0.0033333333333333335
4235,candidate_1,candidate_3,candidate_2,3,0.0033333333333333335
4236,candidate_1,candidate_3,candidate_2,3,0.0033333333333333335
4237,candidate_1,candidate_3,candidate_2,3,0.0033333333333333335
4238,candidate_1,candidate_3,candidate_2,3,0.0033333333333333335
4239,candidate_1,candidate_3,candidate_2,3,0.0033333333333333335
4240,candidate_1,candidate_3,candidate_2,3,0.0033333333333333335
4241,candidate_1,candidate_3,candidate_2,3,0.0033333333333333335
4242,candidate_1,candidate_3,candidate_2,3,0.0033333333333333335
4243,candidate_1,candidate_3,candidate_2,3,0.0033333333333333335
4244,candidate_1,candidate_3,candidate_2,3,0.0033333333333333335
4245,candidate_1,candidate_3,candidate_2,3,0.0033333333333333335
4246,candidate_1,candidate_3,candidate_2,3,0.0033333333333333335
4247,candidate_1,candidate_3,candidate_2,3,0.0033333333333333335
4248,candidate_1,candidate_3,candidate_2,3,0.0033333333333333335
4249,candidate_1,candidate_3,candidate_2,3,0.0033333333333333335
4250,candidate_1,candidate_3,candidate_2,3,0.0033333333333333335
4251,candidate_1,candidate_3,candidate_2,3,0.0033333333333333335
4252,candidate_1,candidate_3,candidate_2,3,0.0033333333333333335
4253,candidate_1,candidate_3,candidate_2,3,0.0033333333333333335
4254,candidate_1,candidate_3,candidate_2,3,0.0033333333333333335
4255,candidate_1,0,candidate_2,3,0.0033333333333333335
4256,candidate_1,candidate_3,candidate_2,3,0.0033333333333333335
4257,candidate_1,candidate_3,candidate_2,3,0.0033333333333333335
4258,candidate_1,candidate_3,candidate_2,3,0.0033333333333333335
4259,candidate_1,candidate_3,candidate_2,3,0.0033333333333333335
4260,candidate_1,candidate_3,candidate_2,3,0.0033333333333333335
4261,0,candidate_3,candidate_2,3,0.0033333333333333335
4262,candidate_1,candidate_3,candidate_2,3,0.0033333333333333335
4263,candidate_1,candidate_3,candidate_2,3,0.0033333333333333335
4264,candidate_1,candidate_3,candidate_2,3,0.0033333333333333335
4265,candidate_1,candidate_3,candidate_2,3,0.0033333333333333335
4266,candidate_1,candidate_3,candidate_2,3,0.0033333333333333335
4267,candidate_1,candidate_3,candidate_2,3,0.0033333333333333335
4268,candidate_1,candidate_3,candidate_2,3,0.0033333333333333335
4269,candidate_1,candidate_3,candidate_2,3,0.0033333333333333335
4270,candidate_1,candidate_3,candidate_2,3,0.0033333333333333335
4271,candidate_1,candidate_3,candidate_2,3,0.0033333333333333335
4272,candidate_1,candidate_3,candidate_2,3,0.0033333333333333335
4273,candidate_1,candidate_3,candidate_2,3,0.0033333333333333335
4274,candidate_1,candidate_3,candidate_2,3,0.0033333333333333335
4275,candidate_1,candidate_3,candidate_2,3,0.0033333333333333335
4276,candidate_1,candidate_3,candidate_2,3,0.0033333333333333335
4277,candidate_1,candidate_3,candidate_2,3,0.0033333333333333335
4278,candidate_1,candidate_3,candidate_2,3,0.0033333333333333335
4279,candidate_1,candidate_3,candidate_2,3,0.0033333333333333335
4280,candidate_1,candidate_3,candidate_2,3,0.0033333333333333335
4281,candidate_1,candidate_3,candidate_2,3,0.0033333333333333335
4282,candidate_1,candidate_3,candidate_2,3,0.0033333333333333335
4283,candidate_1,candidate_3,candidate_2,3,0.0033333333333333335
4284,candidate_1,candidate_3,candidate_2,3,0.0033333333333333335
4285,candidate_1,candidate_3,candidate_2,3,0.0033333333333333335
4286,candidate_1,candidate_3,candidate_2,3,0.0033333333333333335
4287,candidate_1,candidate_3,candidate_2,3,0.0033333333333333335
4288,candidate_1,candidate_3,candidate_2,3,0.0033333333333333335
4289,candidate_1,candidate_3,candidate_2,3,0.0033333333333333335
4290,candidate_1,candidate_3,candidate_2,3,0.0033333333333333335
4291,candidate_1,candidate_3,candidate_2,3,0.0033333333333333335
4292,candidate_1,candidate_3,candidate_2,3,0.0033333333333333335
4293,candidate_1,candidate_3,candidate_2,3,0.0033333333333333335
4294,candidate_1,candidate_3,candidate_2,3,0.0033333333333333335
4295,candidate_1,candidate_3,candidate_2,3,0.0033333333333333335
4296,candidate_1,candidate_3,candidate_2,3,0.0033333333333333335
4297,candidate_1,candidate_3,candidate_2,3,0.0033333333333333335
4298,candidate_1,candidate_3,candidate_2,3,0.0033333333333333335
4299,candidate_1,candidate_3,candidate_2,3,0.0033333333333333335
4300,candidate_1,candidate_3,candidate_2,3,0.0033333333333333335
4301,candidate_1,candidate_3,candidate_2,3,0.0033333333333333335
4302,candidate_1,candidate_3,candidate_2,3,0.0033333333333333335
4303,candidate_1,candidate_3,candidate_2,3,0.0033333333333333335
4304,candidate_1,candidate_3,candidate_2,3,0.0033333333333333335
4305,candidate_1,candidate_3,candidate_2,3,0.0033333333333333335
4306,candidate_1,candidate_3,candidate_2,3,0.0033333333333333335
4307,candidate_1,candidate_3,candidate_2,3,0.0033333333333333335
4308,candidate_1,candidate_3,candidate_2,3,0.0033333333333333335
4309,candidate_1,candidate_3,candidate_2,3,0.0033333333333333335
4310,candidate_1,candidate_3,candidate_2,3,0.0033333333333333335
4311,candidate_1,candidate_3,candidate_2,3,0.0033333333333333335
4312,candidate_1,candidate_3,candidate_2,3,0.0033333333333333335
4313,candidate_1,candidate_3,candidate_2,3,0.0033333333333333335
4314,candidate_1,candidate_3,candidate_2,3,0.0033333333333333335
4315,candidate_1,candidate_3,candidate_2,3,0.0033333333333333335
4316,candidate_1,candidate_3,candidate_2,3,0.0033333333333333335
4317,candidate_1,candidate_3,candidate_2,3,0.0033333333333333335
4318,candidate_1,candidate_3,candidate_2,3,0.0033333333333333335
4319,candidate_1,candidate_3,candidate_2,3,0.0033333333333333335
4320,candidate_1,candidate_3,candidate_2,3,0.0033333333333333335
4321,candidate_1,candidate_3,candidate_2,3,0.0033333333333333335
4322,candidate_1,candidate_3,candidate_2,3,0.0033333333333333335
4323,candidate_1,candidate_3,candidate_2,3,0.0033333333333333335
4324,candidate_1,candidate_3,candidate_2,3,0.0033333333333333335
4325,candidate_1,candidate_3,candidate_2,3,0.0033333333333333335
4326,candidate_1,candidate_3,candidate_2,3,0.0033333333333333335
4327,candidate_1,candidate_3,candidate_2,3,0.0033333333333333335
4328,candidate_1,candidate_3,candidate_2,3,0.0033333333333333335
4329,candidate_1,candidate_3,candidate_2,3,0.0033333333333333335
4330,candidate_1,candidate_3,candidate_2,3,0.0033333333333333335
4331,candidate_1,candidate_3,candidate_2,3,0.0033333333333333335
4332,candidate_1,candidate_3,candidate_2,3,0.0033333333333333335
4333,candidate_1,candidate_3,candidate_2,3,0.0033333333333333335
4334,candidate_1,candidate_3,candidate_2,3,0.0033333333333333335
4335,candidate_1,candidate_3,candidate_2,3,0.0033333333333333335
4336,candidate_1,candidate_3,candidate_2,3,0.0033333333333333335
4337,candidate_1,candidate_3,candidate_2,3,0.0033333333333333335
4338,candidate_1,candidate_3,candidate_2,3,0.0033333333333333335
4339,candidate_1,candidate_3,candidate_2,3,0.0033333333333333335
4340,candidate_1,candidate_3,candidate_2,3,0.0033333333333333335
4341,candidate_1,candidate_3,candidate_2,3,0.0033333333333333335
4342,candidate_1,candidate_3,candidate_2,3,0.0033333333333333335
4343,candidate_1,candidate_3,candidate_2,3,0.0033333333333333335
4344,candidate_1,candidate_3,candidate_2,3,0.0033333333333333335
4345,candidate_1,candidate_3,candidate_2,3,0.0033333333333333335
4346,candidate_1,candidate_3,candidate_2,3,0.0033333333333333335
4347,candidate_1,candidate_3,candidate_2,3,0.0033333333333333335
4348,candidate_1,candidate_3,candidate_2,3,0.0033333333333333335
4349,candidate_1,candidate_3,candidate_2,3,0.0033333333333333335
4350,candidate_1,candidate_3,candidate_2,3,0.0033333333333333335
4351,candidate_1,candidate_3,candidate_2,3,0.0033333333333333335
4352,candidate_1,candidate_3,candidate_2,3,0.0033333333333333335
4353,candidate_1,candidate_3,candidate_2,3,0.0033333333333333335
4354,candidate_1,candidate_3,candidate_2,3,0.0033333333333333335
4355,candidate_1,candidate_3,candidate_2,3,0.0033333333333333335
4356,candidate_1,candidate_3,candidate_2,3,0.0033333333333333335
4357,candidate_1,candidate_3,candidate_2,3,0.0033333333333333335
4358,candidate_1,candidate_3,candidate_2,3,0.0033333333333333335
4359,candidate_1,candidate_3,candidate_2,3,0.0033333333333333335
4360,candidate_1,candidate_3,candidate_2,3,0.0033333333333333335
4361,candidate_1,candidate_3,candidate_2,3,0.0033333333333333335
4362,candidate_1,candidate_3,candidate_2,3,0.0033333333333333335
4363,candidate_1,candidate_3,candidate_2,3,0.0033333333333333335
4364,candidate_1,candidate_3,candidate_2,3,0.0033333333333333335
4365,candidate_1,candidate_3,candidate_2,3,0.0033333333333333335
4366,candidate_1,candidate_3,candidate_2,3,0.0033333333333333335
4367,candidate_1,candidate_3,candidate_2,3,0.0033333333333333335
4368,0,candidate_3,candidate_2,3,0.0033333333333333335
4369,candidate_1,candidate_3,candidate_2,3,0.0033333333333333335
4370,candidate_1,candidate_3,candidate_2,3,0.0033333333333333335
4371,candidate_1,candidate_3,candidate_2,3,0.0033333333333333335
4372,candidate_1,candidate_3,candidate_2,3,0.0033333333333333335
4373,candidate_1,candidate_3,candidate_2,3,0.0033333333333333335
4374,candidate_1,candidate_3,candidate_2,3,0.0033333333333333335
4375,candidate_1,candidate_3,candidate_2,3,0.0033333333333333335
4376,candidate_1,candidate_3,candidate_2,3,0.0033333333333333335
4377,candidate_1,candidate_3,candidate_2,3,0.0033333333333333335
4378,candidate_1,candidate_3,candidate_2,3,0.0033333333333333335
4379,candidate_1,candidate_3,candidate_2,3,0.0033333333333333335
4380,candidate_1,candidate_3,candidate_2,3,0.0033333333333333335
4381,candidate_1,candidate_3,candidate_2,3,0.0033333333333333335
4382,candidate_1,candidate_3,candidate_2,3,0.0033333333333333335
4383,candidate_1,candidate_3,candidate_2,3,0.0033333333333333335
4384,candidate_1,candidate_3,candidate_2,3,0.0033333333333333335
4385,candidate_1,candidate_3,candidate_2,3,0.0033333333333333335
4386,candidate_1,candidate_3,candidate_2,3,0.0033333333333333335
4387,candidate_1,candidate_3,candidate_2,3,0.0033333333333333335
4388,candidate_1,candidate_3,candidate_2,3,0.0033333333333333335
4389,candidate_1,candidate_3,candidate_2,3,0.0033333333333333335
4390,candidate_1,candidate_3,candidate_2,3,0.0033333333333333335
4391,candidate_1,candidate_3,candidate_2,3,0.0033333333333333335
4392,candidate_1,candidate_3,candidate_2,3,0.0033333333333333335
4393,candidate_1,candidate_3,candidate_2,3,0.0033333333333333335
4394,candidate_1,candidate_3,candidate_2,3,0.0033333333333333335
4395,candidate_1,candidate_3,candidate_2,3,0.0033333333333333335
4396,candidate_1,candidate_3,candidate_2,3,0.0033333333333333335
4397,candidate_1,candidate_3,candidate_2,3,0.0033333333333333335
4398,candidate_1,candidate_3,candidate_2,3,0.0033333333333333335
4399,candidate_1,candidate_3,candidate_2,3,0.0033333333333333335
4400,candidate_1,candidate_3,candidate_2,3,0.0033333333333333335
4401,candidate_1,candidate_3,candidate_2,3,0.0033333333333333335
4402,candidate_1,candidate_3,candidate_2,3,0.0033333333333333335
4403,candidate_1,candidate_3,candidate_2,3,0.0033333333333333335
4404,candidate_1,candidate_3,candidate_2,3,0.0033333333333333335
4405,candidate_1,candidate_3,candidate_2,3,0.0033333333333333335
4406,candidate_1,candidate_3,candidate_2,3,0.0033333333333333335
4407,candidate_1,candidate_3,candidate_2,3,0.0033333333333333335
4408,candidate_1,candidate_3,candidate_2,3,0.0033333333333333335
4409,candidate_1,candidate_3,candidate_2,3,0.0033333333333333335
4410,candidate_1,candidate_3,candidate_2,3,0.0033333333333333335
4411,candidate_1,candidate_3,candidate_2,3,0.0033333333333333335
4412,candidate_1,candidate_3,candidate_2,3,0.0033333333333333335
4413,candidate_1,candidate_3,candidate_2,3,0.0033333333333333335
4414,candidate_1,candidate_3,candidate_2,3,0.0033333333333333335
4415,candidate_1,candidate_3,candidate_2,3,0.0033333333333333335
4416,candidate_1,candidate_3,candidate_2,3,0.0033333333333333335
4417,candidate_1,candidate_3,candidate_2,3,0.0033333333333333335
4418,candidate_1,candidate_3,candidate_2,3,0.0033333333333333335
4419,candidate_1,candidate_3,candidate_2,3,0.0033333333333333335
4420,candidate_1,candidate_3,candidate_2,3,0.0033333333333333335
4421,candidate_1,candidate_3,candidate_2,3,0.0033333333333333335
4422,candidate_1,candidate_3,candidate_2,3,0.0033333333333333335
4423,candidate_1,candidate_3,candidate_2,3,0.0033333333333333335
4424,candidate_1,candidate_3,candidate_2,3,0.0033333333333333335
4425,candidate_1,candidate_3,candidate_2,3,0.0033333333333333335
4426,candidate_1,candidate_3,candidate_2,3,0.0033333333333333335
4427,candidate_1,candidate_3,candidate_2,3,0.0033333333333333335
4428,candidate_1,candidate_3,candidate_2,3,0.0033333333333333335
4429,candidate_1,candidate_3,candidate_2,3,0.0033333333333333335
4430,candidate_1,candidate_3,candidate_2,3,0.0033333333333333335
4431,candidate_1,candidate_3,candidate_2,3,0.0033333333333333335
4432,candidate_1,candidate_3,candidate_2,3,0.0033333333333333335
4433,candidate_1,candidate_3,candidate_2,3,0.0033333333333333335
4434,candidate_1,candidate_3,candidate_2,3,0.0033333333333333335
4435,candidate_1,candidate_3,candidate_2,3,0.0033333333333333335
4436,candidate_1,candidate_3,candidate_2,3,0.0033333333333333335
4437,candidate_1,candidate_3,candidate_2,3,0.0033333333333333335
4438,candidate_1,candidate_3,candidate_2,3,0.0033333333333333335
4439,candidate_1,candidate_3,candidate_2,3,0.0033333333333333335
4440,candidate_1,candidate_3,candidate_2,3,0.0033333333333333335
4441,candidate_1,candidate_3,candidate_2,3,0.0033333333333333335
4442,candidate_1,candidate_3,candidate_2,3,0.0033333333333333335
4443,candidate_1,candidate_3,candidate_2,3,0.0033333333333333335
4444,candidate_1,candidate_3,candidate_2,3,0.0033333333333333335
4445,candidate_1,candidate_3,candidate_2,3,0.0033333333333333335
4446,candidate_1,candidate_3,candidate_2,3,0.0033333333333333335
4447,candidate_1,candidate_3,candidate_2,3,0.0033333333333333335
4448,candidate_1,candidate_3,candidate_2,3,0.0033333333333333335
4449,candidate_1,candidate_3,candidate_2,3,0.0033333333333333335
4450,candidate_1,candidate_3,candidate_2,3,0.0033333333333333335
4451,candidate_1,candidate_3,candidate_2,3,0.0033333333333333335
4452,candidate_1,candidate_3,candidate_2,3,0.0033333333333333335
4453,candidate_1,candidate_3,candidate_2,3,0.0033333333333333335
4454,candidate_1,candidate_3,candidate_2,3,0.0033333333333333335
4455,candidate_1,candidate_3,candidate_2,3,0.0033333333333333335
4456,candidate_1,candidate_3,candidate_2,3,0.0033333333333333335
4457,candidate_1,candidate_3,candidate_2,3,0.0033333333333333335
4458,candidate_1,candidate_3,candidate_2,3,0.0033333333333333335
4459,candidate_1,candidate_3,candidate_2,3,0.0033333333333333335
4460,candidate_1,candidate_3,candidate_2,3,0.0033333333333333335
4461,candidate_1,candidate_3,candidate_2,3,0.0033333333333333335
4462,candidate_1,candidate_3,candidate_2,3,0.0033333333333333335
4463,candidate_1,candidate_3,candidate_2,3,0.0033333333333333335
4464,candidate_1,0,candidate_2,3,0.0033333333333333335
4465,candidate_1,candidate_3,candidate_2,3,0.0033333333333333335
4466,candidate_1,candidate_3,candidate_2,3,0.0033333333333333335
4467,candidate_1,candidate_3,candidate_2,3,0.0033333333333333335
4468,candidate_1,candidate_3,candidate_2,3,0.0033333333333333335
4469,candidate_1,candidate_3,candidate_2,3,0.0033333333333333335
4470,candidate_1,candidate_3,candidate_2,3,0.0033333333333333335
4471,candidate_1,candidate_3,candidate_2,3,0.0033333333333333335
4472,candidate_1,candidate_3,candidate_2,3,0.0033333333333333335
4473,candidate_1,candidate_3,candidate_2,3,0.0033333333333333335
4474,candidate_1,candidate_3,candidate_2,3,0.0033333333333333335
4475,candidate_1,candidate_3,candidate_2,3,0.0033333333333333335
4476,candidate_1,candidate_3,candidate_2,3,0.0033333333333333335
4477,candidate_1,candidate_3,candidate_2,3,0.0033333333333333335
4478,candidate_1,candidate_3,candidate_2,3,0.0033333333333333335
4479,candidate_1,candidate_3,candidate_2,3,0.0033333333333333335
4480,candidate_1,candidate_3,candidate_2,3,0.0033333333333333335
4481,candidate_1,candidate_3,candidate_2,3,0.0033333333333333335
4482,candidate_1,candidate_3,candidate_2,3,0.0033333333333333335
4483,candidate_1,candidate_3,candidate_2,3,0.0033333333333333335
4484,candidate_1,candidate_3,candidate_2,3,0.0033333333333333335
4485,candidate_1,candidate_3,candidate_2,3,0.0033333333333333335
4486,candidate_1,candidate_3,candidate_2,3,0.0033333333333333335
4487,candidate_1,candidate_3,candidate_2,3,0.0033333333333333335
4488,candidate_1,candidate_3,candidate_2,3,0.0033333333333333335
4489,candidate_1,candidate_3,candidate_2,3,0.0033333333333333335
4490,candidate_1,candidate_3,candidate_2,3,0.0033333333333333335
4491,candidate_1,candidate_3,candidate_2,3,0.0033333333333333335
4492,candidate_1,candidate_3,candidate_2,3,0.0033333333333333335
4493,candidate_1,candidate_3,candidate_2,3,0.0033333333333333335
4494,candidate_1,candidate_3,candidate_2,3,0.0033333333333333335
4495,candidate_1,candidate_3,candidate_2,3,0.0033333333333333335
4496,candidate_1,candidate_3,candidate_2,3,0.0033333333333333335
4497,candidate_1,candidate_3,candidate_2,3,0.0033333333333333335
4498,candidate_1,candidate_3,candidate_2,3,0.0033333333333333335
4499,candidate_1,candidate_3,candidate_2,3,0.0033333333333333335
4500,candidate_1,candidate_3,candidate_2,3,0.0033333333333333335
4501,candidate_1,candidate_3,candidate_2,3,0.0033333333333333335
4502,candidate_1,candidate_3,candidate_2,3,0.0033333333333333335
4503,candidate_1,candidate_3,candidate_2,3,0.0033333333333333335
4504,candidate_1,candidate_3,candidate_2,3,0.0033333333333333335
4505,candidate_1,candidate_3,candidate_2,3,0.0033333333333333335
4506,candidate_1,candidate_3,candidate_2,3,0.0033333333333333335
4507,candidate_1,candidate_3,candidate_2,3,0.0033333333333333335
4508,candidate_1,candidate_3,candidate_2,3,0.0033333333333333335
4509,candidate_1,candidate_3,candidate_2,3,0.0033333333333333335
4510,candidate_1,candidate_3,candidate_2,3,0.0033333333333333335
4511,candidate_1,candidate_3,candidate_2,3,0.0033333333333333335
4512,candidate_1,candidate_3,candidate_2,3,0.0033333333333333335
4513,candidate_1,candidate_3,candidate_2,3,0.0033333333333333335
4514,candidate_1,candidate_3,candidate_2,3,0.0033333333333333335
4515,candidate_1,candidate_3,candidate_2,3,0.0033333333333333335
4516,candidate_1,candidate_3,candidate_2,3,0.0033333333333333335
4517,candidate_1,candidate_3,candidate_2,3,0.0033333333333333335
4518,candidate_1,candidate_3,candidate_2,3,0.0033333333333333335
4519,candidate_1,candidate_3,candidate_2,3,0.0033333333333333335
4520,candidate_1,candidate_3,candidate_2,3,0.0033333333333333335
4521,candidate_1,candidate_3,candidate_2,3,0.0033333333333333335
4522,candidate_1,candidate_3,candidate_2,3,0.0033333333333333335
4523,candidate_1,candidate_3,candidate_2,3,0.0033333333333333335
4524,candidate_1,0,candidate_2,3,0.0033333333333333335
4525,candidate_1,candidate_3,candidate_2,3,0.0033333333333333335
4526,candidate_1,candidate_3,candidate_2,3,0.0033333333333333335
4527,candidate_1,candidate_3,candidate_2,3,0.0033333333333333335
4528,candidate_1,candidate_3,candidate_2,3,0.0033333333333333335
4529,candidate_1,candidate_3,candidate_2,3,0.0033333333333333335
4530,candidate_1,candidate_3,candidate_2,3,0.0033333333333333335
4531,candidate_1,candidate_3,candidate_2,3,0.0033333333333333335
4532,candidate_1,candidate_3,candidate_2,3,0.0033333333333333335
4533,candidate_1,candidate_3,candidate_2,3,0.0033333333333333335
4534,candidate_1,candidate_3,candidate_2,3,0.0033333333333333335
4535,candidate_1,candidate_3,candidate_2,3,0.0033333333333333335
4536,candidate_1,candidate_3,candidate_2,3,0.0033333333333333335
4537,candidate_1,candidate_3,candidate_2,3,0.0033333333333333335
4538,candidate_1,candidate_3,candidate_2,3,0.0033333333333333335
4539,candidate_1,candidate_3,candidate_2,3,0.0033333333333333335
4540,candidate_1,candidate_3,candidate_2,3,0.0033333333333333335
4541,candidate_1,candidate_3,candidate_2,3,0.0033333333333333335
4542,candidate_1,candidate_3,candidate_2,3,0.0033333333333333335
4543,candidate_1,candidate_3,candidate_2,3,0.0033333333333333335
4544,candidate_1,candidate_3,candidate_2,3,0.0033333333333333335
4545,candidate_1,candidate_3,candidate_2,3,0.0033333333333333335
4546,candidate_1,candidate_3,candidate_2,3,0.0033333333333333335
4547,candidate_1,candidate_3,candidate_2,3,0.0033333333333333335
4548,candidate_1,candidate_3,candidate_2,3,0.0033333333333333335
4549,candidate_1,candidate_3,candidate_2,3,0.0033333333333333335
4550,candidate_1,candidate_3,candidate_2,3,0.0033333333333333335
4551,candidate_1,candidate_3,candidate_2,3,0.0033333333333333335
4552,candidate_1,candidate_3,candidate_2,3,0.0033333333333333335
4553,candidate_1,candidate_3,candidate_2,3,0.0033333333333333335
4554,candidate_1,candidate_3,candidate_2,3,0.0033333333333333335
4555,candidate_1,candidate_3,candidate_2,3,0.0033333333333333335
4556,candidate_1,candidate_3,candidate_2,3,0.0033333333333333335
4557,candidate_1,candidate_3,candidate_2,3,0.0033333333333333335
4558,candidate_1,candidate_3,candidate_2,3,0.0033333333333333335
4559,candidate_1,candidate_3,candidate_2,3,0.0033333333333333335
4560,candidate_1,candidate_3,candidate_2,3,0.0033333333333333335
4561,candidate_1,candidate_3,candidate_2,3,0.0033333333333333335
4562,candidate_1,candidate_3,candidate_2,3,0.0033333333333333335
4563,candidate_1,candidate_3,candidate_2,3,0.0033333333333333335
4564,candidate_1,candidate_3,candidate_2,3,0.0033333333333333335
4565,candidate_1,candidate_3,candidate_2,3,0.0033333333333333335
4566,candidate_1,candidate_3,candidate_2,3,0.0033333333333333335
4567,candidate_1,candidate_3,candidate_2,3,0.0033333333333333335
4568,candidate_1,candidate_3,candidate_2,3,0.0033333333333333335
4569,candidate_1,candidate_3,candidate_2,3,0.0033333333333333335
4570,candidate_1,candidate_3,candidate_2,3,0.0033333333333333335
4571,candidate_1,candidate_3,candidate_2,3,0.0033333333333333335
4572,candidate_1,candidate_3,candidate_2,3,0.0033333333333333335
4573,candidate_1,candidate_3,candidate_2,3,0.0033333333333333335
4574,candidate_1,candidate_3,candidate_2,3,0.0033333333333333335
4575,candidate_1,candidate_3,candidate_2,3,0.0033333333333333335
4576,candidate_1,candidate_3,candidate_2,3,0.0033333333333333335
4577,candidate_1,candidate_3,candidate_2,3,0.0033333333333333335
4578,candidate_1,candidate_3,candidate_2,3,0.0033333333333333335
4579,candidate_1,candidate_3,candidate_2,3,0.0033333333333333335
4580,candidate_1,candidate_3,candidate_2,3,0.0033333333333333335
4581,candidate_1,candidate_3,candidate_2,3,0.0033333333333333335
4582,candidate_1,candidate_3,candidate_2,3,0.0033333333333333335
4583,candidate_1,candidate_3,candidate_2,3,0.0033333333333333335
4584,candidate_1,candidate_3,candidate_2,3,0.0033333333333333335
4585,candidate_1,candidate_3,candidate_2,3,0.0033333333333333335
4586,candidate_1,candidate_3,candidate_2,3,0.0033333333333333335
4587,candidate_1,candidate_3,candidate_2,3,0.0033333333333333335
4588,candidate_1,candidate_3,candidate_2,3,0.0033333333333333335
4589,candidate_1,candidate_3,candidate_2,3,0.0033333333333333335
4590,candidate_1,candidate_3,candidate_2,3,0.0033333333333333335
4591,candidate_1,candidate_3,candidate_2,3,0.0033333333333333335
4592,candidate_1,candidate_3,candidate_2,3,0.0033333333333333335
4593,candidate_1,candidate_3,candidate_2,3,0.0033333333333333335
4594,candidate_1,candidate_3,candidate_2,3,0.0033333333333333335
4595,candidate_1,candidate_3,candidate_2,3,0.0033333333333333335
4596,candidate_1,candidate_3,candidate_2,3,0.0033333333333333335
4597,candidate_1,candidate_3,candidate_2,3,0.0033333333333333335
4598,candidate_1,candidate_3,candidate_2,3,0.0033333333333333335
4599,candidate_1,candidate_3,candidate_2,3,0.0033333333333333335
4600,candidate_1,candidate_3,candidate_2,3,0.0033333333333333335
4601,candidate_1,candidate_3,candidate_2,3,0.0033333333333333335
4602,candidate_1,candidate_3,candidate_2,3,0.0033333333333333335
4603,candidate_1,candidate_3,candidate_2,3,0.0033333333333333335
4604,candidate_1,candidate_3,candidate_2,3,0.0033333333333333335
4605,candidate_1,candidate_3,candidate_2,3,0.0033333333333333335
4606,candidate_1,candidate_3,candidate_2,3,0.0033333333333333335
4607,candidate_1,candidate_3,candidate_2,3,0.0033333333333333335
4608,candidate_1,candidate_3,candidate_2,3,0.0033333333333333335
4609,candidate_1,candidate_3,candidate_2,3,0.0033333333333333335
4610,candidate_1,candidate_3,candidate_2,3,0.0033333333333333335
4611,candidate_1,candidate_3,candidate_2,3,0.0033333333333333335
4612,candidate_1,candidate_3,candidate_2,3,0.0033333333333333335
4613,candidate_1,candidate_3,candidate_2,3,0.0033333333333333335
4614,candidate_1,candidate_3,candidate_2,3,0.0033333333333333335
4615,candidate_1,candidate_3,candidate_2,3,0.0033333333333333335
4616,candidate_1,candidate_3,candidate_2,3,0.0033333333333333335
4617,candidate_1,candidate_3,candidate_2,3,0.0033333333333333335
4618,candidate_1,candidate_3,candidate_2,3,0.0033333333333333335
4619,candidate_1,candidate_3,candidate_2,3,0.0033333333333333335
4620,candidate_1,candidate_3,candidate_2,3,0.0033333333333333335
4621,candidate_1,candidate_3,candidate_2,3,0.0033333333333333335
4622,candidate_1,candidate_3,candidate_2,3,0.0033333333333333335
4623,candidate_1,candidate_3,candidate_2,3,0.0033333333333333335
4624,candidate_1,candidate_3,candidate_2,3,0.0033333333333333335
4625,candidate_1,candidate_3,candidate_2,3,0.0033333333333333335
4626,candidate_1,candidate_3,candidate_2,3,0.0033333333333333335
4627,candidate_1,candidate_3,candidate_2,3,0.0033333333333333335
4628,candidate_1,candidate_3,candidate_2,3,0.0033333333333333335
4629,candidate_1,candidate_3,candidate_2,3,0.0033333333333333335
4630,candidate_1,candidate_3,candidate_2,3,0.0033333333333333335
4631,candidate_1,candidate_3,candidate_2,3,0.0033333333333333335
4632,candidate_1,candidate_3,candidate_2,3,0.0033333333333333335
4633,candidate_1,candidate_3,candidate_2,3,0.0033333333333333335
4634,candidate_1,candidate_3,candidate_2,3,0.0033333333333333335
4635,candidate_1,candidate_3,candidate_2,3,0.0033333333333333335
4636,candidate_1,candidate_3,candidate_2,3,0.0033333333333333335
4637,candidate_1,candidate_3,candidate_2,3,0.0033333333333333335
4638,candidate_1,candidate_3,candidate_2,3,0.0033333333333333335
4639,candidate_1,candidate_3,candidate_2,3,0.0033333333333333335
4640,candidate_1,candidate_3,candidate_2,3,0.0033333333333333335
4641,candidate_1,candidate_3,candidate_2,3,0.0033333333333333335
4642,candidate_1,candidate_3,candidate_2,3,0.0033333333333333335
4643,candidate_1,candidate_3,candidate_2,3,0.0033333333333333335
4644,candidate_1,candidate_3,candidate_2,3,0.0033333333333333335
4645,candidate_1,candidate_3,candidate_2,3,0.0033333333333333335
4646,candidate_1,candidate_3,candidate_2,3,0.0033333333333333335
4647,candidate_1,candidate_3,candidate_2,3,0.0033333333333333335
4648,candidate_1,candidate_3,candidate_2,3,0.0033333333333333335
4649,candidate_1,candidate_3,candidate_2,3,0.0033333333333333335
4650,candidate_1,candidate_3,candidate_2,3,0.0033333333333333335
4651,candidate_1,candidate_3,candidate_2,3,0.0033333333333333335
4652,candidate_1,candidate_3,candidate_2,3,0.0033333333333333335
4653,candidate_1,candidate_3,candidate_2,3,0.0033333333333333335
4654,candidate_1,candidate_3,candidate_2,3,0.0033333333333333335
4655,candidate_1,candidate_3,candidate_2,3,0.0033333333333333335
4656,candidate_1,candidate_3,candidate_2,3,0.0033333333333333335
4657,candidate_1,candidate_3,candidate_2,3,0.0033333333333333335
4658,candidate_1,candidate_3,candidate_2,3,0.0033333333333333335
4659,candidate_1,candidate_3,candidate_2,3,0.0033333333333333335
4660,candidate_1,candidate_3,candidate_2,3,0.0033333333333333335
4661,candidate_1,candidate_3,candidate_2,3,0.0033333333333333335
4662,candidate_1,candidate_3,candidate_2,3,0.0033333333333333335
4663,candidate_1,candidate_3,candidate_2,3,0.0033333333333333335
4664,candidate_1,candidate_3,candidate_2,3,0.0033333333333333335
4665,candidate_1,candidate_3,candidate_2,3,0.0033333333333333335
4666,candidate_1,candidate_3,candidate_2,3,0.0033333333333333335
4667,candidate_1,candidate_3,candidate_2,3,0.0033333333333333335
4668,candidate_1,candidate_3,candidate_2,3,0.0033333333333333335
4669,candidate_1,candidate_3,candidate_2,3,0.0033333333333333335
4670,candidate_1,candidate_3,candidate_2,3,0.0033333333333333335
4671,candidate_1,candidate_3,candidate_2,3,0.0033333333333333335
4672,candidate_1,candidate_3,candidate_2,3,0.0033333333333333335
4673,candidate_1,candidate_3,candidate_2,3,0.0033333333333333335
4674,candidate_1,candidate_3,candidate_2,3,0.0033333333333333335
4675,candidate_1,candidate_3,candidate_2,3,0.0033333333333333335
4676,candidate_1,candidate_3,candidate_2,3,0.0033333333333333335
4677,candidate_1,candidate_3,candidate_2,3,0.0033333333333333335
4678,candidate_1,candidate_3,candidate_2,3,0.0033333333333333335
4679,candidate_1,candidate_3,candidate_2,3,0.0033333333333333335
4680,candidate_1,candidate_3,candidate_2,3,0.0033333333333333335
4681,candidate_1,candidate_3,candidate_2,3,0.0033333333333333335
4682,candidate_1,candidate_3,candidate_2,3,0.0033333333333333335
4683,candidate_1,candidate_3,candidate_2,3,0.0033333333333333335
4684,candidate_1,candidate_3,candidate_2,3,0.0033333333333333335
4685,candidate_1,candidate_3,candidate_2,3,0.0033333333333333335
4686,candidate_1,candidate_3,candidate_2,3,0.0033333333333333335
4687,candidate_1,candidate_3,candidate_2,3,0.0033333333333333335
4688,candidate_1,candidate_3,candidate_2,3,0.0033333333333333335
4689,candidate_1,candidate_3,candidate_2,3,0.0033333333333333335
4690,candidate_1,candidate_3,candidate_2,3,0.0033333333333333335
4691,candidate_1,candidate_3,candidate_2,3,0.0033333333333333335
4692,candidate_1,candidate_3,candidate_2,3,0.0033333333333333335
4693,candidate_1,candidate_3,candidate_2,3,0.0033333333333333335
4694,candidate_1,candidate_3,candidate_2,3,0.0033333333333333335
4695,candidate_1,candidate_3,candidate_2,3,0.0033333333333333335
4696,candidate_1,candidate_3,candidate_2,3,0.0033333333333333335
4697,candidate_1,candidate_3,candidate_2,3,0.0033333333333333335
4698,candidate_1,candidate_3,candidate_2,3,0.0033333333333333335
4699,candidate_1,candidate_3,candidate_2,3,0.0033333333333333335
4700,candidate_1,candidate_3,candidate_2,3,0.0033333333333333335
4701,candidate_1,candidate_3,candidate_2,3,0.0033333333333333335
4702,candidate_1,candidate_3,candidate_2,3,0.0033333333333333335
4703,candidate_1,candidate_3,candidate_2,3,0.0033333333333333335
4704,candidate_1,candidate_3,candidate_2,3,0.0033333333333333335
4705,candidate_1,candidate_3,candidate_2,3,0.0033333333333333335
4706,candidate_1,candidate_3,candidate_2,3,0.0033333333333333335
4707,candidate_1,candidate_3,candidate_2,3,0.0033333333333333335
4708,candidate_1,candidate_3,candidate_2,3,0.0033333333333333335
4709,candidate_1,candidate_3,candidate_2,3,0.0033333333333333335
4710,candidate_1,candidate_3,candidate_2,3,0.0033333333333333335
4711,candidate_1,candidate_3,candidate_2,3,0.0033333333333333335
4712,candidate_1,candidate_3,candidate_2,3,0.0033333333333333335
4713,candidate_1,candidate_3,candidate_2,3,0.0033333333333333335
4714,candidate_1,candidate_3,candidate_2,3,0.0033333333333333335
4715,candidate_1,candidate_3,candidate_2,3,0.0033333333333333335
4716,candidate_1,candidate_3,candidate_2,3,0.0033333333333333335
4717,candidate_1,candidate_3,candidate_2,3,0.0033333333333333335
4718,candidate_1,candidate_3,candidate_2,3,0.0033333333333333335
4719,candidate_1,candidate_3,candidate_2,3,0.0033333333333333335
4720,candidate_1,candidate_3,candidate_2,3,0.0033333333333333335
4721,candidate_1,candidate_3,candidate_2,3,0.0033333333333333335
4722,candidate_1,candidate_3,candidate_2,3,0.0033333333333333335
4723,candidate_1,candidate_3,candidate_2,3,0.0033333333333333335
4724,candidate_1,candidate_3,candidate_2,3,0.0033333333333333335
4725,candidate_1,candidate_3,candidate_2,3,0.0033333333333333335
4726,candidate_1,candidate_3,candidate_2,3,0.0033333333333333335
4727,candidate_1,candidate_3,candidate_2,3,0.0033333333333333335
4728,candidate_1,candidate_3,candidate_2,3,0.0033333333333333335
4729,candidate_1,candidate_3,candidate_2,3,0.0033333333333333335
4730,candidate_1,candidate_3,candidate_2,3,0.0033333333333333335
4731,candidate_1,candidate_3,candidate_2,3,0.0033333333333333335
4732,candidate_1,candidate_3,0,3,0.0033333333333333335
4733,candidate_1,candidate_3,candidate_2,3,0.0033333333333333335
4734,candidate_1,candidate_3,candidate_2,3,0.0033333333333333335
4735,candidate_1,candidate_3,candidate_2,3,0.0033333333333333335
4736,candidate_1,candidate_3,candidate_2,3,0.0033333333333333335
4737,candidate_1,candidate_3,candidate_2,3,0.0033333333333333335
4738,candidate_1,candidate_3,candidate_2,3,0.0033333333333333335
4739,candidate_1,candidate_3,candidate_2,3,0.0033333333333333335
4740,candidate_1,candidate_3,candidate_2,3,0.0033333333333333335
4741,candidate_1,candidate_3,candidate_2,3,0.0033333333333333335
4742,candidate_1,candidate_3,candidate_2,3,0.0033333333333333335
4743,candidate_1,candidate_3,candidate_2,3,0.0033333333333333335
4744,candidate_1,candidate_3,candidate_2,3,0.0033333333333333335
4745,candidate_1,candidate_3,candidate_2,3,0.0033333333333333335
4746,candidate_1,candidate_3,candidate_2,3,0.0033333333333333335
4747,candidate_1,candidate_3,candidate_2,3,0.0033333333333333335
4748,candidate_1,candidate_3,candidate_2,3,0.0033333333333333335
4749,candidate_1,candidate_3,candidate_2,3,0.0033333333333333335
4750,candidate_1,candidate_3,candidate_2,3,0.0033333333333333335
4751,candidate_1,candidate_3,candidate_2,3,0.0033333333333333335
4752,candidate_1,candidate_3,candidate_2,3,0.0033333333333333335
4753,candidate_1,candidate_3,candidate_2,3,0.0033333333333333335
4754,candidate_1,candidate_3,candidate_2,3,0.0033333333333333335
4755,candidate_1,candidate_3,candidate_2,3,0.0033333333333333335
4756,candidate_1,candidate_3,candidate_2,3,0.0033333333333333335
4757,candidate_1,candidate_3,candidate_2,3,0.0033333333333333335
4758,candidate_1,candidate_3,candidate_2,3,0.0033333333333333335
4759,candidate_1,candidate_3,candidate_2,3,0.0033333333333333335
4760,candidate_1,candidate_3,candidate_2,3,0.0033333333333333335
4761,candidate_1,candidate_3,candidate_2,3,0.0033333333333333335
4762,0,candidate_3,candidate_2,3,0.0033333333333333335
4763,candidate_1,candidate_3,candidate_2,3,0.0033333333333333335
4764,candidate_1,candidate_3,candidate_2,3,0.0033333333333333335
4765,candidate_1,candidate_3,candidate_2,3,0.0033333333333333335
4766,candidate_1,candidate_3,candidate_2,3,0.0033333333333333335
4767,candidate_1,candidate_3,candidate_2,3,0.0033333333333333335
4768,candidate_1,candidate_3,candidate_2,3,0.0033333333333333335
4769,candidate_1,candidate_3,candidate_2,3,0.0033333333333333335
4770,candidate_1,candidate_3,candidate_2,3,0.0033333333333333335
4771,candidate_1,candidate_3,candidate_2,3,0.0033333333333333335
4772,candidate_1,candidate_3,candidate_2,3,0.0033333333333333335
4773,candidate_1,candidate_3,candidate_2,3,0.0033333333333333335
4774,candidate_1,candidate_3,candidate_2,3,0.0033333333333333335
4775,candidate_1,candidate_3,candidate_2,3,0.0033333333333333335
4776,candidate_1,candidate_3,candidate_2,3,0.0033333333333333335
4777,candidate_1,candidate_3,candidate_2,3,0.0033333333333333335
4778,candidate_1,candidate_3,candidate_2,3,0.0033333333333333335
4779,candidate_1,candidate_3,candidate_2,3,0.0033333333333333335
4780,candidate_1,candidate_3,candidate_2,3,0.0033333333333333335
4781,candidate_1,candidate_3,candidate_2,3,0.0033333333333333335
4782,candidate_1,candidate_3,candidate_2,3,0.0033333333333333335
4783,candidate_1,candidate_3,candidate_2,3,0.0033333333333333335
4784,candidate_1,candidate_3,candidate_2,3,0.0033333333333333335
4785,candidate_1,candidate_3,candidate_2,3,0.0033333333333333335
4786,candidate_1,candidate_3,candidate_2,3,0.0033333333333333335
4787,candidate_1,candidate_3,candidate_2,3,0.0033333333333333335
4788,candidate_1,candidate_3,candidate_2,3,0.0033333333333333335
4789,candidate_1,candidate_3,candidate_2,3,0.0033333333333333335
4790,candidate_1,candidate_3,candidate_2,3,0.0033333333333333335
4791,candidate_1,candidate_3,candidate_2,3,0.0033333333333333335
4792,candidate_1,candidate_3,candidate_2,3,0.0033333333333333335
4793,candidate_1,candidate_3,candidate_2,3,0.0033333333333333335
4794,candidate_1,candidate_3,candidate_2,3,0.0033333333333333335
4795,candidate_1,candidate_3,candidate_2,3,0.0033333333333333335
4796,candidate_1,candidate_3,candidate_2,3,0.0033333333333333335
4797,candidate_1,candidate_3,candidate_2,3,0.0033333333333333335
4798,candidate_1,candidate_3,candidate_2,3,0.0033333333333333335
4799,candidate_1,candidate_3,candidate_2,3,0.0033333333333333335
4800,candidate_1,candidate_3,candidate_2,3,0.0033333333333333335
4801,candidate_1,candidate_3,candidate_2,3,0.0033333333333333335
4802,candidate_1,candidate_3,candidate_2,3,0.0033333333333333335
4803,candidate_1,candidate_3,candidate_2,3,0.0033333333333333335
4804,candidate_1,candidate_3,candidate_2,3,0.0033333333333333335
4805,candidate_1,candidate_3,candidate_2,3,0.0033333333333333335
4806,candidate_1,candidate_3,candidate_2,3,0.0033333333333333335
4807,candidate_1,candidate_3,candidate_2,3,0.0033333333333333335
4808,candidate_1,candidate_3,candidate_2,3,0.0033333333333333335
4809,candidate_1,candidate_3,candidate_2,3,0.0033333333333333335
4810,candidate_1,candidate_3,candidate_2,3,0.0033333333333333335
4811,candidate_1,candidate_3,candidate_2,3,0.0033333333333333335
4812,candidate_1,candidate_3,candidate_2,3,0.0033333333333333335
4813,candidate_1,candidate_3,candidate_2,3,0.0033333333333333335
4814,candidate_1,candidate_3,candidate_2,3,0.0033333333333333335
4815,candidate_1,candidate_3,candidate_2,3,0.0033333333333333335
4816,candidate_1,candidate_3,candidate_2,3,0.0033333333333333335
4817,candidate_1,candidate_3,candidate_2,3,0.0033333333333333335
4818,candidate_1,candidate_3,candidate_2,3,0.0033333333333333335
4819,candidate_1,candidate_3,candidate_2,3,0.0033333333333333335
4820,candidate_1,candidate_3,candidate_2,3,0.0033333333333333335
4821,candidate_1,candidate_3,candidate_2,3,0.0033333333333333335
4822,candidate_1,candidate_3,candidate_2,3,0.0033333333333333335
4823,candidate_1,candidate_3,candidate_2,3,0.0033333333333333335
4824,candidate_1,candidate_3,candidate_2,3,0.0033333333333333335
4825,candidate_1,candidate_3,candidate_2,3,0.0033333333333333335
4826,candidate_1,candidate_3,candidate_2,3,0.0033333333333333335
4827,candidate_1,candidate_3,candidate_2,3,0.0033333333333333335
4828,candidate_1,candidate_3,candidate_2,3,0.0033333333333333335
4829,candidate_1,candidate_3,candidate_2,3,0.0033333333333333335
4830,candidate_1,candidate_3,candidate_2,3,0.0033333333333333335
4831,candidate_1,candidate_3,candidate_2,3,0.0033333333333333335
4832,candidate_1,candidate_3,candidate_2,3,0.0033333333333333335
4833,candidate_1,candidate_3,candidate_2,3,0.0033333333333333335
4834,candidate_1,candidate_3,candidate_2,3,0.0033333333333333335
4835,candidate_1,candidate_3,candidate_2,3,0.0033333333333333335
4836,candidate_1,candidate_3,candidate_2,3,0.0033333333333333335
4837,candidate_1,candidate_3,candidate_2,3,0.0033333333333333335
4838,candidate_1,candidate_3,candidate_2,3,0.0033333333333333335
4839,candidate_1,candidate_3,candidate_2,3,0.0033333333333333335
4840,candidate_1,candidate_3,candidate_2,3,0.0033333333333333335
4841,candidate_1,candidate_3,candidate_2,3,0.0033333333333333335
4842,candidate_1,candidate_3,candidate_2,3,0.0033333333333333335
4843,candidate_1,candidate_3,candidate_2,3,0.0033333333333333335
4844,candidate_1,candidate_3,candidate_2,3,0.0033333333333333335
4845,candidate_1,candidate_3,candidate_2,3,0.0033333333333333335
4846,candidate_1,candidate_3,candidate_2,3,0.0033333333333333335
4847,candidate_1,candidate_3,candidate_2,3,0.0033333333333333335
4848,candidate_1,candidate_3,candidate_2,3,0.0033333333333333335
4849,candidate_1,candidate_3,candidate_2,3,0.0033333333333333335
4850,candidate_1,candidate_3,candidate_2,3,0.0033333333333333335
4851,candidate_1,candidate_3,candidate_2,3,0.0033333333333333335
4852,candidate_1,candidate_3,candidate_2,3,0.0033333333333333335
4853,candidate_1,candidate_3,candidate_2,3,0.0033333333333333335
4854,candidate_1,candidate_3,candidate_2,3,0.0033333333333333335
4855,candidate_1,candidate_3,candidate_2,3,0.0033333333333333335
4856,candidate_1,candidate_3,candidate_2,3,0.0033333333333333335
4857,candidate_1,candidate_3,candidate_2,3,0.0033333333333333335
4858,candidate_1,candidate_3,candidate_2,3,0.0033333333333333335
4859,candidate_1,candidate_3,candidate_2,3,0.0033333333333333335
4860,candidate_1,candidate_3,candidate_2,3,0.0033333333333333335
4861,candidate_1,candidate_3,candidate_2,3,0.0033333333333333335
4862,candidate_1,candidate_3,candidate_2,3,0.0033333333333333335
4863,candidate_1,candidate_3,candidate_2,3,0.0033333333333333335
4864,candidate_1,candidate_3,candidate_2,3,0.0033333333333333335
4865,candidate_1,candidate_3,candidate_2,3,0.0033333333333333335
4866,candidate_1,candidate_3,candidate_2,3,0.0033333333333333335
4867,candidate_1,candidate_3,candidate_2,3,0.0033333333333333335
4868,candidate_1,candidate_3,candidate_2,3,0.0033333333333333335
4869,candidate_1,candidate_3,candidate_2,3,0.0033333333333333335
4870,candidate_1,candidate_3,candidate_2,3,0.0033333333333333335
4871,candidate_1,candidate_3,candidate_2,3,0.0033333333333333335
4872,candidate_1,candidate_3,candidate_2,3,0.0033333333333333335
4873,candidate_1,candidate_3,candidate_2,3,0.0033333333333333335
4874,candidate_1,candidate_3,candidate_2,3,0.0033333333333333335
4875,candidate_1,candidate_3,candidate_2,3,0.0033333333333333335
4876,candidate_1,candidate_3,candidate_2,3,0.0033333333333333335
4877,candidate_1,candidate_3,candidate_2,3,0.0033333333333333335
4878,candidate_1,candidate_3,candidate_2,3,0.0033333333333333335
4879,candidate_1,candidate_3,candidate_2,3,0.0033333333333333335
4880,candidate_1,candidate_3,candidate_2,3,0.0033333333333333335
4881,candidate_1,candidate_3,candidate_2,3,0.0033333333333333335
4882,candidate_1,candidate_3,candidate_2,3,0.0033333333333333335
4883,candidate_1,candidate_3,candidate_2,3,0.0033333333333333335
4884,candidate_1,candidate_3,candidate_2,3,0.0033333333333333335
4885,candidate_1,candidate_3,candidate_2,3,0.0033333333333333335
4886,candidate_1,candidate_3,candidate_2,3,0.0033333333333333335
4887,candidate_1,0,candidate_2,3,0.0033333333333333335
4888,0,candidate_3,candidate_2,3,0.0033333333333333335
4889,candidate_1,candidate_3,candidate_2,3,0.0033333333333333335
4890,candidate_1,candidate_3,candidate_2,3,0.0033333333333333335
4891,candidate_1,candidate_3,candidate_2,3,0.0033333333333333335
4892,candidate_1,candidate_3,candidate_2,3,0.0033333333333333335
4893,candidate_1,candidate_3,candidate_2,3,0.0033333333333333335
4894,candidate_1,candidate_3,candidate_2,3,0.0033333333333333335
4895,candidate_1,candidate_3,candidate_2,3,0.0033333333333333335
4896,candidate_1,candidate_3,candidate_2,3,0.0033333333333333335
4897,candidate_1,candidate_3,candidate_2,3,0.0033333333333333335
4898,candidate_1,candidate_3,candidate_2,3,0.0033333333333333335
4899,candidate_1,candidate_3,candidate_2,3,0.0033333333333333335
4900,candidate_1,candidate_3,candidate_2,3,0.0033333333333333335
4901,candidate_1,candidate_3,candidate_2,3,0.0033333333333333335
4902,candidate_1,candidate_3,candidate_2,3,0.0033333333333333335
4903,candidate_1,candidate_3,candidate_2,3,0.0033333333333333335
4904,candidate_1,candidate_3,candidate_2,3,0.0033333333333333335
4905,candidate_1,candidate_3,candidate_2,3,0.0033333333333333335
4906,candidate_1,candidate_3,candidate_2,3,0.0033333333333333335
4907,candidate_1,candidate_3,candidate_2,3,0.0033333333333333335
4908,candidate_1,candidate_3,candidate_2,3,0.0033333333333333335
4909,candidate_1,candidate_3,candidate_2,3,0.0033333333333333335
4910,candidate_1,candidate_3,candidate_2,3,0.0033333333333333335
4911,candidate_1,candidate_3,candidate_2,3,0.0033333333333333335
4912,candidate_1,candidate_3,0,3,0.0033333333333333335
4913,candidate_1,candidate_3,candidate_2,3,0.0033333333333333335
4914,candidate_1,candidate_3,candidate_2,3,0.0033333333333333335
4915,candidate_1,candidate_3,candidate_2,3,0.0033333333333333335
4916,candidate_1,candidate_3,candidate_2,3,0.0033333333333333335
4917,candidate_1,candidate_3,candidate_2,3,0.0033333333333333335
4918,candidate_1,candidate_3,candidate_2,3,0.0033333333333333335
4919,candidate_1,candidate_3,candidate_2,3,0.0033333333333333335
4920,candidate_1,candidate_3,candidate_2,3,0.0033333333333333335
4921,candidate_1,candidate_3,candidate_2,3,0.0033333333333333335
4922,candidate_1,0,candidate_2,3,0.0033333333333333335
4923,candidate_1,candidate_3,candidate_2,3,0.0033333333333333335
4924,candidate_1,candidate_3,candidate_2,3,0.0033333333333333335
4925,candidate_1,candidate_3,candidate_2,3,0.0033333333333333335
4926,candidate_1,candidate_3,candidate_2,3,0.0033333333333333335
4927,candidate_1,candidate_3,candidate_2,3,0.0033333333333333335
4928,candidate_1,candidate_3,candidate_2,3,0.0033333333333333335
4929,candidate_1,candidate_3,candidate_2,3,0.0033333333333333335
4930,candidate_1,candidate_3,candidate_2,3,0.0033333333333333335
4931,candidate_1,candidate_3,candidate_2,3,0.0033333333333333335
4932,candidate_1,candidate_3,candidate_2,3,0.0033333333333333335
4933,candidate_1,candidate_3,candidate_2,3,0.0033333333333333335
4934,candidate_1,candidate_3,candidate_2,3,0.0033333333333333335
4935,candidate_1,candidate_3,candidate_2,3,0.0033333333333333335
4936,candidate_1,candidate_3,candidate_2,3,0.0033333333333333335
4937,candidate_1,candidate_3,candidate_2,3,0.0033333333333333335
4938,candidate_1,candidate_3,candidate_2,3,0.0033333333333333335
4939,candidate_1,candidate_3,candidate_2,3,0.0033333333333333335
4940,candidate_1,candidate_3,candidate_2,3,0.0033333333333333335
4941,candidate_1,candidate_3,candidate_2,3,0.0033333333333333335
4942,candidate_1,candidate_3,candidate_2,3,0.0033333333333333335
4943,candidate_1,candidate_3,candidate_2,3,0.0033333333333333335
4944,candidate_1,candidate_3,candidate_2,3,0.0033333333333333335
4945,candidate_1,candidate_3,candidate_2,3,0.0033333333333333335
4946,candidate_1,candidate_3,candidate_2,3,0.0033333333333333335
4947,candidate_1,candidate_3,candidate_2,3,0.0033333333333333335
4948,candidate_1,candidate_3,candidate_2,3,0.0033333333333333335
4949,candidate_1,candidate_3,candidate_2,3,0.0033333333333333335
4950,candidate_1,candidate_3,candidate_2,3,0.0033333333333333335
4951,candidate_1,candidate_3,candidate_2,3,0.0033333333333333335
4952,candidate_1,candidate_3,candidate_2,3,0.0033333333333333335
4953,candidate_1,candidate_3,candidate_2,3,0.0033333333333333335
4954,candidate_1,candidate_3,candidate_2,3,0.0033333333333333335
4955,candidate_1,candidate_3,candidate_2,3,0.0033333333333333335
4956,candidate_1,candidate_3,candidate_2,3,0.0033333333333333335
4957,candidate_1,candidate_3,candidate_2,3,0.0033333333333333335
4958,candidate_1,candidate_3,candidate_2,3,0.0033333333333333335
4959,candidate_1,candidate_3,candidate_2,3,0.0033333333333333335
4960,candidate_1,candidate_3,candidate_2,3,0.0033333333333333335
4961,candidate_1,candidate_3,candidate_2,3,0.0033333333333333335
4962,candidate_1,candidate_3,candidate_2,3,0.0033333333333333335
4963,candidate_1,candidate_3,candidate_2,3,0.0033333333333333335
4964,candidate_1,candidate_3,candidate_2,3,0.0033333333333333335
4965,candidate_1,candidate_3,candidate_2,3,0.0033333333333333335
4966,candidate_1,candidate_3,candidate_2,3,0.0033333333333333335
4967,candidate_1,candidate_3,candidate_2,3,0.0033333333333333335
4968,candidate_1,candidate_3,candidate_2,3,0.0033333333333333335
4969,candidate_1,candidate_3,candidate_2,3,0.0033333333333333335
4970,candidate_1,candidate_3,candidate_2,3,0.0033333333333333335
4971,candidate_1,candidate_3,candidate_2,3,0.0033333333333333335
4972,candidate_1,candidate_3,candidate_2,3,0.0033333333333333335
4973,candidate_1,candidate_3,candidate_2,3,0.0033333333333333335
4974,candidate_1,candidate_3,candidate_2,3,0.0033333333333333335
4975,candidate_1,candidate_3,candidate_2,3,0.0033333333333333335
4976,candidate_1,candidate_3,candidate_2,3,0.0033333333333333335
4977,candidate_1,candidate_3,candidate_2,3,0.0033333333333333335
4978,candidate_1,candidate_3,candidate_2,3,0.0033333333333333335
4979,candidate_1,candidate_3,candidate_2,3,0.0033333333333333335
4980,candidate_1,candidate_3,candidate_2,3,0.0033333333333333335
4981,candidate_1,candidate_3,candidate_2,3,0.0033333333333333335
4982,candidate_1,candidate_3,candidate_2,3,0.0033333333333333335
4983,candidate_1,candidate_3,candidate_2,3,0.0033333333333333335
4984,candidate_1,candidate_3,candidate_2,3,0.0033333333333333335
4985,candidate_1,candidate_3,candidate_2,3,0.0033333333333333335
4986,candidate_1,candidate_3,candidate_2,3,0.0033333333333333335
4987,candidate_1,candidate_3,candidate_2,3,0.0033333333333333335
4988,candidate_1,candidate_3,candidate_2,3,0.0033333333333333335
4989,candidate_1,candidate_3,candidate_2,3,0.0033333333333333335
4990,candidate_1,candidate_3,candidate_2,3,0.0033333333333333335
4991,candidate_1,candidate_3,candidate_2,3,0.0033333333333333335
4992,candidate_1,candidate_3,candidate_2,3,0.0033333333333333335
4993,candidate_1,candidate_3,candidate_2,3,0.0033333333333333335
4994,candidate_1,candidate_3,candidate_2,3,0.0033333333333333335
4995,candidate_1,candidate_3,candidate_2,3,0.0033333333333333335
4996,candidate_1,candidate_3,candidate_2,3,0.0033333333333333335
4997,candidate_1,candidate_3,candidate_2,3,0.0033333333333333335
4998,candidate_1,candidate_3,candidate_2,3,0.0033333333333333335
4999,candidate_1,candidate_3,candidate_2,3,0.0033333333333333335
5000,candidate_1,candidate_3,candidate_2,3,0.0033333333333333335
5001,candidate_1,candidate_3,candidate_2,3,0.0033333333333333335
5002,candidate_1,candidate_3,candidate_2,3,0.0033333333333333335
5003,candidate_1,candidate_3,candidate_2,3,0.0033333333333333335
5004,candidate_1,candidate_3,candidate_2,3,0.0033333333333333335
5005,candidate_1,candidate_3,candidate_2,3,0.0033333333333333335
5006,candidate_1,candidate_3,candidate_2,3,0.0033333333333333335
5007,candidate_1,candidate_3,candidate_2,3,0.0033333333333333335
5008,candidate_1,candidate_3,candidate_2,3,0.0033333333333333335
5009,candidate_1,candidate_3,candidate_2,3,0.0033333333333333335
5010,candidate_1,candidate_3,candidate_2,3,0.0033333333333333335
5011,candidate_1,candidate_3,candidate_2,3,0.0033333333333333335
5012,candidate_1,candidate_3,candidate_2,3,0.0033333333333333335
5013,candidate_1,candidate_3,candidate_2,3,0.0033333333333333335
5014,candidate_1,candidate_3,candidate_2,3,0.0033333333333333335
5015,candidate_1,candidate_3,candidate_2,3,0.0033333333333333335
5016,candidate_1,candidate_3,candidate_2,3,0.0033333333333333335
5017,candidate_1,candidate_3,candidate_2,3,0.0033333333333333335
5018,candidate_1,candidate_3,candidate_2,3,0.0033333333333333335
5019,candidate_1,candidate_3,candidate_2,3,0.0033333333333333335
5020,candidate_1,candidate_3,candidate_2,3,0.0033333333333333335
5021,candidate_1,candidate_3,candidate_2,3,0.0033333333333333335
5022,candidate_1,candidate_3,candidate_2,3,0.0033333333333333335
5023,candidate_1,candidate_3,candidate_2,3,0.0033333333333333335
5024,candidate_1,candidate_3,candidate_2,3,0.0033333333333333335
5025,candidate_1,candidate_3,candidate_2,3,0.0033333333333333335
5026,candidate_1,candidate_3,candidate_2,3,0.0033333333333333335
5027,candidate_1,candidate_3,candidate_2,3,0.0033333333333333335
5028,candidate_1,candidate_3,candidate_2,3,0.0033333333333333335
5029,candidate_1,candidate_3,candidate_2,3,0.0033333333333333335
5030,candidate_1,candidate_3,candidate_2,3,0.0033333333333333335
5031,candidate_1,candidate_3,candidate_2,3,0.0033333333333333335
5032,candidate_1,candidate_3,candidate_2,3,0.0033333333333333335
5033,candidate_1,candidate_3,candidate_2,3,0.0033333333333333335
5034,candidate_1,candidate_3,candidate_2,3,0.0033333333333333335
5035,candidate_1,candidate_3,candidate_2,3,0.0033333333333333335
5036,candidate_1,candidate_3,candidate_2,3,0.0033333333333333335
5037,candidate_1,candidate_3,candidate_2,3,0.0033333333333333335
5038,candidate_1,candidate_3,candidate_2,3,0.0033333333333333335
5039,candidate_1,candidate_3,candidate_2,3,0.0033333333333333335
5040,candidate_1,candidate_3,candidate_2,3,0.0033333333333333335
5041,candidate_1,candidate_3,candidate_2,3,0.0033333333333333335
5042,candidate_1,candidate_3,candidate_2,3,0.0033333333333333335
5043,candidate_1,candidate_3,candidate_2,3,0.0033333333333333335
5044,candidate_1,candidate_3,candidate_2,3,0.0033333333333333335
5045,candidate_1,candidate_3,candidate_2,3,0.0033333333333333335
5046,candidate_1,candidate_3,candidate_2,3,0.0033333333333333335
5047,candidate_1,candidate_3,candidate_2,3,0.0033333333333333335
5048,candidate_1,candidate_3,candidate_2,3,0.0033333333333333335
5049,candidate_1,candidate_3,candidate_2,3,0.0033333333333333335
5050,candidate_1,candidate_3,candidate_2,3,0.0033333333333333335
5051,candidate_1,candidate_3,candidate_2,3,0.0033333333333333335
5052,candidate_1,candidate_3,candidate_2,3,0.0033333333333333335
5053,candidate_1,candidate_3,candidate_2,3,0.0033333333333333335
5054,candidate_1,candidate_3,candidate_2,3,0.0033333333333333335
5055,candidate_1,candidate_3,candidate_2,3,0.0033333333333333335
5056,candidate_1,candidate_3,candidate_2,3,0.0033333333333333335
5057,candidate_1,candidate_3,candidate_2,3,0.0033333333333333335
5058,candidate_1,candidate_3,candidate_2,3,0.0033333333333333335
5059,candidate_1,candidate_3,candidate_2,3,0.0033333333333333335
5060,candidate_1,candidate_3,candidate_2,3,0.0033333333333333335
5061,candidate_1,candidate_3,candidate_2,3,0.0033333333333333335
5062,candidate_1,candidate_3,candidate_2,3,0.0033333333333333335
5063,candidate_1,candidate_3,candidate_2,3,0.0033333333333333335
5064,candidate_1,candidate_3,candidate_2,3,0.0033333333333333335
5065,candidate_1,candidate_3,candidate_2,3,0.0033333333333333335
5066,candidate_1,candidate_3,candidate_2,3,0.0033333333333333335
5067,candidate_1,candidate_3,candidate_2,3,0.0033333333333333335
5068,candidate_1,candidate_3,candidate_2,3,0.0033333333333333335
5069,candidate_1,candidate_3,candidate_2,3,0.0033333333333333335
5070,candidate_1,candidate_3,candidate_2,3,0.0033333333333333335
5071,candidate_1,candidate_3,candidate_2,3,0.0033333333333333335
5072,candidate_1,candidate_3,candidate_2,3,0.0033333333333333335
5073,candidate_1,candidate_3,candidate_2,3,0.0033333333333333335
5074,candidate_1,candidate_3,candidate_2,3,0.0033333333333333335
5075,candidate_1,candidate_3,candidate_2,3,0.0033333333333333335
5076,candidate_1,candidate_3,candidate_2,3,0.0033333333333333335
5077,candidate_1,candidate_3,candidate_2,3,0.0033333333333333335
5078,candidate_1,candidate_3,candidate_2,3,0.0033333333333333335
5079,candidate_1,0,candidate_2,3,0.0033333333333333335
5080,candidate_1,candidate_3,candidate_2,3,0.0033333333333333335
5081,candidate_1,candidate_3,candidate_2,3,0.0033333333333333335
5082,candidate_1,candidate_3,candidate_2,3,0.0033333333333333335
5083,candidate_1,candidate_3,candidate_2,3,0.0033333333333333335
5084,candidate_1,candidate_3,candidate_2,3,0.0033333333333333335
5085,candidate_1,candidate_3,candidate_2,3,0.0033333333333333335
5086,candidate_1,candidate_3,candidate_2,3,0.0033333333333333335
5087,candidate_1,candidate_3,candidate_2,3,0.0033333333333333335
5088,candidate_1,candidate_3,candidate_2,3,0.0033333333333333335
5089,candidate_1,candidate_3,candidate_2,3,0.0033333333333333335
5090,candidate_1,candidate_3,candidate_2,3,0.0033333333333333335
5091,candidate_1,candidate_3,candidate_2,3,0.0033333333333333335
5092,candidate_1,candidate_3,candidate_2,3,0.0033333333333333335
5093,candidate_1,candidate_3,candidate_2,3,0.0033333333333333335
5094,candidate_1,candidate_3,candidate_2,3,0.0033333333333333335
5095,candidate_1,candidate_3,candidate_2,3,0.0033333333333333335
5096,candidate_1,candidate_3,candidate_2,3,0.0033333333333333335
5097,candidate_1,candidate_3,candidate_2,3,0.0033333333333333335
5098,candidate_1,candidate_3,candidate_2,3,0.0033333333333333335
5099,candidate_1,candidate_3,candidate_2,3,0.0033333333333333335
5100,candidate_1,candidate_3,candidate_2,3,0.0033333333333333335
5101,candidate_1,candidate_3,candidate_2,3,0.0033333333333333335
5102,candidate_1,candidate_3,candidate_2,3,0.0033333333333333335
5103,candidate_1,candidate_3,candidate_2,3,0.0033333333333333335
5104,candidate_1,candidate_3,candidate_2,3,0.0033333333333333335
5105,candidate_1,candidate_3,candidate_2,3,0.0033333333333333335
5106,candidate_1,candidate_3,candidate_2,3,0.0033333333333333335
5107,candidate_1,candidate_3,candidate_2,3,0.0033333333333333335
5108,candidate_1,candidate_3,candidate_2,3,0.0033333333333333335
5109,candidate_1,candidate_3,candidate_2,3,0.0033333333333333335
5110,candidate_1,candidate_3,candidate_2,3,0.0033333333333333335
5111,candidate_1,candidate_3,candidate_2,3,0.0033333333333333335
5112,candidate_1,candidate_3,candidate_2,3,0.0033333333333333335
5113,candidate_1,candidate_3,candidate_2,3,0.0033333333333333335
5114,candidate_1,candidate_3,candidate_2,3,0.0033333333333333335
5115,candidate_1,candidate_3,candidate_2,3,0.0033333333333333335
5116,candidate_1,candidate_3,candidate_2,3,0.0033333333333333335
5117,candidate_1,candidate_3,candidate_2,3,0.0033333333333333335
5118,candidate_1,candidate_3,candidate_2,3,0.0033333333333333335
5119,candidate_1,candidate_3,candidate_2,3,0.0033333333333333335
5120,candidate_1,candidate_3,candidate_2,3,0.0033333333333333335
5121,candidate_1,candidate_3,candidate_2,3,0.0033333333333333335
5122,candidate_1,candidate_3,candidate_2,3,0.0033333333333333335
5123,candidate_1,candidate_3,candidate_2,3,0.0033333333333333335
5124,candidate_1,candidate_3,candidate_2,3,0.0033333333333333335
5125,candidate_1,candidate_3,candidate_2,3,0.0033333333333333335
5126,candidate_1,candidate_3,candidate_2,3,0.0033333333333333335
5127,candidate_1,candidate_3,candidate_2,3,0.0033333333333333335
5128,candidate_1,candidate_3,candidate_2,3,0.0033333333333333335
5129,candidate_1,candidate_3,candidate_2,3,0.0033333333333333335
5130,candidate_1,candidate_3,candidate_2,3,0.0033333333333333335
5131,candidate_1,candidate_3,candidate_2,3,0.0033333333333333335
5132,candidate_1,candidate_3,candidate_2,3,0.0033333333333333335
5133,candidate_1,candidate_3,candidate_2,3,0.0033333333333333335
5134,candidate_1,candidate_3,candidate_2,3,0.0033333333333333335
5135,candidate_1,candidate_3,candidate_2,3,0.0033333333333333335
5136,candidate_1,candidate_3,candidate_2,3,0.0033333333333333335
5137,candidate_1,candidate_3,candidate_2,3,0.0033333333333333335
5138,candidate_1,candidate_3,candidate_2,3,0.0033333333333333335
5139,candidate_1,candidate_3,candidate_2,3,0.0033333333333333335
5140,candidate_1,candidate_3,candidate_2,3,0.0033333333333333335
5141,candidate_1,candidate_3,candidate_2,3,0.0033333333333333335
5142,candidate_1,candidate_3,candidate_2,3,0.0033333333333333335
5143,candidate_1,candidate_3,candidate_2,3,0.0033333333333333335
5144,candidate_1,candidate_3,candidate_2,3,0.0033333333333333335
5145,candidate_1,candidate_3,candidate_2,3,0.0033333333333333335
5146,candidate_1,candidate_3,candidate_2,3,0.0033333333333333335
5147,candidate_1,candidate_3,candidate_2,3,0.0033333333333333335
5148,candidate_1,candidate_3,candidate_2,3,0.0033333333333333335
5149,candidate_1,candidate_3,candidate_2,3,0.0033333333333333335
5150,candidate_1,candidate_3,candidate_2,3,0.0033333333333333335
5151,candidate_1,candidate_3,candidate_2,3,0.0033333333333333335
5152,candidate_1,candidate_3,candidate_2,3,0.0033333333333333335
5153,candidate_1,candidate_3,candidate_2,3,0.0033333333333333335
5154,candidate_1,candidate_3,candidate_2,3,0.0033333333333333335
5155,candidate_1,candidate_3,candidate_2,3,0.0033333333333333335
5156,candidate_1,candidate_3,candidate_2,3,0.0033333333333333335
5157,candidate_1,candidate_3,candidate_2,3,0.0033333333333333335
5158,candidate_1,candidate_3,candidate_2,3,0.0033333333333333335
5159,candidate_1,candidate_3,candidate_2,3,0.0033333333333333335
5160,candidate_1,candidate_3,candidate_2,3,0.0033333333333333335
5161,candidate_1,candidate_3,candidate_2,3,0.0033333333333333335
5162,candidate_1,candidate_3,candidate_2,3,0.0033333333333333335
5163,candidate_1,candidate_3,candidate_2,3,0.0033333333333333335
5164,candidate_1,candidate_3,candidate_2,3,0.0033333333333333335
5165,candidate_1,candidate_3,candidate_2,3,0.0033333333333333335
5166,candidate_1,candidate_3,candidate_2,3,0.0033333333333333335
5167,candidate_1,candidate_3,candidate_2,3,0.0033333333333333335
5168,candidate_1,candidate_3,candidate_2,3,0.0033333333333333335
5169,candidate_1,candidate_3,candidate_2,3,0.0033333333333333335
5170,candidate_1,candidate_3,candidate_2,3,0.0033333333333333335
5171,candidate_1,candidate_3,candidate_2,3,0.0033333333333333335
5172,candidate_1,candidate_3,candidate_2,3,0.0033333333333333335
5173,candidate_1,candidate_3,candidate_2,3,0.0033333333333333335
5174,candidate_1,candidate_3,candidate_2,3,0.0033333333333333335
5175,candidate_1,candidate_3,candidate_2,3,0.0033333333333333335
5176,candidate_1,candidate_3,candidate_2,3,0.0033333333333333335
5177,candidate_1,candidate_3,candidate_2,3,0.0033333333333333335
5178,candidate_1,candidate_3,candidate_2,3,0.0033333333333333335
5179,candidate_1,candidate_3,candidate_2,3,0.0033333333333333335
5180,candidate_1,candidate_3,0,3,0.0033333333333333335
5181,candidate_1,candidate_3,candidate_2,3,0.0033333333333333335
5182,candidate_1,candidate_3,candidate_2,3,0.0033333333333333335
5183,candidate_1,candidate_3,candidate_2,3,0.0033333333333333335
5184,candidate_1,candidate_3,candidate_2,3,0.0033333333333333335
5185,candidate_1,candidate_3,candidate_2,3,0.0033333333333333335
5186,candidate_1,candidate_3,candidate_2,3,0.0033333333333333335
5187,candidate_1,candidate_3,candidate_2,3,0.0033333333333333335
5188,candidate_1,candidate_3,candidate_2,3,0.0033333333333333335
5189,candidate_1,candidate_3,candidate_2,3,0.0033333333333333335
5190,candidate_1,candidate_3,candidate_2,3,0.0033333333333333335
5191,candidate_1,candidate_3,candidate_2,3,0.0033333333333333335
5192,candidate_1,candidate_3,candidate_2,3,0.0033333333333333335
5193,candidate_1,candidate_3,candidate_2,3,0.0033333333333333335
5194,candidate_1,candidate_3,candidate_2,3,0.0033333333333333335
5195,candidate_1,candidate_3,candidate_2,3,0.0033333333333333335
5196,candidate_1,candidate_3,candidate_2,3,0.0033333333333333335
5197,candidate_1,candidate_3,candidate_2,3,0.0033333333333333335
5198,candidate_1,candidate_3,candidate_2,3,0.0033333333333333335
5199,candidate_1,candidate_3,candidate_2,3,0.0033333333333333335
5200,candidate_1,candidate_3,candidate_2,3,0.0033333333333333335
5201,candidate_1,candidate_3,candidate_2,3,0.0033333333333333335
5202,candidate_1,candidate_3,candidate_2,3,0.0033333333333333335
5203,candidate_1,candidate_3,candidate_2,3,0.0033333333333333335
5204,candidate_1,candidate_3,candidate_2,3,0.0033333333333333335
5205,candidate_1,candidate_3,candidate_2,3,0.0033333333333333335
5206,candidate_1,candidate_3,candidate_2,3,0.0033333333333333335
5207,candidate_1,candidate_3,candidate_2,3,0.0033333333333333335
5208,candidate_1,candidate_3,candidate_2,3,0.0033333333333333335
5209,candidate_1,candidate_3,candidate_2,3,0.0033333333333333335
5210,candidate_1,candidate_3,candidate_2,3,0.0033333333333333335
5211,candidate_1,candidate_3,candidate_2,3,0.0033333333333333335
5212,candidate_1,candidate_3,candidate_2,3,0.0033333333333333335
5213,candidate_1,candidate_3,candidate_2,3,0.0033333333333333335
5214,candidate_1,candidate_3,candidate_2,3,0.0033333333333333335
5215,candidate_1,candidate_3,candidate_2,3,0.0033333333333333335
5216,candidate_1,candidate_3,candidate_2,3,0.0033333333333333335
5217,candidate_1,candidate_3,candidate_2,3,0.0033333333333333335
5218,candidate_1,candidate_3,candidate_2,3,0.0033333333333333335
5219,candidate_1,candidate_3,candidate_2,3,0.0033333333333333335
5220,candidate_1,candidate_3,candidate_2,3,0.0033333333333333335
5221,candidate_1,candidate_3,candidate_2,3,0.0033333333333333335
5222,candidate_1,candidate_3,candidate_2,3,0.0033333333333333335
5223,candidate_1,candidate_3,candidate_2,3,0.0033333333333333335
5224,candidate_1,candidate_3,candidate_2,3,0.0033333333333333335
5225,candidate_1,candidate_3,candidate_2,3,0.0033333333333333335
5226,candidate_1,candidate_3,candidate_2,3,0.0033333333333333335
5227,candidate_1,candidate_3,candidate_2,3,0.0033333333333333335
5228,candidate_1,candidate_3,candidate_2,3,0.0033333333333333335
5229,candidate_1,candidate_3,candidate_2,3,0.0033333333333333335
5230,candidate_1,candidate_3,candidate_2,3,0.0033333333333333335
5231,candidate_1,candidate_3,candidate_2,3,0.0033333333333333335
5232,candidate_1,candidate_3,candidate_2,3,0.0033333333333333335
5233,candidate_1,candidate_3,candidate_2,3,0.0033333333333333335
5234,candidate_1,candidate_3,candidate_2,3,0.0033333333333333335
5235,candidate_1,candidate_3,candidate_2,3,0.0033333333333333335
5236,candidate_1,candidate_3,candidate_2,3,0.0033333333333333335
5237,candidate_1,candidate_3,candidate_2,3,0.0033333333333333335
5238,candidate_1,candidate_3,candidate_2,3,0.0033333333333333335
5239,candidate_1,candidate_3,candidate_2,3,0.0033333333333333335
5240,candidate_1,candidate_3,candidate_2,3,0.0033333333333333335
5241,candidate_1,candidate_3,0,3,0.0033333333333333335
5242,candidate_1,candidate_3,candidate_2,3,0.0033333333333333335
5243,candidate_1,candidate_3,candidate_2,3,0.0033333333333333335
5244,candidate_1,candidate_3,candidate_2,3,0.0033333333333333335
5245,candidate_1,candidate_3,candidate_2,3,0.0033333333333333335
5246,candidate_1,candidate_3,candidate_2,3,0.0033333333333333335
5247,candidate_1,candidate_3,candidate_2,3,0.0033333333333333335
5248,candidate_1,candidate_3,candidate_2,3,0.0033333333333333335
5249,candidate_1,candidate_3,candidate_2,3,0.0033333333333333335
5250,candidate_1,candidate_3,candidate_2,3,0.0033333333333333335
5251,candidate_1,candidate_3,candidate_2,3,0.0033333333333333335
5252,candidate_1,candidate_3,candidate_2,3,0.0033333333333333335
5253,candidate_1,candidate_3,candidate_2,3,0.0033333333333333335
5254,candidate_1,candidate_3,candidate_2,3,0.0033333333333333335
5255,candidate_1,candidate_3,candidate_2,3,0.0033333333333333335
5256,candidate_1,candidate_3,candidate_2,3,0.0033333333333333335
5257,candidate_1,candidate_3,candidate_2,3,0.0033333333333333335
5258,candidate_1,candidate_3,candidate_2,3,0.0033333333333333335
5259,candidate_1,candidate_3,candidate_2,3,0.0033333333333333335
5260,candidate_1,candidate_3,candidate_2,3,0.0033333333333333335
5261,candidate_1,candidate_3,candidate_2,3,0.0033333333333333335
5262,candidate_1,candidate_3,candidate_2,3,0.0033333333333333335
5263,candidate_1,candidate_3,candidate_2,3,0.0033333333333333335
5264,candidate_1,candidate_3,candidate_2,3,0.0033333333333333335
5265,candidate_1,candidate_3,candidate_2,3,0.0033333333333333335
5266,candidate_1,candidate_3,candidate_2,3,0.0033333333333333335
5267,candidate_1,candidate_3,candidate_2,3,0.0033333333333333335
5268,candidate_1,candidate_3,candidate_2,3,0.0033333333333333335
5269,candidate_1,candidate_3,candidate_2,3,0.0033333333333333335
5270,candidate_1,candidate_3,candidate_2,3,0.0033333333333333335
5271,candidate_1,0,candidate_2,3,0.0033333333333333335
5272,candidate_1,candidate_3,candidate_2,3,0.0033333333333333335
5273,candidate_1,candidate_3,candidate_2,3,0.0033333333333333335
5274,candidate_1,candidate_3,candidate_2,3,0.0033333333333333335
5275,candidate_1,candidate_3,candidate_2,3,0.0033333333333333335
5276,candidate_1,candidate_3,candidate_2,3,0.0033333333333333335
5277,candidate_1,candidate_3,candidate_2,3,0.0033333333333333335
5278,candidate_1,candidate_3,candidate_2,3,0.0033333333333333335
5279,candidate_1,candidate_3,candidate_2,3,0.0033333333333333335
5280,candidate_1,candidate_3,candidate_2,3,0.0033333333333333335
5281,candidate_1,candidate_3,candidate_2,3,0.0033333333333333335
5282,candidate_1,candidate_3,candidate_2,3,0.0033333333333333335
5283,candidate_1,candidate_3,candidate_2,3,0.0033333333333333335
5284,candidate_1,candidate_3,candidate_2,3,0.0033333333333333335
5285,candidate_1,candidate_3,candidate_2,3,0.0033333333333333335
5286,candidate_1,candidate_3,candidate_2,3,0.0033333333333333335
5287,candidate_1,candidate_3,candidate_2,3,0.0033333333333333335
5288,candidate_1,candidate_3,candidate_2,3,0.0033333333333333335
5289,candidate_1,candidate_3,candidate_2,3,0.0033333333333333335
5290,candidate_1,candidate_3,candidate_2,3,0.0033333333333333335
5291,candidate_1,candidate_3,candidate_2,3,0.0033333333333333335
5292,candidate_1,candidate_3,candidate_2,3,0.0033333333333333335
5293,candidate_1,candidate_3,candidate_2,3,0.0033333333333333335
5294,candidate_1,candidate_3,candidate_2,3,0.0033333333333333335
5295,candidate_1,candidate_3,candidate_2,3,0.0033333333333333335
5296,candidate_1,candidate_3,candidate_2,3,0.0033333333333333335
5297,candidate_1,candidate_3,candidate_2,3,0.0033333333333333335
5298,candidate_1,candidate_3,candidate_2,3,0.0033333333333333335
5299,candidate_1,candidate_3,candidate_2,3,0.0033333333333333335
5300,candidate_1,candidate_3,candidate_2,3,0.0033333333333333335
5301,candidate_1,candidate_3,candidate_2,3,0.0033333333333333335
5302,candidate_1,candidate_3,candidate_2,3,0.0033333333333333335
5303,candidate_1,candidate_3,candidate_2,3,0.0033333333333333335
5304,candidate_1,candidate_3,candidate_2,3,0.0033333333333333335
5305,candidate_1,candidate_3,candidate_2,3,0.0033333333333333335
5306,candidate_1,candidate_3,candidate_2,3,0.0033333333333333335
5307,candidate_1,candidate_3,candidate_2,3,0.0033333333333333335
5308,candidate_1,candidate_3,candidate_2,3,0.0033333333333333335
5309,candidate_1,candidate_3,candidate_2,3,0.0033333333333333335
5310,candidate_1,candidate_3,candidate_2,3,0.0033333333333333335
5311,candidate_1,candidate_3,candidate_2,3,0.0033333333333333335
5312,candidate_1,candidate_3,candidate_2,3,0.0033333333333333335
5313,candidate_1,candidate_3,candidate_2,3,0.0033333333333333335
5314,candidate_1,candidate_3,candidate_2,3,0.0033333333333333335
5315,candidate_1,candidate_3,candidate_2,3,0.0033333333333333335
5316,candidate_1,candidate_3,candidate_2,3,0.0033333333333333335
5317,candidate_1,candidate_3,candidate_2,3,0.0033333333333333335
5318,candidate_1,candidate_3,candidate_2,3,0.0033333333333333335
5319,candidate_1,candidate_3,candidate_2,3,0.0033333333333333335
5320,candidate_1,candidate_3,candidate_2,3,0.0033333333333333335
5321,candidate_1,candidate_3,candidate_2,3,0.0033333333333333335
5322,candidate_1,candidate_3,candidate_2,3,0.0033333333333333335
5323,candidate_1,candidate_3,candidate_2,3,0.0033333333333333335
5324,candidate_1,candidate_3,candidate_2,3,0.0033333333333333335
5325,candidate_1,candidate_3,candidate_2,3,0.0033333333333333335
5326,candidate_1,candidate_3,candidate_2,3,0.0033333333333333335
5327,candidate_1,candidate_3,candidate_2,3,0.0033333333333333335
5328,candidate_1,candidate_3,candidate_2,3,0.0033333333333333335
5329,candidate_1,candidate_3,candidate_2,3,0.0033333333333333335
5330,candidate_1,candidate_3,candidate_2,3,0.0033333333333333335
5331,candidate_1,candidate_3,candidate_2,3,0.0033333333333333335
5332,candidate_1,candidate_3,candidate_2,3,0.0033333333333333335
5333,candidate_1,candidate_3,candidate_2,3,0.0033333333333333335
5334,candidate_1,candidate_3,candidate_2,3,0.0033333333333333335
5335,candidate_1,candidate_3,candidate_2,3,0.0033333333333333335
5336,candidate_1,candidate_3,candidate_2,3,0.0033333333333333335
5337,candidate_1,candidate_3,candidate_2,3,0.0033333333333333335
5338,candidate_1,candidate_3,candidate_2,3,0.0033333333333333335
5339,candidate_1,candidate_3,candidate_2,3,0.0033333333333333335
5340,candidate_1,candidate_3,candidate_2,3,0.0033333333333333335
5341,candidate_1,candidate_3,candidate_2,3,0.0033333333333333335
5342,candidate_1,candidate_3,candidate_2,3,0.0033333333333333335
5343,candidate_1,candidate_3,candidate_2,3,0.0033333333333333335
5344,candidate_1,candidate_3,candidate_2,3,0.0033333333333333335
5345,candidate_1,candidate_3,candidate_2,3,0.0033333333333333335
5346,candidate_1,candidate_3,candidate_2,3,0.0033333333333333335
5347,candidate_1,candidate_3,candidate_2,3,0.0033333333333333335
5348,candidate_1,candidate_3,candidate_2,3,0.0033333333333333335
5349,candidate_1,candidate_3,candidate_2,3,0.0033333333333333335
5350,candidate_1,candidate_3,candidate_2,3,0.0033333333333333335
5351,candidate_1,candidate_3,candidate_2,3,0.0033333333333333335
5352,candidate_1,candidate_3,candidate_2,3,0.0033333333333333335
5353,candidate_1,candidate_3,candidate_2,3,0.0033333333333333335
5354,candidate_1,candidate_3,candidate_2,3,0.0033333333333333335
5355,candidate_1,candidate_3,candidate_2,3,0.0033333333333333335
5356,candidate_1,candidate_3,candidate_2,3,0.0033333333333333335
5357,candidate_1,candidate_3,candidate_2,3,0.0033333333333333335
5358,candidate_1,candidate_3,candidate_2,3,0.0033333333333333335
5359,candidate_1,candidate_3,candidate_2,3,0.0033333333333333335
5360,candidate_1,candidate_3,candidate_2,3,0.0033333333333333335
5361,candidate_1,candidate_3,candidate_2,3,0.0033333333333333335
5362,candidate_1,candidate_3,candidate_2,3,0.0033333333333333335
5363,candidate_1,candidate_3,candidate_2,3,0.0033333333333333335
5364,candidate_1,candidate_3,candidate_2,3,0.0033333333333333335
5365,candidate_1,candidate_3,candidate_2,3,0.0033333333333333335
5366,candidate_1,candidate_3,candidate_2,3,0.0033333333333333335
5367,candidate_1,candidate_3,candidate_2,3,0.0033333333333333335
5368,candidate_1,candidate_3,candidate_2,3,0.0033333333333333335
5369,candidate_1,candidate_3,candidate_2,3,0.0033333333333333335
5370,candidate_1,candidate_3,candidate_2,3,0.0033333333333333335
5371,candidate_1,candidate_3,candidate_2,3,0.0033333333333333335
5372,candidate_1,candidate_3,candidate_2,3,0.0033333333333333335
5373,candidate_1,candidate_3,candidate_2,3,0.0033333333333333335
5374,candidate_1,candidate_3,candidate_2,3,0.0033333333333333335
5375,candidate_1,candidate_3,candidate_2,3,0.0033333333333333335
5376,candidate_1,candidate_3,candidate_2,3,0.0033333333333333335
5377,candidate_1,candidate_3,candidate_2,3,0.0033333333333333335
5378,candidate_1,candidate_3,candidate_2,3,0.0033333333333333335
5379,candidate_1,candidate_3,candidate_2,3,0.0033333333333333335
5380,candidate_1,candidate_3,candidate_2,3,0.0033333333333333335
5381,candidate_1,candidate_3,candidate_2,3,0.0033333333333333335
5382,candidate_1,candidate_3,candidate_2,3,0.0033333333333333335
5383,candidate_1,candidate_3,candidate_2,3,0.0033333333333333335
5384,candidate_1,candidate_3,candidate_2,3,0.0033333333333333335
5385,candidate_1,candidate_3,candidate_2,3,0.0033333333333333335
5386,candidate_1,candidate_3,candidate_2,3,0.0033333333333333335
5387,candidate_1,candidate_3,candidate_2,3,0.0033333333333333335
5388,candidate_1,candidate_3,candidate_2,3,0.0033333333333333335
5389,candidate_1,candidate_3,candidate_2,3,0.0033333333333333335
5390,candidate_1,candidate_3,candidate_2,3,0.0033333333333333335
5391,candidate_1,candidate_3,candidate_2,3,0.0033333333333333335
5392,candidate_1,candidate_3,candidate_2,3,0.0033333333333333335
5393,candidate_1,candidate_3,candidate_2,3,0.0033333333333333335
5394,candidate_1,candidate_3,candidate_2,3,0.0033333333333333335
5395,candidate_1,candidate_3,candidate_2,3,0.0033333333333333335
5396,candidate_1,candidate_3,candidate_2,3,0.0033333333333333335
5397,candidate_1,candidate_3,candidate_2,3,0.0033333333333333335
5398,candidate_1,candidate_3,candidate_2,3,0.0033333333333333335
5399,candidate_1,candidate_3,candidate_2,3,0.0033333333333333335
5400,candidate_1,candidate_3,candidate_2,3,0.0033333333333333335
5401,candidate_1,candidate_3,candidate_2,3,0.0033333333333333335
5402,candidate_1,candidate_3,candidate_2,3,0.0033333333333333335
5403,candidate_1,candidate_3,candidate_2,3,0.0033333333333333335
5404,candidate_1,candidate_3,candidate_2,3,0.0033333333333333335
5405,candidate_1,candidate_3,candidate_2,3,0.0033333333333333335
5406,candidate_1,candidate_3,candidate_2,3,0.0033333333333333335
5407,candidate_1,candidate_3,candidate_2,3,0.0033333333333333335
5408,candidate_1,candidate_3,candidate_2,3,0.0033333333333333335
5409,candidate_1,candidate_3,candidate_2,3,0.0033333333333333335
5410,candidate_1,candidate_3,candidate_2,3,0.0033333333333333335
5411,candidate_1,candidate_3,candidate_2,3,0.0033333333333333335
5412,candidate_1,candidate_3,candidate_2,3,0.0033333333333333335
5413,candidate_1,candidate_3,candidate_2,3,0.0033333333333333335
5414,candidate_1,candidate_3,candidate_2,3,0.0033333333333333335
5415,candidate_1,candidate_3,candidate_2,3,0.0033333333333333335
5416,candidate_1,candidate_3,candidate_2,3,0.0033333333333333335
5417,candidate_1,candidate_3,candidate_2,3,0.0033333333333333335
5418,candidate_1,candidate_3,candidate_2,3,0.0033333333333333335
5419,candidate_1,candidate_3,candidate_2,3,0.0033333333333333335
5420,candidate_1,candidate_3,candidate_2,3,0.0033333333333333335
5421,candidate_1,candidate_3,candidate_2,3,0.0033333333333333335
5422,candidate_1,candidate_3,candidate_2,3,0.0033333333333333335
5423,candidate_1,candidate_3,candidate_2,3,0.0033333333333333335
5424,candidate_1,candidate_3,candidate_2,3,0.0033333333333333335
5425,candidate_1,candidate_3,candidate_2,3,0.0033333333333333335
5426,candidate_1,candidate_3,candidate_2,3,0.0033333333333333335
5427,candidate_1,candidate_3,candidate_2,3,0.0033333333333333335
5428,candidate_1,candidate_3,candidate_2,3,0.0033333333333333335
5429,candidate_1,candidate_3,candidate_2,3,0.0033333333333333335
5430,candidate_1,candidate_3,candidate_2,3,0.0033333333333333335
5431,candidate_1,candidate_3,candidate_2,3,0.0033333333333333335
5432,candidate_1,candidate_3,candidate_2,3,0.0033333333333333335
5433,candidate_1,candidate_3,candidate_2,3,0.0033333333333333335
5434,candidate_1,candidate_3,candidate_2,3,0.0033333333333333335
5435,candidate_1,candidate_3,candidate_2,3,0.0033333333333333335
5436,candidate_1,candidate_3,candidate_2,3,0.0033333333333333335
5437,candidate_1,candidate_3,candidate_2,3,0.0033333333333333335
5438,candidate_1,candidate_3,candidate_2,3,0.0033333333333333335
5439,candidate_1,candidate_3,candidate_2,3,0.0033333333333333335
5440,candidate_1,candidate_3,candidate_2,3,0.0033333333333333335
5441,candidate_1,candidate_3,candidate_2,3,0.0033333333333333335
5442,candidate_1,candidate_3,candidate_2,3,0.0033333333333333335
5443,candidate_1,candidate_3,candidate_2,3,0.0033333333333333335
5444,candidate_1,candidate_3,candidate_2,3,0.0033333333333333335
5445,candidate_1,candidate_3,candidate_2,3,0.0033333333333333335
5446,candidate_1,candidate_3,candidate_2,3,0.0033333333333333335
5447,candidate_1,candidate_3,candidate_2,3,0.0033333333333333335
5448,candidate_1,candidate_3,candidate_2,3,0.0033333333333333335
5449,candidate_1,candidate_3,candidate_2,3,0.0033333333333333335
5450,candidate_1,candidate_3,candidate_2,3,0.0033333333333333335
5451,candidate_1,candidate_3,candidate_2,3,0.0033333333333333335
5452,candidate_1,candidate_3,candidate_2,3,0.0033333333333333335
5453,candidate_1,candidate_3,candidate_2,3,0.0033333333333333335
5454,candidate_1,candidate_3,candidate_2,3,0.0033333333333333335
5455,candidate_1,candidate_3,candidate_2,3,0.0033333333333333335
5456,candidate_1,candidate_3,candidate_2,3,0.0033333333333333335
5457,candidate_1,candidate_3,candidate_2,3,0.0033333333333333335
5458,candidate_1,candidate_3,candidate_2,3,0.0033333333333333335
5459,candidate_1,candidate_3,candidate_2,3,0.0033333333333333335
5460,candidate_1,candidate_3,candidate_2,3,0.0033333333333333335
5461,candidate_1,candidate_3,candidate_2,3,0.0033333333333333335
5462,candidate_1,candidate_3,candidate_2,3,0.0033333333333333335
5463,candidate_1,candidate_3,candidate_2,3,0.0033333333333333335
5464,candidate_1,candidate_3,candidate_2,3,0.0033333333333333335
5465,candidate_1,candidate_3,candidate_2,3,0.0033333333333333335
5466,candidate_1,candidate_3,candidate_2,3,0.0033333333333333335
5467,candidate_1,candidate_3,candidate_2,3,0.0033333333333333335
5468,candidate_1,candidate_3,candidate_2,3,0.0033333333333333335
5469,candidate_1,candidate_3,candidate_2,3,0.0033333333333333335
5470,candidate_1,candidate_3,candidate_2,3,0.0033333333333333335
5471,candidate_1,candidate_3,candidate_2,3,0.0033333333333333335
5472,candidate_1,candidate_3,candidate_2,3,0.0033333333333333335
5473,candidate_1,candidate_3,candidate_2,3,0.0033333333333333335
5474,candidate_1,candidate_3,candidate_2,3,0.0033333333333333335
5475,candidate_1,candidate_3,candidate_2,3,0.0033333333333333335
5476,candidate_1,candidate_3,candidate_2,3,0.0033333333333333335
5477,candidate_1,candidate_3,candidate_2,3,0.0033333333333333335
5478,candidate_1,candidate_3,candidate_2,3,0.0033333333333333335
5479,candidate_1,candidate_3,candidate_2,3,0.0033333333333333335
5480,candidate_1,candidate_3,candidate_2,3,0.0033333333333333335
5481,candidate_1,candidate_3,candidate_2,3,0.0033333333333333335
5482,candidate_1,candidate_3,candidate_2,3,0.0033333333333333335
5483,candidate_1,candidate_3,candidate_2,3,0.0033333333333333335
5484,candidate_1,candidate_3,candidate_2,3,0.0033333333333333335
5485,candidate_1,candidate_3,candidate_2,3,0.0033333333333333335
5486,candidate_1,candidate_3,candidate_2,3,0.0033333333333333335
5487,candidate_1,candidate_3,candidate_2,3,0.0033333333333333335
5488,candidate_1,candidate_3,candidate_2,3,0.0033333333333333335
5489,candidate_1,candidate_3,candidate_2,3,0.0033333333333333335
5490,candidate_1,candidate_3,candidate_2,3,0.0033333333333333335
5491,candidate_1,candidate_3,candidate_2,3,0.0033333333333333335
5492,candidate_1,candidate_3,candidate_2,3,0.0033333333333333335
5493,candidate_1,candidate_3,candidate_2,3,0.0033333333333333335
5494,candidate_1,candidate_3,candidate_2,3,0.0033333333333333335
5495,candidate_1,candidate_3,candidate_2,3,0.0033333333333333335
5496,candidate_1,candidate_3,candidate_2,3,0.0033333333333333335
5497,candidate_1,candidate_3,candidate_2,3,0.0033333333333333335
5498,candidate_1,candidate_3,candidate_2,3,0.0033333333333333335
5499,candidate_1,candidate_3,candidate_2,3,0.0033333333333333335
5500,candidate_1,candidate_3,candidate_2,3,0.0033333333333333335
5501,candidate_1,candidate_3,candidate_2,3,0.0033333333333333335
5502,candidate_1,candidate_3,candidate_2,3,0.0033333333333333335
5503,candidate_1,candidate_3,candidate_2,3,0.0033333333333333335
5504,candidate_1,candidate_3,candidate_2,3,0.0033333333333333335
5505,candidate_1,candidate_3,candidate_2,3,0.0033333333333333335
5506,candidate_1,candidate_3,candidate_2,3,0.0033333333333333335
5507,candidate_1,candidate_3,candidate_2,3,0.0033333333333333335
5508,candidate_1,candidate_3,candidate_2,3,0.0033333333333333335
5509,candidate_1,candidate_3,candidate_2,3,0.0033333333333333335
5510,candidate_1,candidate_3,candidate_2,3,0.0033333333333333335
5511,candidate_1,candidate_3,candidate_2,3,0.0033333333333333335
5512,candidate_1,candidate_3,candidate_2,3,0.0033333333333333335
5513,candidate_1,candidate_3,candidate_2,3,0.0033333333333333335
5514,candidate_1,candidate_3,candidate_2,3,0.0033333333333333335
5515,candidate_1,candidate_3,candidate_2,3,0.0033333333333333335
5516,candidate_1,candidate_3,candidate_2,3,0.0033333333333333335
5517,candidate_1,candidate_3,candidate_2,3,0.0033333333333333335
5518,candidate_1,candidate_3,candidate_2,3,0.0033333333333333335
5519,candidate_1,candidate_3,candidate_2,3,0.0033333333333333335
5520,candidate_1,candidate_3,candidate_2,3,0.0033333333333333335
5521,candidate_1,candidate_3,candidate_2,3,0.0033333333333333335
5522,candidate_1,candidate_3,candidate_2,3,0.0033333333333333335
5523,candidate_1,0,candidate_2,3,0.0033333333333333335
5524,candidate_1,candidate_3,candidate_2,3,0.0033333333333333335
5525,candidate_1,candidate_3,candidate_2,3,0.0033333333333333335
5526,candidate_1,candidate_3,candidate_2,3,0.0033333333333333335
5527,candidate_1,candidate_3,candidate_2,3,0.0033333333333333335
5528,candidate_1,candidate_3,candidate_2,3,0.0033333333333333335
5529,candidate_1,candidate_3,candidate_2,3,0.0033333333333333335
5530,candidate_1,candidate_3,candidate_2,3,0.0033333333333333335
5531,candidate_1,candidate_3,candidate_2,3,0.0033333333333333335
5532,candidate_1,candidate_3,candidate_2,3,0.0033333333333333335
5533,candidate_1,candidate_3,candidate_2,3,0.0033333333333333335
5534,candidate_1,candidate_3,candidate_2,3,0.0033333333333333335
5535,candidate_1,candidate_3,candidate_2,3,0.0033333333333333335
5536,candidate_1,candidate_3,candidate_2,3,0.0033333333333333335
5537,candidate_1,candidate_3,candidate_2,3,0.0033333333333333335
5538,candidate_1,candidate_3,candidate_2,3,0.0033333333333333335
5539,candidate_1,candidate_3,candidate_2,3,0.0033333333333333335
5540,candidate_1,candidate_3,candidate_2,3,0.0033333333333333335
5541,candidate_1,candidate_3,candidate_2,3,0.0033333333333333335
5542,candidate_1,candidate_3,candidate_2,3,0.0033333333333333335
5543,candidate_1,candidate_3,candidate_2,3,0.0033333333333333335
5544,candidate_1,candidate_3,candidate_2,3,0.0033333333333333335
5545,candidate_1,candidate_3,candidate_2,3,0.0033333333333333335
5546,candidate_1,candidate_3,candidate_2,3,0.0033333333333333335
5547,candidate_1,candidate_3,candidate_2,3,0.0033333333333333335
5548,candidate_1,candidate_3,candidate_2,3,0.0033333333333333335
5549,candidate_1,candidate_3,candidate_2,3,0.0033333333333333335
5550,candidate_1,candidate_3,candidate_2,3,0.0033333333333333335
5551,candidate_1,candidate_3,candidate_2,3,0.0033333333333333335
5552,candidate_1,candidate_3,candidate_2,3,0.0033333333333333335
5553,candidate_1,candidate_3,candidate_2,3,0.0033333333333333335
5554,candidate_1,candidate_3,candidate_2,3,0.0033333333333333335
5555,candidate_1,candidate_3,candidate_2,3,0.0033333333333333335
5556,candidate_1,candidate_3,candidate_2,3,0.0033333333333333335
5557,candidate_1,candidate_3,candidate_2,3,0.0033333333333333335
5558,candidate_1,candidate_3,candidate_2,3,0.0033333333333333335
5559,candidate_1,candidate_3,candidate_2,3,0.0033333333333333335
5560,candidate_1,candidate_3,candidate_2,3,0.0033333333333333335
5561,candidate_1,candidate_3,candidate_2,3,0.0033333333333333335
5562,candidate_1,candidate_3,candidate_2,3,0.0033333333333333335
5563,candidate_1,candidate_3,candidate_2,3,0.0033333333333333335
5564,candidate_1,candidate_3,candidate_2,3,0.0033333333333333335
5565,candidate_1,candidate_3,candidate_2,3,0.0033333333333333335
5566,candidate_1,candidate_3,candidate_2,3,0.0033333333333333335
5567,candidate_1,candidate_3,candidate_2,3,0.0033333333333333335
5568,candidate_1,candidate_3,candidate_2,3,0.0033333333333333335
5569,candidate_1,candidate_3,candidate_2,3,0.0033333333333333335
5570,candidate_1,candidate_3,candidate_2,3,0.0033333333333333335
5571,candidate_1,candidate_3,candidate_2,3,0.0033333333333333335
5572,candidate_1,candidate_3,candidate_2,3,0.0033333333333333335
5573,candidate_1,candidate_3,candidate_2,3,0.0033333333333333335
5574,candidate_1,candidate_3,candidate_2,3,0.0033333333333333335
5575,candidate_1,candidate_3,candidate_2,3,0.0033333333333333335
5576,candidate_1,candidate_3,candidate_2,3,0.0033333333333333335
5577,candidate_1,candidate_3,candidate_2,3,0.0033333333333333335
5578,candidate_1,candidate_3,candidate_2,3,0.0033333333333333335
5579,candidate_1,candidate_3,candidate_2,3,0.0033333333333333335
5580,candidate_1,candidate_3,candidate_2,3,0.0033333333333333335
5581,candidate_1,candidate_3,candidate_2,3,0.0033333333333333335
5582,candidate_1,candidate_3,candidate_2,3,0.0033333333333333335
5583,candidate_1,candidate_3,candidate_2,3,0.0033333333333333335
5584,candidate_1,candidate_3,candidate_2,3,0.0033333333333333335
5585,candidate_1,candidate_3,candidate_2,3,0.0033333333333333335
5586,candidate_1,candidate_3,candidate_2,3,0.0033333333333333335
5587,candidate_1,candidate_3,candidate_2,3,0.0033333333333333335
5588,candidate_1,candidate_3,candidate_2,3,0.0033333333333333335
5589,candidate_1,candidate_3,candidate_2,3,0.0033333333333333335
5590,candidate_1,candidate_3,candidate_2,3,0.0033333333333333335
5591,candidate_1,candidate_3,candidate_2,3,0.0033333333333333335
5592,candidate_1,candidate_3,candidate_2,3,0.0033333333333333335
5593,candidate_1,candidate_3,candidate_2,3,0.0033333333333333335
5594,candidate_1,candidate_3,candidate_2,3,0.0033333333333333335
5595,candidate_1,candidate_3,candidate_2,3,0.0033333333333333335
5596,candidate_1,candidate_3,candidate_2,3,0.0033333333333333335
5597,candidate_1,candidate_3,candidate_2,3,0.0033333333333333335
5598,candidate_1,candidate_3,candidate_2,3,0.0033333333333333335
5599,candidate_1,candidate_3,candidate_2,3,0.0033333333333333335
5600,candidate_1,candidate_3,candidate_2,3,0.0033333333333333335
5601,candidate_1,candidate_3,candidate_2,3,0.0033333333333333335
5602,candidate_1,candidate_3,candidate_2,3,0.0033333333333333335
5603,candidate_1,candidate_3,candidate_2,3,0.0033333333333333335
5604,candidate_1,candidate_3,candidate_2,3,0.0033333333333333335
5605,candidate_1,candidate_3,candidate_2,3,0.0033333333333333335
5606,candidate_1,candidate_3,candidate_2,3,0.0033333333333333335
5607,candidate_1,candidate_3,candidate_2,3,0.0033333333333333335
5608,candidate_1,candidate_3,candidate_2,3,0.0033333333333333335
5609,candidate_1,candidate_3,candidate_2,3,0.0033333333333333335
5610,candidate_1,candidate_3,candidate_2,3,0.0033333333333333335
5611,candidate_1,candidate_3,candidate_2,3,0.0033333333333333335
5612,candidate_1,candidate_3,candidate_2,3,0.0033333333333333335
5613,candidate_1,candidate_3,candidate_2,3,0.0033333333333333335
5614,candidate_1,candidate_3,candidate_2,3,0.0033333333333333335
5615,candidate_1,candidate_3,candidate_2,3,0.0033333333333333335
5616,candidate_1,candidate_3,candidate_2,3,0.0033333333333333335
5617,candidate_1,candidate_3,candidate_2,3,0.0033333333333333335
5618,candidate_1,candidate_3,candidate_2,3,0.0033333333333333335
5619,candidate_1,candidate_3,candidate_2,3,0.0033333333333333335
5620,candidate_1,candidate_3,candidate_2,3,0.0033333333333333335
5621,candidate_1,candidate_3,candidate_2,3,0.0033333333333333335
5622,candidate_1,candidate_3,candidate_2,3,0.0033333333333333335
5623,candidate_1,candidate_3,candidate_2,3,0.0033333333333333335
5624,candidate_1,candidate_3,candidate_2,3,0.0033333333333333335
5625,candidate_1,candidate_3,candidate_2,3,0.0033333333333333335
5626,candidate_1,candidate_3,candidate_2,3,0.0033333333333333335
5627,candidate_1,candidate_3,candidate_2,3,0.0033333333333333335
5628,candidate_1,candidate_3,candidate_2,3,0.0033333333333333335
5629,candidate_1,candidate_3,candidate_2,3,0.0033333333333333335
5630,candidate_1,candidate_3,candidate_2,3,0.0033333333333333335
5631,candidate_1,candidate_3,candidate_2,3,0.0033333333333333335
5632,candidate_1,candidate_3,candidate_2,3,0.0033333333333333335
5633,candidate_1,candidate_3,candidate_2,3,0.0033333333333333335
5634,candidate_1,candidate_3,candidate_2,3,0.0033333333333333335
5635,candidate_1,candidate_3,candidate_2,3,0.0033333333333333335
5636,candidate_1,candidate_3,candidate_2,3,0.0033333333333333335
5637,candidate_1,0,candidate_2,3,0.0033333333333333335
5638,candidate_1,candidate_3,candidate_2,3,0.0033333333333333335
5639,candidate_1,candidate_3,candidate_2,3,0.0033333333333333335
5640,candidate_1,candidate_3,candidate_2,3,0.0033333333333333335
5641,candidate_1,candidate_3,candidate_2,3,0.0033333333333333335
5642,candidate_1,candidate_3,candidate_2,3,0.0033333333333333335
5643,candidate_1,candidate_3,candidate_2,3,0.0033333333333333335
5644,candidate_1,candidate_3,candidate_2,3,0.0033333333333333335
5645,candidate_1,candidate_3,candidate_2,3,0.0033333333333333335
5646,candidate_1,candidate_3,candidate_2,3,0.0033333333333333335
5647,candidate_1,candidate_3,candidate_2,3,0.0033333333333333335
5648,candidate_1,candidate_3,candidate_2,3,0.0033333333333333335
5649,candidate_1,candidate_3,candidate_2,3,0.0033333333333333335
5650,candidate_1,candidate_3,candidate_2,3,0.0033333333333333335
5651,candidate_1,candidate_3,candidate_2,3,0.0033333333333333335
5652,candidate_1,candidate_3,candidate_2,3,0.0033333333333333335
5653,candidate_1,candidate_3,candidate_2,3,0.0033333333333333335
5654,candidate_1,candidate_3,candidate_2,3,0.0033333333333333335
5655,candidate_1,candidate_3,candidate_2,3,0.0033333333333333335
5656,candidate_1,candidate_3,candidate_2,3,0.0033333333333333335
5657,candidate_1,candidate_3,candidate_2,3,0.0033333333333333335
5658,candidate_1,candidate_3,candidate_2,3,0.0033333333333333335
5659,candidate_1,candidate_3,candidate_2,3,0.0033333333333333335
5660,candidate_1,candidate_3,candidate_2,3,0.0033333333333333335
5661,candidate_1,candidate_3,candidate_2,3,0.0033333333333333335
5662,candidate_1,candidate_3,candidate_2,3,0.0033333333333333335
5663,candidate_1,candidate_3,candidate_2,3,0.0033333333333333335
5664,candidate_1,candidate_3,candidate_2,3,0.0033333333333333335
5665,candidate_1,candidate_3,candidate_2,3,0.0033333333333333335
5666,candidate_1,candidate_3,candidate_2,3,0.0033333333333333335
5667,candidate_1,candidate_3,candidate_2,3,0.0033333333333333335
5668,candidate_1,candidate_3,candidate_2,3,0.0033333333333333335
5669,candidate_1,candidate_3,candidate_2,3,0.0033333333333333335
5670,candidate_1,candidate_3,candidate_2,3,0.0033333333333333335
5671,candidate_1,candidate_3,candidate_2,3,0.0033333333333333335
5672,candidate_1,candidate_3,candidate_2,3,0.0033333333333333335
5673,candidate_1,candidate_3,candidate_2,3,0.0033333333333333335
5674,candidate_1,candidate_3,candidate_2,3,0.0033333333333333335
5675,candidate_1,candidate_3,candidate_2,3,0.0033333333333333335
5676,candidate_1,candidate_3,candidate_2,3,0.0033333333333333335
5677,candidate_1,candidate_3,candidate_2,3,0.0033333333333333335
5678,candidate_1,candidate_3,candidate_2,3,0.0033333333333333335
5679,candidate_1,candidate_3,candidate_2,3,0.0033333333333333335
5680,candidate_1,candidate_3,candidate_2,3,0.0033333333333333335
5681,candidate_1,candidate_3,candidate_2,3,0.0033333333333333335
5682,candidate_1,candidate_3,candidate_2,3,0.0033333333333333335
5683,candidate_1,candidate_3,candidate_2,3,0.0033333333333333335
5684,candidate_1,candidate_3,candidate_2,3,0.0033333333333333335
5685,candidate_1,candidate_3,candidate_2,3,0.0033333333333333335
5686,candidate_1,candidate_3,candidate_2,3,0.0033333333333333335
5687,candidate_1,candidate_3,candidate_2,3,0.0033333333333333335
5688,candidate_1,candidate_3,candidate_2,3,0.0033333333333333335
5689,candidate_1,candidate_3,candidate_2,3,0.0033333333333333335
5690,candidate_1,candidate_3,candidate_2,3,0.0033333333333333335
5691,candidate_1,candidate_3,candidate_2,3,0.0033333333333333335
5692,candidate_1,candidate_3,candidate_2,3,0.0033333333333333335
5693,candidate_1,candidate_3,0,3,0.0033333333333333335
5694,candidate_1,candidate_3,candidate_2,3,0.0033333333333333335
5695,candidate_1,candidate_3,candidate_2,3,0.0033333333333333335
5696,candidate_1,candidate_3,candidate_2,3,0.0033333333333333335
5697,candidate_1,candidate_3,candidate_2,3,0.0033333333333333335
5698,candidate_1,candidate_3,candidate_2,3,0.0033333333333333335
5699,candidate_1,candidate_3,candidate_2,3,0.0033333333333333335
5700,candidate_1,candidate_3,candidate_2,3,0.0033333333333333335
5701,candidate_1,candidate_3,candidate_2,3,0.0033333333333333335
5702,candidate_1,candidate_3,candidate_2,3,0.0033333333333333335
5703,candidate_1,candidate_3,candidate_2,3,0.0033333333333333335
5704,candidate_1,candidate_3,candidate_2,3,0.0033333333333333335
5705,candidate_1,candidate_3,candidate_2,3,0.0033333333333333335
5706,candidate_1,candidate_3,candidate_2,3,0.0033333333333333335
5707,candidate_1,candidate_3,candidate_2,3,0.0033333333333333335
5708,candidate_1,candidate_3,candidate_2,3,0.0033333333333333335
5709,candidate_1,candidate_3,candidate_2,3,0.0033333333333333335
5710,candidate_1,candidate_3,candidate_2,3,0.0033333333333333335
5711,candidate_1,candidate_3,candidate_2,3,0.0033333333333333335
5712,candidate_1,candidate_3,candidate_2,3,0.0033333333333333335
5713,candidate_1,candidate_3,candidate_2,3,0.0033333333333333335
5714,candidate_1,candidate_3,candidate_2,3,0.0033333333333333335
5715,candidate_1,candidate_3,candidate_2,3,0.0033333333333333335
5716,candidate_1,candidate_3,candidate_2,3,0.0033333333333333335
5717,candidate_1,candidate_3,candidate_2,3,0.0033333333333333335
5718,candidate_1,candidate_3,candidate_2,3,0.0033333333333333335
5719,candidate_1,candidate_3,candidate_2,3,0.0033333333333333335
5720,candidate_1,candidate_3,candidate_2,3,0.0033333333333333335
5721,candidate_1,candidate_3,candidate_2,3,0.0033333333333333335
5722,candidate_1,candidate_3,candidate_2,3,0.0033333333333333335
5723,candidate_1,candidate_3,candidate_2,3,0.0033333333333333335
5724,candidate_1,candidate_3,candidate_2,3,0.0033333333333333335
5725,candidate_1,candidate_3,candidate_2,3,0.0033333333333333335
5726,candidate_1,candidate_3,candidate_2,3,0.0033333333333333335
5727,candidate_1,candidate_3,candidate_2,3,0.0033333333333333335
5728,candidate_1,candidate_3,candidate_2,3,0.0033333333333333335
5729,candidate_1,candidate_3,candidate_2,3,0.0033333333333333335
5730,candidate_1,candidate_3,candidate_2,3,0.0033333333333333335
5731,candidate_1,candidate_3,candidate_2,3,0.0033333333333333335
5732,candidate_1,candidate_3,candidate_2,3,0.0033333333333333335
5733,candidate_1,candidate_3,candidate_2,3,0.0033333333333333335
5734,candidate_1,candidate_3,candidate_2,3,0.0033333333333333335
5735,candidate_1,candidate_3,candidate_2,3,0.0033333333333333335
5736,candidate_1,candidate_3,candidate_2,3,0.0033333333333333335
5737,candidate_1,candidate_3,candidate_2,3,0.0033333333333333335
5738,candidate_1,candidate_3,candidate_2,3,0.0033333333333333335
5739,candidate_1,candidate_3,candidate_2,3,0.0033333333333333335
5740,candidate_1,candidate_3,candidate_2,3,0.0033333333333333335
5741,candidate_1,candidate_3,candidate_2,3,0.0033333333333333335
5742,candidate_1,candidate_3,candidate_2,3,0.0033333333333333335
5743,candidate_1,candidate_3,candidate_2,3,0.0033333333333333335
5744,candidate_1,candidate_3,candidate_2,3,0.0033333333333333335
5745,candidate_1,candidate_3,candidate_2,3,0.0033333333333333335
5746,candidate_1,candidate_3,candidate_2,3,0.0033333333333333335
5747,candidate_1,candidate_3,candidate_2,3,0.0033333333333333335
5748,candidate_1,candidate_3,candidate_2,3,0.0033333333333333335
5749,candidate_1,candidate_3,candidate_2,3,0.0033333333333333335
5750,candidate_1,candidate_3,candidate_2,3,0.0033333333333333335
5751,candidate_1,candidate_3,candidate_2,3,0.0033333333333333335
5752,candidate_1,candidate_3,candidate_2,3,0.0033333333333333335
5753,candidate_1,candidate_3,candidate_2,3,0.0033333333333333335
5754,candidate_1,candidate_3,candidate_2,3,0.0033333333333333335
5755,candidate_1,candidate_3,candidate_2,3,0.0033333333333333335
5756,candidate_1,candidate_3,candidate_2,3,0.0033333333333333335
5757,candidate_1,candidate_3,candidate_2,3,0.0033333333333333335
5758,candidate_1,candidate_3,candidate_2,3,0.0033333333333333335
5759,candidate_1,candidate_3,candidate_2,3,0.0033333333333333335
5760,candidate_1,candidate_3,candidate_2,3,0.0033333333333333335
5761,candidate_1,candidate_3,candidate_2,3,0.0033333333333333335
5762,candidate_1,candidate_3,candidate_2,3,0.0033333333333333335
5763,candidate_1,candidate_3,candidate_2,3,0.0033333333333333335
5764,candidate_1,candidate_3,candidate_2,3,0.0033333333333333335
5765,candidate_1,candidate_3,candidate_2,3,0.0033333333333333335
5766,candidate_1,candidate_3,candidate_2,3,0.0033333333333333335
5767,candidate_1,candidate_3,candidate_2,3,0.0033333333333333335
5768,candidate_1,candidate_3,candidate_2,3,0.0033333333333333335
5769,candidate_1,candidate_3,candidate_2,3,0.0033333333333333335
5770,candidate_1,candidate_3,candidate_2,3,0.0033333333333333335
5771,candidate_1,candidate_3,candidate_2,3,0.0033333333333333335
5772,candidate_1,candidate_3,candidate_2,3,0.0033333333333333335
5773,candidate_1,candidate_3,candidate_2,3,0.0033333333333333335
5774,candidate_1,candidate_3,candidate_2,3,0.0033333333333333335
5775,candidate_1,candidate_3,candidate_2,3,0.0033333333333333335
5776,candidate_1,candidate_3,candidate_2,3,0.0033333333333333335
5777,candidate_1,candidate_3,candidate_2,3,0.0033333333333333335
5778,candidate_1,candidate_3,candidate_2,3,0.0033333333333333335
5779,candidate_1,candidate_3,candidate_2,3,0.0033333333333333335
5780,candidate_1,candidate_3,candidate_2,3,0.0033333333333333335
5781,candidate_1,candidate_3,candidate_2,3,0.0033333333333333335
5782,candidate_1,candidate_3,candidate_2,3,0.0033333333333333335
5783,candidate_1,candidate_3,candidate_2,3,0.0033333333333333335
5784,candidate_1,candidate_3,candidate_2,3,0.0033333333333333335
5785,candidate_1,candidate_3,candidate_2,3,0.0033333333333333335
5786,candidate_1,candidate_3,candidate_2,3,0.0033333333333333335
5787,candidate_1,candidate_3,candidate_2,3,0.0033333333333333335
5788,candidate_1,candidate_3,candidate_2,3,0.0033333333333333335
5789,candidate_1,candidate_3,candidate_2,3,0.0033333333333333335
5790,candidate_1,candidate_3,candidate_2,3,0.0033333333333333335
5791,candidate_1,candidate_3,candidate_2,3,0.0033333333333333335
5792,candidate_1,candidate_3,candidate_2,3,0.0033333333333333335
5793,candidate_1,candidate_3,candidate_2,3,0.0033333333333333335
5794,candidate_1,candidate_3,candidate_2,3,0.0033333333333333335
5795,candidate_1,candidate_3,candidate_2,3,0.0033333333333333335
5796,candidate_1,candidate_3,candidate_2,3,0.0033333333333333335
5797,candidate_1,candidate_3,candidate_2,3,0.0033333333333333335
5798,candidate_1,candidate_3,candidate_2,3,0.0033333333333333335
5799,candidate_1,candidate_3,candidate_2,3,0.0033333333333333335
5800,candidate_1,candidate_3,candidate_2,3,0.0033333333333333335
5801,candidate_1,candidate_3,candidate_2,3,0.0033333333333333335
5802,candidate_1,candidate_3,candidate_2,3,0.0033333333333333335
5803,candidate_1,candidate_3,candidate_2,3,0.0033333333333333335
5804,candidate_1,candidate_3,candidate_2,3,0.0033333333333333335
5805,candidate_1,candidate_3,candidate_2,3,0.0033333333333333335
5806,candidate_1,candidate_3,candidate_2,3,0.0033333333333333335
5807,candidate_1,candidate_3,candidate_2,3,0.0033333333333333335
5808,candidate_1,candidate_3,candidate_2,3,0.0033333333333333335
5809,candidate_1,candidate_3,candidate_2,3,0.0033333333333333335
5810,candidate_1,candidate_3,candidate_2,3,0.0033333333333333335
5811,candidate_1,candidate_3,candidate_2,3,0.0033333333333333335
5812,candidate_1,candidate_3,candidate_2,3,0.0033333333333333335
5813,candidate_1,candidate_3,candidate_2,3,0.0033333333333333335
5814,candidate_1,candidate_3,candidate_2,3,0.0033333333333333335
5815,candidate_1,candidate_3,candidate_2,3,0.0033333333333333335
5816,candidate_1,candidate_3,candidate_2,3,0.0033333333333333335
5817,candidate_1,candidate_3,candidate_2,3,0.0033333333333333335
5818,candidate_1,candidate_3,candidate_2,3,0.0033333333333333335
5819,candidate_1,candidate_3,candidate_2,3,0.0033333333333333335
5820,candidate_1,candidate_3,candidate_2,3,0.0033333333333333335
5821,candidate_1,candidate_3,candidate_2,3,0.0033333333333333335
5822,candidate_1,candidate_3,candidate_2,3,0.0033333333333333335
5823,candidate_1,candidate_3,candidate_2,3,0.0033333333333333335
5824,candidate_1,candidate_3,candidate_2,3,0.0033333333333333335
5825,candidate_1,candidate_3,candidate_2,3,0.0033333333333333335
5826,candidate_1,candidate_3,candidate_2,3,0.0033333333333333335
5827,candidate_1,0,candidate_2,3,0.0033333333333333335
5828,candidate_1,candidate_3,candidate_2,3,0.0033333333333333335
5829,candidate_1,candidate_3,candidate_2,3,0.0033333333333333335
5830,candidate_1,candidate_3,candidate_2,3,0.0033333333333333335
5831,candidate_1,candidate_3,candidate_2,3,0.0033333333333333335
5832,candidate_1,candidate_3,candidate_2,3,0.0033333333333333335
5833,candidate_1,candidate_3,candidate_2,3,0.0033333333333333335
5834,candidate_1,candidate_3,candidate_2,3,0.0033333333333333335
5835,candidate_1,candidate_3,candidate_2,3,0.0033333333333333335
5836,candidate_1,candidate_3,candidate_2,3,0.0033333333333333335
5837,candidate_1,candidate_3,candidate_2,3,0.0033333333333333335
5838,candidate_1,candidate_3,candidate_2,3,0.0033333333333333335
5839,candidate_1,candidate_3,candidate_2,3,0.0033333333333333335
5840,candidate_1,candidate_3,candidate_2,3,0.0033333333333333335
5841,candidate_1,candidate_3,candidate_2,3,0.0033333333333333335
5842,candidate_1,candidate_3,candidate_2,3,0.0033333333333333335
5843,candidate_1,candidate_3,candidate_2,3,0.0033333333333333335
5844,candidate_1,candidate_3,candidate_2,3,0.0033333333333333335
5845,candidate_1,candidate_3,candidate_2,3,0.0033333333333333335
5846,candidate_1,candidate_3,candidate_2,3,0.0033333333333333335
5847,candidate_1,candidate_3,candidate_2,3,0.0033333333333333335
5848,candidate_1,candidate_3,candidate_2,3,0.0033333333333333335
5849,candidate_1,candidate_3,candidate_2,3,0.0033333333333333335
5850,candidate_1,candidate_3,candidate_2,3,0.0033333333333333335
5851,candidate_1,candidate_3,candidate_2,3,0.0033333333333333335
5852,candidate_1,candidate_3,candidate_2,3,0.0033333333333333335
5853,candidate_1,candidate_3,candidate_2,3,0.0033333333333333335
5854,candidate_1,candidate_3,candidate_2,3,0.0033333333333333335
5855,candidate_1,candidate_3,candidate_2,3,0.0033333333333333335
5856,candidate_1,candidate_3,candidate_2,3,0.0033333333333333335
5857,candidate_1,candidate_3,candidate_2,3,0.0033333333333333335
5858,candidate_1,candidate_3,candidate_2,3,0.0033333333333333335
5859,candidate_1,candidate_3,candidate_2,3,0.0033333333333333335
5860,candidate_1,candidate_3,candidate_2,3,0.0033333333333333335
5861,candidate_1,candidate_3,candidate_2,3,0.0033333333333333335
5862,candidate_1,candidate_3,candidate_2,3,0.0033333333333333335
5863,candidate_1,candidate_3,candidate_2,3,0.0033333333333333335
5864,candidate_1,candidate_3,candidate_2,3,0.0033333333333333335
5865,candidate_1,candidate_3,candidate_2,3,0.0033333333333333335
5866,candidate_1,candidate_3,candidate_2,3,0.0033333333333333335
5867,candidate_1,candidate_3,candidate_2,3,0.0033333333333333335
5868,candidate_1,candidate_3,candidate_2,3,0.0033333333333333335
5869,candidate_1,candidate_3,candidate_2,3,0.0033333333333333335
5870,candidate_1,candidate_3,candidate_2,3,0.0033333333333333335
5871,candidate_1,candidate_3,candidate_2,3,0.0033333333333333335
5872,candidate_1,candidate_3,candidate_2,3,0.0033333333333333335
5873,candidate_1,candidate_3,candidate_2,3,0.0033333333333333335
5874,candidate_1,candidate_3,candidate_2,3,0.0033333333333333335
5875,candidate_1,candidate_3,candidate_2,3,0.0033333333333333335
5876,candidate_1,candidate_3,candidate_2,3,0.0033333333333333335
5877,candidate_1,candidate_3,candidate_2,3,0.0033333333333333335
5878,candidate_1,candidate_3,candidate_2,3,0.0033333333333333335
5879,candidate_1,candidate_3,candidate_2,3,0.0033333333333333335
5880,candidate_1,candidate_3,candidate_2,3,0.0033333333333333335
5881,candidate_1,candidate_3,candidate_2,3,0.0033333333333333335
5882,candidate_1,candidate_3,candidate_2,3,0.0033333333333333335
5883,candidate_1,candidate_3,candidate_2,3,0.0033333333333333335
5884,candidate_1,candidate_3,candidate_2,3,0.0033333333333333335
5885,candidate_1,candidate_3,candidate_2,3,0.0033333333333333335
5886,candidate_1,candidate_3,candidate_2,3,0.0033333333333333335
5887,candidate_1,candidate_3,candidate_2,3,0.0033333333333333335
5888,candidate_1,candidate_3,candidate_2,3,0.0033333333333333335
5889,candidate_1,candidate_3,candidate_2,3,0.0033333333333333335
5890,candidate_1,candidate_3,candidate_2,3,0.0033333333333333335
5891,candidate_1,candidate_3,candidate_2,3,0.0033333333333333335
5892,candidate_1,candidate_3,candidate_2,3,0.0033333333333333335
5893,candidate_1,candidate_3,candidate_2,3,0.0033333333333333335
5894,candidate_1,candidate_3,candidate_2,3,0.0033333333333333335
5895,candidate_1,candidate_3,candidate_2,3,0.0033333333333333335
5896,candidate_1,candidate_3,candidate_2,3,0.0033333333333333335
5897,candidate_1,candidate_3,candidate_2,3,0.0033333333333333335
5898,candidate_1,candidate_3,candidate_2,3,0.0033333333333333335
5899,candidate_1,candidate_3,candidate_2,3,0.0033333333333333335
5900,candidate_1,candidate_3,candidate_2,3,0.0033333333333333335
5901,candidate_1,candidate_3,candidate_2,3,0.0033333333333333335
5902,candidate_1,candidate_3,candidate_2,3,0.0033333333333333335
5903,candidate_1,candidate_3,candidate_2,3,0.0033333333333333335
5904,candidate_1,candidate_3,candidate_2,3,0.0033333333333333335
5905,candidate_1,candidate_3,candidate_2,3,0.0033333333333333335
5906,candidate_1,candidate_3,candidate_2,3,0.0033333333333333335
5907,candidate_1,candidate_3,candidate_2,3,0.0033333333333333335
5908,candidate_1,candidate_3,candidate_2,3,0.0033333333333333335
5909,candidate_1,candidate_3,candidate_2,3,0.0033333333333333335
5910,candidate_1,candidate_3,candidate_2,3,0.0033333333333333335
5911,candidate_1,candidate_3,candidate_2,3,0.0033333333333333335
5912,candidate_1,candidate_3,candidate_2,3,0.0033333333333333335
5913,candidate_1,candidate_3,candidate_2,3,0.0033333333333333335
5914,candidate_1,candidate_3,candidate_2,3,0.0033333333333333335
5915,candidate_1,candidate_3,candidate_2,3,0.0033333333333333335
5916,candidate_1,candidate_3,candidate_2,3,0.0033333333333333335
5917,candidate_1,candidate_3,candidate_2,3,0.0033333333333333335
5918,candidate_1,candidate_3,candidate_2,3,0.0033333333333333335
5919,candidate_1,candidate_3,candidate_2,3,0.0033333333333333335
5920,candidate_1,candidate_3,candidate_2,3,0.0033333333333333335
5921,candidate_1,candidate_3,candidate_2,3,0.0033333333333333335
5922,candidate_1,candidate_3,candidate_2,3,0.0033333333333333335
5923,candidate_1,candidate_3,candidate_2,3,0.0033333333333333335
5924,candidate_1,candidate_3,candidate_2,3,0.0033333333333333335
5925,candidate_1,candidate_3,candidate_2,3,0.0033333333333333335
5926,candidate_1,candidate_3,candidate_2,3,0.0033333333333333335
5927,candidate_1,candidate_3,candidate_2,3,0.0033333333333333335
5928,candidate_1,candidate_3,candidate_2,3,0.0033333333333333335
5929,candidate_1,candidate_3,candidate_2,3,0.0033333333333333335
5930,candidate_1,candidate_3,candidate_2,3,0.0033333333333333335
5931,candidate_1,candidate_3,candidate_2,3,0.0033333333333333335
5932,candidate_1,candidate_3,candidate_2,3,0.0033333333333333335
5933,candidate_1,candidate_3,candidate_2,3,0.0033333333333333335
5934,candidate_1,candidate_3,candidate_2,3,0.0033333333333333335
5935,candidate_1,candidate_3,candidate_2,3,0.0033333333333333335
5936,candidate_1,candidate_3,candidate_2,3,0.0033333333333333335
5937,candidate_1,candidate_3,candidate_2,3,0.0033333333333333335
5938,candidate_1,candidate_3,candidate_2,3,0.0033333333333333335
5939,candidate_1,candidate_3,candidate_2,3,0.0033333333333333335
5940,candidate_1,candidate_3,candidate_2,3,0.0033333333333333335
5941,candidate_1,candidate_3,candidate_2,3,0.0033333333333333335
5942,candidate_1,candidate_3,candidate_2,3,0.0033333333333333335
5943,candidate_1,candidate_3,candidate_2,3,0.0033333333333333335
5944,candidate_1,candidate_3,candidate_2,3,0.0033333333333333335
5945,candidate_1,candidate_3,candidate_2,3,0.0033333333333333335
5946,candidate_1,candidate_3,candidate_2,3,0.0033333333333333335
5947,candidate_1,candidate_3,candidate_2,3,0.0033333333333333335
5948,candidate_1,candidate_3,candidate_2,3,0.0033333333333333335
5949,candidate_1,candidate_3,candidate_2,3,0.0033333333333333335
5950,candidate_1,candidate_3,candidate_2,3,0.0033333333333333335
5951,candidate_1,candidate_3,candidate_2,3,0.0033333333333333335
5952,candidate_1,candidate_3,candidate_2,3,0.0033333333333333335
5953,candidate_1,candidate_3,candidate_2,3,0.0033333333333333335
5954,candidate_1,candidate_3,candidate_2,3,0.0033333333333333335
5955,candidate_1,candidate_3,candidate_2,3,0.0033333333333333335
5956,candidate_1,candidate_3,candidate_2,3,0.0033333333333333335
5957,candidate_1,candidate_3,candidate_2,3,0.0033333333333333335
5958,candidate_1,candidate_3,candidate_2,3,0.0033333333333333335
5959,candidate_1,candidate_3,candidate_2,3,0.0033333333333333335
5960,candidate_1,candidate_3,candidate_2,3,0.0033333333333333335
5961,candidate_1,candidate_3,candidate_2,3,0.0033333333333333335
5962,candidate_1,candidate_3,candidate_2,3,0.0033333333333333335
5963,candidate_1,candidate_3,candidate_2,3,0.0033333333333333335
5964,candidate_1,candidate_3,0,3,0.0033333333333333335
5965,candidate_1,candidate_3,candidate_2,3,0.0033333333333333335
5966,candidate_1,candidate_3,candidate_2,3,0.0033333333333333335
5967,candidate_1,candidate_3,candidate_2,3,0.0033333333333333335
5968,candidate_1,candidate_3,candidate_2,3,0.0033333333333333335
5969,candidate_1,candidate_3,candidate_2,3,0.0033333333333333335
5970,candidate_1,candidate_3,candidate_2,3,0.0033333333333333335
5971,candidate_1,candidate_3,candidate_2,3,0.0033333333333333335
5972,candidate_1,candidate_3,candidate_2,3,0.0033333333333333335
5973,candidate_1,candidate_3,candidate_2,3,0.0033333333333333335
5974,candidate_1,candidate_3,candidate_2,3,0.0033333333333333335
5975,candidate_1,candidate_3,candidate_2,3,0.0033333333333333335
5976,candidate_1,candidate_3,candidate_2,3,0.0033333333333333335
5977,candidate_1,candidate_3,candidate_2,3,0.0033333333333333335
5978,candidate_1,candidate_3,candidate_2,3,0.0033333333333333335
5979,candidate_1,candidate_3,candidate_2,3,0.0033333333333333335
5980,candidate_1,candidate_3,candidate_2,3,0.0033333333333333335
5981,candidate_1,candidate_3,candidate_2,3,0.0033333333333333335
5982,candidate_1,candidate_3,candidate_2,3,0.0033333333333333335
5983,candidate_1,candidate_3,candidate_2,3,0.0033333333333333335
5984,candidate_1,candidate_3,candidate_2,3,0.0033333333333333335
5985,candidate_1,candidate_3,candidate_2,3,0.0033333333333333335
5986,candidate_1,candidate_3,candidate_2,3,0.0033333333333333335
5987,candidate_1,candidate_3,candidate_2,3,0.0033333333333333335
5988,candidate_1,candidate_3,candidate_2,3,0.0033333333333333335
5989,candidate_1,candidate_3,candidate_2,3,0.0033333333333333335
5990,candidate_1,candidate_3,candidate_2,3,0.0033333333333333335
5991,candidate_1,candidate_3,candidate_2,3,0.0033333333333333335
5992,candidate_1,candidate_3,candidate_2,3,0.0033333333333333335
5993,candidate_1,candidate_3,candidate_2,3,0.0033333333333333335
5994,candidate_1,candidate_3,candidate_2,3,0.0033333333333333335
5995,candidate_1,candidate_3,candidate_2,3,0.0033333333333333335
5996,candidate_1,candidate_3,candidate_2,3,0.0033333333333333335
5997,candidate_1,candidate_3,candidate_2,3,0.0033333333333333335
5998,candidate_1,candidate_3,candidate_2,3,0.0033333333333333335
5999,candidate_1,candidate_3,candidate_2,3,0.0033333333333333335
6000,candidate_1,candidate_3,candidate_2,3,0.0033333333333333335
6001,candidate_1,candidate_3,candidate_2,3,0.0033333333333333335
6002,candidate_1,candidate_3,candidate_2,3,0.0033333333333333335
6003,candidate_1,candidate_3,candidate_2,3,0.0033333333333333335
6004,candidate_1,candidate_3,candidate_2,3,0.0033333333333333335
6005,candidate_1,candidate_3,candidate_2,3,0.0033333333333333335
6006,candidate_1,candidate_3,0,3,0.0033333333333333335
6007,candidate_1,candidate_3,candidate_2,3,0.0033333333333333335
6008,candidate_1,candidate_3,candidate_2,3,0.0033333333333333335
6009,candidate_1,candidate_3,candidate_2,3,0.0033333333333333335
6010,candidate_1,candidate_3,candidate_2,3,0.0033333333333333335
6011,candidate_1,candidate_3,candidate_2,3,0.0033333333333333335
6012,candidate_1,candidate_3,candidate_2,3,0.0033333333333333335
6013,candidate_1,candidate_3,candidate_2,3,0.0033333333333333335
6014,candidate_1,candidate_3,candidate_2,3,0.0033333333333333335
6015,candidate_1,candidate_3,candidate_2,3,0.0033333333333333335
6016,candidate_1,candidate_3,candidate_2,3,0.0033333333333333335
6017,candidate_1,candidate_3,candidate_2,3,0.0033333333333333335
6018,candidate_1,candidate_3,candidate_2,3,0.0033333333333333335
6019,candidate_1,candidate_3,candidate_2,3,0.0033333333333333335
6020,candidate_1,candidate_3,candidate_2,3,0.0033333333333333335
6021,candidate_1,candidate_3,candidate_2,3,0.0033333333333333335
6022,candidate_1,candidate_3,candidate_2,3,0.0033333333333333335
6023,candidate_1,candidate_3,candidate_2,3,0.0033333333333333335
6024,candidate_1,candidate_3,candidate_2,3,0.0033333333333333335
6025,candidate_1,candidate_3,candidate_2,3,0.0033333333333333335
6026,candidate_1,candidate_3,candidate_2,3,0.0033333333333333335
6027,candidate_1,candidate_3,candidate_2,3,0.0033333333333333335
6028,candidate_1,candidate_3,candidate_2,3,0.0033333333333333335
6029,candidate_1,candidate_3,candidate_2,3,0.0033333333333333335
6030,candidate_1,candidate_3,candidate_2,3,0.0033333333333333335
6031,candidate_1,candidate_3,candidate_2,3,0.0033333333333333335
6032,candidate_1,candidate_3,candidate_2,3,0.0033333333333333335
6033,candidate_1,candidate_3,candidate_2,3,0.0033333333333333335
6034,candidate_1,candidate_3,candidate_2,3,0.0033333333333333335
6035,candidate_1,candidate_3,candidate_2,3,0.0033333333333333335
6036,candidate_1,candidate_3,candidate_2,3,0.0033333333333333335
6037,candidate_1,candidate_3,candidate_2,3,0.0033333333333333335
6038,candidate_1,candidate_3,candidate_2,3,0.0033333333333333335
6039,candidate_1,candidate_3,candidate_2,3,0.0033333333333333335
6040,candidate_1,0,candidate_2,3,0.0033333333333333335
6041,candidate_1,candidate_3,candidate_2,3,0.0033333333333333335
6042,candidate_1,candidate_3,candidate_2,3,0.0033333333333333335
6043,candidate_1,candidate_3,candidate_2,3,0.0033333333333333335
6044,candidate_1,candidate_3,candidate_2,3,0.0033333333333333335
6045,candidate_1,candidate_3,candidate_2,3,0.0033333333333333335
6046,candidate_1,candidate_3,candidate_2,3,0.0033333333333333335
6047,candidate_1,candidate_3,candidate_2,3,0.0033333333333333335
6048,candidate_1,candidate_3,candidate_2,3,0.0033333333333333335
6049,candidate_1,candidate_3,candidate_2,3,0.0033333333333333335
6050,candidate_1,candidate_3,candidate_2,3,0.0033333333333333335
6051,candidate_1,candidate_3,candidate_2,3,0.0033333333333333335
6052,candidate_1,candidate_3,candidate_2,3,0.0033333333333333335
6053,candidate_1,candidate_3,candidate_2,3,0.0033333333333333335
6054,candidate_1,candidate_3,candidate_2,3,0.0033333333333333335
6055,candidate_1,candidate_3,candidate_2,3,0.0033333333333333335
6056,candidate_1,candidate_3,candidate_2,3,0.0033333333333333335
6057,candidate_1,candidate_3,candidate_2,3,0.0033333333333333335
6058,candidate_1,candidate_3,candidate_2,3,0.0033333333333333335
6059,candidate_1,candidate_3,candidate_2,3,0.0033333333333333335
6060,candidate_1,candidate_3,candidate_2,3,0.0033333333333333335
6061,candidate_1,candidate_3,candidate_2,3,0.0033333333333333335
6062,candidate_1,candidate_3,candidate_2,3,0.0033333333333333335
6063,candidate_1,candidate_3,candidate_2,3,0.0033333333333333335
6064,candidate_1,candidate_3,candidate_2,3,0.0033333333333333335
6065,candidate_1,candidate_3,candidate_2,3,0.0033333333333333335
6066,candidate_1,candidate_3,candidate_2,3,0.0033333333333333335
6067,candidate_1,candidate_3,candidate_2,3,0.0033333333333333335
6068,candidate_1,candidate_3,candidate_2,3,0.0033333333333333335
6069,candidate_1,candidate_3,candidate_2,3,0.0033333333333333335
6070,candidate_1,candidate_3,candidate_2,3,0.0033333333333333335
6071,candidate_1,candidate_3,candidate_2,3,0.0033333333333333335
6072,candidate_1,candidate_3,candidate_2,3,0.0033333333333333335
6073,candidate_1,candidate_3,candidate_2,3,0.0033333333333333335
6074,candidate_1,candidate_3,candidate_2,3,0.0033333333333333335
6075,candidate_1,candidate_3,candidate_2,3,0.0033333333333333335
6076,candidate_1,candidate_3,candidate_2,3,0.0033333333333333335
6077,candidate_1,candidate_3,candidate_2,3,0.0033333333333333335
6078,candidate_1,candidate_3,candidate_2,3,0.0033333333333333335
6079,candidate_1,candidate_3,candidate_2,3,0.0033333333333333335
6080,candidate_1,candidate_3,candidate_2,3,0.0033333333333333335
6081,candidate_1,candidate_3,candidate_2,3,0.0033333333333333335
6082,candidate_1,candidate_3,candidate_2,3,0.0033333333333333335
6083,candidate_1,candidate_3,candidate_2,3,0.0033333333333333335
6084,candidate_1,candidate_3,candidate_2,3,0.0033333333333333335
6085,candidate_1,candidate_3,candidate_2,3,0.0033333333333333335
6086,candidate_1,candidate_3,candidate_2,3,0.0033333333333333335
6087,candidate_1,candidate_3,candidate_2,3,0.0033333333333333335
6088,candidate_1,candidate_3,candidate_2,3,0.0033333333333333335
6089,candidate_1,candidate_3,candidate_2,3,0.0033333333333333335
6090,candidate_1,candidate_3,candidate_2,3,0.0033333333333333335
6091,candidate_1,candidate_3,candidate_2,3,0.0033333333333333335
6092,candidate_1,candidate_3,candidate_2,3,0.0033333333333333335
6093,candidate_1,candidate_3,candidate_2,3,0.0033333333333333335
6094,candidate_1,candidate_3,candidate_2,3,0.0033333333333333335
6095,candidate_1,candidate_3,candidate_2,3,0.0033333333333333335
6096,candidate_1,candidate_3,candidate_2,3,0.0033333333333333335
6097,candidate_1,candidate_3,candidate_2,3,0.0033333333333333335
6098,candidate_1,candidate_3,candidate_2,3,0.0033333333333333335
6099,candidate_1,candidate_3,candidate_2,3,0.0033333333333333335
6100,candidate_1,candidate_3,candidate_2,3,0.0033333333333333335
6101,candidate_1,candidate_3,candidate_2,3,0.0033333333333333335
6102,candidate_1,candidate_3,candidate_2,3,0.0033333333333333335
6103,candidate_1,candidate_3,candidate_2,3,0.0033333333333333335
6104,candidate_1,candidate_3,candidate_2,3,0.0033333333333333335
6105,candidate_1,candidate_3,candidate_2,3,0.0033333333333333335
6106,candidate_1,candidate_3,candidate_2,3,0.0033333333333333335
6107,candidate_1,candidate_3,candidate_2,3,0.0033333333333333335
6108,candidate_1,candidate_3,candidate_2,3,0.0033333333333333335
6109,candidate_1,candidate_3,candidate_2,3,0.0033333333333333335
6110,candidate_1,candidate_3,candidate_2,3,0.0033333333333333335
6111,candidate_1,candidate_3,candidate_2,3,0.0033333333333333335
6112,candidate_1,candidate_3,candidate_2,3,0.0033333333333333335
6113,candidate_1,candidate_3,candidate_2,3,0.0033333333333333335
6114,candidate_1,candidate_3,candidate_2,3,0.0033333333333333335
6115,candidate_1,candidate_3,candidate_2,3,0.0033333333333333335
6116,candidate_1,candidate_3,candidate_2,3,0.0033333333333333335
6117,candidate_1,candidate_3,candidate_2,3,0.0033333333333333335
6118,candidate_1,candidate_3,candidate_2,3,0.0033333333333333335
6119,0,candidate_3,candidate_2,3,0.0033333333333333335
6120,candidate_1,candidate_3,candidate_2,3,0.0033333333333333335
6121,candidate_1,candidate_3,candidate_2,3,0.0033333333333333335
6122,candidate_1,candidate_3,candidate_2,3,0.0033333333333333335
6123,candidate_1,candidate_3,candidate_2,3,0.0033333333333333335
6124,candidate_1,candidate_3,candidate_2,3,0.0033333333333333335
6125,candidate_1,candidate_3,candidate_2,3,0.0033333333333333335
6126,candidate_1,candidate_3,candidate_2,3,0.0033333333333333335
6127,candidate_1,candidate_3,candidate_2,3,0.0033333333333333335
6128,candidate_1,candidate_3,candidate_2,3,0.0033333333333333335
6129,candidate_1,candidate_3,candidate_2,3,0.0033333333333333335
6130,candidate_1,candidate_3,candidate_2,3,0.0033333333333333335
6131,candidate_1,candidate_3,candidate_2,3,0.0033333333333333335
6132,candidate_1,candidate_3,candidate_2,3,0.0033333333333333335
6133,candidate_1,candidate_3,candidate_2,3,0.0033333333333333335
6134,candidate_1,candidate_3,candidate_2,3,0.0033333333333333335
6135,candidate_1,candidate_3,candidate_2,3,0.0033333333333333335
6136,candidate_1,candidate_3,candidate_2,3,0.0033333333333333335
6137,candidate_1,candidate_3,candidate_2,3,0.0033333333333333335
6138,candidate_1,candidate_3,candidate_2,3,0.0033333333333333335
6139,candidate_1,candidate_3,candidate_2,3,0.0033333333333333335
6140,candidate_1,candidate_3,candidate_2,3,0.0033333333333333335
6141,candidate_1,candidate_3,candidate_2,3,0.0033333333333333335
6142,candidate_1,candidate_3,candidate_2,3,0.0033333333333333335
6143,candidate_1,candidate_3,candidate_2,3,0.0033333333333333335
6144,candidate_1,candidate_3,candidate_2,3,0.0033333333333333335
6145,candidate_1,candidate_3,candidate_2,3,0.0033333333333333335
6146,candidate_1,candidate_3,candidate_2,3,0.0033333333333333335
6147,candidate_1,candidate_3,candidate_2,3,0.0033333333333333335
6148,candidate_1,candidate_3,candidate_2,3,0.0033333333333333335
6149,candidate_1,candidate_3,candidate_2,3,0.0033333333333333335
6150,candidate_1,candidate_3,candidate_2,3,0.0033333333333333335
6151,candidate_1,candidate_3,candidate_2,3,0.0033333333333333335
6152,candidate_1,candidate_3,candidate_2,3,0.0033333333333333335
6153,candidate_1,candidate_3,candidate_2,3,0.0033333333333333335
6154,candidate_1,candidate_3,candidate_2,3,0.0033333333333333335
6155,candidate_1,candidate_3,candidate_2,3,0.0033333333333333335
6156,candidate_1,candidate_3,candidate_2,3,0.0033333333333333335
6157,candidate_1,candidate_3,candidate_2,3,0.0033333333333333335
6158,candidate_1,candidate_3,candidate_2,3,0.0033333333333333335
6159,candidate_1,candidate_3,candidate_2,3,0.0033333333333333335
6160,candidate_1,candidate_3,candidate_2,3,0.0033333333333333335
6161,candidate_1,candidate_3,candidate_2,3,0.0033333333333333335
6162,candidate_1,candidate_3,candidate_2,3,0.0033333333333333335
6163,candidate_1,candidate_3,candidate_2,3,0.0033333333333333335
6164,candidate_1,candidate_3,candidate_2,3,0.0033333333333333335
6165,candidate_1,candidate_3,candidate_2,3,0.0033333333333333335
6166,candidate_1,candidate_3,candidate_2,3,0.0033333333333333335
6167,candidate_1,candidate_3,candidate_2,3,0.0033333333333333335
6168,candidate_1,candidate_3,candidate_2,3,0.0033333333333333335
6169,candidate_1,candidate_3,candidate_2,3,0.0033333333333333335
6170,candidate_1,candidate_3,candidate_2,3,0.0033333333333333335
6171,candidate_1,candidate_3,candidate_2,3,0.0033333333333333335
6172,candidate_1,candidate_3,candidate_2,3,0.0033333333333333335
6173,candidate_1,candidate_3,candidate_2,3,0.0033333333333333335
6174,candidate_1,candidate_3,candidate_2,3,0.0033333333333333335
6175,candidate_1,candidate_3,candidate_2,3,0.0033333333333333335
6176,candidate_1,candidate_3,candidate_2,3,0.0033333333333333335
6177,candidate_1,candidate_3,candidate_2,3,0.0033333333333333335
6178,candidate_1,candidate_3,candidate_2,3,0.0033333333333333335
6179,candidate_1,candidate_3,candidate_2,3,0.0033333333333333335
6180,candidate_1,candidate_3,candidate_2,3,0.0033333333333333335
6181,candidate_1,candidate_3,candidate_2,3,0.0033333333333333335
6182,candidate_1,candidate_3,candidate_2,3,0.0033333333333333335
6183,candidate_1,candidate_3,candidate_2,3,0.0033333333333333335
6184,candidate_1,candidate_3,candidate_2,3,0.0033333333333333335
6185,candidate_1,candidate_3,candidate_2,3,0.0033333333333333335
6186,candidate_1,candidate_3,candidate_2,3,0.0033333333333333335
6187,candidate_1,candidate_3,candidate_2,3,0.0033333333333333335
6188,candidate_1,candidate_3,candidate_2,3,0.0033333333333333335
6189,candidate_1,candidate_3,candidate_2,3,0.0033333333333333335
6190,candidate_1,candidate_3,candidate_2,3,0.0033333333333333335
6191,candidate_1,candidate_3,candidate_2,3,0.0033333333333333335
6192,candidate_1,candidate_3,candidate_2,3,0.0033333333333333335
6193,candidate_1,candidate_3,candidate_2,3,0.0033333333333333335
6194,candidate_1,candidate_3,candidate_2,3,0.0033333333333333335
6195,candidate_1,candidate_3,candidate_2,3,0.0033333333333333335
6196,candidate_1,candidate_3,candidate_2,3,0.0033333333333333335
6197,candidate_1,candidate_3,candidate_2,3,0.0033333333333333335
6198,candidate_1,candidate_3,candidate_2,3,0.0033333333333333335
6199,candidate_1,candidate_3,candidate_2,3,0.0033333333333333335
6200,candidate_1,candidate_3,candidate_2,3,0.0033333333333333335
6201,candidate_1,candidate_3,candidate_2,3,0.0033333333333333335
6202,candidate_1,candidate_3,candidate_2,3,0.0033333333333333335
6203,candidate_1,candidate_3,candidate_2,3,0.0033333333333333335
6204,candidate_1,candidate_3,candidate_2,3,0.0033333333333333335
6205,candidate_1,candidate_3,candidate_2,3,0.0033333333333333335
6206,candidate_1,candidate_3,candidate_2,3,0.0033333333333333335
6207,candidate_1,candidate_3,candidate_2,3,0.0033333333333333335
6208,candidate_1,candidate_3,candidate_2,3,0.0033333333333333335
6209,candidate_1,candidate_3,candidate_2,3,0.0033333333333333335
6210,candidate_1,candidate_3,candidate_2,3,0.0033333333333333335
6211,candidate_1,candidate_3,candidate_2,3,0.0033333333333333335
6212,candidate_1,candidate_3,candidate_2,3,0.0033333333333333335
6213,candidate_1,candidate_3,candidate_2,3,0.0033333333333333335
6214,candidate_1,candidate_3,candidate_2,3,0.0033333333333333335
6215,candidate_1,candidate_3,candidate_2,3,0.0033333333333333335
6216,candidate_1,candidate_3,candidate_2,3,0.0033333333333333335
6217,candidate_1,candidate_3,candidate_2,3,0.0033333333333333335
6218,candidate_1,candidate_3,candidate_2,3,0.0033333333333333335
6219,candidate_1,candidate_3,candidate_2,3,0.0033333333333333335
6220,candidate_1,candidate_3,candidate_2,3,0.0033333333333333335
6221,candidate_1,candidate_3,candidate_2,3,0.0033333333333333335
6222,candidate_1,candidate_3,candidate_2,3,0.0033333333333333335
6223,candidate_1,candidate_3,candidate_2,3,0.0033333333333333335
6224,candidate_1,candidate_3,candidate_2,3,0.0033333333333333335
6225,candidate_1,candidate_3,candidate_2,3,0.0033333333333333335
6226,candidate_1,candidate_3,candidate_2,3,0.0033333333333333335
6227,candidate_1,candidate_3,candidate_2,3,0.0033333333333333335
6228,candidate_1,candidate_3,candidate_2,3,0.0033333333333333335
6229,candidate_1,candidate_3,candidate_2,3,0.0033333333333333335
6230,candidate_1,candidate_3,candidate_2,3,0.0033333333333333335
6231,candidate_1,candidate_3,candidate_2,3,0.0033333333333333335
6232,candidate_1,candidate_3,candidate_2,3,0.0033333333333333335
6233,candidate_1,candidate_3,candidate_2,3,0.0033333333333333335
6234,candidate_1,candidate_3,candidate_2,3,0.0033333333333333335
6235,candidate_1,candidate_3,candidate_2,3,0.0033333333333333335
6236,candidate_1,candidate_3,candidate_2,3,0.0033333333333333335
6237,candidate_1,candidate_3,candidate_2,3,0.0033333333333333335
6238,candidate_1,candidate_3,candidate_2,3,0.0033333333333333335
6239,candidate_1,candidate_3,candidate_2,3,0.0033333333333333335
6240,candidate_1,candidate_3,candidate_2,3,0.0033333333333333335
6241,candidate_1,candidate_3,candidate_2,3,0.0033333333333333335
6242,candidate_1,candidate_3,candidate_2,3,0.0033333333333333335
6243,candidate_1,candidate_3,candidate_2,3,0.0033333333333333335
6244,candidate_1,candidate_3,candidate_2,3,0.0033333333333333335
6245,candidate_1,candidate_3,candidate_2,3,0.0033333333333333335
6246,candidate_1,candidate_3,candidate_2,3,0.0033333333333333335
6247,candidate_1,candidate_3,candidate_2,3,0.0033333333333333335
6248,candidate_1,candidate_3,candidate_2,3,0.0033333333333333335
6249,candidate_1,candidate_3,candidate_2,3,0.0033333333333333335
6250,candidate_1,candidate_3,candidate_2,3,0.0033333333333333335
6251,candidate_1,candidate_3,candidate_2,3,0.0033333333333333335
6252,candidate_1,candidate_3,candidate_2,3,0.0033333333333333335
6253,candidate_1,candidate_3,candidate_2,3,0.0033333333333333335
6254,candidate_1,candidate_3,candidate_2,3,0.0033333333333333335
6255,candidate_1,candidate_3,candidate_2,3,0.0033333333333333335
6256,candidate_1,candidate_3,candidate_2,3,0.0033333333333333335
6257,candidate_1,candidate_3,candidate_2,3,0.0033333333333333335
6258,candidate_1,candidate_3,candidate_2,3,0.0033333333333333335
6259,candidate_1,candidate_3,candidate_2,3,0.0033333333333333335
6260,candidate_1,candidate_3,candidate_2,3,0.0033333333333333335
6261,candidate_1,candidate_3,candidate_2,3,0.0033333333333333335
6262,candidate_1,candidate_3,candidate_2,3,0.0033333333333333335
6263,candidate_1,candidate_3,candidate_2,3,0.0033333333333333335
6264,candidate_1,candidate_3,candidate_2,3,0.0033333333333333335
6265,candidate_1,candidate_3,candidate_2,3,0.0033333333333333335
6266,candidate_1,candidate_3,candidate_2,3,0.0033333333333333335
6267,candidate_1,candidate_3,candidate_2,3,0.0033333333333333335
6268,candidate_1,candidate_3,candidate_2,3,0.0033333333333333335
6269,candidate_1,candidate_3,candidate_2,3,0.0033333333333333335
6270,candidate_1,candidate_3,candidate_2,3,0.0033333333333333335
6271,candidate_1,candidate_3,candidate_2,3,0.0033333333333333335
6272,candidate_1,candidate_3,candidate_2,3,0.0033333333333333335
6273,candidate_1,candidate_3,candidate_2,3,0.0033333333333333335
6274,candidate_1,candidate_3,candidate_2,3,0.0033333333333333335
6275,candidate_1,candidate_3,candidate_2,3,0.0033333333333333335
6276,candidate_1,candidate_3,candidate_2,3,0.0033333333333333335
6277,candidate_1,candidate_3,candidate_2,3,0.0033333333333333335
6278,candidate_1,candidate_3,candidate_2,3,0.0033333333333333335
6279,candidate_1,candidate_3,candidate_2,3,0.0033333333333333335
6280,candidate_1,candidate_3,candidate_2,3,0.0033333333333333335
6281,candidate_1,candidate_3,candidate_2,3,0.0033333333333333335
6282,candidate_1,candidate_3,candidate_2,3,0.0033333333333333335
6283,candidate_1,candidate_3,candidate_2,3,0.0033333333333333335
6284,candidate_1,candidate_3,candidate_2,3,0.0033333333333333335
6285,candidate_1,candidate_3,candidate_2,3,0.0033333333333333335
6286,candidate_1,candidate_3,candidate_2,3,0.0033333333333333335
6287,candidate_1,candidate_3,candidate_2,3,0.0033333333333333335
6288,candidate_1,candidate_3,candidate_2,3,0.0033333333333333335
6289,candidate_1,candidate_3,candidate_2,3,0.0033333333333333335
6290,candidate_1,candidate_3,candidate_2,3,0.0033333333333333335
6291,candidate_1,candidate_3,candidate_2,3,0.0033333333333333335
6292,candidate_1,candidate_3,candidate_2,3,0.0033333333333333335
6293,candidate_1,candidate_3,candidate_2,3,0.0033333333333333335
6294,candidate_1,candidate_3,candidate_2,3,0.0033333333333333335
6295,candidate_1,candidate_3,candidate_2,3,0.0033333333333333335
6296,candidate_1,candidate_3,candidate_2,3,0.0033333333333333335
6297,candidate_1,candidate_3,candidate_2,3,0.0033333333333333335
6298,candidate_1,candidate_3,candidate_2,3,0.0033333333333333335
6299,candidate_1,candidate_3,candidate_2,3,0.0033333333333333335
6300,candidate_1,candidate_3,candidate_2,3,0.0033333333333333335
6301,candidate_1,candidate_3,candidate_2,3,0.0033333333333333335
6302,candidate_1,candidate_3,candidate_2,3,0.0033333333333333335
6303,candidate_1,candidate_3,candidate_2,3,0.0033333333333333335
6304,candidate_1,candidate_3,candidate_2,3,0.0033333333333333335
6305,candidate_1,candidate_3,candidate_2,3,0.0033333333333333335
6306,candidate_1,candidate_3,candidate_2,3,0.0033333333333333335
6307,candidate_1,candidate_3,candidate_2,3,0.0033333333333333335
6308,candidate_1,candidate_3,candidate_2,3,0.0033333333333333335
6309,candidate_1,candidate_3,candidate_2,3,0.0033333333333333335
6310,candidate_1,candidate_3,candidate_2,3,0.0033333333333333335
6311,candidate_1,candidate_3,candidate_2,3,0.0033333333333333335
6312,candidate_1,candidate_3,candidate_2,3,0.0033333333333333335
6313,candidate_1,candidate_3,candidate_2,3,0.0033333333333333335
6314,candidate_1,candidate_3,candidate_2,3,0.0033333333333333335
6315,candidate_1,candidate_3,candidate_2,3,0.0033333333333333335
6316,candidate_1,candidate_3,candidate_2,3,0.0033333333333333335
6317,candidate_1,candidate_3,candidate_2,3,0.0033333333333333335
6318,candidate_1,candidate_3,candidate_2,3,0.0033333333333333335
6319,candidate_1,candidate_3,candidate_2,3,0.0033333333333333335
6320,candidate_1,candidate_3,candidate_2,3,0.0033333333333333335
6321,candidate_1,candidate_3,candidate_2,3,0.0033333333333333335
6322,candidate_1,candidate_3,candidate_2,3,0.0033333333333333335
6323,candidate_1,candidate_3,candidate_2,3,0.0033333333333333335
6324,candidate_1,candidate_3,candidate_2,3,0.0033333333333333335
6325,candidate_1,candidate_3,candidate_2,3,0.0033333333333333335
6326,candidate_1,candidate_3,candidate_2,3,0.0033333333333333335
6327,candidate_1,candidate_3,candidate_2,3,0.0033333333333333335
6328,candidate_1,candidate_3,candidate_2,3,0.0033333333333333335
6329,candidate_1,candidate_3,candidate_2,3,0.0033333333333333335
6330,candidate_1,candidate_3,candidate_2,3,0.0033333333333333335
6331,candidate_1,candidate_3,candidate_2,3,0.0033333333333333335
6332,candidate_1,candidate_3,candidate_2,3,0.0033333333333333335
6333,candidate_1,candidate_3,candidate_2,3,0.0033333333333333335
6334,candidate_1,candidate_3,candidate_2,3,0.0033333333333333335
6335,candidate_1,candidate_3,candidate_2,3,0.0033333333333333335
6336,candidate_1,candidate_3,candidate_2,3,0.0033333333333333335
6337,candidate_1,candidate_3,candidate_2,3,0.0033333333333333335
6338,candidate_1,candidate_3,candidate_2,3,0.0033333333333333335
6339,candidate_1,candidate_3,candidate_2,3,0.0033333333333333335
6340,candidate_1,candidate_3,candidate_2,3,0.0033333333333333335
6341,candidate_1,candidate_3,candidate_2,3,0.0033333333333333335
6342,candidate_1,candidate_3,candidate_2,3,0.0033333333333333335
6343,candidate_1,candidate_3,candidate_2,3,0.0033333333333333335
6344,candidate_1,candidate_3,candidate_2,3,0.0033333333333333335
6345,candidate_1,candidate_3,candidate_2,3,0.0033333333333333335
6346,candidate_1,candidate_3,candidate_2,3,0.0033333333333333335
6347,candidate_1,candidate_3,candidate_2,3,0.0033333333333333335
6348,candidate_1,candidate_3,candidate_2,3,0.0033333333333333335
6349,candidate_1,candidate_3,candidate_2,3,0.0033333333333333335
6350,candidate_1,candidate_3,candidate_2,3,0.0033333333333333335
6351,candidate_1,candidate_3,candidate_2,3,0.0033333333333333335
6352,candidate_1,candidate_3,candidate_2,3,0.0033333333333333335
6353,candidate_1,candidate_3,candidate_2,3,0.0033333333333333335
6354,candidate_1,candidate_3,candidate_2,3,0.0033333333333333335
6355,candidate_1,candidate_3,candidate_2,3,0.0033333333333333335
6356,candidate_1,candidate_3,candidate_2,3,0.0033333333333333335
6357,candidate_1,candidate_3,candidate_2,3,0.0033333333333333335
6358,candidate_1,candidate_3,candidate_2,3,0.0033333333333333335
6359,candidate_1,candidate_3,candidate_2,3,0.0033333333333333335
6360,candidate_1,candidate_3,candidate_2,3,0.0033333333333333335
6361,candidate_1,candidate_3,candidate_2,3,0.0033333333333333335
6362,candidate_1,candidate_3,candidate_2,3,0.0033333333333333335
6363,candidate_1,candidate_3,candidate_2,3,0.0033333333333333335
6364,candidate_1,candidate_3,0,3,0.0033333333333333335
6365,candidate_1,candidate_3,candidate_2,3,0.0033333333333333335
6366,candidate_1,candidate_3,candidate_2,3,0.0033333333333333335
6367,candidate_1,candidate_3,candidate_2,3,0.0033333333333333335
6368,candidate_1,candidate_3,candidate_2,3,0.0033333333333333335
6369,candidate_1,candidate_3,candidate_2,3,0.0033333333333333335
6370,candidate_1,candidate_3,candidate_2,3,0.0033333333333333335
6371,candidate_1,candidate_3,candidate_2,3,0.0033333333333333335
6372,candidate_1,candidate_3,candidate_2,3,0.0033333333333333335
6373,candidate_1,candidate_3,candidate_2,3,0.0033333333333333335
6374,candidate_1,candidate_3,candidate_2,3,0.0033333333333333335
6375,candidate_1,candidate_3,candidate_2,3,0.0033333333333333335
6376,candidate_1,candidate_3,candidate_2,3,0.0033333333333333335
6377,candidate_1,candidate_3,candidate_2,3,0.0033333333333333335
6378,candidate_1,candidate_3,candidate_2,3,0.0033333333333333335
6379,candidate_1,candidate_3,candidate_2,3,0.0033333333333333335
6380,candidate_1,candidate_3,candidate_2,3,0.0033333333333333335
6381,candidate_1,candidate_3,candidate_2,3,0.0033333333333333335
6382,candidate_1,candidate_3,candidate_2,3,0.0033333333333333335
6383,candidate_1,candidate_3,candidate_2,3,0.0033333333333333335
6384,candidate_1,candidate_3,candidate_2,3,0.0033333333333333335
6385,candidate_1,candidate_3,candidate_2,3,0.0033333333333333335
6386,candidate_1,candidate_3,candidate_2,3,0.0033333333333333335
6387,candidate_1,candidate_3,candidate_2,3,0.0033333333333333335
6388,candidate_1,candidate_3,candidate_2,3,0.0033333333333333335
6389,candidate_1,candidate_3,candidate_2,3,0.0033333333333333335
6390,candidate_1,candidate_3,candidate_2,3,0.0033333333333333335
6391,candidate_1,candidate_3,candidate_2,3,0.0033333333333333335
6392,candidate_1,candidate_3,candidate_2,3,0.0033333333333333335
6393,candidate_1,candidate_3,candidate_2,3,0.0033333333333333335
6394,candidate_1,candidate_3,candidate_2,3,0.0033333333333333335
6395,candidate_1,candidate_3,candidate_2,3,0.0033333333333333335
6396,candidate_1,candidate_3,candidate_2,3,0.0033333333333333335
6397,candidate_1,0,candidate_2,3,0.0033333333333333335
6398,candidate_1,candidate_3,candidate_2,3,0.0033333333333333335
6399,candidate_1,candidate_3,candidate_2,3,0.0033333333333333335
6400,candidate_1,candidate_3,candidate_2,3,0.0033333333333333335
6401,candidate_1,candidate_3,candidate_2,3,0.0033333333333333335
6402,candidate_1,candidate_3,candidate_2,3,0.0033333333333333335
6403,candidate_1,candidate_3,candidate_2,3,0.0033333333333333335
6404,candidate_1,candidate_3,candidate_2,3,0.0033333333333333335
6405,candidate_1,candidate_3,candidate_2,3,0.0033333333333333335
6406,candidate_1,candidate_3,candidate_2,3,0.0033333333333333335
6407,candidate_1,candidate_3,candidate_2,3,0.0033333333333333335
6408,candidate_1,candidate_3,candidate_2,3,0.0033333333333333335
6409,candidate_1,candidate_3,candidate_2,3,0.0033333333333333335
6410,candidate_1,candidate_3,candidate_2,3,0.0033333333333333335
6411,candidate_1,candidate_3,candidate_2,3,0.0033333333333333335
6412,candidate_1,candidate_3,candidate_2,3,0.0033333333333333335
6413,candidate_1,candidate_3,candidate_2,3,0.0033333333333333335
6414,candidate_1,candidate_3,candidate_2,3,0.0033333333333333335
6415,candidate_1,candidate_3,candidate_2,3,0.0033333333333333335
6416,candidate_1,candidate_3,candidate_2,3,0.0033333333333333335
6417,candidate_1,candidate_3,candidate_2,3,0.0033333333333333335
6418,candidate_1,candidate_3,candidate_2,3,0.0033333333333333335
6419,candidate_1,candidate_3,candidate_2,3,0.0033333333333333335
6420,candidate_1,candidate_3,candidate_2,3,0.0033333333333333335
6421,candidate_1,candidate_3,candidate_2,3,0.0033333333333333335
6422,candidate_1,candidate_3,candidate_2,3,0.0033333333333333335
6423,candidate_1,candidate_3,candidate_2,3,0.0033333333333333335
6424,candidate_1,candidate_3,candidate_2,3,0.0033333333333333335
6425,candidate_1,candidate_3,candidate_2,3,0.0033333333333333335
6426,candidate_1,candidate_3,candidate_2,3,0.0033333333333333335
6427,candidate_1,candidate_3,candidate_2,3,0.0033333333333333335
6428,candidate_1,candidate_3,candidate_2,3,0.0033333333333333335
6429,candidate_1,candidate_3,candidate_2,3,0.0033333333333333335
6430,candidate_1,candidate_3,candidate_2,3,0.0033333333333333335
6431,candidate_1,candidate_3,candidate_2,3,0.0033333333333333335
6432,candidate_1,candidate_3,candidate_2,3,0.0033333333333333335
6433,candidate_1,candidate_3,candidate_2,3,0.0033333333333333335
6434,candidate_1,candidate_3,candidate_2,3,0.0033333333333333335
6435,candidate_1,candidate_3,candidate_2,3,0.0033333333333333335
6436,candidate_1,candidate_3,candidate_2,3,0.0033333333333333335
6437,candidate_1,candidate_3,candidate_2,3,0.0033333333333333335
6438,candidate_1,candidate_3,candidate_2,3,0.0033333333333333335
6439,candidate_1,candidate_3,candidate_2,3,0.0033333333333333335
6440,candidate_1,candidate_3,candidate_2,3,0.0033333333333333335
6441,candidate_1,candidate_3,candidate_2,3,0.0033333333333333335
6442,candidate_1,candidate_3,candidate_2,3,0.0033333333333333335
6443,candidate_1,candidate_3,candidate_2,3,0.0033333333333333335
6444,candidate_1,candidate_3,candidate_2,3,0.0033333333333333335
6445,candidate_1,candidate_3,candidate_2,3,0.0033333333333333335
6446,candidate_1,candidate_3,candidate_2,3,0.0033333333333333335
6447,candidate_1,candidate_3,candidate_2,3,0.0033333333333333335
6448,candidate_1,candidate_3,candidate_2,3,0.0033333333333333335
6449,candidate_1,candidate_3,candidate_2,3,0.0033333333333333335
6450,candidate_1,candidate_3,candidate_2,3,0.0033333333333333335
6451,candidate_1,candidate_3,candidate_2,3,0.0033333333333333335
6452,candidate_1,candidate_3,candidate_2,3,0.0033333333333333335
6453,candidate_1,candidate_3,candidate_2,3,0.0033333333333333335
6454,candidate_1,candidate_3,candidate_2,3,0.0033333333333333335
6455,candidate_1,candidate_3,candidate_2,3,0.0033333333333333335
6456,candidate_1,candidate_3,candidate_2,3,0.0033333333333333335
6457,candidate_1,candidate_3,candidate_2,3,0.0033333333333333335
6458,candidate_1,candidate_3,candidate_2,3,0.0033333333333333335
6459,candidate_1,candidate_3,candidate_2,3,0.0033333333333333335
6460,candidate_1,candidate_3,candidate_2,3,0.0033333333333333335
6461,candidate_1,candidate_3,candidate_2,3,0.0033333333333333335
6462,candidate_1,candidate_3,candidate_2,3,0.0033333333333333335
6463,candidate_1,candidate_3,candidate_2,3,0.0033333333333333335
6464,candidate_1,candidate_3,candidate_2,3,0.0033333333333333335
6465,candidate_1,candidate_3,candidate_2,3,0.0033333333333333335
6466,candidate_1,candidate_3,candidate_2,3,0.0033333333333333335
6467,candidate_1,candidate_3,candidate_2,3,0.0033333333333333335
6468,candidate_1,candidate_3,candidate_2,3,0.0033333333333333335
6469,candidate_1,candidate_3,candidate_2,3,0.0033333333333333335
6470,candidate_1,candidate_3,candidate_2,3,0.0033333333333333335
6471,candidate_1,candidate_3,candidate_2,3,0.0033333333333333335
6472,candidate_1,candidate_3,candidate_2,3,0.0033333333333333335
6473,candidate_1,candidate_3,candidate_2,3,0.0033333333333333335
6474,candidate_1,candidate_3,candidate_2,3,0.0033333333333333335
6475,candidate_1,candidate_3,candidate_2,3,0.0033333333333333335
6476,candidate_1,candidate_3,candidate_2,3,0.0033333333333333335
6477,candidate_1,candidate_3,candidate_2,3,0.0033333333333333335
6478,candidate_1,candidate_3,candidate_2,3,0.0033333333333333335
6479,candidate_1,candidate_3,candidate_2,3,0.0033333333333333335
6480,candidate_1,candidate_3,candidate_2,3,0.0033333333333333335
6481,candidate_1,candidate_3,candidate_2,3,0.0033333333333333335
6482,candidate_1,candidate_3,candidate_2,3,0.0033333333333333335
6483,candidate_1,candidate_3,candidate_2,3,0.0033333333333333335
6484,candidate_1,candidate_3,candidate_2,3,0.0033333333333333335
6485,candidate_1,candidate_3,candidate_2,3,0.0033333333333333335
6486,candidate_1,candidate_3,candidate_2,3,0.0033333333333333335
6487,candidate_1,candidate_3,candidate_2,3,0.0033333333333333335
6488,candidate_1,candidate_3,candidate_2,3,0.0033333333333333335
6489,candidate_1,candidate_3,candidate_2,3,0.0033333333333333335
6490,candidate_1,candidate_3,candidate_2,3,0.0033333333333333335
6491,candidate_1,candidate_3,candidate_2,3,0.0033333333333333335
6492,candidate_1,candidate_3,candidate_2,3,0.0033333333333333335
6493,candidate_1,candidate_3,candidate_2,3,0.0033333333333333335
6494,candidate_1,candidate_3,candidate_2,3,0.0033333333333333335
6495,candidate_1,candidate_3,candidate_2,3,0.0033333333333333335
6496,candidate_1,candidate_3,candidate_2,3,0.0033333333333333335
6497,candidate_1,candidate_3,candidate_2,3,0.0033333333333333335
6498,candidate_1,candidate_3,candidate_2,3,0.0033333333333333335
6499,candidate_1,candidate_3,candidate_2,3,0.0033333333333333335
6500,candidate_1,candidate_3,candidate_2,3,0.0033333333333333335
6501,candidate_1,candidate_3,candidate_2,3,0.0033333333333333335
6502,candidate_1,candidate_3,candidate_2,3,0.0033333333333333335
6503,candidate_1,candidate_3,candidate_2,3,0.0033333333333333335
6504,candidate_1,candidate_3,candidate_2,3,0.0033333333333333335
6505,candidate_1,candidate_3,candidate_2,3,0.0033333333333333335
6506,candidate_1,candidate_3,candidate_2,3,0.0033333333333333335
6507,candidate_1,candidate_3,candidate_2,3,0.0033333333333333335
6508,candidate_1,candidate_3,candidate_2,3,0.0033333333333333335
6509,candidate_1,candidate_3,candidate_2,3,0.0033333333333333335
6510,candidate_1,candidate_3,candidate_2,3,0.0033333333333333335
6511,candidate_1,candidate_3,0,3,0.0033333333333333335
6512,candidate_1,candidate_3,candidate_2,3,0.0033333333333333335
6513,candidate_1,candidate_3,candidate_2,3,0.0033333333333333335
6514,candidate_1,candidate_3,candidate_2,3,0.0033333333333333335
6515,candidate_1,candidate_3,candidate_2,3,0.0033333333333333335
6516,candidate_1,candidate_3,candidate_2,3,0.0033333333333333335
6517,candidate_1,candidate_3,candidate_2,3,0.0033333333333333335
6518,candidate_1,candidate_3,candidate_2,3,0.0033333333333333335
6519,candidate_1,candidate_3,candidate_2,3,0.0033333333333333335
6520,candidate_1,candidate_3,candidate_2,3,0.0033333333333333335
6521,candidate_1,candidate_3,candidate_2,3,0.0033333333333333335
6522,candidate_1,candidate_3,candidate_2,3,0.0033333333333333335
6523,candidate_1,candidate_3,candidate_2,3,0.0033333333333333335
6524,candidate_1,candidate_3,candidate_2,3,0.0033333333333333335
6525,candidate_1,candidate_3,candidate_2,3,0.0033333333333333335
6526,candidate_1,candidate_3,candidate_2,3,0.0033333333333333335
6527,candidate_1,candidate_3,candidate_2,3,0.0033333333333333335
6528,candidate_1,candidate_3,candidate_2,3,0.0033333333333333335
6529,candidate_1,candidate_3,candidate_2,3,0.0033333333333333335
6530,candidate_1,candidate_3,candidate_2,3,0.0033333333333333335
6531,candidate_1,candidate_3,candidate_2,3,0.0033333333333333335
6532,candidate_1,candidate_3,candidate_2,3,0.0033333333333333335
6533,candidate_1,candidate_3,candidate_2,3,0.0033333333333333335
6534,candidate_1,candidate_3,candidate_2,3,0.0033333333333333335
6535,candidate_1,candidate_3,candidate_2,3,0.0033333333333333335
6536,candidate_1,candidate_3,candidate_2,3,0.0033333333333333335
6537,candidate_1,candidate_3,candidate_2,3,0.0033333333333333335
6538,candidate_1,candidate_3,candidate_2,3,0.0033333333333333335
6539,candidate_1,candidate_3,candidate_2,3,0.0033333333333333335
6540,candidate_1,candidate_3,candidate_2,3,0.0033333333333333335
6541,candidate_1,candidate_3,candidate_2,3,0.0033333333333333335
6542,candidate_1,candidate_3,candidate_2,3,0.0033333333333333335
6543,candidate_1,candidate_3,candidate_2,3,0.0033333333333333335
6544,candidate_1,candidate_3,candidate_2,3,0.0033333333333333335
6545,candidate_1,candidate_3,candidate_2,3,0.0033333333333333335
6546,candidate_1,candidate_3,candidate_2,3,0.0033333333333333335
6547,candidate_1,candidate_3,candidate_2,3,0.0033333333333333335
6548,candidate_1,candidate_3,candidate_2,3,0.0033333333333333335
6549,candidate_1,candidate_3,candidate_2,3,0.0033333333333333335
6550,candidate_1,candidate_3,candidate_2,3,0.0033333333333333335
6551,candidate_1,candidate_3,candidate_2,3,0.0033333333333333335
6552,candidate_1,candidate_3,candidate_2,3,0.0033333333333333335
6553,candidate_1,candidate_3,candidate_2,3,0.0033333333333333335
6554,candidate_1,candidate_3,candidate_2,3,0.0033333333333333335
6555,candidate_1,candidate_3,candidate_2,3,0.0033333333333333335
6556,candidate_1,candidate_3,candidate_2,3,0.0033333333333333335
6557,candidate_1,candidate_3,candidate_2,3,0.0033333333333333335
6558,candidate_1,candidate_3,candidate_2,3,0.0033333333333333335
6559,candidate_1,candidate_3,candidate_2,3,0.0033333333333333335
6560,candidate_1,candidate_3,candidate_2,3,0.0033333333333333335
6561,candidate_1,candidate_3,candidate_2,3,0.0033333333333333335
6562,candidate_1,candidate_3,candidate_2,3,0.0033333333333333335
6563,candidate_1,candidate_3,candidate_2,3,0.0033333333333333335
6564,candidate_1,candidate_3,candidate_2,3,0.0033333333333333335
6565,candidate_1,candidate_3,candidate_2,3,0.0033333333333333335
6566,candidate_1,candidate_3,candidate_2,3,0.0033333333333333335
6567,candidate_1,candidate_3,candidate_2,3,0.0033333333333333335
6568,candidate_1,candidate_3,candidate_2,3,0.0033333333333333335
6569,candidate_1,candidate_3,candidate_2,3,0.0033333333333333335
6570,candidate_1,candidate_3,candidate_2,3,0.0033333333333333335
6571,candidate_1,candidate_3,candidate_2,3,0.0033333333333333335
6572,candidate_1,candidate_3,candidate_2,3,0.0033333333333333335
6573,candidate_1,candidate_3,candidate_2,3,0.0033333333333333335
6574,candidate_1,candidate_3,candidate_2,3,0.0033333333333333335
6575,candidate_1,candidate_3,candidate_2,3,0.0033333333333333335
6576,candidate_1,candidate_3,candidate_2,3,0.0033333333333333335
6577,candidate_1,candidate_3,candidate_2,3,0.0033333333333333335
6578,candidate_1,candidate_3,candidate_2,3,0.0033333333333333335
6579,candidate_1,candidate_3,candidate_2,3,0.0033333333333333335
6580,candidate_1,candidate_3,candidate_2,3,0.0033333333333333335
6581,candidate_1,candidate_3,candidate_2,3,0.0033333333333333335
6582,candidate_1,candidate_3,candidate_2,3,0.0033333333333333335
6583,candidate_1,candidate_3,candidate_2,3,0.0033333333333333335
6584,candidate_1,candidate_3,candidate_2,3,0.0033333333333333335
6585,candidate_1,candidate_3,candidate_2,3,0.0033333333333333335
6586,candidate_1,candidate_3,candidate_2,3,0.0033333333333333335
6587,candidate_1,candidate_3,candidate_2,3,0.0033333333333333335
6588,candidate_1,candidate_3,candidate_2,3,0.0033333333333333335
6589,candidate_1,candidate_3,candidate_2,3,0.0033333333333333335
6590,candidate_1,candidate_3,candidate_2,3,0.0033333333333333335
6591,candidate_1,candidate_3,candidate_2,3,0.0033333333333333335
6592,candidate_1,candidate_3,candidate_2,3,0.0033333333333333335
6593,candidate_1,candidate_3,candidate_2,3,0.0033333333333333335
6594,candidate_1,candidate_3,candidate_2,3,0.0033333333333333335
6595,candidate_1,candidate_3,candidate_2,3,0.0033333333333333335
6596,candidate_1,candidate_3,candidate_2,3,0.0033333333333333335
6597,candidate_1,candidate_3,candidate_2,3,0.0033333333333333335
6598,candidate_1,candidate_3,candidate_2,3,0.0033333333333333335
6599,candidate_1,candidate_3,candidate_2,3,0.0033333333333333335
6600,candidate_1,candidate_3,candidate_2,3,0.0033333333333333335
6601,candidate_1,candidate_3,candidate_2,3,0.0033333333333333335
6602,candidate_1,candidate_3,candidate_2,3,0.0033333333333333335
6603,candidate_1,candidate_3,candidate_2,3,0.0033333333333333335
6604,candidate_1,candidate_3,candidate_2,3,0.0033333333333333335
6605,candidate_1,candidate_3,candidate_2,3,0.0033333333333333335
6606,candidate_1,candidate_3,candidate_2,3,0.0033333333333333335
6607,candidate_1,candidate_3,candidate_2,3,0.0033333333333333335
6608,candidate_1,candidate_3,candidate_2,3,0.0033333333333333335
6609,candidate_1,candidate_3,candidate_2,3,0.0033333333333333335
6610,candidate_1,candidate_3,candidate_2,3,0.0033333333333333335
6611,candidate_1,candidate_3,candidate_2,3,0.0033333333333333335
6612,candidate_1,candidate_3,candidate_2,3,0.0033333333333333335
6613,candidate_1,candidate_3,candidate_2,3,0.0033333333333333335
6614,candidate_1,candidate_3,candidate_2,3,0.0033333333333333335
6615,candidate_1,candidate_3,candidate_2,3,0.0033333333333333335
6616,candidate_1,candidate_3,candidate_2,3,0.0033333333333333335
6617,candidate_1,candidate_3,candidate_2,3,0.0033333333333333335
6618,candidate_1,candidate_3,candidate_2,3,0.0033333333333333335
6619,candidate_1,candidate_3,candidate_2,3,0.0033333333333333335
6620,candidate_1,candidate_3,candidate_2,3,0.0033333333333333335
6621,candidate_1,candidate_3,candidate_2,3,0.0033333333333333335
6622,candidate_1,candidate_3,candidate_2,3,0.0033333333333333335
6623,candidate_1,candidate_3,candidate_2,3,0.0033333333333333335
6624,candidate_1,candidate_3,candidate_2,3,0.0033333333333333335
6625,candidate_1,candidate_3,candidate_2,3,0.0033333333333333335
6626,candidate_1,candidate_3,candidate_2,3,0.0033333333333333335
6627,candidate_1,candidate_3,candidate_2,3,0.0033333333333333335
6628,candidate_1,candidate_3,candidate_2,3,0.0033333333333333335
6629,candidate_1,candidate_3,candidate_2,3,0.0033333333333333335
6630,candidate_1,candidate_3,candidate_2,3,0.0033333333333333335
6631,candidate_1,candidate_3,candidate_2,3,0.0033333333333333335
6632,candidate_1,candidate_3,candidate_2,3,0.0033333333333333335
6633,candidate_1,candidate_3,candidate_2,3,0.0033333333333333335
6634,candidate_1,candidate_3,candidate_2,3,0.0033333333333333335
6635,candidate_1,candidate_3,candidate_2,3,0.0033333333333333335
6636,candidate_1,candidate_3,candidate_2,3,0.0033333333333333335
6637,candidate_1,candidate_3,candidate_2,3,0.0033333333333333335
6638,candidate_1,candidate_3,candidate_2,3,0.0033333333333333335
6639,candidate_1,candidate_3,candidate_2,3,0.0033333333333333335
6640,candidate_1,candidate_3,candidate_2,3,0.0033333333333333335
6641,candidate_1,candidate_3,candidate_2,3,0.0033333333333333335
6642,candidate_1,candidate_3,candidate_2,3,0.0033333333333333335
6643,candidate_1,candidate_3,candidate_2,3,0.0033333333333333335
6644,candidate_1,candidate_3,candidate_2,3,0.0033333333333333335
6645,candidate_1,candidate_3,candidate_2,3,0.0033333333333333335
6646,candidate_1,candidate_3,candidate_2,3,0.0033333333333333335
6647,candidate_1,candidate_3,candidate_2,3,0.0033333333333333335
6648,candidate_1,candidate_3,candidate_2,3,0.0033333333333333335
6649,candidate_1,candidate_3,candidate_2,3,0.0033333333333333335
6650,candidate_1,candidate_3,candidate_2,3,0.0033333333333333335
6651,candidate_1,candidate_3,candidate_2,3,0.0033333333333333335
6652,candidate_1,candidate_3,candidate_2,3,0.0033333333333333335
6653,candidate_1,candidate_3,candidate_2,3,0.0033333333333333335
6654,candidate_1,candidate_3,candidate_2,3,0.0033333333333333335
6655,candidate_1,candidate_3,candidate_2,3,0.0033333333333333335
6656,candidate_1,candidate_3,candidate_2,3,0.0033333333333333335
6657,candidate_1,candidate_3,candidate_2,3,0.0033333333333333335
6658,candidate_1,candidate_3,candidate_2,3,0.0033333333333333335
6659,candidate_1,candidate_3,candidate_2,3,0.0033333333333333335
6660,candidate_1,candidate_3,candidate_2,3,0.0033333333333333335
6661,candidate_1,candidate_3,candidate_2,3,0.0033333333333333335
6662,candidate_1,candidate_3,candidate_2,3,0.0033333333333333335
6663,candidate_1,candidate_3,candidate_2,3,0.0033333333333333335
6664,candidate_1,candidate_3,candidate_2,3,0.0033333333333333335
6665,candidate_1,candidate_3,candidate_2,3,0.0033333333333333335
6666,candidate_1,candidate_3,candidate_2,3,0.0033333333333333335
6667,candidate_1,candidate_3,candidate_2,3,0.0033333333333333335
6668,candidate_1,candidate_3,candidate_2,3,0.0033333333333333335
6669,candidate_1,candidate_3,candidate_2,3,0.0033333333333333335
6670,candidate_1,candidate_3,candidate_2,3,0.0033333333333333335
6671,candidate_1,candidate_3,candidate_2,3,0.0033333333333333335
6672,candidate_1,candidate_3,candidate_2,3,0.0033333333333333335
6673,candidate_1,candidate_3,candidate_2,3,0.0033333333333333335
6674,candidate_1,candidate_3,candidate_2,3,0.0033333333333333335
6675,candidate_1,candidate_3,candidate_2,3,0.0033333333333333335
6676,candidate_1,candidate_3,candidate_2,3,0.0033333333333333335
6677,candidate_1,candidate_3,candidate_2,3,0.0033333333333333335
6678,candidate_1,candidate_3,candidate_2,3,0.0033333333333333335
6679,candidate_1,candidate_3,candidate_2,3,0.0033333333333333335
6680,candidate_1,candidate_3,candidate_2,3,0.0033333333333333335
6681,candidate_1,candidate_3,candidate_2,3,0.0033333333333333335
6682,candidate_1,candidate_3,candidate_2,3,0.0033333333333333335
6683,candidate_1,candidate_3,candidate_2,3,0.0033333333333333335
6684,candidate_1,candidate_3,candidate_2,3,0.0033333333333333335
6685,candidate_1,candidate_3,candidate_2,3,0.0033333333333333335
6686,candidate_1,candidate_3,candidate_2,3,0.0033333333333333335
6687,candidate_1,candidate_3,candidate_2,3,0.0033333333333333335
6688,candidate_1,candidate_3,candidate_2,3,0.0033333333333333335
6689,candidate_1,candidate_3,candidate_2,3,0.0033333333333333335
6690,candidate_1,candidate_3,candidate_2,3,0.0033333333333333335
6691,candidate_1,candidate_3,candidate_2,3,0.0033333333333333335
6692,candidate_1,candidate_3,candidate_2,3,0.0033333333333333335
6693,candidate_1,candidate_3,candidate_2,3,0.0033333333333333335
6694,candidate_1,candidate_3,candidate_2,3,0.0033333333333333335
6695,candidate_1,candidate_3,candidate_2,3,0.0033333333333333335
6696,candidate_1,candidate_3,candidate_2,3,0.0033333333333333335
6697,candidate_1,candidate_3,candidate_2,3,0.0033333333333333335
6698,candidate_1,candidate_3,candidate_2,3,0.0033333333333333335
6699,candidate_1,candidate_3,candidate_2,3,0.0033333333333333335
6700,candidate_1,candidate_3,candidate_2,3,0.0033333333333333335
6701,candidate_1,candidate_3,candidate_2,3,0.0033333333333333335
6702,candidate_1,candidate_3,candidate_2,3,0.0033333333333333335
6703,candidate_1,candidate_3,candidate_2,3,0.0033333333333333335
6704,candidate_1,candidate_3,candidate_2,3,0.0033333333333333335
6705,candidate_1,candidate_3,candidate_2,3,0.0033333333333333335
6706,candidate_1,candidate_3,candidate_2,3,0.0033333333333333335
6707,candidate_1,candidate_3,candidate_2,3,0.0033333333333333335
6708,candidate_1,candidate_3,candidate_2,3,0.0033333333333333335
6709,candidate_1,candidate_3,candidate_2,3,0.0033333333333333335
6710,candidate_1,candidate_3,candidate_2,3,0.0033333333333333335
6711,candidate_1,candidate_3,candidate_2,3,0.0033333333333333335
6712,candidate_1,candidate_3,candidate_2,3,0.0033333333333333335
6713,candidate_1,candidate_3,candidate_2,3,0.0033333333333333335
6714,candidate_1,candidate_3,candidate_2,3,0.0033333333333333335
6715,candidate_1,candidate_3,candidate_2,3,0.0033333333333333335
6716,candidate_1,candidate_3,candidate_2,3,0.0033333333333333335
6717,candidate_1,candidate_3,candidate_2,3,0.0033333333333333335
6718,candidate_1,candidate_3,candidate_2,3,0.0033333333333333335
6719,candidate_1,candidate_3,candidate_2,3,0.0033333333333333335
6720,candidate_1,candidate_3,candidate_2,3,0.0033333333333333335
6721,candidate_1,candidate_3,candidate_2,3,0.0033333333333333335
6722,candidate_1,candidate_3,candidate_2,3,0.0033333333333333335
6723,candidate_1,candidate_3,candidate_2,3,0.0033333333333333335
6724,candidate_1,candidate_3,candidate_2,3,0.0033333333333333335
6725,candidate_1,candidate_3,candidate_2,3,0.0033333333333333335
6726,candidate_1,candidate_3,candidate_2,3,0.0033333333333333335
6727,candidate_1,candidate_3,candidate_2,3,0.0033333333333333335
6728,candidate_1,candidate_3,candidate_2,3,0.0033333333333333335
6729,candidate_1,candidate_3,candidate_2,3,0.0033333333333333335
6730,candidate_1,candidate_3,candidate_2,3,0.0033333333333333335
6731,candidate_1,candidate_3,candidate_2,3,0.0033333333333333335
6732,candidate_1,candidate_3,candidate_2,3,0.0033333333333333335
6733,candidate_1,candidate_3,candidate_2,3,0.0033333333333333335
6734,candidate_1,candidate_3,candidate_2,3,0.0033333333333333335
6735,candidate_1,candidate_3,candidate_2,3,0.0033333333333333335
6736,candidate_1,candidate_3,candidate_2,3,0.0033333333333333335
6737,candidate_1,candidate_3,candidate_2,3,0.0033333333333333335
6738,candidate_1,candidate_3,candidate_2,3,0.0033333333333333335
6739,candidate_1,candidate_3,candidate_2,3,0.0033333333333333335
6740,candidate_1,candidate_3,candidate_2,3,0.0033333333333333335
6741,candidate_1,candidate_3,candidate_2,3,0.0033333333333333335
6742,candidate_1,candidate_3,candidate_2,3,0.0033333333333333335
6743,candidate_1,candidate_3,candidate_2,3,0.0033333333333333335
6744,candidate_1,candidate_3,candidate_2,3,0.0033333333333333335
6745,candidate_1,candidate_3,candidate_2,3,0.0033333333333333335
6746,candidate_1,candidate_3,candidate_2,3,0.0033333333333333335
6747,candidate_1,candidate_3,candidate_2,3,0.0033333333333333335
6748,candidate_1,candidate_3,candidate_2,3,0.0033333333333333335
6749,candidate_1,candidate_3,candidate_2,3,0.0033333333333333335
6750,candidate_1,candidate_3,candidate_2,3,0.0033333333333333335
6751,candidate_1,candidate_3,candidate_2,3,0.0033333333333333335
6752,candidate_1,candidate_3,candidate_2,3,0.0033333333333333335
6753,candidate_1,candidate_3,candidate_2,3,0.0033333333333333335
6754,candidate_1,candidate_3,candidate_2,3,0.0033333333333333335
6755,candidate_1,candidate_3,candidate_2,3,0.0033333333333333335
6756,candidate_1,candidate_3,candidate_2,3,0.0033333333333333335
6757,candidate_1,candidate_3,candidate_2,3,0.0033333333333333335
6758,candidate_1,candidate_3,candidate_2,3,0.0033333333333333335
6759,candidate_1,candidate_3,candidate_2,3,0.0033333333333333335
6760,candidate_1,candidate_3,candidate_2,3,0.0033333333333333335
6761,candidate_1,candidate_3,candidate_2,3,0.0033333333333333335
6762,candidate_1,candidate_3,candidate_2,3,0.0033333333333333335
6763,candidate_1,candidate_3,candidate_2,3,0.0033333333333333335
6764,candidate_1,candidate_3,candidate_2,3,0.0033333333333333335
6765,candidate_1,candidate_3,candidate_2,3,0.0033333333333333335
6766,candidate_1,candidate_3,candidate_2,3,0.0033333333333333335
6767,candidate_1,candidate_3,candidate_2,3,0.0033333333333333335
6768,candidate_1,candidate_3,candidate_2,3,0.0033333333333333335
6769,candidate_1,candidate_3,candidate_2,3,0.0033333333333333335
6770,candidate_1,candidate_3,candidate_2,3,0.0033333333333333335
6771,candidate_1,candidate_3,candidate_2,3,0.0033333333333333335
6772,0,candidate_3,candidate_2,3,0.0033333333333333335
6773,candidate_1,candidate_3,candidate_2,3,0.0033333333333333335
6774,candidate_1,candidate_3,candidate_2,3,0.0033333333333333335
6775,candidate_1,candidate_3,candidate_2,3,0.0033333333333333335
6776,candidate_1,candidate_3,candidate_2,3,0.0033333333333333335
6777,candidate_1,candidate_3,candidate_2,3,0.0033333333333333335
6778,candidate_1,candidate_3,candidate_2,3,0.0033333333333333335
6779,candidate_1,candidate_3,candidate_2,3,0.0033333333333333335
6780,candidate_1,candidate_3,candidate_2,3,0.0033333333333333335
6781,candidate_1,candidate_3,candidate_2,3,0.0033333333333333335
6782,candidate_1,candidate_3,candidate_2,3,0.0033333333333333335
6783,candidate_1,candidate_3,candidate_2,3,0.0033333333333333335
6784,candidate_1,candidate_3,candidate_2,3,0.0033333333333333335
6785,candidate_1,candidate_3,candidate_2,3,0.0033333333333333335
6786,candidate_1,candidate_3,candidate_2,3,0.0033333333333333335
6787,candidate_1,candidate_3,candidate_2,3,0.0033333333333333335
6788,candidate_1,candidate_3,candidate_2,3,0.0033333333333333335
6789,candidate_1,candidate_3,candidate_2,3,0.0033333333333333335
6790,candidate_1,candidate_3,candidate_2,3,0.0033333333333333335
6791,candidate_1,candidate_3,candidate_2,3,0.0033333333333333335
6792,candidate_1,candidate_3,candidate_2,3,0.0033333333333333335
6793,candidate_1,candidate_3,candidate_2,3,0.0033333333333333335
6794,candidate_1,candidate_3,candidate_2,3,0.0033333333333333335
6795,candidate_1,candidate_3,candidate_2,3,0.0033333333333333335
6796,candidate_1,candidate_3,candidate_2,3,0.0033333333333333335
6797,candidate_1,candidate_3,candidate_2,3,0.0033333333333333335
6798,candidate_1,candidate_3,candidate_2,3,0.0033333333333333335
6799,candidate_1,candidate_3,candidate_2,3,0.0033333333333333335
6800,candidate_1,candidate_3,candidate_2,3,0.0033333333333333335
6801,candidate_1,candidate_3,candidate_2,3,0.0033333333333333335
6802,candidate_1,candidate_3,candidate_2,3,0.0033333333333333335
6803,candidate_1,candidate_3,candidate_2,3,0.0033333333333333335
6804,candidate_1,candidate_3,candidate_2,3,0.0033333333333333335
6805,candidate_1,candidate_3,candidate_2,3,0.0033333333333333335
6806,candidate_1,candidate_3,candidate_2,3,0.0033333333333333335
6807,candidate_1,candidate_3,candidate_2,3,0.0033333333333333335
6808,candidate_1,candidate_3,candidate_2,3,0.0033333333333333335
6809,candidate_1,candidate_3,candidate_2,3,0.0033333333333333335
6810,candidate_1,candidate_3,candidate_2,3,0.0033333333333333335
6811,candidate_1,candidate_3,candidate_2,3,0.0033333333333333335
6812,candidate_1,candidate_3,candidate_2,3,0.0033333333333333335
6813,candidate_1,candidate_3,candidate_2,3,0.0033333333333333335
6814,candidate_1,candidate_3,candidate_2,3,0.0033333333333333335
6815,candidate_1,candidate_3,candidate_2,3,0.0033333333333333335
6816,candidate_1,candidate_3,candidate_2,3,0.0033333333333333335
6817,candidate_1,candidate_3,candidate_2,3,0.0033333333333333335
6818,candidate_1,candidate_3,candidate_2,3,0.0033333333333333335
6819,candidate_1,candidate_3,candidate_2,3,0.0033333333333333335
6820,candidate_1,candidate_3,candidate_2,3,0.0033333333333333335
6821,candidate_1,candidate_3,candidate_2,3,0.0033333333333333335
6822,candidate_1,candidate_3,candidate_2,3,0.0033333333333333335
6823,candidate_1,candidate_3,candidate_2,3,0.0033333333333333335
6824,candidate_1,candidate_3,candidate_2,3,0.0033333333333333335
6825,candidate_1,candidate_3,candidate_2,3,0.0033333333333333335
6826,candidate_1,candidate_3,candidate_2,3,0.0033333333333333335
6827,candidate_1,candidate_3,candidate_2,3,0.0033333333333333335
6828,candidate_1,candidate_3,candidate_2,3,0.0033333333333333335
6829,candidate_1,candidate_3,candidate_2,3,0.0033333333333333335
6830,candidate_1,candidate_3,candidate_2,3,0.0033333333333333335
6831,candidate_1,candidate_3,candidate_2,3,0.0033333333333333335
6832,candidate_1,candidate_3,candidate_2,3,0.0033333333333333335
6833,candidate_1,candidate_3,candidate_2,3,0.0033333333333333335
6834,candidate_1,candidate_3,candidate_2,3,0.0033333333333333335
6835,candidate_1,candidate_3,candidate_2,3,0.0033333333333333335
6836,candidate_1,candidate_3,candidate_2,3,0.0033333333333333335
6837,candidate_1,candidate_3,candidate_2,3,0.0033333333333333335
6838,candidate_1,candidate_3,candidate_2,3,0.0033333333333333335
6839,candidate_1,candidate_3,candidate_2,3,0.0033333333333333335
6840,candidate_1,candidate_3,candidate_2,3,0.0033333333333333335
6841,candidate_1,candidate_3,candidate_2,3,0.0033333333333333335
6842,candidate_1,candidate_3,candidate_2,3,0.0033333333333333335
6843,candidate_1,candidate_3,candidate_2,3,0.0033333333333333335
6844,candidate_1,candidate_3,candidate_2,3,0.0033333333333333335
6845,candidate_1,candidate_3,candidate_2,3,0.0033333333333333335
6846,candidate_1,candidate_3,candidate_2,3,0.0033333333333333335
6847,candidate_1,candidate_3,candidate_2,3,0.0033333333333333335
6848,candidate_1,candidate_3,candidate_2,3,0.0033333333333333335
6849,candidate_1,candidate_3,candidate_2,3,0.0033333333333333335
6850,candidate_1,candidate_3,candidate_2,3,0.0033333333333333335
6851,candidate_1,candidate_3,candidate_2,3,0.0033333333333333335
6852,candidate_1,candidate_3,candidate_2,3,0.0033333333333333335
6853,candidate_1,candidate_3,candidate_2,3,0.0033333333333333335
6854,candidate_1,candidate_3,candidate_2,3,0.0033333333333333335
6855,candidate_1,candidate_3,candidate_2,3,0.0033333333333333335
6856,candidate_1,candidate_3,candidate_2,3,0.0033333333333333335
6857,candidate_1,candidate_3,candidate_2,3,0.0033333333333333335
6858,candidate_1,candidate_3,candidate_2,3,0.0033333333333333335
6859,candidate_1,candidate_3,candidate_2,3,0.0033333333333333335
6860,candidate_1,candidate_3,candidate_2,3,0.0033333333333333335
6861,candidate_1,candidate_3,candidate_2,3,0.0033333333333333335
6862,candidate_1,candidate_3,candidate_2,3,0.0033333333333333335
6863,candidate_1,candidate_3,candidate_2,3,0.0033333333333333335
6864,candidate_1,candidate_3,candidate_2,3,0.0033333333333333335
6865,candidate_1,candidate_3,candidate_2,3,0.0033333333333333335
6866,candidate_1,candidate_3,candidate_2,3,0.0033333333333333335
6867,candidate_1,candidate_3,candidate_2,3,0.0033333333333333335
6868,candidate_1,candidate_3,candidate_2,3,0.0033333333333333335
6869,candidate_1,candidate_3,candidate_2,3,0.0033333333333333335
6870,candidate_1,candidate_3,candidate_2,3,0.0033333333333333335
6871,candidate_1,candidate_3,candidate_2,3,0.0033333333333333335
6872,candidate_1,candidate_3,candidate_2,3,0.0033333333333333335
6873,candidate_1,candidate_3,candidate_2,3,0.0033333333333333335
6874,candidate_1,candidate_3,candidate_2,3,0.0033333333333333335
6875,candidate_1,candidate_3,candidate_2,3,0.0033333333333333335
6876,candidate_1,candidate_3,candidate_2,3,0.0033333333333333335
6877,candidate_1,candidate_3,candidate_2,3,0.0033333333333333335
6878,candidate_1,candidate_3,candidate_2,3,0.0033333333333333335
6879,candidate_1,candidate_3,candidate_2,3,0.0033333333333333335
6880,candidate_1,candidate_3,candidate_2,3,0.0033333333333333335
6881,candidate_1,candidate_3,candidate_2,3,0.0033333333333333335
6882,candidate_1,candidate_3,candidate_2,3,0.0033333333333333335
6883,candidate_1,candidate_3,candidate_2,3,0.0033333333333333335
6884,candidate_1,candidate_3,candidate_2,3,0.0033333333333333335
6885,candidate_1,candidate_3,candidate_2,3,0.0033333333333333335
6886,candidate_1,candidate_3,candidate_2,3,0.0033333333333333335
6887,candidate_1,0,candidate_2,3,0.0033333333333333335
6888,candidate_1,candidate_3,candidate_2,3,0.0033333333333333335
6889,candidate_1,candidate_3,candidate_2,3,0.0033333333333333335
6890,candidate_1,candidate_3,candidate_2,3,0.0033333333333333335
6891,candidate_1,candidate_3,candidate_2,3,0.0033333333333333335
6892,candidate_1,candidate_3,candidate_2,3,0.0033333333333333335
6893,candidate_1,candidate_3,candidate_2,3,0.0033333333333333335
6894,candidate_1,candidate_3,candidate_2,3,0.0033333333333333335
6895,candidate_1,candidate_3,candidate_2,3,0.0033333333333333335
6896,candidate_1,candidate_3,candidate_2,3,0.0033333333333333335
6897,candidate_1,candidate_3,candidate_2,3,0.0033333333333333335
6898,candidate_1,candidate_3,candidate_2,3,0.0033333333333333335
6899,candidate_1,candidate_3,candidate_2,3,0.0033333333333333335
6900,candidate_1,candidate_3,candidate_2,3,0.0033333333333333335
6901,candidate_1,candidate_3,candidate_2,3,0.0033333333333333335
6902,candidate_1,candidate_3,candidate_2,3,0.0033333333333333335
6903,candidate_1,candidate_3,candidate_2,3,0.0033333333333333335
6904,candidate_1,candidate_3,candidate_2,3,0.0033333333333333335
6905,candidate_1,candidate_3,candidate_2,3,0.0033333333333333335
6906,candidate_1,candidate_3,candidate_2,3,0.0033333333333333335
6907,candidate_1,candidate_3,candidate_2,3,0.0033333333333333335
6908,candidate_1,candidate_3,candidate_2,3,0.0033333333333333335
6909,candidate_1,candidate_3,candidate_2,3,0.0033333333333333335
6910,candidate_1,candidate_3,candidate_2,3,0.0033333333333333335
6911,candidate_1,candidate_3,candidate_2,3,0.0033333333333333335
6912,candidate_1,candidate_3,candidate_2,3,0.0033333333333333335
6913,candidate_1,candidate_3,candidate_2,3,0.0033333333333333335
6914,candidate_1,candidate_3,candidate_2,3,0.0033333333333333335
6915,candidate_1,candidate_3,candidate_2,3,0.0033333333333333335
6916,candidate_1,candidate_3,candidate_2,3,0.0033333333333333335
6917,candidate_1,candidate_3,candidate_2,3,0.0033333333333333335
6918,candidate_1,candidate_3,candidate_2,3,0.0033333333333333335
6919,candidate_1,candidate_3,candidate_2,3,0.0033333333333333335
6920,candidate_1,candidate_3,candidate_2,3,0.0033333333333333335
6921,candidate_1,candidate_3,candidate_2,3,0.0033333333333333335
6922,candidate_1,candidate_3,candidate_2,3,0.0033333333333333335
6923,candidate_1,candidate_3,candidate_2,3,0.0033333333333333335
6924,candidate_1,candidate_3,candidate_2,3,0.0033333333333333335
6925,candidate_1,candidate_3,candidate_2,3,0.0033333333333333335
6926,candidate_1,candidate_3,candidate_2,3,0.0033333333333333335
6927,candidate_1,candidate_3,candidate_2,3,0.0033333333333333335
6928,candidate_1,candidate_3,candidate_2,3,0.0033333333333333335
6929,candidate_1,candidate_3,candidate_2,3,0.0033333333333333335
6930,candidate_1,candidate_3,candidate_2,3,0.0033333333333333335
6931,candidate_1,candidate_3,candidate_2,3,0.0033333333333333335
6932,candidate_1,candidate_3,candidate_2,3,0.0033333333333333335
6933,candidate_1,candidate_3,candidate_2,3,0.0033333333333333335
6934,candidate_1,candidate_3,candidate_2,3,0.0033333333333333335
6935,candidate_1,candidate_3,candidate_2,3,0.0033333333333333335
6936,candidate_1,candidate_3,candidate_2,3,0.0033333333333333335
6937,candidate_1,candidate_3,candidate_2,3,0.0033333333333333335
6938,candidate_1,candidate_3,candidate_2,3,0.0033333333333333335
6939,candidate_1,candidate_3,candidate_2,3,0.0033333333333333335
6940,candidate_1,candidate_3,candidate_2,3,0.0033333333333333335
6941,candidate_1,candidate_3,candidate_2,3,0.0033333333333333335
6942,candidate_1,candidate_3,candidate_2,3,0.0033333333333333335
6943,candidate_1,candidate_3,candidate_2,3,0.0033333333333333335
6944,candidate_1,candidate_3,candidate_2,3,0.0033333333333333335
6945,candidate_1,candidate_3,candidate_2,3,0.0033333333333333335
6946,candidate_1,candidate_3,candidate_2,3,0.0033333333333333335
6947,candidate_1,candidate_3,candidate_2,3,0.0033333333333333335
6948,candidate_1,candidate_3,candidate_2,3,0.0033333333333333335
6949,candidate_1,candidate_3,candidate_2,3,0.0033333333333333335
6950,candidate_1,candidate_3,candidate_2,3,0.0033333333333333335
6951,candidate_1,candidate_3,candidate_2,3,0.0033333333333333335
6952,candidate_1,candidate_3,candidate_2,3,0.0033333333333333335
6953,candidate_1,candidate_3,candidate_2,3,0.0033333333333333335
6954,candidate_1,candidate_3,candidate_2,3,0.0033333333333333335
6955,candidate_1,candidate_3,candidate_2,3,0.0033333333333333335
6956,candidate_1,candidate_3,candidate_2,3,0.0033333333333333335
6957,candidate_1,candidate_3,candidate_2,3,0.0033333333333333335
6958,candidate_1,candidate_3,candidate_2,3,0.0033333333333333335
6959,candidate_1,candidate_3,candidate_2,3,0.0033333333333333335
6960,candidate_1,candidate_3,candidate_2,3,0.0033333333333333335
6961,candidate_1,candidate_3,candidate_2,3,0.0033333333333333335
6962,candidate_1,candidate_3,candidate_2,3,0.0033333333333333335
6963,candidate_1,candidate_3,candidate_2,3,0.0033333333333333335
6964,candidate_1,candidate_3,candidate_2,3,0.0033333333333333335
6965,candidate_1,candidate_3,candidate_2,3,0.0033333333333333335
6966,candidate_1,candidate_3,candidate_2,3,0.0033333333333333335
6967,candidate_1,candidate_3,candidate_2,3,0.0033333333333333335
6968,candidate_1,candidate_3,candidate_2,3,0.0033333333333333335
6969,candidate_1,candidate_3,candidate_2,3,0.0033333333333333335
6970,candidate_1,candidate_3,candidate_2,3,0.0033333333333333335
6971,candidate_1,candidate_3,candidate_2,3,0.0033333333333333335
6972,candidate_1,candidate_3,candidate_2,3,0.0033333333333333335
6973,candidate_1,candidate_3,candidate_2,3,0.0033333333333333335
6974,candidate_1,candidate_3,candidate_2,3,0.0033333333333333335
6975,candidate_1,candidate_3,candidate_2,3,0.0033333333333333335
6976,candidate_1,candidate_3,candidate_2,3,0.0033333333333333335
6977,candidate_1,candidate_3,candidate_2,3,0.0033333333333333335
6978,candidate_1,candidate_3,candidate_2,3,0.0033333333333333335
6979,candidate_1,candidate_3,candidate_2,3,0.0033333333333333335
6980,candidate_1,candidate_3,candidate_2,3,0.0033333333333333335
6981,candidate_1,candidate_3,candidate_2,3,0.0033333333333333335
6982,candidate_1,candidate_3,candidate_2,3,0.0033333333333333335
6983,candidate_1,candidate_3,candidate_2,3,0.0033333333333333335
6984,candidate_1,candidate_3,candidate_2,3,0.0033333333333333335
6985,candidate_1,candidate_3,candidate_2,3,0.0033333333333333335
6986,candidate_1,candidate_3,candidate_2,3,0.0033333333333333335
6987,candidate_1,candidate_3,candidate_2,3,0.0033333333333333335
6988,candidate_1,candidate_3,candidate_2,3,0.0033333333333333335
6989,candidate_1,candidate_3,candidate_2,3,0.0033333333333333335
6990,candidate_1,candidate_3,candidate_2,3,0.0033333333333333335
6991,candidate_1,candidate_3,candidate_2,3,0.0033333333333333335
6992,candidate_1,candidate_3,candidate_2,3,0.0033333333333333335
6993,candidate_1,candidate_3,candidate_2,3,0.0033333333333333335
6994,candidate_1,candidate_3,candidate_2,3,0.0033333333333333335
6995,candidate_1,candidate_3,candidate_2,3,0.0033333333333333335
6996,candidate_1,candidate_3,candidate_2,3,0.0033333333333333335
6997,candidate_1,candidate_3,candidate_2,3,0.0033333333333333335
6998,candidate_1,candidate_3,candidate_2,3,0.0033333333333333335
6999,candidate_1,candidate_3,candidate_2,3,0.0033333333333333335
7000,candidate_1,candidate_3,candidate_2,3,0.0033333333333333335
7001,candidate_1,candidate_3,candidate_2,3,0.0033333333333333335
7002,candidate_1,candidate_3,candidate_2,3,0.0033333333333333335
7003,candidate_1,candidate_3,candidate_2,3,0.0033333333333333335
7004,candidate_1,0,candidate_2,3,0.0033333333333333335
7005,candidate_1,candidate_3,candidate_2,3,0.0033333333333333335
7006,candidate_1,candidate_3,candidate_2,3,0.0033333333333333335
7007,candidate_1,candidate_3,candidate_2,3,0.0033333333333333335
7008,candidate_1,candidate_3,candidate_2,3,0.0033333333333333335
7009,candidate_1,candidate_3,candidate_2,3,0.0033333333333333335
7010,candidate_1,candidate_3,candidate_2,3,0.0033333333333333335
7011,candidate_1,candidate_3,candidate_2,3,0.0033333333333333335
7012,candidate_1,candidate_3,candidate_2,3,0.0033333333333333335
7013,candidate_1,candidate_3,candidate_2,3,0.0033333333333333335
7014,candidate_1,candidate_3,candidate_2,3,0.0033333333333333335
7015,candidate_1,candidate_3,candidate_2,3,0.0033333333333333335
7016,candidate_1,candidate_3,candidate_2,3,0.0033333333333333335
7017,candidate_1,candidate_3,candidate_2,3,0.0033333333333333335
7018,candidate_1,candidate_3,candidate_2,3,0.0033333333333333335
7019,candidate_1,candidate_3,candidate_2,3,0.0033333333333333335
7020,candidate_1,candidate_3,candidate_2,3,0.0033333333333333335
7021,candidate_1,candidate_3,candidate_2,3,0.0033333333333333335
7022,candidate_1,candidate_3,candidate_2,3,0.0033333333333333335
7023,candidate_1,candidate_3,candidate_2,3,0.0033333333333333335
7024,candidate_1,candidate_3,candidate_2,3,0.0033333333333333335
7025,candidate_1,candidate_3,candidate_2,3,0.0033333333333333335
7026,candidate_1,candidate_3,candidate_2,3,0.0033333333333333335
7027,candidate_1,candidate_3,candidate_2,3,0.0033333333333333335
7028,candidate_1,candidate_3,candidate_2,3,0.0033333333333333335
7029,candidate_1,candidate_3,candidate_2,3,0.0033333333333333335
7030,candidate_1,candidate_3,candidate_2,3,0.0033333333333333335
7031,candidate_1,candidate_3,candidate_2,3,0.0033333333333333335
7032,candidate_1,candidate_3,candidate_2,3,0.0033333333333333335
7033,candidate_1,candidate_3,candidate_2,3,0.0033333333333333335
7034,candidate_1,candidate_3,candidate_2,3,0.0033333333333333335
7035,candidate_1,candidate_3,candidate_2,3,0.0033333333333333335
7036,candidate_1,candidate_3,candidate_2,3,0.0033333333333333335
7037,candidate_1,candidate_3,candidate_2,3,0.0033333333333333335
7038,candidate_1,candidate_3,candidate_2,3,0.0033333333333333335
7039,candidate_1,candidate_3,candidate_2,3,0.0033333333333333335
7040,candidate_1,candidate_3,candidate_2,3,0.0033333333333333335
7041,candidate_1,candidate_3,candidate_2,3,0.0033333333333333335
7042,candidate_1,candidate_3,candidate_2,3,0.0033333333333333335
7043,candidate_1,candidate_3,candidate_2,3,0.0033333333333333335
7044,candidate_1,candidate_3,candidate_2,3,0.0033333333333333335
7045,candidate_1,candidate_3,candidate_2,3,0.0033333333333333335
7046,candidate_1,candidate_3,candidate_2,3,0.0033333333333333335
7047,candidate_1,candidate_3,candidate_2,3,0.0033333333333333335
7048,candidate_1,candidate_3,candidate_2,3,0.0033333333333333335
7049,candidate_1,candidate_3,candidate_2,3,0.0033333333333333335
7050,candidate_1,candidate_3,candidate_2,3,0.0033333333333333335
7051,candidate_1,candidate_3,candidate_2,3,0.0033333333333333335
7052,candidate_1,candidate_3,candidate_2,3,0.0033333333333333335
7053,candidate_1,candidate_3,candidate_2,3,0.0033333333333333335
7054,candidate_1,candidate_3,candidate_2,3,0.0033333333333333335
7055,candidate_1,candidate_3,candidate_2,3,0.0033333333333333335
7056,candidate_1,candidate_3,candidate_2,3,0.0033333333333333335
7057,candidate_1,candidate_3,candidate_2,3,0.0033333333333333335
7058,candidate_1,candidate_3,candidate_2,3,0.0033333333333333335
7059,candidate_1,candidate_3,candidate_2,3,0.0033333333333333335
7060,candidate_1,candidate_3,candidate_2,3,0.0033333333333333335
7061,candidate_1,candidate_3,candidate_2,3,0.0033333333333333335
7062,candidate_1,candidate_3,candidate_2,3,0.0033333333333333335
7063,candidate_1,candidate_3,candidate_2,3,0.0033333333333333335
7064,candidate_1,candidate_3,candidate_2,3,0.0033333333333333335
7065,candidate_1,candidate_3,candidate_2,3,0.0033333333333333335
7066,candidate_1,candidate_3,candidate_2,3,0.0033333333333333335
7067,candidate_1,candidate_3,candidate_2,3,0.0033333333333333335
7068,candidate_1,candidate_3,candidate_2,3,0.0033333333333333335
7069,candidate_1,candidate_3,candidate_2,3,0.0033333333333333335
7070,candidate_1,candidate_3,candidate_2,3,0.0033333333333333335
7071,candidate_1,candidate_3,candidate_2,3,0.0033333333333333335
7072,candidate_1,candidate_3,candidate_2,3,0.0033333333333333335
7073,candidate_1,candidate_3,candidate_2,3,0.0033333333333333335
7074,candidate_1,candidate_3,candidate_2,3,0.0033333333333333335
7075,candidate_1,candidate_3,candidate_2,3,0.0033333333333333335
7076,candidate_1,candidate_3,candidate_2,3,0.0033333333333333335
7077,candidate_1,candidate_3,candidate_2,3,0.0033333333333333335
7078,candidate_1,candidate_3,candidate_2,3,0.0033333333333333335
7079,candidate_1,candidate_3,candidate_2,3,0.0033333333333333335
7080,candidate_1,candidate_3,candidate_2,3,0.0033333333333333335
7081,candidate_1,candidate_3,candidate_2,3,0.0033333333333333335
7082,candidate_1,candidate_3,candidate_2,3,0.0033333333333333335
7083,candidate_1,candidate_3,candidate_2,3,0.0033333333333333335
7084,candidate_1,candidate_3,candidate_2,3,0.0033333333333333335
7085,candidate_1,candidate_3,candidate_2,3,0.0033333333333333335
7086,candidate_1,candidate_3,candidate_2,3,0.0033333333333333335
7087,candidate_1,candidate_3,candidate_2,3,0.0033333333333333335
7088,candidate_1,candidate_3,candidate_2,3,0.0033333333333333335
7089,candidate_1,candidate_3,candidate_2,3,0.0033333333333333335
7090,candidate_1,candidate_3,candidate_2,3,0.0033333333333333335
7091,candidate_1,candidate_3,candidate_2,3,0.0033333333333333335
7092,candidate_1,candidate_3,candidate_2,3,0.0033333333333333335
7093,candidate_1,candidate_3,candidate_2,3,0.0033333333333333335
7094,candidate_1,candidate_3,candidate_2,3,0.0033333333333333335
7095,candidate_1,candidate_3,candidate_2,3,0.0033333333333333335
7096,candidate_1,candidate_3,candidate_2,3,0.0033333333333333335
7097,candidate_1,candidate_3,candidate_2,3,0.0033333333333333335
7098,candidate_1,candidate_3,candidate_2,3,0.0033333333333333335
7099,candidate_1,candidate_3,candidate_2,3,0.0033333333333333335
7100,candidate_1,candidate_3,candidate_2,3,0.0033333333333333335
7101,candidate_1,candidate_3,candidate_2,3,0.0033333333333333335
7102,candidate_1,candidate_3,candidate_2,3,0.0033333333333333335
7103,candidate_1,candidate_3,candidate_2,3,0.0033333333333333335
7104,candidate_1,candidate_3,candidate_2,3,0.0033333333333333335
7105,candidate_1,candidate_3,candidate_2,3,0.0033333333333333335
7106,candidate_1,candidate_3,candidate_2,3,0.0033333333333333335
7107,candidate_1,candidate_3,candidate_2,3,0.0033333333333333335
7108,candidate_1,candidate_3,candidate_2,3,0.0033333333333333335
7109,candidate_1,candidate_3,candidate_2,3,0.0033333333333333335
7110,candidate_1,candidate_3,candidate_2,3,0.0033333333333333335
7111,candidate_1,candidate_3,candidate_2,3,0.0033333333333333335
7112,candidate_1,candidate_3,candidate_2,3,0.0033333333333333335
7113,candidate_1,candidate_3,candidate_2,3,0.0033333333333333335
7114,candidate_1,candidate_3,candidate_2,3,0.0033333333333333335
7115,candidate_1,candidate_3,candidate_2,3,0.0033333333333333335
7116,candidate_1,candidate_3,candidate_2,3,0.0033333333333333335
7117,candidate_1,candidate_3,candidate_2,3,0.0033333333333333335
7118,candidate_1,candidate_3,candidate_2,3,0.0033333333333333335
7119,candidate_1,candidate_3,candidate_2,3,0.0033333333333333335
7120,candidate_1,candidate_3,candidate_2,3,0.0033333333333333335
7121,candidate_1,candidate_3,candidate_2,3,0.0033333333333333335
7122,candidate_1,candidate_3,candidate_2,3,0.0033333333333333335
7123,candidate_1,candidate_3,candidate_2,3,0.0033333333333333335
7124,candidate_1,candidate_3,candidate_2,3,0.0033333333333333335
7125,candidate_1,candidate_3,candidate_2,3,0.0033333333333333335
7126,candidate_1,candidate_3,candidate_2,3,0.0033333333333333335
7127,candidate_1,candidate_3,candidate_2,3,0.0033333333333333335
7128,candidate_1,candidate_3,candidate_2,3,0.0033333333333333335
7129,candidate_1,candidate_3,candidate_2,3,0.0033333333333333335
7130,candidate_1,candidate_3,candidate_2,3,0.0033333333333333335
7131,candidate_1,candidate_3,candidate_2,3,0.0033333333333333335
7132,candidate_1,candidate_3,candidate_2,3,0.0033333333333333335
7133,candidate_1,candidate_3,candidate_2,3,0.0033333333333333335
7134,candidate_1,candidate_3,candidate_2,3,0.0033333333333333335
7135,candidate_1,candidate_3,candidate_2,3,0.0033333333333333335
7136,candidate_1,candidate_3,candidate_2,3,0.0033333333333333335
7137,candidate_1,candidate_3,candidate_2,3,0.0033333333333333335
7138,candidate_1,candidate_3,candidate_2,3,0.0033333333333333335
7139,candidate_1,candidate_3,candidate_2,3,0.0033333333333333335
7140,candidate_1,candidate_3,candidate_2,3,0.0033333333333333335
7141,candidate_1,candidate_3,candidate_2,3,0.0033333333333333335
7142,candidate_1,candidate_3,candidate_2,3,0.0033333333333333335
7143,candidate_1,candidate_3,candidate_2,3,0.0033333333333333335
7144,candidate_1,candidate_3,candidate_2,3,0.0033333333333333335
7145,candidate_1,candidate_3,candidate_2,3,0.0033333333333333335
7146,candidate_1,candidate_3,candidate_2,3,0.0033333333333333335
7147,candidate_1,candidate_3,candidate_2,3,0.0033333333333333335
7148,candidate_1,candidate_3,candidate_2,3,0.0033333333333333335
7149,candidate_1,candidate_3,candidate_2,3,0.0033333333333333335
7150,candidate_1,candidate_3,candidate_2,3,0.0033333333333333335
7151,candidate_1,candidate_3,candidate_2,3,0.0033333333333333335
7152,candidate_1,candidate_3,candidate_2,3,0.0033333333333333335
7153,candidate_1,candidate_3,candidate_2,3,0.0033333333333333335
7154,candidate_1,candidate_3,candidate_2,3,0.0033333333333333335
7155,candidate_1,candidate_3,candidate_2,3,0.0033333333333333335
7156,candidate_1,candidate_3,candidate_2,3,0.0033333333333333335
7157,candidate_1,candidate_3,0,3,0.0033333333333333335
7158,candidate_1,candidate_3,candidate_2,3,0.0033333333333333335
7159,candidate_1,candidate_3,candidate_2,3,0.0033333333333333335
7160,candidate_1,candidate_3,candidate_2,3,0.0033333333333333335
7161,candidate_1,candidate_3,candidate_2,3,0.0033333333333333335
7162,candidate_1,candidate_3,candidate_2,3,0.0033333333333333335
7163,candidate_1,candidate_3,candidate_2,3,0.0033333333333333335
7164,candidate_1,candidate_3,candidate_2,3,0.0033333333333333335
7165,candidate_1,candidate_3,candidate_2,3,0.0033333333333333335
7166,candidate_1,candidate_3,candidate_2,3,0.0033333333333333335
7167,candidate_1,candidate_3,candidate_2,3,0.0033333333333333335
7168,candidate_1,candidate_3,candidate_2,3,0.0033333333333333335
7169,candidate_1,candidate_3,candidate_2,3,0.0033333333333333335
7170,candidate_1,candidate_3,candidate_2,3,0.0033333333333333335
7171,candidate_1,candidate_3,candidate_2,3,0.0033333333333333335
7172,candidate_1,candidate_3,candidate_2,3,0.0033333333333333335
7173,candidate_1,candidate_3,candidate_2,3,0.0033333333333333335
7174,candidate_1,candidate_3,candidate_2,3,0.0033333333333333335
7175,candidate_1,candidate_3,candidate_2,3,0.0033333333333333335
7176,candidate_1,candidate_3,candidate_2,3,0.0033333333333333335
7177,candidate_1,candidate_3,candidate_2,3,0.0033333333333333335
7178,candidate_1,candidate_3,candidate_2,3,0.0033333333333333335
7179,candidate_1,candidate_3,candidate_2,3,0.0033333333333333335
7180,candidate_1,candidate_3,candidate_2,3,0.0033333333333333335
7181,candidate_1,candidate_3,candidate_2,3,0.0033333333333333335
7182,candidate_1,candidate_3,candidate_2,3,0.0033333333333333335
7183,candidate_1,candidate_3,candidate_2,3,0.0033333333333333335
7184,candidate_1,candidate_3,candidate_2,3,0.0033333333333333335
7185,candidate_1,candidate_3,candidate_2,3,0.0033333333333333335
7186,candidate_1,candidate_3,candidate_2,3,0.0033333333333333335
7187,candidate_1,candidate_3,candidate_2,3,0.0033333333333333335
7188,candidate_1,candidate_3,candidate_2,3,0.0033333333333333335
7189,candidate_1,candidate_3,candidate_2,3,0.0033333333333333335
7190,candidate_1,candidate_3,candidate_2,3,0.0033333333333333335
7191,candidate_1,candidate_3,candidate_2,3,0.0033333333333333335
7192,candidate_1,candidate_3,candidate_2,3,0.0033333333333333335
7193,candidate_1,candidate_3,candidate_2,3,0.0033333333333333335
7194,candidate_1,candidate_3,candidate_2,3,0.0033333333333333335
7195,candidate_1,candidate_3,candidate_2,3,0.0033333333333333335
7196,candidate_1,candidate_3,candidate_2,3,0.0033333333333333335
7197,candidate_1,candidate_3,candidate_2,3,0.0033333333333333335
7198,candidate_1,candidate_3,candidate_2,3,0.0033333333333333335
7199,candidate_1,candidate_3,candidate_2,3,0.0033333333333333335
7200,candidate_1,candidate_3,candidate_2,3,0.0033333333333333335
7201,candidate_1,candidate_3,candidate_2,3,0.0033333333333333335
7202,candidate_1,candidate_3,candidate_2,3,0.0033333333333333335
7203,candidate_1,candidate_3,candidate_2,3,0.0033333333333333335
7204,candidate_1,candidate_3,candidate_2,3,0.0033333333333333335
7205,candidate_1,candidate_3,candidate_2,3,0.0033333333333333335
7206,candidate_1,candidate_3,candidate_2,3,0.0033333333333333335
7207,candidate_1,candidate_3,candidate_2,3,0.0033333333333333335
7208,candidate_1,candidate_3,candidate_2,3,0.0033333333333333335
7209,candidate_1,candidate_3,candidate_2,3,0.0033333333333333335
7210,candidate_1,candidate_3,candidate_2,3,0.0033333333333333335
7211,candidate_1,candidate_3,candidate_2,3,0.0033333333333333335
7212,candidate_1,candidate_3,candidate_2,3,0.0033333333333333335
7213,candidate_1,candidate_3,candidate_2,3,0.0033333333333333335
7214,candidate_1,candidate_3,candidate_2,3,0.0033333333333333335
7215,candidate_1,candidate_3,candidate_2,3,0.0033333333333333335
7216,candidate_1,candidate_3,candidate_2,3,0.0033333333333333335
7217,candidate_1,candidate_3,candidate_2,3,0.0033333333333333335
7218,candidate_1,candidate_3,candidate_2,3,0.0033333333333333335
7219,candidate_1,candidate_3,candidate_2,3,0.0033333333333333335
7220,candidate_1,candidate_3,candidate_2,3,0.0033333333333333335
7221,candidate_1,candidate_3,candidate_2,3,0.0033333333333333335
7222,candidate_1,candidate_3,candidate_2,3,0.0033333333333333335
7223,candidate_1,candidate_3,candidate_2,3,0.0033333333333333335
7224,candidate_1,candidate_3,candidate_2,3,0.0033333333333333335
7225,candidate_1,candidate_3,candidate_2,3,0.0033333333333333335
7226,candidate_1,candidate_3,candidate_2,3,0.0033333333333333335
7227,candidate_1,candidate_3,candidate_2,3,0.0033333333333333335
7228,candidate_1,candidate_3,candidate_2,3,0.0033333333333333335
7229,candidate_1,candidate_3,candidate_2,3,0.0033333333333333335
7230,candidate_1,candidate_3,candidate_2,3,0.0033333333333333335
7231,candidate_1,candidate_3,candidate_2,3,0.0033333333333333335
7232,candidate_1,candidate_3,candidate_2,3,0.0033333333333333335
7233,candidate_1,candidate_3,candidate_2,3,0.0033333333333333335
7234,candidate_1,candidate_3,candidate_2,3,0.0033333333333333335
7235,candidate_1,candidate_3,candidate_2,3,0.0033333333333333335
7236,candidate_1,candidate_3,candidate_2,3,0.0033333333333333335
7237,candidate_1,candidate_3,candidate_2,3,0.0033333333333333335
7238,candidate_1,candidate_3,candidate_2,3,0.0033333333333333335
7239,candidate_1,candidate_3,candidate_2,3,0.0033333333333333335
7240,candidate_1,candidate_3,candidate_2,3,0.0033333333333333335
7241,candidate_1,candidate_3,candidate_2,3,0.0033333333333333335
7242,candidate_1,candidate_3,candidate_2,3,0.0033333333333333335
7243,candidate_1,candidate_3,candidate_2,3,0.0033333333333333335
7244,candidate_1,candidate_3,candidate_2,3,0.0033333333333333335
7245,candidate_1,candidate_3,candidate_2,3,0.0033333333333333335
7246,candidate_1,candidate_3,candidate_2,3,0.0033333333333333335
7247,candidate_1,candidate_3,candidate_2,3,0.0033333333333333335
7248,candidate_1,candidate_3,candidate_2,3,0.0033333333333333335
7249,candidate_1,candidate_3,candidate_2,3,0.0033333333333333335
7250,candidate_1,candidate_3,candidate_2,3,0.0033333333333333335
7251,candidate_1,candidate_3,candidate_2,3,0.0033333333333333335
7252,candidate_1,candidate_3,candidate_2,3,0.0033333333333333335
7253,candidate_1,candidate_3,candidate_2,3,0.0033333333333333335
7254,candidate_1,candidate_3,candidate_2,3,0.0033333333333333335
7255,candidate_1,candidate_3,candidate_2,3,0.0033333333333333335
7256,candidate_1,candidate_3,candidate_2,3,0.0033333333333333335
7257,candidate_1,candidate_3,candidate_2,3,0.0033333333333333335
7258,candidate_1,candidate_3,candidate_2,3,0.0033333333333333335
7259,candidate_1,candidate_3,candidate_2,3,0.0033333333333333335
7260,candidate_1,candidate_3,candidate_2,3,0.0033333333333333335
7261,candidate_1,candidate_3,candidate_2,3,0.0033333333333333335
7262,candidate_1,candidate_3,candidate_2,3,0.0033333333333333335
7263,candidate_1,candidate_3,candidate_2,3,0.0033333333333333335
7264,candidate_1,candidate_3,candidate_2,3,0.0033333333333333335
7265,candidate_1,candidate_3,candidate_2,3,0.0033333333333333335
7266,candidate_1,candidate_3,candidate_2,3,0.0033333333333333335
7267,candidate_1,candidate_3,candidate_2,3,0.0033333333333333335
7268,candidate_1,candidate_3,candidate_2,3,0.0033333333333333335
7269,candidate_1,candidate_3,candidate_2,3,0.0033333333333333335
7270,candidate_1,candidate_3,candidate_2,3,0.0033333333333333335
7271,candidate_1,candidate_3,candidate_2,3,0.0033333333333333335
7272,candidate_1,candidate_3,candidate_2,3,0.0033333333333333335
7273,candidate_1,candidate_3,candidate_2,3,0.0033333333333333335
7274,candidate_1,candidate_3,candidate_2,3,0.0033333333333333335
7275,candidate_1,candidate_3,candidate_2,3,0.0033333333333333335
7276,candidate_1,candidate_3,candidate_2,3,0.0033333333333333335
7277,candidate_1,candidate_3,candidate_2,3,0.0033333333333333335
7278,candidate_1,candidate_3,candidate_2,3,0.0033333333333333335
7279,candidate_1,candidate_3,candidate_2,3,0.0033333333333333335
7280,candidate_1,candidate_3,candidate_2,3,0.0033333333333333335
7281,candidate_1,candidate_3,candidate_2,3,0.0033333333333333335
7282,candidate_1,candidate_3,candidate_2,3,0.0033333333333333335
7283,candidate_1,candidate_3,candidate_2,3,0.0033333333333333335
7284,candidate_1,candidate_3,candidate_2,3,0.0033333333333333335
7285,candidate_1,candidate_3,candidate_2,3,0.0033333333333333335
7286,candidate_1,candidate_3,candidate_2,3,0.0033333333333333335
7287,candidate_1,candidate_3,candidate_2,3,0.0033333333333333335
7288,candidate_1,candidate_3,candidate_2,3,0.0033333333333333335
7289,candidate_1,candidate_3,candidate_2,3,0.0033333333333333335
7290,candidate_1,candidate_3,candidate_2,3,0.0033333333333333335
7291,candidate_1,candidate_3,candidate_2,3,0.0033333333333333335
7292,candidate_1,candidate_3,candidate_2,3,0.0033333333333333335
7293,candidate_1,candidate_3,candidate_2,3,0.0033333333333333335
7294,candidate_1,candidate_3,candidate_2,3,0.0033333333333333335
7295,candidate_1,candidate_3,candidate_2,3,0.0033333333333333335
7296,candidate_1,candidate_3,candidate_2,3,0.0033333333333333335
7297,candidate_1,candidate_3,candidate_2,3,0.0033333333333333335
7298,candidate_1,candidate_3,candidate_2,3,0.0033333333333333335
7299,candidate_1,candidate_3,candidate_2,3,0.0033333333333333335
7300,candidate_1,candidate_3,candidate_2,3,0.0033333333333333335
7301,candidate_1,candidate_3,candidate_2,3,0.0033333333333333335
7302,candidate_1,candidate_3,candidate_2,3,0.0033333333333333335
7303,candidate_1,candidate_3,candidate_2,3,0.0033333333333333335
7304,candidate_1,candidate_3,candidate_2,3,0.0033333333333333335
7305,candidate_1,candidate_3,candidate_2,3,0.0033333333333333335
7306,candidate_1,candidate_3,candidate_2,3,0.0033333333333333335
7307,candidate_1,candidate_3,candidate_2,3,0.0033333333333333335
7308,candidate_1,candidate_3,candidate_2,3,0.0033333333333333335
7309,candidate_1,candidate_3,candidate_2,3,0.0033333333333333335
7310,candidate_1,candidate_3,candidate_2,3,0.0033333333333333335
7311,candidate_1,candidate_3,candidate_2,3,0.0033333333333333335
7312,candidate_1,candidate_3,candidate_2,3,0.0033333333333333335
7313,candidate_1,candidate_3,candidate_2,3,0.0033333333333333335
7314,candidate_1,candidate_3,candidate_2,3,0.0033333333333333335
7315,candidate_1,candidate_3,candidate_2,3,0.0033333333333333335
7316,candidate_1,candidate_3,candidate_2,3,0.0033333333333333335
7317,candidate_1,candidate_3,candidate_2,3,0.0033333333333333335
7318,candidate_1,candidate_3,candidate_2,3,0.0033333333333333335
7319,candidate_1,candidate_3,candidate_2,3,0.0033333333333333335
7320,candidate_1,candidate_3,candidate_2,3,0.0033333333333333335
7321,candidate_1,candidate_3,candidate_2,3,0.0033333333333333335
7322,candidate_1,candidate_3,candidate_2,3,0.0033333333333333335
7323,candidate_1,candidate_3,candidate_2,3,0.0033333333333333335
7324,candidate_1,candidate_3,candidate_2,3,0.0033333333333333335
7325,candidate_1,candidate_3,candidate_2,3,0.0033333333333333335
7326,candidate_1,candidate_3,candidate_2,3,0.0033333333333333335
7327,candidate_1,candidate_3,candidate_2,3,0.0033333333333333335
7328,candidate_1,candidate_3,candidate_2,3,0.0033333333333333335
7329,candidate_1,candidate_3,candidate_2,3,0.0033333333333333335
7330,candidate_1,candidate_3,candidate_2,3,0.0033333333333333335
7331,candidate_1,candidate_3,candidate_2,3,0.0033333333333333335
7332,candidate_1,candidate_3,candidate_2,3,0.0033333333333333335
7333,candidate_1,candidate_3,candidate_2,3,0.0033333333333333335
7334,candidate_1,candidate_3,candidate_2,3,0.0033333333333333335
7335,candidate_1,candidate_3,candidate_2,3,0.0033333333333333335
7336,candidate_1,candidate_3,candidate_2,3,0.0033333333333333335
7337,candidate_1,candidate_3,candidate_2,3,0.0033333333333333335
7338,candidate_1,candidate_3,candidate_2,3,0.0033333333333333335
7339,candidate_1,candidate_3,candidate_2,3,0.0033333333333333335
7340,candidate_1,candidate_3,candidate_2,3,0.0033333333333333335
7341,candidate_1,candidate_3,candidate_2,3,0.0033333333333333335
7342,candidate_1,candidate_3,candidate_2,3,0.0033333333333333335
7343,candidate_1,candidate_3,candidate_2,3,0.0033333333333333335
7344,candidate_1,candidate_3,candidate_2,3,0.0033333333333333335
7345,candidate_1,candidate_3,candidate_2,3,0.0033333333333333335
7346,candidate_1,candidate_3,candidate_2,3,0.0033333333333333335
7347,candidate_1,candidate_3,candidate_2,3,0.0033333333333333335
7348,candidate_1,candidate_3,candidate_2,3,0.0033333333333333335
7349,candidate_1,candidate_3,candidate_2,3,0.0033333333333333335
7350,candidate_1,candidate_3,candidate_2,3,0.0033333333333333335
7351,candidate_1,candidate_3,candidate_2,3,0.0033333333333333335
7352,candidate_1,candidate_3,candidate_2,3,0.0033333333333333335
7353,candidate_1,candidate_3,candidate_2,3,0.0033333333333333335
7354,candidate_1,candidate_3,candidate_2,3,0.0033333333333333335
7355,candidate_1,candidate_3,candidate_2,3,0.0033333333333333335
7356,candidate_1,candidate_3,candidate_2,3,0.0033333333333333335
7357,candidate_1,candidate_3,candidate_2,3,0.0033333333333333335
7358,candidate_1,candidate_3,candidate_2,3,0.0033333333333333335
7359,candidate_1,candidate_3,candidate_2,3,0.0033333333333333335
7360,candidate_1,candidate_3,candidate_2,3,0.0033333333333333335
7361,candidate_1,candidate_3,candidate_2,3,0.0033333333333333335
7362,candidate_1,candidate_3,candidate_2,3,0.0033333333333333335
7363,candidate_1,candidate_3,candidate_2,3,0.0033333333333333335
7364,candidate_1,candidate_3,candidate_2,3,0.0033333333333333335
7365,candidate_1,candidate_3,candidate_2,3,0.0033333333333333335
7366,candidate_1,candidate_3,candidate_2,3,0.0033333333333333335
7367,candidate_1,candidate_3,candidate_2,3,0.0033333333333333335
7368,candidate_1,candidate_3,candidate_2,3,0.0033333333333333335
7369,candidate_1,candidate_3,candidate_2,3,0.0033333333333333335
7370,candidate_1,candidate_3,candidate_2,3,0.0033333333333333335
7371,candidate_1,candidate_3,candidate_2,3,0.0033333333333333335
7372,candidate_1,candidate_3,candidate_2,3,0.0033333333333333335
7373,candidate_1,candidate_3,candidate_2,3,0.0033333333333333335
7374,candidate_1,candidate_3,candidate_2,3,0.0033333333333333335
7375,candidate_1,candidate_3,candidate_2,3,0.0033333333333333335
7376,candidate_1,candidate_3,candidate_2,3,0.0033333333333333335
7377,candidate_1,candidate_3,candidate_2,3,0.0033333333333333335
7378,candidate_1,candidate_3,candidate_2,3,0.0033333333333333335
7379,candidate_1,candidate_3,candidate_2,3,0.0033333333333333335
7380,candidate_1,candidate_3,candidate_2,3,0.0033333333333333335
7381,candidate_1,candidate_3,candidate_2,3,0.0033333333333333335
7382,candidate_1,candidate_3,candidate_2,3,0.0033333333333333335
7383,candidate_1,candidate_3,candidate_2,3,0.0033333333333333335
7384,candidate_1,candidate_3,candidate_2,3,0.0033333333333333335
7385,candidate_1,candidate_3,candidate_2,3,0.0033333333333333335
7386,candidate_1,candidate_3,candidate_2,3,0.0033333333333333335
7387,candidate_1,candidate_3,candidate_2,3,0.0033333333333333335
7388,candidate_1,candidate_3,candidate_2,3,0.0033333333333333335
7389,candidate_1,candidate_3,candidate_2,3,0.0033333333333333335
7390,candidate_1,candidate_3,candidate_2,3,0.0033333333333333335
7391,candidate_1,candidate_3,candidate_2,3,0.0033333333333333335
7392,candidate_1,candidate_3,candidate_2,3,0.0033333333333333335
7393,candidate_1,candidate_3,candidate_2,3,0.0033333333333333335
7394,candidate_1,candidate_3,candidate_2,3,0.0033333333333333335
7395,candidate_1,candidate_3,candidate_2,3,0.0033333333333333335
7396,candidate_1,candidate_3,candidate_2,3,0.0033333333333333335
7397,candidate_1,candidate_3,candidate_2,3,0.0033333333333333335
7398,candidate_1,candidate_3,candidate_2,3,0.0033333333333333335
7399,candidate_1,candidate_3,candidate_2,3,0.0033333333333333335
7400,candidate_1,candidate_3,candidate_2,3,0.0033333333333333335
7401,candidate_1,candidate_3,candidate_2,3,0.0033333333333333335
7402,candidate_1,candidate_3,candidate_2,3,0.0033333333333333335
7403,candidate_1,candidate_3,candidate_2,3,0.0033333333333333335
7404,candidate_1,candidate_3,candidate_2,3,0.0033333333333333335
7405,candidate_1,candidate_3,candidate_2,3,0.0033333333333333335
7406,candidate_1,candidate_3,candidate_2,3,0.0033333333333333335
7407,candidate_1,candidate_3,candidate_2,3,0.0033333333333333335
7408,candidate_1,candidate_3,candidate_2,3,0.0033333333333333335
7409,candidate_1,candidate_3,candidate_2,3,0.0033333333333333335
7410,candidate_1,candidate_3,candidate_2,3,0.0033333333333333335
7411,candidate_1,candidate_3,candidate_2,3,0.0033333333333333335
7412,candidate_1,candidate_3,candidate_2,3,0.0033333333333333335
7413,candidate_1,candidate_3,candidate_2,3,0.0033333333333333335
7414,candidate_1,candidate_3,candidate_2,3,0.0033333333333333335
7415,candidate_1,candidate_3,candidate_2,3,0.0033333333333333335
7416,candidate_1,candidate_3,candidate_2,3,0.0033333333333333335
7417,candidate_1,candidate_3,candidate_2,3,0.0033333333333333335
7418,candidate_1,candidate_3,candidate_2,3,0.0033333333333333335
7419,candidate_1,candidate_3,candidate_2,3,0.0033333333333333335
7420,candidate_1,candidate_3,candidate_2,3,0.0033333333333333335
7421,candidate_1,candidate_3,candidate_2,3,0.0033333333333333335
7422,candidate_1,candidate_3,candidate_2,3,0.0033333333333333335
7423,candidate_1,candidate_3,candidate_2,3,0.0033333333333333335
7424,candidate_1,candidate_3,candidate_2,3,0.0033333333333333335
7425,candidate_1,candidate_3,candidate_2,3,0.0033333333333333335
7426,candidate_1,candidate_3,candidate_2,3,0.0033333333333333335
7427,candidate_1,candidate_3,candidate_2,3,0.0033333333333333335
7428,candidate_1,candidate_3,candidate_2,3,0.0033333333333333335
7429,candidate_1,candidate_3,candidate_2,3,0.0033333333333333335
7430,candidate_1,candidate_3,candidate_2,3,0.0033333333333333335
7431,candidate_1,candidate_3,candidate_2,3,0.0033333333333333335
7432,candidate_1,candidate_3,candidate_2,3,0.0033333333333333335
7433,candidate_1,candidate_3,candidate_2,3,0.0033333333333333335
7434,candidate_1,candidate_3,candidate_2,3,0.0033333333333333335
7435,candidate_1,candidate_3,candidate_2,3,0.0033333333333333335
7436,candidate_1,candidate_3,candidate_2,3,0.0033333333333333335
7437,candidate_1,candidate_3,candidate_2,3,0.0033333333333333335
7438,candidate_1,candidate_3,candidate_2,3,0.0033333333333333335
7439,candidate_1,candidate_3,candidate_2,3,0.0033333333333333335
7440,candidate_1,candidate_3,candidate_2,3,0.0033333333333333335
7441,candidate_1,candidate_3,candidate_2,3,0.0033333333333333335
7442,candidate_1,candidate_3,candidate_2,3,0.0033333333333333335
7443,candidate_1,candidate_3,candidate_2,3,0.0033333333333333335
7444,candidate_1,candidate_3,candidate_2,3,0.0033333333333333335
7445,candidate_1,candidate_3,candidate_2,3,0.0033333333333333335
7446,candidate_1,candidate_3,candidate_2,3,0.0033333333333333335
7447,candidate_1,candidate_3,candidate_2,3,0.0033333333333333335
7448,candidate_1,candidate_3,candidate_2,3,0.0033333333333333335
7449,candidate_1,candidate_3,candidate_2,3,0.0033333333333333335
7450,candidate_1,candidate_3,candidate_2,3,0.0033333333333333335
7451,candidate_1,candidate_3,candidate_2,3,0.0033333333333333335
7452,candidate_1,candidate_3,candidate_2,3,0.0033333333333333335
7453,candidate_1,candidate_3,candidate_2,3,0.0033333333333333335
7454,candidate_1,candidate_3,candidate_2,3,0.0033333333333333335
7455,candidate_1,candidate_3,candidate_2,3,0.0033333333333333335
7456,candidate_1,candidate_3,candidate_2,3,0.0033333333333333335
7457,candidate_1,candidate_3,candidate_2,3,0.0033333333333333335
7458,candidate_1,candidate_3,candidate_2,3,0.0033333333333333335
7459,candidate_1,candidate_3,candidate_2,3,0.0033333333333333335
7460,candidate_1,candidate_3,candidate_2,3,0.0033333333333333335
7461,candidate_1,candidate_3,candidate_2,3,0.0033333333333333335
7462,candidate_1,candidate_3,candidate_2,3,0.0033333333333333335
7463,candidate_1,candidate_3,candidate_2,3,0.0033333333333333335
7464,candidate_1,candidate_3,candidate_2,3,0.0033333333333333335
7465,candidate_1,candidate_3,candidate_2,3,0.0033333333333333335
7466,candidate_1,candidate_3,candidate_2,3,0.0033333333333333335
7467,candidate_1,candidate_3,candidate_2,3,0.0033333333333333335
7468,candidate_1,candidate_3,candidate_2,3,0.0033333333333333335
7469,candidate_1,candidate_3,candidate_2,3,0.0033333333333333335
7470,candidate_1,candidate_3,candidate_2,3,0.0033333333333333335
7471,candidate_1,candidate_3,candidate_2,3,0.0033333333333333335
7472,candidate_1,candidate_3,candidate_2,3,0.0033333333333333335
7473,candidate_1,candidate_3,candidate_2,3,0.0033333333333333335
7474,candidate_1,candidate_3,candidate_2,3,0.0033333333333333335
7475,candidate_1,candidate_3,candidate_2,3,0.0033333333333333335
7476,candidate_1,candidate_3,candidate_2,3,0.0033333333333333335
7477,candidate_1,candidate_3,candidate_2,3,0.0033333333333333335
7478,candidate_1,candidate_3,candidate_2,3,0.0033333333333333335
7479,candidate_1,candidate_3,candidate_2,3,0.0033333333333333335
7480,candidate_1,candidate_3,candidate_2,3,0.0033333333333333335
7481,candidate_1,candidate_3,candidate_2,3,0.0033333333333333335
7482,candidate_1,candidate_3,candidate_2,3,0.0033333333333333335
7483,candidate_1,candidate_3,candidate_2,3,0.0033333333333333335
7484,candidate_1,candidate_3,candidate_2,3,0.0033333333333333335
7485,candidate_1,candidate_3,candidate_2,3,0.0033333333333333335
7486,candidate_1,candidate_3,candidate_2,3,0.0033333333333333335
7487,candidate_1,candidate_3,candidate_2,3,0.0033333333333333335
7488,candidate_1,candidate_3,candidate_2,3,0.0033333333333333335
7489,candidate_1,candidate_3,candidate_2,3,0.0033333333333333335
7490,candidate_1,candidate_3,candidate_2,3,0.0033333333333333335
7491,candidate_1,candidate_3,candidate_2,3,0.0033333333333333335
7492,candidate_1,candidate_3,candidate_2,3,0.0033333333333333335
7493,candidate_1,candidate_3,candidate_2,3,0.0033333333333333335
7494,candidate_1,candidate_3,candidate_2,3,0.0033333333333333335
7495,candidate_1,candidate_3,candidate_2,3,0.0033333333333333335
7496,candidate_1,candidate_3,candidate_2,3,0.0033333333333333335
7497,candidate_1,candidate_3,candidate_2,3,0.0033333333333333335
7498,candidate_1,candidate_3,candidate_2,3,0.0033333333333333335
7499,candidate_1,candidate_3,candidate_2,3,0.0033333333333333335
7500,candidate_1,candidate_3,candidate_2,3,0.0033333333333333335
7501,candidate_1,candidate_3,candidate_2,3,0.0033333333333333335
7502,candidate_1,candidate_3,candidate_2,3,0.0033333333333333335
7503,candidate_1,candidate_3,candidate_2,3,0.0033333333333333335
7504,candidate_1,candidate_3,candidate_2,3,0.0033333333333333335
7505,candidate_1,candidate_3,candidate_2,3,0.0033333333333333335
7506,candidate_1,candidate_3,candidate_2,3,0.0033333333333333335
7507,candidate_1,candidate_3,candidate_2,3,0.0033333333333333335
7508,candidate_1,candidate_3,candidate_2,3,0.0033333333333333335
7509,candidate_1,candidate_3,candidate_2,3,0.0033333333333333335
7510,candidate_1,candidate_3,candidate_2,3,0.0033333333333333335
7511,candidate_1,candidate_3,candidate_2,3,0.0033333333333333335
7512,candidate_1,candidate_3,candidate_2,3,0.0033333333333333335
7513,candidate_1,candidate_3,candidate_2,3,0.0033333333333333335
7514,candidate_1,candidate_3,candidate_2,3,0.0033333333333333335
7515,candidate_1,candidate_3,candidate_2,3,0.0033333333333333335
7516,candidate_1,candidate_3,candidate_2,3,0.0033333333333333335
7517,candidate_1,candidate_3,candidate_2,3,0.0033333333333333335
7518,candidate_1,candidate_3,candidate_2,3,0.0033333333333333335
7519,candidate_1,candidate_3,candidate_2,3,0.0033333333333333335
7520,candidate_1,candidate_3,candidate_2,3,0.0033333333333333335
7521,candidate_1,candidate_3,candidate_2,3,0.0033333333333333335
7522,candidate_1,candidate_3,candidate_2,3,0.0033333333333333335
7523,candidate_1,candidate_3,candidate_2,3,0.0033333333333333335
7524,candidate_1,candidate_3,candidate_2,3,0.0033333333333333335
7525,candidate_1,candidate_3,candidate_2,3,0.0033333333333333335
7526,candidate_1,candidate_3,candidate_2,3,0.0033333333333333335
7527,candidate_1,candidate_3,candidate_2,3,0.0033333333333333335
7528,candidate_1,candidate_3,candidate_2,3,0.0033333333333333335
7529,candidate_1,candidate_3,candidate_2,3,0.0033333333333333335
7530,candidate_1,candidate_3,candidate_2,3,0.0033333333333333335
7531,candidate_1,0,candidate_2,3,0.0033333333333333335
7532,candidate_1,candidate_3,candidate_2,3,0.0033333333333333335
7533,candidate_1,candidate_3,candidate_2,3,0.0033333333333333335
7534,candidate_1,candidate_3,candidate_2,3,0.0033333333333333335
7535,candidate_1,candidate_3,candidate_2,3,0.0033333333333333335
7536,candidate_1,candidate_3,candidate_2,3,0.0033333333333333335
7537,candidate_1,candidate_3,candidate_2,3,0.0033333333333333335
7538,candidate_1,candidate_3,candidate_2,3,0.0033333333333333335
7539,candidate_1,candidate_3,candidate_2,3,0.0033333333333333335
7540,candidate_1,candidate_3,candidate_2,3,0.0033333333333333335
7541,candidate_1,candidate_3,candidate_2,3,0.0033333333333333335
7542,candidate_1,candidate_3,candidate_2,3,0.0033333333333333335
7543,candidate_1,candidate_3,candidate_2,3,0.0033333333333333335
7544,candidate_1,candidate_3,candidate_2,3,0.0033333333333333335
7545,candidate_1,candidate_3,candidate_2,3,0.0033333333333333335
7546,candidate_1,candidate_3,candidate_2,3,0.0033333333333333335
7547,candidate_1,candidate_3,candidate_2,3,0.0033333333333333335
7548,candidate_1,candidate_3,candidate_2,3,0.0033333333333333335
7549,candidate_1,candidate_3,candidate_2,3,0.0033333333333333335
7550,candidate_1,candidate_3,candidate_2,3,0.0033333333333333335
7551,candidate_1,candidate_3,candidate_2,3,0.0033333333333333335
7552,candidate_1,candidate_3,candidate_2,3,0.0033333333333333335
7553,candidate_1,candidate_3,candidate_2,3,0.0033333333333333335
7554,candidate_1,candidate_3,candidate_2,3,0.0033333333333333335
7555,candidate_1,candidate_3,candidate_2,3,0.0033333333333333335
7556,candidate_1,candidate_3,candidate_2,3,0.0033333333333333335
7557,candidate_1,candidate_3,candidate_2,3,0.0033333333333333335
7558,candidate_1,candidate_3,candidate_2,3,0.0033333333333333335
7559,candidate_1,candidate_3,candidate_2,3,0.0033333333333333335
7560,candidate_1,candidate_3,candidate_2,3,0.0033333333333333335
7561,candidate_1,candidate_3,candidate_2,3,0.0033333333333333335
7562,candidate_1,candidate_3,candidate_2,3,0.0033333333333333335
7563,candidate_1,candidate_3,candidate_2,3,0.0033333333333333335
7564,candidate_1,candidate_3,candidate_2,3,0.0033333333333333335
7565,candidate_1,candidate_3,candidate_2,3,0.0033333333333333335
7566,candidate_1,candidate_3,candidate_2,3,0.0033333333333333335
7567,candidate_1,candidate_3,candidate_2,3,0.0033333333333333335
7568,candidate_1,candidate_3,candidate_2,3,0.0033333333333333335
7569,candidate_1,candidate_3,candidate_2,3,0.0033333333333333335
7570,candidate_1,candidate_3,candidate_2,3,0.0033333333333333335
7571,candidate_1,candidate_3,candidate_2,3,0.0033333333333333335
7572,candidate_1,candidate_3,candidate_2,3,0.0033333333333333335
7573,candidate_1,candidate_3,candidate_2,3,0.0033333333333333335
7574,candidate_1,candidate_3,candidate_2,3,0.0033333333333333335
7575,candidate_1,candidate_3,candidate_2,3,0.0033333333333333335
7576,candidate_1,candidate_3,candidate_2,3,0.0033333333333333335
7577,candidate_1,candidate_3,candidate_2,3,0.0033333333333333335
7578,candidate_1,candidate_3,candidate_2,3,0.0033333333333333335
7579,candidate_1,candidate_3,candidate_2,3,0.0033333333333333335
7580,candidate_1,candidate_3,candidate_2,3,0.0033333333333333335
7581,candidate_1,candidate_3,candidate_2,3,0.0033333333333333335
7582,candidate_1,candidate_3,candidate_2,3,0.0033333333333333335
7583,candidate_1,candidate_3,candidate_2,3,0.0033333333333333335
7584,candidate_1,candidate_3,candidate_2,3,0.0033333333333333335
7585,candidate_1,candidate_3,candidate_2,3,0.0033333333333333335
7586,candidate_1,candidate_3,candidate_2,3,0.0033333333333333335
7587,candidate_1,candidate_3,candidate_2,3,0.0033333333333333335
7588,candidate_1,candidate_3,candidate_2,3,0.0033333333333333335
7589,candidate_1,candidate_3,candidate_2,3,0.0033333333333333335
7590,candidate_1,candidate_3,candidate_2,3,0.0033333333333333335
7591,candidate_1,candidate_3,candidate_2,3,0.0033333333333333335
7592,candidate_1,candidate_3,candidate_2,3,0.0033333333333333335
7593,candidate_1,candidate_3,candidate_2,3,0.0033333333333333335
7594,candidate_1,candidate_3,candidate_2,3,0.0033333333333333335
7595,candidate_1,candidate_3,candidate_2,3,0.0033333333333333335
7596,candidate_1,candidate_3,candidate_2,3,0.0033333333333333335
7597,candidate_1,candidate_3,candidate_2,3,0.0033333333333333335
7598,candidate_1,candidate_3,candidate_2,3,0.0033333333333333335
7599,candidate_1,candidate_3,candidate_2,3,0.0033333333333333335
7600,candidate_1,candidate_3,candidate_2,3,0.0033333333333333335
7601,candidate_1,candidate_3,candidate_2,3,0.0033333333333333335
7602,candidate_1,candidate_3,candidate_2,3,0.0033333333333333335
7603,candidate_1,candidate_3,candidate_2,3,0.0033333333333333335
7604,candidate_1,candidate_3,candidate_2,3,0.0033333333333333335
7605,candidate_1,candidate_3,candidate_2,3,0.0033333333333333335
7606,candidate_1,candidate_3,candidate_2,3,0.0033333333333333335
7607,candidate_1,candidate_3,candidate_2,3,0.0033333333333333335
7608,candidate_1,candidate_3,candidate_2,3,0.0033333333333333335
7609,candidate_1,candidate_3,candidate_2,3,0.0033333333333333335
7610,candidate_1,candidate_3,candidate_2,3,0.0033333333333333335
7611,candidate_1,candidate_3,candidate_2,3,0.0033333333333333335
7612,candidate_1,candidate_3,candidate_2,3,0.0033333333333333335
7613,candidate_1,candidate_3,candidate_2,3,0.0033333333333333335
7614,candidate_1,candidate_3,candidate_2,3,0.0033333333333333335
7615,candidate_1,candidate_3,candidate_2,3,0.0033333333333333335
7616,candidate_1,candidate_3,candidate_2,3,0.0033333333333333335
7617,candidate_1,candidate_3,candidate_2,3,0.0033333333333333335
7618,candidate_1,candidate_3,candidate_2,3,0.0033333333333333335
7619,candidate_1,candidate_3,candidate_2,3,0.0033333333333333335
7620,candidate_1,candidate_3,candidate_2,3,0.0033333333333333335
7621,candidate_1,candidate_3,candidate_2,3,0.0033333333333333335
7622,candidate_1,candidate_3,candidate_2,3,0.0033333333333333335
7623,candidate_1,candidate_3,candidate_2,3,0.0033333333333333335
7624,candidate_1,candidate_3,candidate_2,3,0.0033333333333333335
7625,candidate_1,candidate_3,candidate_2,3,0.0033333333333333335
7626,candidate_1,candidate_3,candidate_2,3,0.0033333333333333335
7627,candidate_1,candidate_3,candidate_2,3,0.0033333333333333335
7628,candidate_1,candidate_3,candidate_2,3,0.0033333333333333335
7629,candidate_1,candidate_3,candidate_2,3,0.0033333333333333335
7630,candidate_1,candidate_3,candidate_2,3,0.0033333333333333335
7631,candidate_1,candidate_3,candidate_2,3,0.0033333333333333335
7632,candidate_1,candidate_3,candidate_2,3,0.0033333333333333335
7633,candidate_1,candidate_3,candidate_2,3,0.0033333333333333335
7634,candidate_1,candidate_3,candidate_2,3,0.0033333333333333335
7635,candidate_1,candidate_3,candidate_2,3,0.0033333333333333335
7636,candidate_1,candidate_3,candidate_2,3,0.0033333333333333335
7637,candidate_1,candidate_3,candidate_2,3,0.0033333333333333335
7638,candidate_1,candidate_3,candidate_2,3,0.0033333333333333335
7639,candidate_1,candidate_3,candidate_2,3,0.0033333333333333335
7640,candidate_1,candidate_3,candidate_2,3,0.0033333333333333335
7641,candidate_1,candidate_3,candidate_2,3,0.0033333333333333335
7642,candidate_1,candidate_3,candidate_2,3,0.0033333333333333335
7643,candidate_1,candidate_3,candidate_2,3,0.0033333333333333335
7644,candidate_1,candidate_3,candidate_2,3,0.0033333333333333335
7645,candidate_1,candidate_3,candidate_2,3,0.0033333333333333335
7646,candidate_1,candidate_3,candidate_2,3,0.0033333333333333335
7647,candidate_1,candidate_3,candidate_2,3,0.0033333333333333335
7648,candidate_1,candidate_3,candidate_2,3,0.0033333333333333335
7649,candidate_1,candidate_3,candidate_2,3,0.0033333333333333335
7650,candidate_1,candidate_3,candidate_2,3,0.0033333333333333335
7651,candidate_1,candidate_3,candidate_2,3,0.0033333333333333335
7652,candidate_1,candidate_3,candidate_2,3,0.0033333333333333335
7653,candidate_1,candidate_3,candidate_2,3,0.0033333333333333335
7654,candidate_1,candidate_3,candidate_2,3,0.0033333333333333335
7655,candidate_1,candidate_3,candidate_2,3,0.0033333333333333335
7656,candidate_1,candidate_3,candidate_2,3,0.0033333333333333335
7657,candidate_1,candidate_3,candidate_2,3,0.0033333333333333335
7658,candidate_1,candidate_3,candidate_2,3,0.0033333333333333335
7659,candidate_1,candidate_3,candidate_2,3,0.0033333333333333335
7660,candidate_1,candidate_3,candidate_2,3,0.0033333333333333335
7661,candidate_1,candidate_3,candidate_2,3,0.0033333333333333335
7662,candidate_1,candidate_3,candidate_2,3,0.0033333333333333335
7663,candidate_1,candidate_3,candidate_2,3,0.0033333333333333335
7664,candidate_1,candidate_3,candidate_2,3,0.0033333333333333335
7665,candidate_1,candidate_3,candidate_2,3,0.0033333333333333335
7666,candidate_1,candidate_3,candidate_2,3,0.0033333333333333335
7667,candidate_1,candidate_3,candidate_2,3,0.0033333333333333335
7668,candidate_1,candidate_3,candidate_2,3,0.0033333333333333335
7669,candidate_1,candidate_3,candidate_2,3,0.0033333333333333335
7670,candidate_1,candidate_3,candidate_2,3,0.0033333333333333335
7671,candidate_1,candidate_3,candidate_2,3,0.0033333333333333335
7672,candidate_1,candidate_3,candidate_2,3,0.0033333333333333335
7673,candidate_1,candidate_3,candidate_2,3,0.0033333333333333335
7674,candidate_1,candidate_3,candidate_2,3,0.0033333333333333335
7675,candidate_1,candidate_3,candidate_2,3,0.0033333333333333335
7676,candidate_1,candidate_3,candidate_2,3,0.0033333333333333335
7677,candidate_1,candidate_3,candidate_2,3,0.0033333333333333335
7678,candidate_1,candidate_3,candidate_2,3,0.0033333333333333335
7679,candidate_1,candidate_3,candidate_2,3,0.0033333333333333335
7680,candidate_1,candidate_3,candidate_2,3,0.0033333333333333335
7681,candidate_1,candidate_3,candidate_2,3,0.0033333333333333335
7682,candidate_1,candidate_3,candidate_2,3,0.0033333333333333335
7683,candidate_1,candidate_3,candidate_2,3,0.0033333333333333335
7684,candidate_1,candidate_3,candidate_2,3,0.0033333333333333335
7685,candidate_1,candidate_3,candidate_2,3,0.0033333333333333335
7686,candidate_1,candidate_3,candidate_2,3,0.0033333333333333335
7687,candidate_1,candidate_3,candidate_2,3,0.0033333333333333335
7688,candidate_1,candidate_3,candidate_2,3,0.0033333333333333335
7689,candidate_1,candidate_3,candidate_2,3,0.0033333333333333335
7690,candidate_1,candidate_3,candidate_2,3,0.0033333333333333335
7691,candidate_1,candidate_3,candidate_2,3,0.0033333333333333335
7692,candidate_1,candidate_3,candidate_2,3,0.0033333333333333335
7693,candidate_1,candidate_3,candidate_2,3,0.0033333333333333335
7694,candidate_1,candidate_3,candidate_2,3,0.0033333333333333335
7695,candidate_1,candidate_3,candidate_2,3,0.0033333333333333335
7696,candidate_1,candidate_3,candidate_2,3,0.0033333333333333335
7697,candidate_1,candidate_3,candidate_2,3,0.0033333333333333335
7698,candidate_1,candidate_3,candidate_2,3,0.0033333333333333335
7699,candidate_1,candidate_3,candidate_2,3,0.0033333333333333335
7700,candidate_1,candidate_3,candidate_2,3,0.0033333333333333335
7701,candidate_1,candidate_3,candidate_2,3,0.0033333333333333335
7702,candidate_1,candidate_3,candidate_2,3,0.0033333333333333335
7703,candidate_1,candidate_3,candidate_2,3,0.0033333333333333335
7704,candidate_1,candidate_3,candidate_2,3,0.0033333333333333335
7705,candidate_1,candidate_3,candidate_2,3,0.0033333333333333335
7706,candidate_1,candidate_3,candidate_2,3,0.0033333333333333335
7707,candidate_1,candidate_3,candidate_2,3,0.0033333333333333335
7708,candidate_1,candidate_3,candidate_2,3,0.0033333333333333335
7709,candidate_1,candidate_3,candidate_2,3,0.0033333333333333335
7710,candidate_1,candidate_3,candidate_2,3,0.0033333333333333335
7711,candidate_1,candidate_3,candidate_2,3,0.0033333333333333335
7712,candidate_1,candidate_3,candidate_2,3,0.0033333333333333335
7713,candidate_1,candidate_3,candidate_2,3,0.0033333333333333335
7714,candidate_1,candidate_3,candidate_2,3,0.0033333333333333335
7715,candidate_1,candidate_3,candidate_2,3,0.0033333333333333335
7716,candidate_1,candidate_3,candidate_2,3,0.0033333333333333335
7717,candidate_1,candidate_3,candidate_2,3,0.0033333333333333335
7718,candidate_1,candidate_3,candidate_2,3,0.0033333333333333335
7719,candidate_1,candidate_3,candidate_2,3,0.0033333333333333335
7720,candidate_1,candidate_3,candidate_2,3,0.0033333333333333335
7721,candidate_1,candidate_3,candidate_2,3,0.0033333333333333335
7722,candidate_1,candidate_3,candidate_2,3,0.0033333333333333335
7723,candidate_1,candidate_3,candidate_2,3,0.0033333333333333335
7724,candidate_1,candidate_3,candidate_2,3,0.0033333333333333335
7725,candidate_1,candidate_3,candidate_2,3,0.0033333333333333335
7726,candidate_1,candidate_3,candidate_2,3,0.0033333333333333335
7727,candidate_1,candidate_3,candidate_2,3,0.0033333333333333335
7728,candidate_1,candidate_3,candidate_2,3,0.0033333333333333335
7729,candidate_1,candidate_3,candidate_2,3,0.0033333333333333335
7730,candidate_1,candidate_3,candidate_2,3,0.0033333333333333335
7731,candidate_1,candidate_3,candidate_2,3,0.0033333333333333335
7732,candidate_1,candidate_3,candidate_2,3,0.0033333333333333335
7733,candidate_1,candidate_3,candidate_2,3,0.0033333333333333335
7734,candidate_1,candidate_3,candidate_2,3,0.0033333333333333335
7735,candidate_1,candidate_3,candidate_2,3,0.0033333333333333335
7736,candidate_1,candidate_3,candidate_2,3,0.0033333333333333335
7737,candidate_1,candidate_3,candidate_2,3,0.0033333333333333335
7738,candidate_1,candidate_3,candidate_2,3,0.0033333333333333335
7739,candidate_1,candidate_3,candidate_2,3,0.0033333333333333335
7740,candidate_1,candidate_3,candidate_2,3,0.0033333333333333335
7741,candidate_1,candidate_3,candidate_2,3,0.0033333333333333335
7742,candidate_1,candidate_3,candidate_2,3,0.0033333333333333335
7743,candidate_1,candidate_3,candidate_2,3,0.0033333333333333335
7744,candidate_1,candidate_3,candidate_2,3,0.0033333333333333335
7745,candidate_1,candidate_3,candidate_2,3,0.0033333333333333335
7746,candidate_1,candidate_3,candidate_2,3,0.0033333333333333335
7747,candidate_1,candidate_3,candidate_2,3,0.0033333333333333335
7748,candidate_1,candidate_3,candidate_2,3,0.0033333333333333335
7749,candidate_1,candidate_3,candidate_2,3,0.0033333333333333335
7750,candidate_1,candidate_3,candidate_2,3,0.0033333333333333335
7751,candidate_1,candidate_3,candidate_2,3,0.0033333333333333335
7752,candidate_1,candidate_3,candidate_2,3,0.0033333333333333335
7753,candidate_1,candidate_3,candidate_2,3,0.0033333333333333335
7754,candidate_1,candidate_3,candidate_2,3,0.0033333333333333335
7755,candidate_1,candidate_3,candidate_2,3,0.0033333333333333335
7756,candidate_1,candidate_3,candidate_2,3,0.0033333333333333335
7757,candidate_1,candidate_3,candidate_2,3,0.0033333333333333335
7758,candidate_1,candidate_3,candidate_2,3,0.0033333333333333335
7759,candidate_1,candidate_3,candidate_2,3,0.0033333333333333335
7760,candidate_1,candidate_3,candidate_2,3,0.0033333333333333335
7761,candidate_1,candidate_3,candidate_2,3,0.0033333333333333335
7762,candidate_1,candidate_3,candidate_2,3,0.0033333333333333335
7763,candidate_1,candidate_3,candidate_2,3,0.0033333333333333335
7764,candidate_1,candidate_3,candidate_2,3,0.0033333333333333335
7765,candidate_1,candidate_3,candidate_2,3,0.0033333333333333335
7766,candidate_1,candidate_3,candidate_2,3,0.0033333333333333335
7767,candidate_1,candidate_3,candidate_2,3,0.0033333333333333335
7768,candidate_1,candidate_3,candidate_2,3,0.0033333333333333335
7769,candidate_1,candidate_3,candidate_2,3,0.0033333333333333335
7770,candidate_1,candidate_3,candidate_2,3,0.0033333333333333335
7771,candidate_1,candidate_3,candidate_2,3,0.0033333333333333335
7772,candidate_1,candidate_3,candidate_2,3,0.0033333333333333335
7773,candidate_1,candidate_3,candidate_2,3,0.0033333333333333335
7774,candidate_1,candidate_3,candidate_2,3,0.0033333333333333335
7775,candidate_1,candidate_3,candidate_2,3,0.0033333333333333335
7776,candidate_1,candidate_3,candidate_2,3,0.0033333333333333335
7777,candidate_1,candidate_3,candidate_2,3,0.0033333333333333335
7778,candidate_1,candidate_3,candidate_2,3,0.0033333333333333335
7779,candidate_1,candidate_3,candidate_2,3,0.0033333333333333335
7780,candidate_1,candidate_3,candidate_2,3,0.0033333333333333335
7781,candidate_1,candidate_3,candidate_2,3,0.0033333333333333335
7782,candidate_1,candidate_3,candidate_2,3,0.0033333333333333335
7783,0,candidate_3,candidate_2,3,0.0033333333333333335
7784,candidate_1,candidate_3,candidate_2,3,0.0033333333333333335
7785,candidate_1,candidate_3,candidate_2,3,0.0033333333333333335
7786,candidate_1,candidate_3,candidate_2,3,0.0033333333333333335
7787,candidate_1,candidate_3,candidate_2,3,0.0033333333333333335
7788,candidate_1,candidate_3,candidate_2,3,0.0033333333333333335
7789,candidate_1,candidate_3,candidate_2,3,0.0033333333333333335
7790,candidate_1,candidate_3,candidate_2,3,0.0033333333333333335
7791,candidate_1,candidate_3,candidate_2,3,0.0033333333333333335
7792,candidate_1,candidate_3,candidate_2,3,0.0033333333333333335
7793,candidate_1,candidate_3,candidate_2,3,0.0033333333333333335
7794,candidate_1,candidate_3,candidate_2,3,0.0033333333333333335
7795,candidate_1,candidate_3,candidate_2,3,0.0033333333333333335
0,candidate_2,candidate_1,candidate_3,3,0.0033333333333333335
1,candidate_2,candidate_1,candidate_3,3,0.0033333333333333335
2,candidate_2,candidate_1,candidate_3,3,0.0033333333333333335
3,candidate_2,candidate_1,candidate_3,3,0.0033333333333333335
4,candidate_2,candidate_1,candidate_3,3,0.0033333333333333335
5,0,candidate_1,candidate_3,3,0.0033333333333333335
6,candidate_2,candidate_1,candidate_3,3,0.0033333333333333335
7,candidate_2,candidate_1,candidate_3,3,0.0033333333333333335
8,candidate_2,candidate_1,candidate_3,3,0.0033333333333333335
9,candidate_2,candidate_1,candidate_3,3,0.0033333333333333335
10,candidate_2,candidate_1,candidate_3,3,0.0033333333333333335
11,candidate_2,candidate_1,candidate_3,3,0.0033333333333333335
12,candidate_2,candidate_1,candidate_3,3,0.0033333333333333335
13,candidate_2,candidate_1,candidate_3,3,0.0033333333333333335
14,candidate_2,candidate_1,candidate_3,3,0.0033333333333333335
15,candidate_2,candidate_1,candidate_3,3,0.0033333333333333335
16,candidate_2,candidate_1,candidate_3,3,0.0033333333333333335
17,candidate_2,candidate_1,candidate_3,3,0.0033333333333333335
18,candidate_2,candidate_1,candidate_3,3,0.0033333333333333335
19,candidate_2,candidate_1,candidate_3,3,0.0033333333333333335
20,candidate_2,candidate_1,candidate_3,3,0.0033333333333333335
21,candidate_2,candidate_1,candidate_3,3,0.0033333333333333335
22,candidate_2,candidate_1,candidate_3,3,0.0033333333333333335
23,candidate_2,candidate_1,candidate_3,3,0.0033333333333333335
24,candidate_2,candidate_1,candidate_3,3,0.0033333333333333335
25,candidate_2,candidate_1,candidate_3,3,0.0033333333333333335
26,candidate_2,candidate_1,candidate_3,3,0.0033333333333333335
27,candidate_2,candidate_1,candidate_3,3,0.0033333333333333335
28,candidate_2,candidate_1,candidate_3,3,0.0033333333333333335
29,candidate_2,candidate_1,candidate_3,3,0.0033333333333333335
30,candidate_2,candidate_1,candidate_3,3,0.0033333333333333335
31,candidate_2,candidate_1,0,3,0.0033333333333333335
32,candidate_2,candidate_1,candidate_3,3,0.0033333333333333335
33,candidate_2,candidate_1,candidate_3,3,0.0033333333333333335
34,candidate_2,candidate_1,candidate_3,3,0.0033333333333333335
35,candidate_2,candidate_1,candidate_3,3,0.0033333333333333335
36,candidate_2,candidate_1,candidate_3,3,0.0033333333333333335
37,candidate_2,candidate_1,candidate_3,3,0.0033333333333333335
38,candidate_2,candidate_1,candidate_3,3,0.0033333333333333335
39,candidate_2,candidate_1,candidate_3,3,0.0033333333333333335
40,candidate_2,candidate_1,candidate_3,3,0.0033333333333333335
41,candidate_2,candidate_1,candidate_3,3,0.0033333333333333335
42,candidate_2,candidate_1,candidate_3,3,0.0033333333333333335
43,candidate_2,candidate_1,candidate_3,3,0.0033333333333333335
44,candidate_2,candidate_1,candidate_3,3,0.0033333333333333335
45,candidate_2,candidate_1,candidate_3,3,0.0033333333333333335
46,candidate_2,candidate_1,candidate_3,3,0.0033333333333333335
47,candidate_2,candidate_1,candidate_3,3,0.0033333333333333335
48,candidate_2,candidate_1,candidate_3,3,0.0033333333333333335
49,candidate_2,candidate_1,candidate_3,3,0.0033333333333333335
50,candidate_2,candidate_1,candidate_3,3,0.0033333333333333335
51,candidate_2,candidate_1,candidate_3,3,0.0033333333333333335
52,candidate_2,candidate_1,candidate_3,3,0.0033333333333333335
53,candidate_2,candidate_1,candidate_3,3,0.0033333333333333335
54,candidate_2,candidate_1,candidate_3,3,0.0033333333333333335
55,candidate_2,candidate_1,candidate_3,3,0.0033333333333333335
56,candidate_2,candidate_1,candidate_3,3,0.0033333333333333335
57,candidate_2,candidate_1,candidate_3,3,0.0033333333333333335
58,candidate_2,candidate_1,candidate_3,3,0.0033333333333333335
59,candidate_2,candidate_1,candidate_3,3,0.0033333333333333335
60,candidate_2,candidate_1,candidate_3,3,0.0033333333333333335
61,candidate_2,candidate_1,candidate_3,3,0.0033333333333333335
62,candidate_2,candidate_1,candidate_3,3,0.0033333333333333335
63,candidate_2,candidate_1,candidate_3,3,0.0033333333333333335
64,candidate_2,candidate_1,candidate_3,3,0.0033333333333333335
65,candidate_2,candidate_1,candidate_3,3,0.0033333333333333335
66,candidate_2,candidate_1,candidate_3,3,0.0033333333333333335
67,candidate_2,candidate_1,candidate_3,3,0.0033333333333333335
68,candidate_2,candidate_1,candidate_3,3,0.0033333333333333335
69,candidate_2,candidate_1,candidate_3,3,0.0033333333333333335
70,candidate_2,candidate_1,candidate_3,3,0.0033333333333333335
71,candidate_2,candidate_1,candidate_3,3,0.0033333333333333335
72,candidate_2,candidate_1,candidate_3,3,0.0033333333333333335
73,candidate_2,candidate_1,candidate_3,3,0.0033333333333333335
74,candidate_2,candidate_1,candidate_3,3,0.0033333333333333335
75,candidate_2,candidate_1,candidate_3,3,0.0033333333333333335
76,candidate_2,candidate_1,candidate_3,3,0.0033333333333333335
77,candidate_2,candidate_1,candidate_3,3,0.0033333333333333335
78,candidate_2,candidate_1,candidate_3,3,0.0033333333333333335
79,candidate_2,candidate_1,candidate_3,3,0.0033333333333333335
80,candidate_2,candidate_1,candidate_3,3,0.0033333333333333335
81,candidate_2,candidate_1,candidate_3,3,0.0033333333333333335
82,candidate_2,candidate_1,candidate_3,3,0.0033333333333333335
83,candidate_2,candidate_1,candidate_3,3,0.0033333333333333335
84,candidate_2,candidate_1,candidate_3,3,0.0033333333333333335
85,candidate_2,candidate_1,candidate_3,3,0.0033333333333333335
86,candidate_2,candidate_1,candidate_3,3,0.0033333333333333335
87,candidate_2,candidate_1,candidate_3,3,0.0033333333333333335
88,candidate_2,candidate_1,candidate_3,3,0.0033333333333333335
89,candidate_2,candidate_1,candidate_3,3,0.0033333333333333335
90,0,candidate_1,candidate_3,3,0.0033333333333333335
91,candidate_2,candidate_1,candidate_3,3,0.0033333333333333335
92,candidate_2,candidate_1,candidate_3,3,0.0033333333333333335
93,candidate_2,candidate_1,candidate_3,3,0.0033333333333333335
94,candidate_2,candidate_1,candidate_3,3,0.0033333333333333335
95,candidate_2,candidate_1,candidate_3,3,0.0033333333333333335
96,candidate_2,candidate_1,candidate_3,3,0.0033333333333333335
97,candidate_2,candidate_1,candidate_3,3,0.0033333333333333335
98,candidate_2,candidate_1,candidate_3,3,0.0033333333333333335
99,candidate_2,candidate_1,candidate_3,3,0.0033333333333333335
100,candidate_2,candidate_1,candidate_3,3,0.0033333333333333335
101,candidate_2,candidate_1,candidate_3,3,0.0033333333333333335
102,candidate_2,candidate_1,candidate_3,3,0.0033333333333333335
103,candidate_2,candidate_1,candidate_3,3,0.0033333333333333335
104,candidate_2,candidate_1,candidate_3,3,0.0033333333333333335
105,candidate_2,candidate_1,candidate_3,3,0.0033333333333333335
106,candidate_2,candidate_1,candidate_3,3,0.0033333333333333335
107,candidate_2,candidate_1,candidate_3,3,0.0033333333333333335
108,candidate_2,candidate_1,candidate_3,3,0.0033333333333333335
109,candidate_2,candidate_1,candidate_3,3,0.0033333333333333335
110,candidate_2,candidate_1,candidate_3,3,0.0033333333333333335
111,candidate_2,candidate_1,candidate_3,3,0.0033333333333333335
112,candidate_2,candidate_1,candidate_3,3,0.0033333333333333335
113,candidate_2,candidate_1,candidate_3,3,0.0033333333333333335
114,candidate_2,candidate_1,candidate_3,3,0.0033333333333333335
115,candidate_2,candidate_1,candidate_3,3,0.0033333333333333335
116,candidate_2,candidate_1,candidate_3,3,0.0033333333333333335
117,candidate_2,candidate_1,candidate_3,3,0.0033333333333333335
118,candidate_2,candidate_1,candidate_3,3,0.0033333333333333335
119,candidate_2,candidate_1,candidate_3,3,0.0033333333333333335
120,candidate_2,candidate_1,candidate_3,3,0.0033333333333333335
121,candidate_2,candidate_1,candidate_3,3,0.0033333333333333335
122,candidate_2,candidate_1,candidate_3,3,0.0033333333333333335
123,candidate_2,candidate_1,candidate_3,3,0.0033333333333333335
124,candidate_2,candidate_1,candidate_3,3,0.0033333333333333335
125,candidate_2,candidate_1,candidate_3,3,0.0033333333333333335
126,candidate_2,candidate_1,candidate_3,3,0.0033333333333333335
127,candidate_2,candidate_1,candidate_3,3,0.0033333333333333335
128,candidate_2,candidate_1,candidate_3,3,0.0033333333333333335
129,candidate_2,candidate_1,candidate_3,3,0.0033333333333333335
130,candidate_2,candidate_1,candidate_3,3,0.0033333333333333335
131,candidate_2,candidate_1,candidate_3,3,0.0033333333333333335
132,candidate_2,candidate_1,candidate_3,3,0.0033333333333333335
133,candidate_2,candidate_1,candidate_3,3,0.0033333333333333335
134,candidate_2,candidate_1,candidate_3,3,0.0033333333333333335
135,candidate_2,candidate_1,candidate_3,3,0.0033333333333333335
136,candidate_2,candidate_1,candidate_3,3,0.0033333333333333335
137,candidate_2,candidate_1,candidate_3,3,0.0033333333333333335
138,candidate_2,candidate_1,candidate_3,3,0.0033333333333333335
139,candidate_2,candidate_1,candidate_3,3,0.0033333333333333335
140,candidate_2,candidate_1,candidate_3,3,0.0033333333333333335
141,candidate_2,candidate_1,candidate_3,3,0.0033333333333333335
142,candidate_2,candidate_1,candidate_3,3,0.0033333333333333335
143,candidate_2,candidate_1,candidate_3,3,0.0033333333333333335
144,candidate_2,candidate_1,candidate_3,3,0.0033333333333333335
145,candidate_2,candidate_1,candidate_3,3,0.0033333333333333335
146,candidate_2,candidate_1,candidate_3,3,0.0033333333333333335
147,candidate_2,candidate_1,candidate_3,3,0.0033333333333333335
148,candidate_2,candidate_1,candidate_3,3,0.0033333333333333335
149,candidate_2,candidate_1,candidate_3,3,0.0033333333333333335
150,candidate_2,candidate_1,candidate_3,3,0.0033333333333333335
151,candidate_2,candidate_1,candidate_3,3,0.0033333333333333335
152,candidate_2,candidate_1,candidate_3,3,0.0033333333333333335
153,candidate_2,candidate_1,candidate_3,3,0.0033333333333333335
154,candidate_2,candidate_1,candidate_3,3,0.0033333333333333335
155,candidate_2,candidate_1,candidate_3,3,0.0033333333333333335
156,candidate_2,candidate_1,candidate_3,3,0.0033333333333333335
157,candidate_2,candidate_1,candidate_3,3,0.0033333333333333335
158,candidate_2,candidate_1,candidate_3,3,0.0033333333333333335
159,candidate_2,candidate_1,candidate_3,3,0.0033333333333333335
160,candidate_2,candidate_1,candidate_3,3,0.0033333333333333335
161,candidate_2,candidate_1,candidate_3,3,0.0033333333333333335
162,candidate_2,candidate_1,candidate_3,3,0.0033333333333333335
163,candidate_2,candidate_1,candidate_3,3,0.0033333333333333335
164,candidate_2,candidate_1,candidate_3,3,0.0033333333333333335
165,candidate_2,candidate_1,candidate_3,3,0.0033333333333333335
166,candidate_2,candidate_1,candidate_3,3,0.0033333333333333335
167,candidate_2,candidate_1,candidate_3,3,0.0033333333333333335
168,candidate_2,candidate_1,candidate_3,3,0.0033333333333333335
169,candidate_2,candidate_1,candidate_3,3,0.0033333333333333335
170,candidate_2,candidate_1,candidate_3,3,0.0033333333333333335
171,candidate_2,candidate_1,candidate_3,3,0.0033333333333333335
172,candidate_2,candidate_1,candidate_3,3,0.0033333333333333335
173,candidate_2,candidate_1,candidate_3,3,0.0033333333333333335
174,candidate_2,candidate_1,candidate_3,3,0.0033333333333333335
175,candidate_2,candidate_1,candidate_3,3,0.0033333333333333335
176,candidate_2,candidate_1,candidate_3,3,0.0033333333333333335
177,candidate_2,candidate_1,candidate_3,3,0.0033333333333333335
178,candidate_2,candidate_1,candidate_3,3,0.0033333333333333335
179,candidate_2,candidate_1,candidate_3,3,0.0033333333333333335
180,candidate_2,candidate_1,candidate_3,3,0.0033333333333333335
181,candidate_2,candidate_1,candidate_3,3,0.0033333333333333335
182,candidate_2,candidate_1,candidate_3,3,0.0033333333333333335
183,candidate_2,candidate_1,candidate_3,3,0.0033333333333333335
184,candidate_2,candidate_1,candidate_3,3,0.0033333333333333335
185,candidate_2,candidate_1,candidate_3,3,0.0033333333333333335
186,candidate_2,candidate_1,candidate_3,3,0.0033333333333333335
187,candidate_2,candidate_1,candidate_3,3,0.0033333333333333335
188,candidate_2,candidate_1,candidate_3,3,0.0033333333333333335
189,candidate_2,candidate_1,candidate_3,3,0.0033333333333333335
190,candidate_2,candidate_1,candidate_3,3,0.0033333333333333335
191,candidate_2,candidate_1,candidate_3,3,0.0033333333333333335
192,candidate_2,candidate_1,candidate_3,3,0.0033333333333333335
193,candidate_2,candidate_1,candidate_3,3,0.0033333333333333335
194,candidate_2,candidate_1,candidate_3,3,0.0033333333333333335
195,candidate_2,candidate_1,candidate_3,3,0.0033333333333333335
196,candidate_2,candidate_1,candidate_3,3,0.0033333333333333335
197,candidate_2,candidate_1,candidate_3,3,0.0033333333333333335
198,candidate_2,candidate_1,candidate_3,3,0.0033333333333333335
199,candidate_2,candidate_1,candidate_3,3,0.0033333333333333335
200,candidate_2,candidate_1,candidate_3,3,0.0033333333333333335
201,candidate_2,candidate_1,candidate_3,3,0.0033333333333333335
202,candidate_2,candidate_1,candidate_3,3,0.0033333333333333335
203,candidate_2,candidate_1,candidate_3,3,0.0033333333333333335
204,candidate_2,candidate_1,candidate_3,3,0.0033333333333333335
205,candidate_2,candidate_1,candidate_3,3,0.0033333333333333335
206,candidate_2,candidate_1,candidate_3,3,0.0033333333333333335
207,candidate_2,candidate_1,candidate_3,3,0.0033333333333333335
208,candidate_2,candidate_1,candidate_3,3,0.0033333333333333335
209,candidate_2,candidate_1,candidate_3,3,0.0033333333333333335
210,candidate_2,candidate_1,candidate_3,3,0.0033333333333333335
211,candidate_2,candidate_1,candidate_3,3,0.0033333333333333335
212,candidate_2,candidate_1,candidate_3,3,0.0033333333333333335
213,candidate_2,candidate_1,candidate_3,3,0.0033333333333333335
214,candidate_2,candidate_1,candidate_3,3,0.0033333333333333335
215,candidate_2,candidate_1,candidate_3,3,0.0033333333333333335
216,candidate_2,candidate_1,candidate_3,3,0.0033333333333333335
217,candidate_2,candidate_1,candidate_3,3,0.0033333333333333335
218,candidate_2,candidate_1,candidate_3,3,0.0033333333333333335
219,candidate_2,candidate_1,candidate_3,3,0.0033333333333333335
220,candidate_2,candidate_1,candidate_3,3,0.0033333333333333335
221,candidate_2,candidate_1,candidate_3,3,0.0033333333333333335
222,candidate_2,candidate_1,candidate_3,3,0.0033333333333333335
223,candidate_2,candidate_1,candidate_3,3,0.0033333333333333335
224,candidate_2,candidate_1,candidate_3,3,0.0033333333333333335
225,candidate_2,candidate_1,candidate_3,3,0.0033333333333333335
226,candidate_2,candidate_1,candidate_3,3,0.0033333333333333335
227,candidate_2,candidate_1,candidate_3,3,0.0033333333333333335
228,candidate_2,candidate_1,candidate_3,3,0.0033333333333333335
229,candidate_2,candidate_1,candidate_3,3,0.0033333333333333335
230,candidate_2,candidate_1,candidate_3,3,0.0033333333333333335
231,candidate_2,candidate_1,candidate_3,3,0.0033333333333333335
232,candidate_2,candidate_1,candidate_3,3,0.0033333333333333335
233,candidate_2,candidate_1,candidate_3,3,0.0033333333333333335
234,candidate_2,candidate_1,candidate_3,3,0.0033333333333333335
235,candidate_2,candidate_1,candidate_3,3,0.0033333333333333335
236,candidate_2,candidate_1,candidate_3,3,0.0033333333333333335
237,candidate_2,candidate_1,candidate_3,3,0.0033333333333333335
238,candidate_2,candidate_1,candidate_3,3,0.0033333333333333335
239,candidate_2,candidate_1,candidate_3,3,0.0033333333333333335
240,candidate_2,candidate_1,candidate_3,3,0.0033333333333333335
241,candidate_2,candidate_1,candidate_3,3,0.0033333333333333335
242,candidate_2,candidate_1,candidate_3,3,0.0033333333333333335
243,candidate_2,candidate_1,candidate_3,3,0.0033333333333333335
244,candidate_2,candidate_1,candidate_3,3,0.0033333333333333335
245,candidate_2,candidate_1,candidate_3,3,0.0033333333333333335
246,candidate_2,candidate_1,candidate_3,3,0.0033333333333333335
247,candidate_2,candidate_1,candidate_3,3,0.0033333333333333335
248,candidate_2,candidate_1,candidate_3,3,0.0033333333333333335
249,candidate_2,candidate_1,candidate_3,3,0.0033333333333333335
250,candidate_2,candidate_1,candidate_3,3,0.0033333333333333335
251,candidate_2,candidate_1,candidate_3,3,0.0033333333333333335
252,candidate_2,candidate_1,candidate_3,3,0.0033333333333333335
253,candidate_2,candidate_1,candidate_3,3,0.0033333333333333335
254,candidate_2,candidate_1,candidate_3,3,0.0033333333333333335
255,candidate_2,candidate_1,candidate_3,3,0.0033333333333333335
256,candidate_2,candidate_1,candidate_3,3,0.0033333333333333335
257,candidate_2,candidate_1,candidate_3,3,0.0033333333333333335
258,candidate_2,candidate_1,candidate_3,3,0.0033333333333333335
259,candidate_2,candidate_1,candidate_3,3,0.0033333333333333335
260,candidate_2,candidate_1,candidate_3,3,0.0033333333333333335
261,candidate_2,candidate_1,candidate_3,3,0.0033333333333333335
262,candidate_2,candidate_1,candidate_3,3,0.0033333333333333335
263,candidate_2,candidate_1,candidate_3,3,0.0033333333333333335
264,candidate_2,candidate_1,candidate_3,3,0.0033333333333333335
265,candidate_2,candidate_1,candidate_3,3,0.0033333333333333335
266,candidate_2,candidate_1,candidate_3,3,0.0033333333333333335
267,candidate_2,candidate_1,candidate_3,3,0.0033333333333333335
268,candidate_2,candidate_1,candidate_3,3,0.0033333333333333335
269,candidate_2,candidate_1,candidate_3,3,0.0033333333333333335
270,candidate_2,candidate_1,candidate_3,3,0.0033333333333333335
271,candidate_2,candidate_1,candidate_3,3,0.0033333333333333335
272,candidate_2,candidate_1,candidate_3,3,0.0033333333333333335
273,candidate_2,candidate_1,candidate_3,3,0.0033333333333333335
274,candidate_2,candidate_1,candidate_3,3,0.0033333333333333335
275,candidate_2,candidate_1,candidate_3,3,0.0033333333333333335
276,candidate_2,candidate_1,candidate_3,3,0.0033333333333333335
277,candidate_2,candidate_1,candidate_3,3,0.0033333333333333335
278,candidate_2,candidate_1,candidate_3,3,0.0033333333333333335
279,candidate_2,candidate_1,candidate_3,3,0.0033333333333333335
280,candidate_2,candidate_1,candidate_3,3,0.0033333333333333335
281,candidate_2,candidate_1,candidate_3,3,0.0033333333333333335
282,candidate_2,candidate_1,candidate_3,3,0.0033333333333333335
283,candidate_2,candidate_1,candidate_3,3,0.0033333333333333335
284,candidate_2,candidate_1,candidate_3,3,0.0033333333333333335
285,candidate_2,candidate_1,candidate_3,3,0.0033333333333333335
286,candidate_2,candidate_1,candidate_3,3,0.0033333333333333335
287,candidate_2,candidate_1,candidate_3,3,0.0033333333333333335
288,candidate_2,candidate_1,candidate_3,3,0.0033333333333333335
289,candidate_2,candidate_1,candidate_3,3,0.0033333333333333335
290,candidate_2,candidate_1,candidate_3,3,0.0033333333333333335
291,candidate_2,candidate_1,candidate_3,3,0.0033333333333333335
292,candidate_2,candidate_1,candidate_3,3,0.0033333333333333335
293,candidate_2,candidate_1,candidate_3,3,0.0033333333333333335
294,candidate_2,candidate_1,candidate_3,3,0.0033333333333333335
295,candidate_2,candidate_1,candidate_3,3,0.0033333333333333335
296,candidate_2,candidate_1,candidate_3,3,0.0033333333333333335
297,candidate_2,candidate_1,candidate_3,3,0.0033333333333333335
298,candidate_2,candidate_1,candidate_3,3,0.0033333333333333335
299,candidate_2,candidate_1,candidate_3,3,0.0033333333333333335
300,candidate_2,candidate_1,candidate_3,3,0.0033333333333333335
301,candidate_2,candidate_1,candidate_3,3,0.0033333333333333335
302,candidate_2,candidate_1,candidate_3,3,0.0033333333333333335
303,candidate_2,candidate_1,candidate_3,3,0.0033333333333333335
304,candidate_2,candidate_1,candidate_3,3,0.0033333333333333335
305,candidate_2,candidate_1,candidate_3,3,0.0033333333333333335
306,candidate_2,candidate_1,candidate_3,3,0.0033333333333333335
307,candidate_2,candidate_1,candidate_3,3,0.0033333333333333335
308,candidate_2,candidate_1,candidate_3,3,0.0033333333333333335
309,candidate_2,candidate_1,candidate_3,3,0.0033333333333333335
310,candidate_2,candidate_1,candidate_3,3,0.0033333333333333335
311,candidate_2,candidate_1,candidate_3,3,0.0033333333333333335
312,candidate_2,candidate_1,candidate_3,3,0.0033333333333333335
313,candidate_2,candidate_1,candidate_3,3,0.0033333333333333335
314,candidate_2,candidate_1,candidate_3,3,0.0033333333333333335
315,candidate_2,candidate_1,candidate_3,3,0.0033333333333333335
316,candidate_2,candidate_1,candidate_3,3,0.0033333333333333335
317,candidate_2,candidate_1,candidate_3,3,0.0033333333333333335
318,candidate_2,candidate_1,candidate_3,3,0.0033333333333333335
319,candidate_2,candidate_1,candidate_3,3,0.0033333333333333335
320,candidate_2,candidate_1,candidate_3,3,0.0033333333333333335
321,candidate_2,candidate_1,candidate_3,3,0.0033333333333333335
322,candidate_2,candidate_1,candidate_3,3,0.0033333333333333335
323,0,candidate_1,candidate_3,3,0.0033333333333333335
324,candidate_2,candidate_1,candidate_3,3,0.0033333333333333335
325,candidate_2,candidate_1,candidate_3,3,0.0033333333333333335
326,candidate_2,candidate_1,candidate_3,3,0.0033333333333333335
327,candidate_2,candidate_1,candidate_3,3,0.0033333333333333335
328,candidate_2,candidate_1,candidate_3,3,0.0033333333333333335
329,candidate_2,candidate_1,candidate_3,3,0.0033333333333333335
330,candidate_2,candidate_1,candidate_3,3,0.0033333333333333335
331,candidate_2,candidate_1,candidate_3,3,0.0033333333333333335
332,candidate_2,candidate_1,candidate_3,3,0.0033333333333333335
333,candidate_2,candidate_1,candidate_3,3,0.0033333333333333335
334,candidate_2,candidate_1,candidate_3,3,0.0033333333333333335
335,candidate_2,candidate_1,candidate_3,3,0.0033333333333333335
336,0,candidate_1,candidate_3,3,0.0033333333333333335
337,candidate_2,candidate_1,candidate_3,3,0.0033333333333333335
338,candidate_2,candidate_1,candidate_3,3,0.0033333333333333335
339,candidate_2,candidate_1,candidate_3,3,0.0033333333333333335
340,candidate_2,candidate_1,candidate_3,3,0.0033333333333333335
341,candidate_2,candidate_1,candidate_3,3,0.0033333333333333335
342,candidate_2,candidate_1,candidate_3,3,0.0033333333333333335
343,candidate_2,candidate_1,candidate_3,3,0.0033333333333333335
344,candidate_2,candidate_1,candidate_3,3,0.0033333333333333335
345,candidate_2,candidate_1,candidate_3,3,0.0033333333333333335
346,candidate_2,candidate_1,candidate_3,3,0.0033333333333333335
347,candidate_2,candidate_1,candidate_3,3,0.0033333333333333335
348,candidate_2,candidate_1,candidate_3,3,0.0033333333333333335
349,candidate_2,candidate_1,candidate_3,3,0.0033333333333333335
350,candidate_2,candidate_1,candidate_3,3,0.0033333333333333335
351,candidate_2,candidate_1,candidate_3,3,0.0033333333333333335
352,candidate_2,candidate_1,candidate_3,3,0.0033333333333333335
353,candidate_2,candidate_1,candidate_3,3,0.0033333333333333335
354,candidate_2,candidate_1,candidate_3,3,0.0033333333333333335
355,candidate_2,candidate_1,candidate_3,3,0.0033333333333333335
356,candidate_2,candidate_1,candidate_3,3,0.0033333333333333335
357,candidate_2,candidate_1,candidate_3,3,0.0033333333333333335
358,candidate_2,candidate_1,candidate_3,3,0.0033333333333333335
359,candidate_2,candidate_1,candidate_3,3,0.0033333333333333335
360,candidate_2,candidate_1,candidate_3,3,0.0033333333333333335
361,candidate_2,candidate_1,candidate_3,3,0.0033333333333333335
362,candidate_2,candidate_1,candidate_3,3,0.0033333333333333335
363,candidate_2,candidate_1,candidate_3,3,0.0033333333333333335
364,candidate_2,candidate_1,candidate_3,3,0.0033333333333333335
365,candidate_2,candidate_1,candidate_3,3,0.0033333333333333335
366,candidate_2,candidate_1,candidate_3,3,0.0033333333333333335
367,candidate_2,candidate_1,candidate_3,3,0.0033333333333333335
368,candidate_2,candidate_1,candidate_3,3,0.0033333333333333335
369,candidate_2,candidate_1,candidate_3,3,0.0033333333333333335
370,candidate_2,candidate_1,candidate_3,3,0.0033333333333333335
371,candidate_2,candidate_1,candidate_3,3,0.0033333333333333335
372,candidate_2,candidate_1,candidate_3,3,0.0033333333333333335
373,candidate_2,candidate_1,candidate_3,3,0.0033333333333333335
374,candidate_2,candidate_1,candidate_3,3,0.0033333333333333335
375,candidate_2,candidate_1,candidate_3,3,0.0033333333333333335
376,candidate_2,candidate_1,candidate_3,3,0.0033333333333333335
377,candidate_2,candidate_1,candidate_3,3,0.0033333333333333335
378,candidate_2,candidate_1,candidate_3,3,0.0033333333333333335
379,candidate_2,candidate_1,candidate_3,3,0.0033333333333333335
380,candidate_2,candidate_1,candidate_3,3,0.0033333333333333335
381,candidate_2,candidate_1,candidate_3,3,0.0033333333333333335
382,candidate_2,candidate_1,candidate_3,3,0.0033333333333333335
383,candidate_2,candidate_1,candidate_3,3,0.0033333333333333335
384,candidate_2,candidate_1,candidate_3,3,0.0033333333333333335
385,candidate_2,candidate_1,candidate_3,3,0.0033333333333333335
386,candidate_2,candidate_1,candidate_3,3,0.0033333333333333335
387,candidate_2,candidate_1,candidate_3,3,0.0033333333333333335
388,candidate_2,candidate_1,candidate_3,3,0.0033333333333333335
389,candidate_2,candidate_1,candidate_3,3,0.0033333333333333335
390,candidate_2,candidate_1,candidate_3,3,0.0033333333333333335
391,candidate_2,candidate_1,candidate_3,3,0.0033333333333333335
392,candidate_2,candidate_1,candidate_3,3,0.0033333333333333335
393,candidate_2,candidate_1,candidate_3,3,0.0033333333333333335
394,candidate_2,candidate_1,candidate_3,3,0.0033333333333333335
395,candidate_2,candidate_1,candidate_3,3,0.0033333333333333335
396,candidate_2,candidate_1,candidate_3,3,0.0033333333333333335
397,candidate_2,candidate_1,candidate_3,3,0.0033333333333333335
398,candidate_2,candidate_1,candidate_3,3,0.0033333333333333335
399,candidate_2,candidate_1,candidate_3,3,0.0033333333333333335
400,candidate_2,candidate_1,candidate_3,3,0.0033333333333333335
401,candidate_2,candidate_1,candidate_3,3,0.0033333333333333335
402,candidate_2,candidate_1,candidate_3,3,0.0033333333333333335
403,candidate_2,candidate_1,candidate_3,3,0.0033333333333333335
404,candidate_2,candidate_1,candidate_3,3,0.0033333333333333335
405,candidate_2,candidate_1,candidate_3,3,0.0033333333333333335
406,candidate_2,candidate_1,candidate_3,3,0.0033333333333333335
407,candidate_2,candidate_1,candidate_3,3,0.0033333333333333335
408,candidate_2,candidate_1,candidate_3,3,0.0033333333333333335
409,candidate_2,candidate_1,candidate_3,3,0.0033333333333333335
410,candidate_2,candidate_1,candidate_3,3,0.0033333333333333335
411,candidate_2,candidate_1,candidate_3,3,0.0033333333333333335
412,candidate_2,candidate_1,candidate_3,3,0.0033333333333333335
413,candidate_2,candidate_1,candidate_3,3,0.0033333333333333335
414,candidate_2,candidate_1,candidate_3,3,0.0033333333333333335
415,candidate_2,candidate_1,candidate_3,3,0.0033333333333333335
416,candidate_2,candidate_1,candidate_3,3,0.0033333333333333335
417,candidate_2,candidate_1,candidate_3,3,0.0033333333333333335
418,candidate_2,candidate_1,candidate_3,3,0.0033333333333333335
419,candidate_2,candidate_1,candidate_3,3,0.0033333333333333335
420,candidate_2,candidate_1,candidate_3,3,0.0033333333333333335
421,candidate_2,candidate_1,candidate_3,3,0.0033333333333333335
422,candidate_2,candidate_1,candidate_3,3,0.0033333333333333335
423,candidate_2,candidate_1,candidate_3,3,0.0033333333333333335
424,candidate_2,candidate_1,candidate_3,3,0.0033333333333333335
425,candidate_2,candidate_1,candidate_3,3,0.0033333333333333335
426,candidate_2,candidate_1,candidate_3,3,0.0033333333333333335
427,candidate_2,candidate_1,candidate_3,3,0.0033333333333333335
428,candidate_2,candidate_1,candidate_3,3,0.0033333333333333335
429,candidate_2,candidate_1,candidate_3,3,0.0033333333333333335
430,candidate_2,candidate_1,candidate_3,3,0.0033333333333333335
431,candidate_2,candidate_1,candidate_3,3,0.0033333333333333335
432,candidate_2,candidate_1,candidate_3,3,0.0033333333333333335
433,candidate_2,candidate_1,candidate_3,3,0.0033333333333333335
434,candidate_2,candidate_1,candidate_3,3,0.0033333333333333335
435,candidate_2,candidate_1,candidate_3,3,0.0033333333333333335
436,candidate_2,candidate_1,candidate_3,3,0.0033333333333333335
437,candidate_2,candidate_1,candidate_3,3,0.0033333333333333335
438,candidate_2,candidate_1,candidate_3,3,0.0033333333333333335
439,candidate_2,candidate_1,candidate_3,3,0.0033333333333333335
440,candidate_2,candidate_1,candidate_3,3,0.0033333333333333335
441,candidate_2,candidate_1,candidate_3,3,0.0033333333333333335
442,candidate_2,candidate_1,candidate_3,3,0.0033333333333333335
443,candidate_2,candidate_1,candidate_3,3,0.0033333333333333335
444,candidate_2,candidate_1,candidate_3,3,0.0033333333333333335
445,candidate_2,candidate_1,candidate_3,3,0.0033333333333333335
446,candidate_2,candidate_1,candidate_3,3,0.0033333333333333335
447,candidate_2,candidate_1,candidate_3,3,0.0033333333333333335
448,candidate_2,candidate_1,candidate_3,3,0.0033333333333333335
449,candidate_2,0,candidate_3,3,0.0033333333333333335
450,candidate_2,candidate_1,candidate_3,3,0.0033333333333333335
451,candidate_2,candidate_1,candidate_3,3,0.0033333333333333335
452,candidate_2,candidate_1,candidate_3,3,0.0033333333333333335
453,candidate_2,candidate_1,candidate_3,3,0.0033333333333333335
454,candidate_2,candidate_1,candidate_3,3,0.0033333333333333335
455,candidate_2,candidate_1,candidate_3,3,0.0033333333333333335
456,candidate_2,candidate_1,candidate_3,3,0.0033333333333333335
457,candidate_2,candidate_1,candidate_3,3,0.0033333333333333335
458,candidate_2,candidate_1,candidate_3,3,0.0033333333333333335
459,candidate_2,candidate_1,candidate_3,3,0.0033333333333333335
460,candidate_2,candidate_1,candidate_3,3,0.0033333333333333335
461,candidate_2,candidate_1,candidate_3,3,0.0033333333333333335
462,candidate_2,candidate_1,candidate_3,3,0.0033333333333333335
463,candidate_2,candidate_1,candidate_3,3,0.0033333333333333335
464,candidate_2,candidate_1,candidate_3,3,0.0033333333333333335
465,candidate_2,candidate_1,candidate_3,3,0.0033333333333333335
466,candidate_2,candidate_1,candidate_3,3,0.0033333333333333335
467,candidate_2,candidate_1,candidate_3,3,0.0033333333333333335
468,candidate_2,candidate_1,candidate_3,3,0.0033333333333333335
469,candidate_2,candidate_1,candidate_3,3,0.0033333333333333335
470,candidate_2,candidate_1,candidate_3,3,0.0033333333333333335
471,0,candidate_1,candidate_3,3,0.0033333333333333335
472,candidate_2,candidate_1,candidate_3,3,0.0033333333333333335
473,candidate_2,candidate_1,candidate_3,3,0.0033333333333333335
474,candidate_2,candidate_1,candidate_3,3,0.0033333333333333335
475,candidate_2,candidate_1,candidate_3,3,0.0033333333333333335
476,candidate_2,candidate_1,candidate_3,3,0.0033333333333333335
477,candidate_2,candidate_1,candidate_3,3,0.0033333333333333335
478,candidate_2,candidate_1,candidate_3,3,0.0033333333333333335
479,candidate_2,candidate_1,candidate_3,3,0.0033333333333333335
480,candidate_2,candidate_1,candidate_3,3,0.0033333333333333335
481,candidate_2,candidate_1,candidate_3,3,0.0033333333333333335
482,candidate_2,candidate_1,candidate_3,3,0.0033333333333333335
483,candidate_2,candidate_1,candidate_3,3,0.0033333333333333335
484,candidate_2,candidate_1,candidate_3,3,0.0033333333333333335
485,candidate_2,candidate_1,candidate_3,3,0.0033333333333333335
486,candidate_2,candidate_1,candidate_3,3,0.0033333333333333335
487,candidate_2,candidate_1,candidate_3,3,0.0033333333333333335
488,candidate_2,candidate_1,candidate_3,3,0.0033333333333333335
489,candidate_2,candidate_1,candidate_3,3,0.0033333333333333335
490,candidate_2,candidate_1,candidate_3,3,0.0033333333333333335
491,candidate_2,candidate_1,candidate_3,3,0.0033333333333333335
492,candidate_2,candidate_1,candidate_3,3,0.0033333333333333335
493,candidate_2,candidate_1,candidate_3,3,0.0033333333333333335
494,candidate_2,candidate_1,candidate_3,3,0.0033333333333333335
495,candidate_2,candidate_1,candidate_3,3,0.0033333333333333335
496,candidate_2,candidate_1,candidate_3,3,0.0033333333333333335
497,candidate_2,candidate_1,candidate_3,3,0.0033333333333333335
498,candidate_2,candidate_1,candidate_3,3,0.0033333333333333335
499,candidate_2,candidate_1,candidate_3,3,0.0033333333333333335
500,candidate_2,candidate_1,candidate_3,3,0.0033333333333333335
501,candidate_2,candidate_1,candidate_3,3,0.0033333333333333335
502,candidate_2,candidate_1,candidate_3,3,0.0033333333333333335
503,candidate_2,candidate_1,candidate_3,3,0.0033333333333333335
504,candidate_2,candidate_1,candidate_3,3,0.0033333333333333335
505,candidate_2,candidate_1,candidate_3,3,0.0033333333333333335
506,candidate_2,candidate_1,candidate_3,3,0.0033333333333333335
507,candidate_2,candidate_1,candidate_3,3,0.0033333333333333335
508,candidate_2,candidate_1,candidate_3,3,0.0033333333333333335
509,candidate_2,candidate_1,candidate_3,3,0.0033333333333333335
510,candidate_2,candidate_1,candidate_3,3,0.0033333333333333335
511,candidate_2,candidate_1,candidate_3,3,0.0033333333333333335
512,candidate_2,candidate_1,candidate_3,3,0.0033333333333333335
513,candidate_2,candidate_1,candidate_3,3,0.0033333333333333335
514,candidate_2,candidate_1,candidate_3,3,0.0033333333333333335
515,candidate_2,candidate_1,candidate_3,3,0.0033333333333333335
516,candidate_2,candidate_1,candidate_3,3,0.0033333333333333335
517,candidate_2,candidate_1,candidate_3,3,0.0033333333333333335
518,candidate_2,candidate_1,candidate_3,3,0.0033333333333333335
519,candidate_2,candidate_1,candidate_3,3,0.0033333333333333335
520,candidate_2,candidate_1,candidate_3,3,0.0033333333333333335
521,candidate_2,candidate_1,candidate_3,3,0.0033333333333333335
522,candidate_2,candidate_1,candidate_3,3,0.0033333333333333335
523,candidate_2,candidate_1,candidate_3,3,0.0033333333333333335
524,candidate_2,candidate_1,candidate_3,3,0.0033333333333333335
525,candidate_2,candidate_1,candidate_3,3,0.0033333333333333335
526,candidate_2,candidate_1,candidate_3,3,0.0033333333333333335
527,candidate_2,candidate_1,candidate_3,3,0.0033333333333333335
528,candidate_2,candidate_1,candidate_3,3,0.0033333333333333335
529,candidate_2,candidate_1,candidate_3,3,0.0033333333333333335
530,candidate_2,candidate_1,0,3,0.0033333333333333335
531,candidate_2,candidate_1,candidate_3,3,0.0033333333333333335
532,candidate_2,candidate_1,candidate_3,3,0.0033333333333333335
533,candidate_2,candidate_1,candidate_3,3,0.0033333333333333335
534,candidate_2,candidate_1,candidate_3,3,0.0033333333333333335
535,candidate_2,candidate_1,candidate_3,3,0.0033333333333333335
536,candidate_2,candidate_1,candidate_3,3,0.0033333333333333335
537,candidate_2,candidate_1,candidate_3,3,0.0033333333333333335
538,candidate_2,candidate_1,candidate_3,3,0.0033333333333333335
539,candidate_2,candidate_1,candidate_3,3,0.0033333333333333335
540,candidate_2,candidate_1,candidate_3,3,0.0033333333333333335
541,candidate_2,candidate_1,candidate_3,3,0.0033333333333333335
542,candidate_2,candidate_1,candidate_3,3,0.0033333333333333335
543,candidate_2,candidate_1,candidate_3,3,0.0033333333333333335
544,candidate_2,candidate_1,candidate_3,3,0.0033333333333333335
545,candidate_2,candidate_1,candidate_3,3,0.0033333333333333335
546,candidate_2,candidate_1,candidate_3,3,0.0033333333333333335
547,candidate_2,candidate_1,candidate_3,3,0.0033333333333333335
548,candidate_2,candidate_1,candidate_3,3,0.0033333333333333335
549,candidate_2,candidate_1,candidate_3,3,0.0033333333333333335
550,candidate_2,candidate_1,candidate_3,3,0.0033333333333333335
551,candidate_2,candidate_1,candidate_3,3,0.0033333333333333335
552,candidate_2,candidate_1,candidate_3,3,0.0033333333333333335
553,candidate_2,candidate_1,candidate_3,3,0.0033333333333333335
554,candidate_2,candidate_1,candidate_3,3,0.0033333333333333335
555,candidate_2,candidate_1,candidate_3,3,0.0033333333333333335
556,candidate_2,candidate_1,candidate_3,3,0.0033333333333333335
557,candidate_2,candidate_1,candidate_3,3,0.0033333333333333335
558,candidate_2,candidate_1,candidate_3,3,0.0033333333333333335
559,candidate_2,candidate_1,candidate_3,3,0.0033333333333333335
560,candidate_2,candidate_1,candidate_3,3,0.0033333333333333335
561,candidate_2,candidate_1,candidate_3,3,0.0033333333333333335
562,candidate_2,candidate_1,candidate_3,3,0.0033333333333333335
563,candidate_2,candidate_1,candidate_3,3,0.0033333333333333335
564,candidate_2,candidate_1,candidate_3,3,0.0033333333333333335
565,candidate_2,candidate_1,candidate_3,3,0.0033333333333333335
566,candidate_2,candidate_1,candidate_3,3,0.0033333333333333335
567,candidate_2,candidate_1,candidate_3,3,0.0033333333333333335
568,candidate_2,candidate_1,candidate_3,3,0.0033333333333333335
569,candidate_2,candidate_1,candidate_3,3,0.0033333333333333335
570,candidate_2,candidate_1,candidate_3,3,0.0033333333333333335
571,candidate_2,candidate_1,candidate_3,3,0.0033333333333333335
572,candidate_2,candidate_1,candidate_3,3,0.0033333333333333335
573,candidate_2,candidate_1,candidate_3,3,0.0033333333333333335
574,candidate_2,candidate_1,candidate_3,3,0.0033333333333333335
575,candidate_2,candidate_1,candidate_3,3,0.0033333333333333335
576,candidate_2,candidate_1,candidate_3,3,0.0033333333333333335
577,candidate_2,candidate_1,candidate_3,3,0.0033333333333333335
578,0,candidate_1,candidate_3,3,0.0033333333333333335
579,candidate_2,candidate_1,candidate_3,3,0.0033333333333333335
580,candidate_2,candidate_1,candidate_3,3,0.0033333333333333335
581,candidate_2,candidate_1,candidate_3,3,0.0033333333333333335
582,candidate_2,candidate_1,candidate_3,3,0.0033333333333333335
583,candidate_2,candidate_1,candidate_3,3,0.0033333333333333335
584,candidate_2,candidate_1,candidate_3,3,0.0033333333333333335
585,candidate_2,candidate_1,candidate_3,3,0.0033333333333333335
586,candidate_2,candidate_1,candidate_3,3,0.0033333333333333335
587,candidate_2,candidate_1,candidate_3,3,0.0033333333333333335
588,candidate_2,candidate_1,candidate_3,3,0.0033333333333333335
589,candidate_2,candidate_1,candidate_3,3,0.0033333333333333335
590,candidate_2,candidate_1,candidate_3,3,0.0033333333333333335
591,candidate_2,candidate_1,candidate_3,3,0.0033333333333333335
592,candidate_2,candidate_1,candidate_3,3,0.0033333333333333335
593,candidate_2,candidate_1,candidate_3,3,0.0033333333333333335
594,candidate_2,candidate_1,candidate_3,3,0.0033333333333333335
595,candidate_2,candidate_1,candidate_3,3,0.0033333333333333335
596,candidate_2,candidate_1,candidate_3,3,0.0033333333333333335
597,candidate_2,candidate_1,candidate_3,3,0.0033333333333333335
598,candidate_2,candidate_1,candidate_3,3,0.0033333333333333335
599,candidate_2,candidate_1,candidate_3,3,0.0033333333333333335
600,candidate_2,candidate_1,candidate_3,3,0.0033333333333333335
601,candidate_2,candidate_1,candidate_3,3,0.0033333333333333335
602,candidate_2,candidate_1,candidate_3,3,0.0033333333333333335
603,candidate_2,candidate_1,candidate_3,3,0.0033333333333333335
604,candidate_2,candidate_1,candidate_3,3,0.0033333333333333335
605,candidate_2,candidate_1,candidate_3,3,0.0033333333333333335
606,candidate_2,candidate_1,candidate_3,3,0.0033333333333333335
607,candidate_2,candidate_1,candidate_3,3,0.0033333333333333335
608,candidate_2,candidate_1,candidate_3,3,0.0033333333333333335
609,candidate_2,candidate_1,candidate_3,3,0.0033333333333333335
610,candidate_2,candidate_1,candidate_3,3,0.0033333333333333335
611,candidate_2,candidate_1,candidate_3,3,0.0033333333333333335
612,candidate_2,candidate_1,candidate_3,3,0.0033333333333333335
613,candidate_2,candidate_1,candidate_3,3,0.0033333333333333335
614,candidate_2,candidate_1,candidate_3,3,0.0033333333333333335
615,candidate_2,candidate_1,candidate_3,3,0.0033333333333333335
616,candidate_2,candidate_1,candidate_3,3,0.0033333333333333335
617,candidate_2,candidate_1,candidate_3,3,0.0033333333333333335
618,candidate_2,candidate_1,candidate_3,3,0.0033333333333333335
619,candidate_2,candidate_1,candidate_3,3,0.0033333333333333335
620,candidate_2,candidate_1,candidate_3,3,0.0033333333333333335
621,candidate_2,candidate_1,candidate_3,3,0.0033333333333333335
622,candidate_2,candidate_1,candidate_3,3,0.0033333333333333335
623,candidate_2,candidate_1,candidate_3,3,0.0033333333333333335
624,candidate_2,candidate_1,candidate_3,3,0.0033333333333333335
625,candidate_2,candidate_1,candidate_3,3,0.0033333333333333335
626,candidate_2,candidate_1,candidate_3,3,0.0033333333333333335
627,candidate_2,candidate_1,candidate_3,3,0.0033333333333333335
628,candidate_2,candidate_1,candidate_3,3,0.0033333333333333335
629,candidate_2,candidate_1,candidate_3,3,0.0033333333333333335
630,candidate_2,candidate_1,candidate_3,3,0.0033333333333333335
631,candidate_2,candidate_1,candidate_3,3,0.0033333333333333335
632,candidate_2,candidate_1,candidate_3,3,0.0033333333333333335
633,candidate_2,candidate_1,candidate_3,3,0.0033333333333333335
634,candidate_2,candidate_1,candidate_3,3,0.0033333333333333335
635,candidate_2,candidate_1,candidate_3,3,0.0033333333333333335
636,candidate_2,candidate_1,candidate_3,3,0.0033333333333333335
637,candidate_2,candidate_1,candidate_3,3,0.0033333333333333335
638,candidate_2,candidate_1,candidate_3,3,0.0033333333333333335
639,candidate_2,candidate_1,candidate_3,3,0.0033333333333333335
640,candidate_2,candidate_1,candidate_3,3,0.0033333333333333335
641,candidate_2,candidate_1,candidate_3,3,0.0033333333333333335
642,candidate_2,candidate_1,candidate_3,3,0.0033333333333333335
643,candidate_2,candidate_1,candidate_3,3,0.0033333333333333335
644,candidate_2,candidate_1,candidate_3,3,0.0033333333333333335
645,candidate_2,candidate_1,candidate_3,3,0.0033333333333333335
646,candidate_2,candidate_1,candidate_3,3,0.0033333333333333335
647,candidate_2,candidate_1,candidate_3,3,0.0033333333333333335
648,candidate_2,candidate_1,candidate_3,3,0.0033333333333333335
649,candidate_2,candidate_1,candidate_3,3,0.0033333333333333335
650,candidate_2,candidate_1,candidate_3,3,0.0033333333333333335
651,candidate_2,candidate_1,candidate_3,3,0.0033333333333333335
652,candidate_2,candidate_1,candidate_3,3,0.0033333333333333335
653,candidate_2,candidate_1,candidate_3,3,0.0033333333333333335
654,candidate_2,candidate_1,candidate_3,3,0.0033333333333333335
655,candidate_2,candidate_1,candidate_3,3,0.0033333333333333335
656,candidate_2,candidate_1,candidate_3,3,0.0033333333333333335
657,candidate_2,candidate_1,candidate_3,3,0.0033333333333333335
658,candidate_2,candidate_1,candidate_3,3,0.0033333333333333335
659,candidate_2,candidate_1,candidate_3,3,0.0033333333333333335
660,candidate_2,candidate_1,candidate_3,3,0.0033333333333333335
661,candidate_2,candidate_1,candidate_3,3,0.0033333333333333335
662,candidate_2,candidate_1,candidate_3,3,0.0033333333333333335
663,candidate_2,candidate_1,candidate_3,3,0.0033333333333333335
664,candidate_2,candidate_1,candidate_3,3,0.0033333333333333335
665,candidate_2,candidate_1,candidate_3,3,0.0033333333333333335
666,candidate_2,candidate_1,candidate_3,3,0.0033333333333333335
667,candidate_2,candidate_1,candidate_3,3,0.0033333333333333335
668,candidate_2,candidate_1,candidate_3,3,0.0033333333333333335
669,candidate_2,candidate_1,candidate_3,3,0.0033333333333333335
670,candidate_2,candidate_1,candidate_3,3,0.0033333333333333335
671,candidate_2,candidate_1,candidate_3,3,0.0033333333333333335
672,candidate_2,candidate_1,candidate_3,3,0.0033333333333333335
673,candidate_2,candidate_1,candidate_3,3,0.0033333333333333335
674,candidate_2,candidate_1,candidate_3,3,0.0033333333333333335
675,candidate_2,candidate_1,candidate_3,3,0.0033333333333333335
676,candidate_2,candidate_1,candidate_3,3,0.0033333333333333335
677,candidate_2,candidate_1,candidate_3,3,0.0033333333333333335
678,candidate_2,candidate_1,candidate_3,3,0.0033333333333333335
679,candidate_2,candidate_1,candidate_3,3,0.0033333333333333335
680,candidate_2,candidate_1,candidate_3,3,0.0033333333333333335
681,candidate_2,candidate_1,candidate_3,3,0.0033333333333333335
682,candidate_2,candidate_1,candidate_3,3,0.0033333333333333335
683,candidate_2,candidate_1,candidate_3,3,0.0033333333333333335
684,candidate_2,candidate_1,candidate_3,3,0.0033333333333333335
685,candidate_2,candidate_1,candidate_3,3,0.0033333333333333335
686,candidate_2,candidate_1,candidate_3,3,0.0033333333333333335
687,candidate_2,candidate_1,candidate_3,3,0.0033333333333333335
688,candidate_2,candidate_1,candidate_3,3,0.0033333333333333335
689,candidate_2,candidate_1,candidate_3,3,0.0033333333333333335
690,candidate_2,candidate_1,candidate_3,3,0.0033333333333333335
691,candidate_2,candidate_1,candidate_3,3,0.0033333333333333335
692,candidate_2,candidate_1,candidate_3,3,0.0033333333333333335
693,candidate_2,candidate_1,candidate_3,3,0.0033333333333333335
694,candidate_2,candidate_1,candidate_3,3,0.0033333333333333335
695,candidate_2,candidate_1,candidate_3,3,0.0033333333333333335
696,candidate_2,candidate_1,candidate_3,3,0.0033333333333333335
697,candidate_2,candidate_1,candidate_3,3,0.0033333333333333335
698,candidate_2,candidate_1,candidate_3,3,0.0033333333333333335
699,candidate_2,candidate_1,candidate_3,3,0.0033333333333333335
700,candidate_2,candidate_1,candidate_3,3,0.0033333333333333335
701,candidate_2,candidate_1,candidate_3,3,0.0033333333333333335
702,candidate_2,candidate_1,candidate_3,3,0.0033333333333333335
703,candidate_2,candidate_1,candidate_3,3,0.0033333333333333335
704,candidate_2,candidate_1,candidate_3,3,0.0033333333333333335
705,candidate_2,candidate_1,candidate_3,3,0.0033333333333333335
706,candidate_2,candidate_1,candidate_3,3,0.0033333333333333335
707,candidate_2,candidate_1,candidate_3,3,0.0033333333333333335
708,candidate_2,candidate_1,candidate_3,3,0.0033333333333333335
709,candidate_2,candidate_1,candidate_3,3,0.0033333333333333335
710,candidate_2,candidate_1,candidate_3,3,0.0033333333333333335
711,candidate_2,candidate_1,candidate_3,3,0.0033333333333333335
712,candidate_2,candidate_1,candidate_3,3,0.0033333333333333335
713,candidate_2,candidate_1,candidate_3,3,0.0033333333333333335
714,candidate_2,candidate_1,candidate_3,3,0.0033333333333333335
715,candidate_2,candidate_1,candidate_3,3,0.0033333333333333335
716,candidate_2,candidate_1,candidate_3,3,0.0033333333333333335
717,candidate_2,0,candidate_3,3,0.0033333333333333335
718,candidate_2,candidate_1,candidate_3,3,0.0033333333333333335
719,candidate_2,candidate_1,candidate_3,3,0.0033333333333333335
720,candidate_2,candidate_1,candidate_3,3,0.0033333333333333335
721,candidate_2,candidate_1,candidate_3,3,0.0033333333333333335
722,candidate_2,candidate_1,candidate_3,3,0.0033333333333333335
723,candidate_2,candidate_1,candidate_3,3,0.0033333333333333335
724,candidate_2,candidate_1,candidate_3,3,0.0033333333333333335
725,candidate_2,candidate_1,candidate_3,3,0.0033333333333333335
726,candidate_2,candidate_1,candidate_3,3,0.0033333333333333335
727,candidate_2,candidate_1,candidate_3,3,0.0033333333333333335
728,candidate_2,candidate_1,candidate_3,3,0.0033333333333333335
729,candidate_2,candidate_1,candidate_3,3,0.0033333333333333335
730,candidate_2,candidate_1,candidate_3,3,0.0033333333333333335
731,candidate_2,candidate_1,candidate_3,3,0.0033333333333333335
732,candidate_2,candidate_1,candidate_3,3,0.0033333333333333335
733,candidate_2,candidate_1,candidate_3,3,0.0033333333333333335
734,candidate_2,candidate_1,candidate_3,3,0.0033333333333333335
735,candidate_2,candidate_1,candidate_3,3,0.0033333333333333335
736,candidate_2,candidate_1,candidate_3,3,0.0033333333333333335
737,candidate_2,candidate_1,candidate_3,3,0.0033333333333333335
738,candidate_2,candidate_1,candidate_3,3,0.0033333333333333335
739,candidate_2,candidate_1,candidate_3,3,0.0033333333333333335
740,candidate_2,candidate_1,candidate_3,3,0.0033333333333333335
741,candidate_2,candidate_1,candidate_3,3,0.0033333333333333335
742,candidate_2,candidate_1,candidate_3,3,0.0033333333333333335
743,candidate_2,candidate_1,candidate_3,3,0.0033333333333333335
744,candidate_2,candidate_1,candidate_3,3,0.0033333333333333335
745,candidate_2,candidate_1,candidate_3,3,0.0033333333333333335
746,candidate_2,candidate_1,candidate_3,3,0.0033333333333333335
747,candidate_2,candidate_1,candidate_3,3,0.0033333333333333335
748,candidate_2,candidate_1,candidate_3,3,0.0033333333333333335
749,candidate_2,candidate_1,candidate_3,3,0.0033333333333333335
750,candidate_2,candidate_1,candidate_3,3,0.0033333333333333335
751,candidate_2,candidate_1,candidate_3,3,0.0033333333333333335
752,candidate_2,candidate_1,candidate_3,3,0.0033333333333333335
753,candidate_2,candidate_1,candidate_3,3,0.0033333333333333335
754,candidate_2,candidate_1,candidate_3,3,0.0033333333333333335
755,candidate_2,candidate_1,candidate_3,3,0.0033333333333333335
756,candidate_2,candidate_1,candidate_3,3,0.0033333333333333335
757,candidate_2,candidate_1,candidate_3,3,0.0033333333333333335
758,candidate_2,candidate_1,candidate_3,3,0.0033333333333333335
759,candidate_2,candidate_1,candidate_3,3,0.0033333333333333335
760,candidate_2,candidate_1,candidate_3,3,0.0033333333333333335
761,candidate_2,candidate_1,candidate_3,3,0.0033333333333333335
762,candidate_2,candidate_1,candidate_3,3,0.0033333333333333335
763,candidate_2,candidate_1,candidate_3,3,0.0033333333333333335
764,candidate_2,candidate_1,candidate_3,3,0.0033333333333333335
765,candidate_2,candidate_1,candidate_3,3,0.0033333333333333335
766,candidate_2,candidate_1,candidate_3,3,0.0033333333333333335
767,candidate_2,candidate_1,candidate_3,3,0.0033333333333333335
768,candidate_2,candidate_1,candidate_3,3,0.0033333333333333335
769,candidate_2,candidate_1,candidate_3,3,0.0033333333333333335
770,candidate_2,candidate_1,candidate_3,3,0.0033333333333333335
771,candidate_2,candidate_1,candidate_3,3,0.0033333333333333335
772,candidate_2,candidate_1,candidate_3,3,0.0033333333333333335
773,candidate_2,candidate_1,candidate_3,3,0.0033333333333333335
774,candidate_2,candidate_1,candidate_3,3,0.0033333333333333335
775,candidate_2,candidate_1,candidate_3,3,0.0033333333333333335
776,candidate_2,candidate_1,candidate_3,3,0.0033333333333333335
777,candidate_2,candidate_1,candidate_3,3,0.0033333333333333335
778,candidate_2,candidate_1,candidate_3,3,0.0033333333333333335
779,candidate_2,candidate_1,candidate_3,3,0.0033333333333333335
780,candidate_2,candidate_1,candidate_3,3,0.0033333333333333335
781,candidate_2,candidate_1,candidate_3,3,0.0033333333333333335
782,candidate_2,candidate_1,candidate_3,3,0.0033333333333333335
783,candidate_2,candidate_1,candidate_3,3,0.0033333333333333335
784,candidate_2,candidate_1,candidate_3,3,0.0033333333333333335
785,candidate_2,candidate_1,candidate_3,3,0.0033333333333333335
786,candidate_2,candidate_1,candidate_3,3,0.0033333333333333335
787,candidate_2,candidate_1,candidate_3,3,0.0033333333333333335
788,candidate_2,candidate_1,candidate_3,3,0.0033333333333333335
789,candidate_2,candidate_1,candidate_3,3,0.0033333333333333335
790,candidate_2,candidate_1,candidate_3,3,0.0033333333333333335
791,candidate_2,candidate_1,candidate_3,3,0.0033333333333333335
792,candidate_2,candidate_1,candidate_3,3,0.0033333333333333335
793,candidate_2,candidate_1,candidate_3,3,0.0033333333333333335
794,candidate_2,candidate_1,candidate_3,3,0.0033333333333333335
795,candidate_2,candidate_1,candidate_3,3,0.0033333333333333335
796,candidate_2,candidate_1,candidate_3,3,0.0033333333333333335
797,candidate_2,candidate_1,candidate_3,3,0.0033333333333333335
798,candidate_2,candidate_1,candidate_3,3,0.0033333333333333335
799,candidate_2,candidate_1,candidate_3,3,0.0033333333333333335
800,candidate_2,candidate_1,candidate_3,3,0.0033333333333333335
801,candidate_2,candidate_1,candidate_3,3,0.0033333333333333335
802,candidate_2,candidate_1,candidate_3,3,0.0033333333333333335
803,candidate_2,candidate_1,candidate_3,3,0.0033333333333333335
804,candidate_2,candidate_1,candidate_3,3,0.0033333333333333335
805,candidate_2,candidate_1,candidate_3,3,0.0033333333333333335
806,candidate_2,candidate_1,candidate_3,3,0.0033333333333333335
807,candidate_2,candidate_1,candidate_3,3,0.0033333333333333335
808,candidate_2,candidate_1,candidate_3,3,0.0033333333333333335
809,candidate_2,candidate_1,candidate_3,3,0.0033333333333333335
810,candidate_2,candidate_1,candidate_3,3,0.0033333333333333335
811,candidate_2,candidate_1,candidate_3,3,0.0033333333333333335
812,candidate_2,candidate_1,candidate_3,3,0.0033333333333333335
813,candidate_2,candidate_1,candidate_3,3,0.0033333333333333335
814,candidate_2,candidate_1,candidate_3,3,0.0033333333333333335
815,candidate_2,candidate_1,candidate_3,3,0.0033333333333333335
816,candidate_2,candidate_1,candidate_3,3,0.0033333333333333335
817,candidate_2,candidate_1,candidate_3,3,0.0033333333333333335
818,candidate_2,candidate_1,candidate_3,3,0.0033333333333333335
819,candidate_2,candidate_1,candidate_3,3,0.0033333333333333335
820,candidate_2,candidate_1,candidate_3,3,0.0033333333333333335
821,candidate_2,candidate_1,candidate_3,3,0.0033333333333333335
822,candidate_2,candidate_1,candidate_3,3,0.0033333333333333335
823,candidate_2,candidate_1,candidate_3,3,0.0033333333333333335
824,candidate_2,candidate_1,candidate_3,3,0.0033333333333333335
825,candidate_2,candidate_1,candidate_3,3,0.0033333333333333335
826,candidate_2,candidate_1,candidate_3,3,0.0033333333333333335
827,candidate_2,candidate_1,candidate_3,3,0.0033333333333333335
828,candidate_2,candidate_1,candidate_3,3,0.0033333333333333335
829,candidate_2,candidate_1,candidate_3,3,0.0033333333333333335
830,candidate_2,candidate_1,candidate_3,3,0.0033333333333333335
831,candidate_2,candidate_1,candidate_3,3,0.0033333333333333335
832,candidate_2,candidate_1,candidate_3,3,0.0033333333333333335
833,candidate_2,candidate_1,candidate_3,3,0.0033333333333333335
834,candidate_2,candidate_1,candidate_3,3,0.0033333333333333335
835,candidate_2,candidate_1,candidate_3,3,0.0033333333333333335
836,candidate_2,candidate_1,candidate_3,3,0.0033333333333333335
837,candidate_2,candidate_1,candidate_3,3,0.0033333333333333335
838,candidate_2,candidate_1,candidate_3,3,0.0033333333333333335
839,candidate_2,candidate_1,candidate_3,3,0.0033333333333333335
840,candidate_2,candidate_1,candidate_3,3,0.0033333333333333335
841,candidate_2,candidate_1,candidate_3,3,0.0033333333333333335
842,candidate_2,candidate_1,candidate_3,3,0.0033333333333333335
843,candidate_2,candidate_1,candidate_3,3,0.0033333333333333335
844,candidate_2,candidate_1,candidate_3,3,0.0033333333333333335
845,candidate_2,candidate_1,candidate_3,3,0.0033333333333333335
846,candidate_2,candidate_1,candidate_3,3,0.0033333333333333335
847,candidate_2,candidate_1,candidate_3,3,0.0033333333333333335
848,candidate_2,candidate_1,candidate_3,3,0.0033333333333333335
849,candidate_2,candidate_1,candidate_3,3,0.0033333333333333335
850,candidate_2,candidate_1,candidate_3,3,0.0033333333333333335
851,candidate_2,candidate_1,candidate_3,3,0.0033333333333333335
852,candidate_2,candidate_1,candidate_3,3,0.0033333333333333335
853,candidate_2,candidate_1,candidate_3,3,0.0033333333333333335
854,candidate_2,candidate_1,candidate_3,3,0.0033333333333333335
855,candidate_2,candidate_1,candidate_3,3,0.0033333333333333335
856,candidate_2,candidate_1,candidate_3,3,0.0033333333333333335
857,candidate_2,candidate_1,candidate_3,3,0.0033333333333333335
858,candidate_2,candidate_1,candidate_3,3,0.0033333333333333335
859,candidate_2,candidate_1,candidate_3,3,0.0033333333333333335
860,candidate_2,candidate_1,candidate_3,3,0.0033333333333333335
861,candidate_2,candidate_1,candidate_3,3,0.0033333333333333335
862,candidate_2,candidate_1,candidate_3,3,0.0033333333333333335
863,candidate_2,candidate_1,candidate_3,3,0.0033333333333333335
864,candidate_2,candidate_1,candidate_3,3,0.0033333333333333335
865,candidate_2,candidate_1,candidate_3,3,0.0033333333333333335
866,candidate_2,candidate_1,candidate_3,3,0.0033333333333333335
867,candidate_2,candidate_1,candidate_3,3,0.0033333333333333335
868,candidate_2,candidate_1,candidate_3,3,0.0033333333333333335
869,candidate_2,candidate_1,candidate_3,3,0.0033333333333333335
870,candidate_2,candidate_1,candidate_3,3,0.0033333333333333335
871,candidate_2,candidate_1,candidate_3,3,0.0033333333333333335
872,candidate_2,candidate_1,candidate_3,3,0.0033333333333333335
873,candidate_2,candidate_1,candidate_3,3,0.0033333333333333335
874,candidate_2,candidate_1,candidate_3,3,0.0033333333333333335
875,candidate_2,candidate_1,candidate_3,3,0.0033333333333333335
876,candidate_2,candidate_1,candidate_3,3,0.0033333333333333335
877,candidate_2,candidate_1,candidate_3,3,0.0033333333333333335
878,candidate_2,candidate_1,candidate_3,3,0.0033333333333333335
879,candidate_2,candidate_1,candidate_3,3,0.0033333333333333335
880,candidate_2,candidate_1,candidate_3,3,0.0033333333333333335
881,candidate_2,candidate_1,candidate_3,3,0.0033333333333333335
882,candidate_2,candidate_1,candidate_3,3,0.0033333333333333335
883,candidate_2,candidate_1,candidate_3,3,0.0033333333333333335
884,candidate_2,candidate_1,candidate_3,3,0.0033333333333333335
885,candidate_2,candidate_1,candidate_3,3,0.0033333333333333335
886,candidate_2,candidate_1,candidate_3,3,0.0033333333333333335
887,candidate_2,candidate_1,candidate_3,3,0.0033333333333333335
888,candidate_2,candidate_1,candidate_3,3,0.0033333333333333335
889,candidate_2,candidate_1,candidate_3,3,0.0033333333333333335
890,candidate_2,candidate_1,candidate_3,3,0.0033333333333333335
891,candidate_2,candidate_1,candidate_3,3,0.0033333333333333335
892,candidate_2,candidate_1,candidate_3,3,0.0033333333333333335
893,candidate_2,candidate_1,candidate_3,3,0.0033333333333333335
894,candidate_2,candidate_1,candidate_3,3,0.0033333333333333335
895,0,candidate_1,candidate_3,3,0.0033333333333333335
896,candidate_2,candidate_1,candidate_3,3,0.0033333333333333335
897,candidate_2,candidate_1,candidate_3,3,0.0033333333333333335
898,candidate_2,candidate_1,candidate_3,3,0.0033333333333333335
899,candidate_2,candidate_1,candidate_3,3,0.0033333333333333335
900,candidate_2,candidate_1,candidate_3,3,0.0033333333333333335
901,candidate_2,candidate_1,candidate_3,3,0.0033333333333333335
902,candidate_2,candidate_1,candidate_3,3,0.0033333333333333335
903,candidate_2,candidate_1,candidate_3,3,0.0033333333333333335
904,candidate_2,candidate_1,candidate_3,3,0.0033333333333333335
905,candidate_2,candidate_1,candidate_3,3,0.0033333333333333335
906,candidate_2,candidate_1,candidate_3,3,0.0033333333333333335
907,candidate_2,candidate_1,candidate_3,3,0.0033333333333333335
908,candidate_2,candidate_1,candidate_3,3,0.0033333333333333335
909,candidate_2,candidate_1,candidate_3,3,0.0033333333333333335
910,candidate_2,candidate_1,candidate_3,3,0.0033333333333333335
911,candidate_2,candidate_1,candidate_3,3,0.0033333333333333335
912,candidate_2,candidate_1,candidate_3,3,0.0033333333333333335
913,candidate_2,candidate_1,candidate_3,3,0.0033333333333333335
914,candidate_2,candidate_1,candidate_3,3,0.0033333333333333335
915,candidate_2,candidate_1,candidate_3,3,0.0033333333333333335
916,candidate_2,candidate_1,candidate_3,3,0.0033333333333333335
917,candidate_2,candidate_1,candidate_3,3,0.0033333333333333335
918,candidate_2,candidate_1,candidate_3,3,0.0033333333333333335
919,candidate_2,candidate_1,candidate_3,3,0.0033333333333333335
920,candidate_2,candidate_1,candidate_3,3,0.0033333333333333335
921,candidate_2,candidate_1,candidate_3,3,0.0033333333333333335
922,candidate_2,candidate_1,candidate_3,3,0.0033333333333333335
923,candidate_2,candidate_1,candidate_3,3,0.0033333333333333335
924,candidate_2,candidate_1,candidate_3,3,0.0033333333333333335
925,candidate_2,candidate_1,candidate_3,3,0.0033333333333333335
926,candidate_2,candidate_1,candidate_3,3,0.0033333333333333335
927,candidate_2,candidate_1,candidate_3,3,0.0033333333333333335
928,candidate_2,candidate_1,candidate_3,3,0.0033333333333333335
929,candidate_2,candidate_1,candidate_3,3,0.0033333333333333335
930,candidate_2,candidate_1,candidate_3,3,0.0033333333333333335
931,candidate_2,candidate_1,candidate_3,3,0.0033333333333333335
932,candidate_2,candidate_1,candidate_3,3,0.0033333333333333335
933,candidate_2,candidate_1,candidate_3,3,0.0033333333333333335
934,candidate_2,candidate_1,candidate_3,3,0.0033333333333333335
935,candidate_2,candidate_1,candidate_3,3,0.0033333333333333335
936,candidate_2,candidate_1,candidate_3,3,0.0033333333333333335
937,candidate_2,candidate_1,candidate_3,3,0.0033333333333333335
938,candidate_2,candidate_1,candidate_3,3,0.0033333333333333335
939,candidate_2,candidate_1,candidate_3,3,0.0033333333333333335
940,candidate_2,candidate_1,candidate_3,3,0.0033333333333333335
941,candidate_2,candidate_1,candidate_3,3,0.0033333333333333335
942,candidate_2,candidate_1,candidate_3,3,0.0033333333333333335
943,candidate_2,candidate_1,candidate_3,3,0.0033333333333333335
944,candidate_2,candidate_1,candidate_3,3,0.0033333333333333335
945,candidate_2,candidate_1,candidate_3,3,0.0033333333333333335
946,candidate_2,candidate_1,candidate_3,3,0.0033333333333333335
947,candidate_2,candidate_1,candidate_3,3,0.0033333333333333335
948,candidate_2,candidate_1,candidate_3,3,0.0033333333333333335
949,candidate_2,candidate_1,candidate_3,3,0.0033333333333333335
950,candidate_2,candidate_1,candidate_3,3,0.0033333333333333335
951,candidate_2,candidate_1,candidate_3,3,0.0033333333333333335
952,0,candidate_1,candidate_3,3,0.0033333333333333335
953,candidate_2,candidate_1,candidate_3,3,0.0033333333333333335
954,candidate_2,candidate_1,candidate_3,3,0.0033333333333333335
955,candidate_2,candidate_1,candidate_3,3,0.0033333333333333335
956,candidate_2,candidate_1,candidate_3,3,0.0033333333333333335
957,candidate_2,candidate_1,candidate_3,3,0.0033333333333333335
958,candidate_2,candidate_1,candidate_3,3,0.0033333333333333335
959,candidate_2,candidate_1,candidate_3,3,0.0033333333333333335
960,candidate_2,candidate_1,candidate_3,3,0.0033333333333333335
961,candidate_2,candidate_1,candidate_3,3,0.0033333333333333335
962,candidate_2,candidate_1,candidate_3,3,0.0033333333333333335
963,candidate_2,candidate_1,candidate_3,3,0.0033333333333333335
964,candidate_2,candidate_1,candidate_3,3,0.0033333333333333335
965,candidate_2,candidate_1,candidate_3,3,0.0033333333333333335
966,candidate_2,candidate_1,candidate_3,3,0.0033333333333333335
967,candidate_2,candidate_1,candidate_3,3,0.0033333333333333335
968,candidate_2,candidate_1,candidate_3,3,0.0033333333333333335
969,candidate_2,candidate_1,candidate_3,3,0.0033333333333333335
970,candidate_2,candidate_1,candidate_3,3,0.0033333333333333335
971,candidate_2,candidate_1,candidate_3,3,0.0033333333333333335
972,candidate_2,candidate_1,candidate_3,3,0.0033333333333333335
973,candidate_2,candidate_1,candidate_3,3,0.0033333333333333335
974,candidate_2,candidate_1,candidate_3,3,0.0033333333333333335
975,candidate_2,candidate_1,candidate_3,3,0.0033333333333333335
976,candidate_2,candidate_1,candidate_3,3,0.0033333333333333335
977,candidate_2,candidate_1,candidate_3,3,0.0033333333333333335
978,candidate_2,candidate_1,candidate_3,3,0.0033333333333333335
979,candidate_2,candidate_1,candidate_3,3,0.0033333333333333335
980,candidate_2,candidate_1,candidate_3,3,0.0033333333333333335
981,candidate_2,candidate_1,candidate_3,3,0.0033333333333333335
982,candidate_2,candidate_1,candidate_3,3,0.0033333333333333335
983,candidate_2,candidate_1,candidate_3,3,0.0033333333333333335
984,candidate_2,candidate_1,candidate_3,3,0.0033333333333333335
985,candidate_2,candidate_1,candidate_3,3,0.0033333333333333335
986,candidate_2,candidate_1,candidate_3,3,0.0033333333333333335
987,candidate_2,candidate_1,candidate_3,3,0.0033333333333333335
988,candidate_2,candidate_1,candidate_3,3,0.0033333333333333335
989,candidate_2,candidate_1,candidate_3,3,0.0033333333333333335
990,candidate_2,candidate_1,candidate_3,3,0.0033333333333333335
991,candidate_2,candidate_1,candidate_3,3,0.0033333333333333335
992,candidate_2,candidate_1,candidate_3,3,0.0033333333333333335
993,candidate_2,candidate_1,candidate_3,3,0.0033333333333333335
994,candidate_2,candidate_1,candidate_3,3,0.0033333333333333335
995,candidate_2,candidate_1,candidate_3,3,0.0033333333333333335
996,candidate_2,candidate_1,candidate_3,3,0.0033333333333333335
997,candidate_2,candidate_1,candidate_3,3,0.0033333333333333335
998,candidate_2,candidate_1,candidate_3,3,0.0033333333333333335
999,candidate_2,candidate_1,candidate_3,3,0.0033333333333333335
1000,candidate_2,candidate_1,candidate_3,3,0.0033333333333333335
1001,candidate_2,candidate_1,candidate_3,3,0.0033333333333333335
1002,candidate_2,candidate_1,candidate_3,3,0.0033333333333333335
1003,candidate_2,candidate_1,candidate_3,3,0.0033333333333333335
1004,candidate_2,candidate_1,candidate_3,3,0.0033333333333333335
1005,candidate_2,candidate_1,candidate_3,3,0.0033333333333333335
1006,candidate_2,candidate_1,candidate_3,3,0.0033333333333333335
1007,candidate_2,candidate_1,candidate_3,3,0.0033333333333333335
1008,candidate_2,candidate_1,candidate_3,3,0.0033333333333333335
1009,candidate_2,candidate_1,candidate_3,3,0.0033333333333333335
1010,candidate_2,candidate_1,candidate_3,3,0.0033333333333333335
1011,candidate_2,candidate_1,candidate_3,3,0.0033333333333333335
1012,candidate_2,candidate_1,candidate_3,3,0.0033333333333333335
1013,candidate_2,candidate_1,candidate_3,3,0.0033333333333333335
1014,candidate_2,candidate_1,candidate_3,3,0.0033333333333333335
1015,candidate_2,candidate_1,candidate_3,3,0.0033333333333333335
1016,candidate_2,candidate_1,candidate_3,3,0.0033333333333333335
1017,candidate_2,candidate_1,candidate_3,3,0.0033333333333333335
1018,candidate_2,candidate_1,candidate_3,3,0.0033333333333333335
1019,candidate_2,candidate_1,candidate_3,3,0.0033333333333333335
1020,candidate_2,candidate_1,candidate_3,3,0.0033333333333333335
1021,candidate_2,candidate_1,candidate_3,3,0.0033333333333333335
1022,candidate_2,candidate_1,candidate_3,3,0.0033333333333333335
1023,candidate_2,candidate_1,candidate_3,3,0.0033333333333333335
1024,candidate_2,candidate_1,candidate_3,3,0.0033333333333333335
1025,candidate_2,candidate_1,candidate_3,3,0.0033333333333333335
1026,candidate_2,candidate_1,candidate_3,3,0.0033333333333333335
1027,candidate_2,candidate_1,candidate_3,3,0.0033333333333333335
1028,candidate_2,candidate_1,candidate_3,3,0.0033333333333333335
1029,candidate_2,candidate_1,candidate_3,3,0.0033333333333333335
1030,candidate_2,candidate_1,candidate_3,3,0.0033333333333333335
1031,candidate_2,candidate_1,candidate_3,3,0.0033333333333333335
1032,candidate_2,candidate_1,candidate_3,3,0.0033333333333333335
1033,candidate_2,candidate_1,candidate_3,3,0.0033333333333333335
1034,candidate_2,candidate_1,candidate_3,3,0.0033333333333333335
1035,candidate_2,candidate_1,candidate_3,3,0.0033333333333333335
1036,candidate_2,candidate_1,candidate_3,3,0.0033333333333333335
1037,candidate_2,candidate_1,candidate_3,3,0.0033333333333333335
1038,candidate_2,candidate_1,candidate_3,3,0.0033333333333333335
1039,candidate_2,candidate_1,candidate_3,3,0.0033333333333333335
1040,candidate_2,candidate_1,candidate_3,3,0.0033333333333333335
1041,candidate_2,candidate_1,candidate_3,3,0.0033333333333333335
1042,candidate_2,candidate_1,candidate_3,3,0.0033333333333333335
1043,candidate_2,candidate_1,candidate_3,3,0.0033333333333333335
1044,candidate_2,candidate_1,candidate_3,3,0.0033333333333333335
1045,candidate_2,candidate_1,candidate_3,3,0.0033333333333333335
1046,candidate_2,candidate_1,candidate_3,3,0.0033333333333333335
1047,candidate_2,candidate_1,candidate_3,3,0.0033333333333333335
1048,candidate_2,candidate_1,candidate_3,3,0.0033333333333333335
1049,candidate_2,candidate_1,candidate_3,3,0.0033333333333333335
1050,candidate_2,candidate_1,candidate_3,3,0.0033333333333333335
1051,candidate_2,candidate_1,candidate_3,3,0.0033333333333333335
1052,candidate_2,candidate_1,candidate_3,3,0.0033333333333333335
1053,candidate_2,candidate_1,candidate_3,3,0.0033333333333333335
1054,candidate_2,candidate_1,candidate_3,3,0.0033333333333333335
1055,candidate_2,candidate_1,candidate_3,3,0.0033333333333333335
1056,candidate_2,candidate_1,candidate_3,3,0.0033333333333333335
1057,candidate_2,candidate_1,candidate_3,3,0.0033333333333333335
1058,candidate_2,candidate_1,candidate_3,3,0.0033333333333333335
1059,candidate_2,candidate_1,candidate_3,3,0.0033333333333333335
1060,candidate_2,candidate_1,candidate_3,3,0.0033333333333333335
1061,candidate_2,candidate_1,candidate_3,3,0.0033333333333333335
1062,candidate_2,candidate_1,candidate_3,3,0.0033333333333333335
1063,candidate_2,candidate_1,candidate_3,3,0.0033333333333333335
1064,candidate_2,candidate_1,candidate_3,3,0.0033333333333333335
1065,candidate_2,candidate_1,candidate_3,3,0.0033333333333333335
1066,candidate_2,candidate_1,candidate_3,3,0.0033333333333333335
1067,candidate_2,candidate_1,candidate_3,3,0.0033333333333333335
1068,candidate_2,candidate_1,candidate_3,3,0.0033333333333333335
1069,candidate_2,candidate_1,candidate_3,3,0.0033333333333333335
1070,candidate_2,candidate_1,candidate_3,3,0.0033333333333333335
1071,candidate_2,candidate_1,candidate_3,3,0.0033333333333333335
1072,candidate_2,candidate_1,candidate_3,3,0.0033333333333333335
1073,candidate_2,candidate_1,candidate_3,3,0.0033333333333333335
1074,candidate_2,candidate_1,candidate_3,3,0.0033333333333333335
1075,candidate_2,candidate_1,candidate_3,3,0.0033333333333333335
1076,candidate_2,candidate_1,candidate_3,3,0.0033333333333333335
1077,candidate_2,candidate_1,candidate_3,3,0.0033333333333333335
1078,candidate_2,candidate_1,candidate_3,3,0.0033333333333333335
1079,candidate_2,candidate_1,candidate_3,3,0.0033333333333333335
1080,candidate_2,candidate_1,candidate_3,3,0.0033333333333333335
1081,candidate_2,candidate_1,candidate_3,3,0.0033333333333333335
1082,candidate_2,candidate_1,candidate_3,3,0.0033333333333333335
1083,candidate_2,candidate_1,candidate_3,3,0.0033333333333333335
1084,candidate_2,candidate_1,candidate_3,3,0.0033333333333333335
1085,candidate_2,candidate_1,candidate_3,3,0.0033333333333333335
1086,candidate_2,candidate_1,candidate_3,3,0.0033333333333333335
1087,candidate_2,candidate_1,candidate_3,3,0.0033333333333333335
1088,candidate_2,candidate_1,candidate_3,3,0.0033333333333333335
1089,candidate_2,candidate_1,candidate_3,3,0.0033333333333333335
1090,candidate_2,candidate_1,candidate_3,3,0.0033333333333333335
1091,candidate_2,candidate_1,candidate_3,3,0.0033333333333333335
1092,candidate_2,candidate_1,candidate_3,3,0.0033333333333333335
1093,candidate_2,candidate_1,candidate_3,3,0.0033333333333333335
1094,candidate_2,candidate_1,candidate_3,3,0.0033333333333333335
1095,candidate_2,candidate_1,candidate_3,3,0.0033333333333333335
1096,candidate_2,candidate_1,candidate_3,3,0.0033333333333333335
1097,candidate_2,candidate_1,candidate_3,3,0.0033333333333333335
1098,candidate_2,candidate_1,candidate_3,3,0.0033333333333333335
1099,candidate_2,candidate_1,candidate_3,3,0.0033333333333333335
1100,candidate_2,candidate_1,candidate_3,3,0.0033333333333333335
1101,candidate_2,candidate_1,candidate_3,3,0.0033333333333333335
1102,candidate_2,candidate_1,candidate_3,3,0.0033333333333333335
1103,candidate_2,candidate_1,candidate_3,3,0.0033333333333333335
1104,candidate_2,candidate_1,candidate_3,3,0.0033333333333333335
1105,candidate_2,candidate_1,candidate_3,3,0.0033333333333333335
1106,candidate_2,candidate_1,candidate_3,3,0.0033333333333333335
1107,candidate_2,candidate_1,candidate_3,3,0.0033333333333333335
1108,candidate_2,candidate_1,candidate_3,3,0.0033333333333333335
1109,candidate_2,candidate_1,candidate_3,3,0.0033333333333333335
1110,candidate_2,candidate_1,candidate_3,3,0.0033333333333333335
1111,candidate_2,candidate_1,candidate_3,3,0.0033333333333333335
1112,candidate_2,candidate_1,candidate_3,3,0.0033333333333333335
1113,candidate_2,candidate_1,candidate_3,3,0.0033333333333333335
1114,candidate_2,candidate_1,candidate_3,3,0.0033333333333333335
1115,candidate_2,candidate_1,candidate_3,3,0.0033333333333333335
1116,candidate_2,candidate_1,candidate_3,3,0.0033333333333333335
1117,candidate_2,candidate_1,candidate_3,3,0.0033333333333333335
1118,candidate_2,candidate_1,candidate_3,3,0.0033333333333333335
1119,candidate_2,candidate_1,candidate_3,3,0.0033333333333333335
1120,candidate_2,candidate_1,candidate_3,3,0.0033333333333333335
1121,candidate_2,candidate_1,candidate_3,3,0.0033333333333333335
1122,candidate_2,candidate_1,candidate_3,3,0.0033333333333333335
1123,candidate_2,candidate_1,candidate_3,3,0.0033333333333333335
1124,candidate_2,candidate_1,candidate_3,3,0.0033333333333333335
1125,candidate_2,candidate_1,candidate_3,3,0.0033333333333333335
1126,candidate_2,candidate_1,candidate_3,3,0.0033333333333333335
1127,candidate_2,candidate_1,candidate_3,3,0.0033333333333333335
1128,candidate_2,candidate_1,candidate_3,3,0.0033333333333333335
1129,candidate_2,candidate_1,candidate_3,3,0.0033333333333333335
1130,candidate_2,candidate_1,candidate_3,3,0.0033333333333333335
1131,candidate_2,candidate_1,candidate_3,3,0.0033333333333333335
1132,candidate_2,candidate_1,candidate_3,3,0.0033333333333333335
1133,candidate_2,candidate_1,candidate_3,3,0.0033333333333333335
1134,candidate_2,candidate_1,candidate_3,3,0.0033333333333333335
1135,candidate_2,candidate_1,candidate_3,3,0.0033333333333333335
1136,candidate_2,candidate_1,candidate_3,3,0.0033333333333333335
1137,candidate_2,candidate_1,candidate_3,3,0.0033333333333333335
1138,candidate_2,candidate_1,candidate_3,3,0.0033333333333333335
1139,candidate_2,candidate_1,candidate_3,3,0.0033333333333333335
1140,candidate_2,candidate_1,candidate_3,3,0.0033333333333333335
1141,candidate_2,candidate_1,candidate_3,3,0.0033333333333333335
1142,candidate_2,candidate_1,candidate_3,3,0.0033333333333333335
1143,candidate_2,candidate_1,candidate_3,3,0.0033333333333333335
1144,candidate_2,candidate_1,candidate_3,3,0.0033333333333333335
1145,candidate_2,candidate_1,candidate_3,3,0.0033333333333333335
1146,candidate_2,candidate_1,candidate_3,3,0.0033333333333333335
1147,candidate_2,candidate_1,candidate_3,3,0.0033333333333333335
1148,candidate_2,candidate_1,candidate_3,3,0.0033333333333333335
1149,candidate_2,candidate_1,candidate_3,3,0.0033333333333333335
1150,candidate_2,candidate_1,candidate_3,3,0.0033333333333333335
1151,candidate_2,candidate_1,candidate_3,3,0.0033333333333333335
1152,candidate_2,candidate_1,candidate_3,3,0.0033333333333333335
1153,candidate_2,candidate_1,candidate_3,3,0.0033333333333333335
1154,candidate_2,candidate_1,candidate_3,3,0.0033333333333333335
1155,candidate_2,candidate_1,candidate_3,3,0.0033333333333333335
1156,candidate_2,candidate_1,candidate_3,3,0.0033333333333333335
1157,candidate_2,candidate_1,candidate_3,3,0.0033333333333333335
1158,candidate_2,candidate_1,candidate_3,3,0.0033333333333333335
1159,candidate_2,candidate_1,candidate_3,3,0.0033333333333333335
1160,candidate_2,candidate_1,candidate_3,3,0.0033333333333333335
1161,candidate_2,candidate_1,candidate_3,3,0.0033333333333333335
1162,candidate_2,candidate_1,candidate_3,3,0.0033333333333333335
1163,candidate_2,candidate_1,candidate_3,3,0.0033333333333333335
1164,candidate_2,candidate_1,candidate_3,3,0.0033333333333333335
1165,candidate_2,candidate_1,candidate_3,3,0.0033333333333333335
1166,candidate_2,candidate_1,candidate_3,3,0.0033333333333333335
1167,candidate_2,candidate_1,candidate_3,3,0.0033333333333333335
1168,candidate_2,candidate_1,candidate_3,3,0.0033333333333333335
1169,candidate_2,candidate_1,candidate_3,3,0.0033333333333333335
1170,candidate_2,candidate_1,candidate_3,3,0.0033333333333333335
1171,candidate_2,candidate_1,candidate_3,3,0.0033333333333333335
1172,candidate_2,candidate_1,candidate_3,3,0.0033333333333333335
1173,candidate_2,candidate_1,candidate_3,3,0.0033333333333333335
1174,candidate_2,candidate_1,candidate_3,3,0.0033333333333333335
1175,candidate_2,candidate_1,candidate_3,3,0.0033333333333333335
1176,candidate_2,candidate_1,candidate_3,3,0.0033333333333333335
1177,candidate_2,candidate_1,candidate_3,3,0.0033333333333333335
1178,candidate_2,candidate_1,candidate_3,3,0.0033333333333333335
1179,candidate_2,candidate_1,candidate_3,3,0.0033333333333333335
1180,candidate_2,candidate_1,candidate_3,3,0.0033333333333333335
1181,candidate_2,candidate_1,candidate_3,3,0.0033333333333333335
1182,candidate_2,candidate_1,candidate_3,3,0.0033333333333333335
1183,candidate_2,candidate_1,candidate_3,3,0.0033333333333333335
1184,candidate_2,candidate_1,candidate_3,3,0.0033333333333333335
1185,candidate_2,candidate_1,candidate_3,3,0.0033333333333333335
1186,candidate_2,candidate_1,candidate_3,3,0.0033333333333333335
1187,candidate_2,candidate_1,candidate_3,3,0.0033333333333333335
1188,candidate_2,candidate_1,candidate_3,3,0.0033333333333333335
1189,candidate_2,candidate_1,candidate_3,3,0.0033333333333333335
1190,candidate_2,candidate_1,candidate_3,3,0.0033333333333333335
1191,candidate_2,candidate_1,candidate_3,3,0.0033333333333333335
1192,candidate_2,candidate_1,candidate_3,3,0.0033333333333333335
1193,candidate_2,candidate_1,candidate_3,3,0.0033333333333333335
1194,candidate_2,candidate_1,candidate_3,3,0.0033333333333333335
1195,candidate_2,candidate_1,candidate_3,3,0.0033333333333333335
1196,candidate_2,candidate_1,candidate_3,3,0.0033333333333333335
1197,candidate_2,candidate_1,candidate_3,3,0.0033333333333333335
1198,candidate_2,candidate_1,candidate_3,3,0.0033333333333333335
1199,candidate_2,candidate_1,candidate_3,3,0.0033333333333333335
1200,candidate_2,candidate_1,candidate_3,3,0.0033333333333333335
1201,candidate_2,candidate_1,candidate_3,3,0.0033333333333333335
1202,candidate_2,candidate_1,candidate_3,3,0.0033333333333333335
1203,candidate_2,candidate_1,candidate_3,3,0.0033333333333333335
1204,candidate_2,candidate_1,candidate_3,3,0.0033333333333333335
1205,candidate_2,candidate_1,candidate_3,3,0.0033333333333333335
1206,candidate_2,candidate_1,candidate_3,3,0.0033333333333333335
1207,candidate_2,candidate_1,candidate_3,3,0.0033333333333333335
1208,candidate_2,candidate_1,candidate_3,3,0.0033333333333333335
1209,candidate_2,candidate_1,candidate_3,3,0.0033333333333333335
1210,candidate_2,candidate_1,candidate_3,3,0.0033333333333333335
1211,candidate_2,candidate_1,candidate_3,3,0.0033333333333333335
1212,candidate_2,candidate_1,candidate_3,3,0.0033333333333333335
1213,candidate_2,candidate_1,candidate_3,3,0.0033333333333333335
1214,candidate_2,candidate_1,candidate_3,3,0.0033333333333333335
1215,candidate_2,candidate_1,candidate_3,3,0.0033333333333333335
1216,candidate_2,candidate_1,candidate_3,3,0.0033333333333333335
1217,candidate_2,candidate_1,candidate_3,3,0.0033333333333333335
1218,candidate_2,candidate_1,candidate_3,3,0.0033333333333333335
1219,candidate_2,candidate_1,candidate_3,3,0.0033333333333333335
1220,candidate_2,candidate_1,candidate_3,3,0.0033333333333333335
1221,candidate_2,candidate_1,candidate_3,3,0.0033333333333333335
1222,candidate_2,candidate_1,candidate_3,3,0.0033333333333333335
1223,candidate_2,candidate_1,candidate_3,3,0.0033333333333333335
1224,candidate_2,candidate_1,candidate_3,3,0.0033333333333333335
1225,candidate_2,candidate_1,candidate_3,3,0.0033333333333333335
1226,candidate_2,candidate_1,0,3,0.0033333333333333335
1227,candidate_2,candidate_1,candidate_3,3,0.0033333333333333335
1228,candidate_2,candidate_1,candidate_3,3,0.0033333333333333335
1229,candidate_2,candidate_1,candidate_3,3,0.0033333333333333335
1230,candidate_2,candidate_1,candidate_3,3,0.0033333333333333335
1231,candidate_2,candidate_1,candidate_3,3,0.0033333333333333335
1232,candidate_2,candidate_1,candidate_3,3,0.0033333333333333335
1233,candidate_2,candidate_1,candidate_3,3,0.0033333333333333335
1234,candidate_2,candidate_1,candidate_3,3,0.0033333333333333335
1235,candidate_2,candidate_1,candidate_3,3,0.0033333333333333335
1236,candidate_2,candidate_1,candidate_3,3,0.0033333333333333335
1237,candidate_2,candidate_1,candidate_3,3,0.0033333333333333335
1238,candidate_2,candidate_1,candidate_3,3,0.0033333333333333335
1239,candidate_2,candidate_1,candidate_3,3,0.0033333333333333335
1240,candidate_2,candidate_1,candidate_3,3,0.0033333333333333335
1241,candidate_2,candidate_1,candidate_3,3,0.0033333333333333335
1242,candidate_2,candidate_1,candidate_3,3,0.0033333333333333335
1243,candidate_2,candidate_1,candidate_3,3,0.0033333333333333335
1244,candidate_2,candidate_1,candidate_3,3,0.0033333333333333335
1245,candidate_2,candidate_1,candidate_3,3,0.0033333333333333335
1246,candidate_2,candidate_1,candidate_3,3,0.0033333333333333335
1247,candidate_2,candidate_1,candidate_3,3,0.0033333333333333335
1248,candidate_2,candidate_1,candidate_3,3,0.0033333333333333335
1249,candidate_2,candidate_1,candidate_3,3,0.0033333333333333335
1250,candidate_2,candidate_1,candidate_3,3,0.0033333333333333335
1251,candidate_2,candidate_1,candidate_3,3,0.0033333333333333335
1252,candidate_2,candidate_1,candidate_3,3,0.0033333333333333335
1253,candidate_2,candidate_1,candidate_3,3,0.0033333333333333335
1254,candidate_2,candidate_1,candidate_3,3,0.0033333333333333335
1255,candidate_2,candidate_1,candidate_3,3,0.0033333333333333335
1256,candidate_2,candidate_1,candidate_3,3,0.0033333333333333335
1257,candidate_2,candidate_1,candidate_3,3,0.0033333333333333335
1258,candidate_2,candidate_1,candidate_3,3,0.0033333333333333335
1259,candidate_2,candidate_1,candidate_3,3,0.0033333333333333335
1260,candidate_2,candidate_1,candidate_3,3,0.0033333333333333335
1261,candidate_2,candidate_1,candidate_3,3,0.0033333333333333335
1262,candidate_2,candidate_1,candidate_3,3,0.0033333333333333335
1263,candidate_2,candidate_1,candidate_3,3,0.0033333333333333335
1264,candidate_2,candidate_1,candidate_3,3,0.0033333333333333335
1265,candidate_2,candidate_1,candidate_3,3,0.0033333333333333335
1266,candidate_2,candidate_1,candidate_3,3,0.0033333333333333335
1267,candidate_2,candidate_1,0,3,0.0033333333333333335
1268,candidate_2,candidate_1,candidate_3,3,0.0033333333333333335
1269,candidate_2,candidate_1,candidate_3,3,0.0033333333333333335
1270,candidate_2,candidate_1,candidate_3,3,0.0033333333333333335
1271,candidate_2,candidate_1,candidate_3,3,0.0033333333333333335
1272,candidate_2,candidate_1,candidate_3,3,0.0033333333333333335
1273,candidate_2,candidate_1,candidate_3,3,0.0033333333333333335
1274,candidate_2,candidate_1,candidate_3,3,0.0033333333333333335
1275,candidate_2,candidate_1,candidate_3,3,0.0033333333333333335
1276,candidate_2,candidate_1,candidate_3,3,0.0033333333333333335
1277,candidate_2,candidate_1,candidate_3,3,0.0033333333333333335
1278,candidate_2,candidate_1,candidate_3,3,0.0033333333333333335
1279,candidate_2,candidate_1,candidate_3,3,0.0033333333333333335
1280,candidate_2,candidate_1,candidate_3,3,0.0033333333333333335
1281,candidate_2,candidate_1,candidate_3,3,0.0033333333333333335
1282,candidate_2,candidate_1,candidate_3,3,0.0033333333333333335
1283,candidate_2,candidate_1,candidate_3,3,0.0033333333333333335
1284,candidate_2,candidate_1,candidate_3,3,0.0033333333333333335
1285,candidate_2,candidate_1,candidate_3,3,0.0033333333333333335
1286,candidate_2,candidate_1,candidate_3,3,0.0033333333333333335
1287,candidate_2,candidate_1,candidate_3,3,0.0033333333333333335
1288,candidate_2,candidate_1,candidate_3,3,0.0033333333333333335
1289,candidate_2,candidate_1,candidate_3,3,0.0033333333333333335
1290,candidate_2,candidate_1,candidate_3,3,0.0033333333333333335
1291,candidate_2,candidate_1,candidate_3,3,0.0033333333333333335
1292,candidate_2,candidate_1,candidate_3,3,0.0033333333333333335
1293,candidate_2,candidate_1,candidate_3,3,0.0033333333333333335
1294,candidate_2,candidate_1,candidate_3,3,0.0033333333333333335
1295,candidate_2,candidate_1,candidate_3,3,0.0033333333333333335
1296,candidate_2,candidate_1,candidate_3,3,0.0033333333333333335
1297,candidate_2,candidate_1,candidate_3,3,0.0033333333333333335
1298,candidate_2,candidate_1,candidate_3,3,0.0033333333333333335
1299,candidate_2,candidate_1,candidate_3,3,0.0033333333333333335
1300,candidate_2,candidate_1,candidate_3,3,0.0033333333333333335
1301,candidate_2,candidate_1,candidate_3,3,0.0033333333333333335
1302,candidate_2,candidate_1,candidate_3,3,0.0033333333333333335
1303,candidate_2,candidate_1,candidate_3,3,0.0033333333333333335
1304,candidate_2,candidate_1,candidate_3,3,0.0033333333333333335
1305,candidate_2,candidate_1,candidate_3,3,0.0033333333333333335
1306,candidate_2,candidate_1,candidate_3,3,0.0033333333333333335
1307,candidate_2,candidate_1,candidate_3,3,0.0033333333333333335
1308,candidate_2,candidate_1,candidate_3,3,0.0033333333333333335
1309,candidate_2,candidate_1,candidate_3,3,0.0033333333333333335
1310,candidate_2,candidate_1,candidate_3,3,0.0033333333333333335
1311,candidate_2,candidate_1,candidate_3,3,0.0033333333333333335
1312,candidate_2,candidate_1,candidate_3,3,0.0033333333333333335
1313,candidate_2,candidate_1,candidate_3,3,0.0033333333333333335
1314,candidate_2,candidate_1,candidate_3,3,0.0033333333333333335
1315,candidate_2,candidate_1,candidate_3,3,0.0033333333333333335
1316,candidate_2,candidate_1,candidate_3,3,0.0033333333333333335
1317,candidate_2,candidate_1,candidate_3,3,0.0033333333333333335
1318,candidate_2,candidate_1,candidate_3,3,0.0033333333333333335
1319,candidate_2,candidate_1,candidate_3,3,0.0033333333333333335
1320,candidate_2,candidate_1,candidate_3,3,0.0033333333333333335
1321,candidate_2,candidate_1,candidate_3,3,0.0033333333333333335
1322,candidate_2,candidate_1,candidate_3,3,0.0033333333333333335
1323,candidate_2,candidate_1,candidate_3,3,0.0033333333333333335
1324,candidate_2,candidate_1,candidate_3,3,0.0033333333333333335
1325,candidate_2,candidate_1,candidate_3,3,0.0033333333333333335
1326,candidate_2,candidate_1,candidate_3,3,0.0033333333333333335
1327,candidate_2,candidate_1,candidate_3,3,0.0033333333333333335
1328,candidate_2,candidate_1,candidate_3,3,0.0033333333333333335
1329,candidate_2,candidate_1,candidate_3,3,0.0033333333333333335
1330,candidate_2,candidate_1,candidate_3,3,0.0033333333333333335
1331,candidate_2,candidate_1,candidate_3,3,0.0033333333333333335
1332,candidate_2,candidate_1,candidate_3,3,0.0033333333333333335
1333,candidate_2,candidate_1,candidate_3,3,0.0033333333333333335
1334,candidate_2,candidate_1,candidate_3,3,0.0033333333333333335
1335,candidate_2,candidate_1,candidate_3,3,0.0033333333333333335
1336,candidate_2,candidate_1,candidate_3,3,0.0033333333333333335
1337,candidate_2,candidate_1,candidate_3,3,0.0033333333333333335
1338,candidate_2,candidate_1,candidate_3,3,0.0033333333333333335
1339,candidate_2,candidate_1,candidate_3,3,0.0033333333333333335
1340,candidate_2,candidate_1,candidate_3,3,0.0033333333333333335
1341,candidate_2,candidate_1,candidate_3,3,0.0033333333333333335
1342,candidate_2,candidate_1,candidate_3,3,0.0033333333333333335
1343,candidate_2,candidate_1,candidate_3,3,0.0033333333333333335
1344,candidate_2,candidate_1,candidate_3,3,0.0033333333333333335
1345,candidate_2,candidate_1,candidate_3,3,0.0033333333333333335
1346,candidate_2,candidate_1,candidate_3,3,0.0033333333333333335
1347,candidate_2,candidate_1,candidate_3,3,0.0033333333333333335
1348,candidate_2,candidate_1,candidate_3,3,0.0033333333333333335
1349,candidate_2,candidate_1,candidate_3,3,0.0033333333333333335
1350,candidate_2,candidate_1,candidate_3,3,0.0033333333333333335
1351,candidate_2,candidate_1,candidate_3,3,0.0033333333333333335
1352,candidate_2,candidate_1,candidate_3,3,0.0033333333333333335
1353,candidate_2,candidate_1,candidate_3,3,0.0033333333333333335
1354,candidate_2,candidate_1,candidate_3,3,0.0033333333333333335
1355,candidate_2,candidate_1,candidate_3,3,0.0033333333333333335
1356,candidate_2,candidate_1,candidate_3,3,0.0033333333333333335
1357,candidate_2,candidate_1,candidate_3,3,0.0033333333333333335
1358,candidate_2,candidate_1,candidate_3,3,0.0033333333333333335
1359,candidate_2,candidate_1,candidate_3,3,0.0033333333333333335
1360,candidate_2,candidate_1,candidate_3,3,0.0033333333333333335
1361,candidate_2,candidate_1,candidate_3,3,0.0033333333333333335
1362,candidate_2,candidate_1,candidate_3,3,0.0033333333333333335
1363,candidate_2,candidate_1,candidate_3,3,0.0033333333333333335
1364,candidate_2,candidate_1,candidate_3,3,0.0033333333333333335
1365,candidate_2,candidate_1,candidate_3,3,0.0033333333333333335
1366,candidate_2,candidate_1,candidate_3,3,0.0033333333333333335
1367,candidate_2,candidate_1,candidate_3,3,0.0033333333333333335
1368,candidate_2,candidate_1,candidate_3,3,0.0033333333333333335
1369,candidate_2,candidate_1,candidate_3,3,0.0033333333333333335
1370,candidate_2,candidate_1,candidate_3,3,0.0033333333333333335
1371,candidate_2,candidate_1,candidate_3,3,0.0033333333333333335
1372,candidate_2,candidate_1,candidate_3,3,0.0033333333333333335
1373,candidate_2,candidate_1,candidate_3,3,0.0033333333333333335
1374,candidate_2,candidate_1,candidate_3,3,0.0033333333333333335
1375,candidate_2,candidate_1,candidate_3,3,0.0033333333333333335
1376,candidate_2,candidate_1,candidate_3,3,0.0033333333333333335
1377,candidate_2,candidate_1,candidate_3,3,0.0033333333333333335
1378,candidate_2,candidate_1,candidate_3,3,0.0033333333333333335
1379,candidate_2,candidate_1,candidate_3,3,0.0033333333333333335
1380,candidate_2,candidate_1,candidate_3,3,0.0033333333333333335
1381,candidate_2,candidate_1,candidate_3,3,0.0033333333333333335
1382,candidate_2,candidate_1,candidate_3,3,0.0033333333333333335
1383,candidate_2,candidate_1,candidate_3,3,0.0033333333333333335
1384,candidate_2,candidate_1,candidate_3,3,0.0033333333333333335
1385,candidate_2,candidate_1,candidate_3,3,0.0033333333333333335
1386,candidate_2,candidate_1,candidate_3,3,0.0033333333333333335
1387,candidate_2,candidate_1,candidate_3,3,0.0033333333333333335
1388,candidate_2,candidate_1,candidate_3,3,0.0033333333333333335
1389,candidate_2,candidate_1,candidate_3,3,0.0033333333333333335
1390,candidate_2,candidate_1,candidate_3,3,0.0033333333333333335
1391,candidate_2,candidate_1,candidate_3,3,0.0033333333333333335
1392,candidate_2,candidate_1,candidate_3,3,0.0033333333333333335
1393,candidate_2,candidate_1,candidate_3,3,0.0033333333333333335
1394,candidate_2,candidate_1,candidate_3,3,0.0033333333333333335
1395,candidate_2,candidate_1,candidate_3,3,0.0033333333333333335
1396,candidate_2,candidate_1,candidate_3,3,0.0033333333333333335
1397,candidate_2,candidate_1,candidate_3,3,0.0033333333333333335
1398,candidate_2,candidate_1,candidate_3,3,0.0033333333333333335
1399,candidate_2,candidate_1,candidate_3,3,0.0033333333333333335
1400,candidate_2,candidate_1,candidate_3,3,0.0033333333333333335
1401,candidate_2,candidate_1,candidate_3,3,0.0033333333333333335
1402,candidate_2,candidate_1,candidate_3,3,0.0033333333333333335
1403,candidate_2,candidate_1,candidate_3,3,0.0033333333333333335
1404,candidate_2,candidate_1,candidate_3,3,0.0033333333333333335
1405,candidate_2,candidate_1,candidate_3,3,0.0033333333333333335
1406,candidate_2,candidate_1,candidate_3,3,0.0033333333333333335
1407,candidate_2,candidate_1,candidate_3,3,0.0033333333333333335
1408,candidate_2,candidate_1,candidate_3,3,0.0033333333333333335
1409,candidate_2,candidate_1,candidate_3,3,0.0033333333333333335
1410,candidate_2,candidate_1,candidate_3,3,0.0033333333333333335
1411,candidate_2,candidate_1,candidate_3,3,0.0033333333333333335
1412,candidate_2,candidate_1,candidate_3,3,0.0033333333333333335
1413,candidate_2,candidate_1,candidate_3,3,0.0033333333333333335
1414,candidate_2,candidate_1,candidate_3,3,0.0033333333333333335
1415,candidate_2,candidate_1,candidate_3,3,0.0033333333333333335
1416,candidate_2,candidate_1,candidate_3,3,0.0033333333333333335
1417,candidate_2,candidate_1,candidate_3,3,0.0033333333333333335
1418,candidate_2,candidate_1,candidate_3,3,0.0033333333333333335
1419,candidate_2,candidate_1,candidate_3,3,0.0033333333333333335
1420,candidate_2,candidate_1,candidate_3,3,0.0033333333333333335
1421,candidate_2,candidate_1,candidate_3,3,0.0033333333333333335
1422,candidate_2,candidate_1,candidate_3,3,0.0033333333333333335
1423,candidate_2,candidate_1,candidate_3,3,0.0033333333333333335
1424,candidate_2,candidate_1,candidate_3,3,0.0033333333333333335
1425,candidate_2,candidate_1,candidate_3,3,0.0033333333333333335
1426,candidate_2,candidate_1,candidate_3,3,0.0033333333333333335
1427,candidate_2,candidate_1,candidate_3,3,0.0033333333333333335
1428,candidate_2,candidate_1,candidate_3,3,0.0033333333333333335
1429,candidate_2,candidate_1,candidate_3,3,0.0033333333333333335
1430,candidate_2,candidate_1,candidate_3,3,0.0033333333333333335
1431,candidate_2,candidate_1,candidate_3,3,0.0033333333333333335
1432,candidate_2,candidate_1,candidate_3,3,0.0033333333333333335
1433,candidate_2,candidate_1,candidate_3,3,0.0033333333333333335
1434,candidate_2,candidate_1,candidate_3,3,0.0033333333333333335
1435,candidate_2,candidate_1,candidate_3,3,0.0033333333333333335
1436,candidate_2,candidate_1,candidate_3,3,0.0033333333333333335
1437,candidate_2,candidate_1,candidate_3,3,0.0033333333333333335
1438,candidate_2,candidate_1,candidate_3,3,0.0033333333333333335
1439,candidate_2,candidate_1,candidate_3,3,0.0033333333333333335
1440,candidate_2,candidate_1,candidate_3,3,0.0033333333333333335
1441,candidate_2,candidate_1,candidate_3,3,0.0033333333333333335
1442,candidate_2,candidate_1,candidate_3,3,0.0033333333333333335
1443,candidate_2,candidate_1,candidate_3,3,0.0033333333333333335
1444,candidate_2,candidate_1,candidate_3,3,0.0033333333333333335
1445,candidate_2,candidate_1,candidate_3,3,0.0033333333333333335
1446,candidate_2,candidate_1,candidate_3,3,0.0033333333333333335
1447,candidate_2,candidate_1,candidate_3,3,0.0033333333333333335
1448,candidate_2,candidate_1,candidate_3,3,0.0033333333333333335
1449,candidate_2,candidate_1,candidate_3,3,0.0033333333333333335
1450,candidate_2,candidate_1,candidate_3,3,0.0033333333333333335
1451,candidate_2,candidate_1,candidate_3,3,0.0033333333333333335
1452,candidate_2,candidate_1,candidate_3,3,0.0033333333333333335
1453,candidate_2,candidate_1,candidate_3,3,0.0033333333333333335
1454,candidate_2,candidate_1,candidate_3,3,0.0033333333333333335
1455,candidate_2,candidate_1,candidate_3,3,0.0033333333333333335
1456,candidate_2,candidate_1,candidate_3,3,0.0033333333333333335
1457,candidate_2,candidate_1,candidate_3,3,0.0033333333333333335
1458,candidate_2,candidate_1,candidate_3,3,0.0033333333333333335
1459,candidate_2,candidate_1,candidate_3,3,0.0033333333333333335
1460,candidate_2,candidate_1,candidate_3,3,0.0033333333333333335
1461,candidate_2,candidate_1,candidate_3,3,0.0033333333333333335
1462,candidate_2,candidate_1,candidate_3,3,0.0033333333333333335
1463,candidate_2,candidate_1,candidate_3,3,0.0033333333333333335
1464,candidate_2,candidate_1,candidate_3,3,0.0033333333333333335
1465,candidate_2,candidate_1,candidate_3,3,0.0033333333333333335
1466,candidate_2,candidate_1,candidate_3,3,0.0033333333333333335
1467,candidate_2,candidate_1,candidate_3,3,0.0033333333333333335
1468,candidate_2,candidate_1,candidate_3,3,0.0033333333333333335
1469,candidate_2,candidate_1,candidate_3,3,0.0033333333333333335
1470,candidate_2,candidate_1,candidate_3,3,0.0033333333333333335
1471,candidate_2,candidate_1,candidate_3,3,0.0033333333333333335
1472,candidate_2,candidate_1,candidate_3,3,0.0033333333333333335
1473,candidate_2,candidate_1,candidate_3,3,0.0033333333333333335
1474,candidate_2,candidate_1,candidate_3,3,0.0033333333333333335
1475,candidate_2,candidate_1,candidate_3,3,0.0033333333333333335
1476,candidate_2,candidate_1,candidate_3,3,0.0033333333333333335
1477,candidate_2,candidate_1,candidate_3,3,0.0033333333333333335
1478,candidate_2,candidate_1,candidate_3,3,0.0033333333333333335
1479,candidate_2,candidate_1,candidate_3,3,0.0033333333333333335
1480,candidate_2,candidate_1,candidate_3,3,0.0033333333333333335
1481,candidate_2,candidate_1,candidate_3,3,0.0033333333333333335
1482,0,candidate_1,candidate_3,3,0.0033333333333333335
1483,candidate_2,candidate_1,candidate_3,3,0.0033333333333333335
1484,candidate_2,candidate_1,candidate_3,3,0.0033333333333333335
1485,candidate_2,candidate_1,candidate_3,3,0.0033333333333333335
1486,candidate_2,candidate_1,candidate_3,3,0.0033333333333333335
1487,candidate_2,candidate_1,candidate_3,3,0.0033333333333333335
1488,candidate_2,candidate_1,candidate_3,3,0.0033333333333333335
1489,candidate_2,candidate_1,candidate_3,3,0.0033333333333333335
1490,candidate_2,candidate_1,candidate_3,3,0.0033333333333333335
1491,candidate_2,candidate_1,candidate_3,3,0.0033333333333333335
1492,candidate_2,candidate_1,candidate_3,3,0.0033333333333333335
1493,candidate_2,candidate_1,candidate_3,3,0.0033333333333333335
1494,candidate_2,candidate_1,candidate_3,3,0.0033333333333333335
1495,candidate_2,candidate_1,candidate_3,3,0.0033333333333333335
1496,candidate_2,candidate_1,candidate_3,3,0.0033333333333333335
1497,candidate_2,candidate_1,candidate_3,3,0.0033333333333333335
1498,candidate_2,candidate_1,candidate_3,3,0.0033333333333333335
1499,candidate_2,candidate_1,candidate_3,3,0.0033333333333333335
1500,candidate_2,candidate_1,candidate_3,3,0.0033333333333333335
1501,candidate_2,candidate_1,candidate_3,3,0.0033333333333333335
1502,candidate_2,candidate_1,candidate_3,3,0.0033333333333333335
1503,candidate_2,candidate_1,candidate_3,3,0.0033333333333333335
1504,candidate_2,candidate_1,candidate_3,3,0.0033333333333333335
1505,candidate_2,candidate_1,candidate_3,3,0.0033333333333333335
1506,candidate_2,candidate_1,candidate_3,3,0.0033333333333333335
1507,candidate_2,candidate_1,candidate_3,3,0.0033333333333333335
1508,candidate_2,candidate_1,candidate_3,3,0.0033333333333333335
1509,candidate_2,candidate_1,candidate_3,3,0.0033333333333333335
1510,candidate_2,candidate_1,candidate_3,3,0.0033333333333333335
1511,candidate_2,candidate_1,candidate_3,3,0.0033333333333333335
1512,candidate_2,candidate_1,candidate_3,3,0.0033333333333333335
1513,candidate_2,candidate_1,candidate_3,3,0.0033333333333333335
1514,candidate_2,candidate_1,candidate_3,3,0.0033333333333333335
1515,candidate_2,candidate_1,candidate_3,3,0.0033333333333333335
1516,candidate_2,candidate_1,candidate_3,3,0.0033333333333333335
1517,candidate_2,candidate_1,candidate_3,3,0.0033333333333333335
1518,candidate_2,candidate_1,candidate_3,3,0.0033333333333333335
1519,candidate_2,candidate_1,candidate_3,3,0.0033333333333333335
1520,candidate_2,candidate_1,candidate_3,3,0.0033333333333333335
1521,candidate_2,candidate_1,candidate_3,3,0.0033333333333333335
1522,candidate_2,candidate_1,candidate_3,3,0.0033333333333333335
1523,candidate_2,candidate_1,candidate_3,3,0.0033333333333333335
1524,candidate_2,candidate_1,candidate_3,3,0.0033333333333333335
1525,candidate_2,candidate_1,candidate_3,3,0.0033333333333333335
1526,candidate_2,candidate_1,candidate_3,3,0.0033333333333333335
1527,candidate_2,candidate_1,candidate_3,3,0.0033333333333333335
1528,candidate_2,candidate_1,candidate_3,3,0.0033333333333333335
1529,candidate_2,candidate_1,candidate_3,3,0.0033333333333333335
1530,candidate_2,candidate_1,candidate_3,3,0.0033333333333333335
1531,candidate_2,candidate_1,candidate_3,3,0.0033333333333333335
1532,candidate_2,candidate_1,candidate_3,3,0.0033333333333333335
1533,candidate_2,candidate_1,candidate_3,3,0.0033333333333333335
1534,candidate_2,candidate_1,candidate_3,3,0.0033333333333333335
1535,candidate_2,candidate_1,candidate_3,3,0.0033333333333333335
1536,candidate_2,candidate_1,candidate_3,3,0.0033333333333333335
1537,candidate_2,candidate_1,candidate_3,3,0.0033333333333333335
1538,candidate_2,candidate_1,candidate_3,3,0.0033333333333333335
1539,candidate_2,candidate_1,candidate_3,3,0.0033333333333333335
1540,candidate_2,candidate_1,candidate_3,3,0.0033333333333333335
1541,candidate_2,candidate_1,candidate_3,3,0.0033333333333333335
1542,candidate_2,candidate_1,candidate_3,3,0.0033333333333333335
1543,candidate_2,candidate_1,candidate_3,3,0.0033333333333333335
1544,candidate_2,candidate_1,candidate_3,3,0.0033333333333333335
1545,candidate_2,candidate_1,candidate_3,3,0.0033333333333333335
1546,candidate_2,candidate_1,candidate_3,3,0.0033333333333333335
1547,candidate_2,candidate_1,candidate_3,3,0.0033333333333333335
1548,candidate_2,candidate_1,candidate_3,3,0.0033333333333333335
1549,candidate_2,candidate_1,candidate_3,3,0.0033333333333333335
1550,candidate_2,candidate_1,candidate_3,3,0.0033333333333333335
1551,candidate_2,candidate_1,candidate_3,3,0.0033333333333333335
1552,candidate_2,candidate_1,candidate_3,3,0.0033333333333333335
1553,candidate_2,candidate_1,candidate_3,3,0.0033333333333333335
1554,candidate_2,candidate_1,candidate_3,3,0.0033333333333333335
1555,candidate_2,candidate_1,candidate_3,3,0.0033333333333333335
1556,candidate_2,candidate_1,candidate_3,3,0.0033333333333333335
1557,candidate_2,candidate_1,candidate_3,3,0.0033333333333333335
1558,candidate_2,candidate_1,candidate_3,3,0.0033333333333333335
1559,candidate_2,candidate_1,0,3,0.0033333333333333335
1560,candidate_2,candidate_1,candidate_3,3,0.0033333333333333335
1561,candidate_2,candidate_1,candidate_3,3,0.0033333333333333335
1562,candidate_2,candidate_1,candidate_3,3,0.0033333333333333335
1563,candidate_2,candidate_1,candidate_3,3,0.0033333333333333335
1564,candidate_2,candidate_1,candidate_3,3,0.0033333333333333335
1565,candidate_2,candidate_1,candidate_3,3,0.0033333333333333335
1566,candidate_2,candidate_1,candidate_3,3,0.0033333333333333335
1567,candidate_2,candidate_1,candidate_3,3,0.0033333333333333335
1568,candidate_2,candidate_1,candidate_3,3,0.0033333333333333335
1569,candidate_2,candidate_1,candidate_3,3,0.0033333333333333335
1570,candidate_2,candidate_1,candidate_3,3,0.0033333333333333335
1571,candidate_2,candidate_1,candidate_3,3,0.0033333333333333335
1572,candidate_2,candidate_1,candidate_3,3,0.0033333333333333335
1573,candidate_2,candidate_1,candidate_3,3,0.0033333333333333335
1574,candidate_2,candidate_1,candidate_3,3,0.0033333333333333335
1575,candidate_2,candidate_1,candidate_3,3,0.0033333333333333335
1576,candidate_2,candidate_1,candidate_3,3,0.0033333333333333335
1577,candidate_2,candidate_1,candidate_3,3,0.0033333333333333335
1578,candidate_2,candidate_1,candidate_3,3,0.0033333333333333335
1579,candidate_2,candidate_1,candidate_3,3,0.0033333333333333335
1580,candidate_2,candidate_1,candidate_3,3,0.0033333333333333335
1581,candidate_2,candidate_1,candidate_3,3,0.0033333333333333335
1582,candidate_2,candidate_1,candidate_3,3,0.0033333333333333335
1583,candidate_2,candidate_1,candidate_3,3,0.0033333333333333335
1584,candidate_2,candidate_1,candidate_3,3,0.0033333333333333335
1585,candidate_2,candidate_1,candidate_3,3,0.0033333333333333335
1586,candidate_2,candidate_1,candidate_3,3,0.0033333333333333335
1587,candidate_2,candidate_1,candidate_3,3,0.0033333333333333335
1588,candidate_2,candidate_1,candidate_3,3,0.0033333333333333335
1589,candidate_2,candidate_1,candidate_3,3,0.0033333333333333335
1590,candidate_2,candidate_1,candidate_3,3,0.0033333333333333335
1591,candidate_2,candidate_1,candidate_3,3,0.0033333333333333335
1592,candidate_2,candidate_1,candidate_3,3,0.0033333333333333335
1593,candidate_2,candidate_1,candidate_3,3,0.0033333333333333335
1594,candidate_2,candidate_1,candidate_3,3,0.0033333333333333335
1595,candidate_2,candidate_1,candidate_3,3,0.0033333333333333335
1596,candidate_2,candidate_1,candidate_3,3,0.0033333333333333335
1597,candidate_2,candidate_1,candidate_3,3,0.0033333333333333335
1598,candidate_2,candidate_1,candidate_3,3,0.0033333333333333335
1599,candidate_2,candidate_1,candidate_3,3,0.0033333333333333335
1600,candidate_2,candidate_1,candidate_3,3,0.0033333333333333335
1601,candidate_2,candidate_1,candidate_3,3,0.0033333333333333335
1602,candidate_2,candidate_1,candidate_3,3,0.0033333333333333335
1603,candidate_2,candidate_1,candidate_3,3,0.0033333333333333335
1604,candidate_2,candidate_1,candidate_3,3,0.0033333333333333335
1605,candidate_2,candidate_1,candidate_3,3,0.0033333333333333335
1606,candidate_2,candidate_1,candidate_3,3,0.0033333333333333335
1607,candidate_2,candidate_1,candidate_3,3,0.0033333333333333335
1608,candidate_2,candidate_1,candidate_3,3,0.0033333333333333335
1609,candidate_2,candidate_1,candidate_3,3,0.0033333333333333335
1610,candidate_2,candidate_1,candidate_3,3,0.0033333333333333335
1611,candidate_2,candidate_1,candidate_3,3,0.0033333333333333335
1612,candidate_2,candidate_1,candidate_3,3,0.0033333333333333335
1613,candidate_2,candidate_1,candidate_3,3,0.0033333333333333335
1614,candidate_2,candidate_1,candidate_3,3,0.0033333333333333335
1615,candidate_2,candidate_1,candidate_3,3,0.0033333333333333335
1616,candidate_2,candidate_1,candidate_3,3,0.0033333333333333335
1617,candidate_2,candidate_1,candidate_3,3,0.0033333333333333335
1618,candidate_2,candidate_1,candidate_3,3,0.0033333333333333335
1619,candidate_2,candidate_1,candidate_3,3,0.0033333333333333335
1620,candidate_2,candidate_1,candidate_3,3,0.0033333333333333335
1621,candidate_2,candidate_1,candidate_3,3,0.0033333333333333335
1622,candidate_2,candidate_1,candidate_3,3,0.0033333333333333335
1623,candidate_2,candidate_1,candidate_3,3,0.0033333333333333335
1624,candidate_2,candidate_1,candidate_3,3,0.0033333333333333335
1625,candidate_2,candidate_1,candidate_3,3,0.0033333333333333335
1626,candidate_2,candidate_1,candidate_3,3,0.0033333333333333335
1627,candidate_2,candidate_1,candidate_3,3,0.0033333333333333335
1628,candidate_2,candidate_1,candidate_3,3,0.0033333333333333335
1629,candidate_2,candidate_1,candidate_3,3,0.0033333333333333335
1630,candidate_2,candidate_1,candidate_3,3,0.0033333333333333335
1631,candidate_2,candidate_1,candidate_3,3,0.0033333333333333335
1632,candidate_2,candidate_1,candidate_3,3,0.0033333333333333335
1633,candidate_2,candidate_1,candidate_3,3,0.0033333333333333335
1634,candidate_2,candidate_1,candidate_3,3,0.0033333333333333335
1635,candidate_2,candidate_1,candidate_3,3,0.0033333333333333335
1636,candidate_2,candidate_1,candidate_3,3,0.0033333333333333335
1637,candidate_2,candidate_1,candidate_3,3,0.0033333333333333335
1638,candidate_2,candidate_1,candidate_3,3,0.0033333333333333335
1639,candidate_2,candidate_1,candidate_3,3,0.0033333333333333335
1640,candidate_2,candidate_1,candidate_3,3,0.0033333333333333335
1641,candidate_2,candidate_1,candidate_3,3,0.0033333333333333335
1642,candidate_2,candidate_1,candidate_3,3,0.0033333333333333335
1643,candidate_2,candidate_1,candidate_3,3,0.0033333333333333335
1644,candidate_2,candidate_1,candidate_3,3,0.0033333333333333335
1645,candidate_2,candidate_1,candidate_3,3,0.0033333333333333335
1646,candidate_2,candidate_1,candidate_3,3,0.0033333333333333335
1647,candidate_2,candidate_1,candidate_3,3,0.0033333333333333335
1648,candidate_2,candidate_1,candidate_3,3,0.0033333333333333335
1649,candidate_2,candidate_1,candidate_3,3,0.0033333333333333335
1650,candidate_2,candidate_1,candidate_3,3,0.0033333333333333335
1651,candidate_2,candidate_1,candidate_3,3,0.0033333333333333335
1652,candidate_2,candidate_1,candidate_3,3,0.0033333333333333335
1653,candidate_2,candidate_1,candidate_3,3,0.0033333333333333335
1654,candidate_2,candidate_1,candidate_3,3,0.0033333333333333335
1655,candidate_2,candidate_1,candidate_3,3,0.0033333333333333335
1656,candidate_2,candidate_1,candidate_3,3,0.0033333333333333335
1657,candidate_2,candidate_1,candidate_3,3,0.0033333333333333335
1658,candidate_2,candidate_1,candidate_3,3,0.0033333333333333335
1659,candidate_2,candidate_1,candidate_3,3,0.0033333333333333335
1660,candidate_2,candidate_1,candidate_3,3,0.0033333333333333335
1661,candidate_2,candidate_1,candidate_3,3,0.0033333333333333335
1662,candidate_2,candidate_1,candidate_3,3,0.0033333333333333335
1663,candidate_2,candidate_1,candidate_3,3,0.0033333333333333335
1664,candidate_2,candidate_1,candidate_3,3,0.0033333333333333335
1665,candidate_2,candidate_1,candidate_3,3,0.0033333333333333335
1666,candidate_2,candidate_1,candidate_3,3,0.0033333333333333335
1667,candidate_2,candidate_1,candidate_3,3,0.0033333333333333335
1668,candidate_2,candidate_1,candidate_3,3,0.0033333333333333335
1669,candidate_2,candidate_1,candidate_3,3,0.0033333333333333335
1670,candidate_2,candidate_1,candidate_3,3,0.0033333333333333335
1671,candidate_2,candidate_1,candidate_3,3,0.0033333333333333335
1672,candidate_2,candidate_1,candidate_3,3,0.0033333333333333335
1673,candidate_2,candidate_1,candidate_3,3,0.0033333333333333335
1674,candidate_2,candidate_1,candidate_3,3,0.0033333333333333335
1675,candidate_2,candidate_1,candidate_3,3,0.0033333333333333335
1676,candidate_2,candidate_1,candidate_3,3,0.0033333333333333335
1677,candidate_2,candidate_1,candidate_3,3,0.0033333333333333335
1678,candidate_2,candidate_1,candidate_3,3,0.0033333333333333335
1679,candidate_2,candidate_1,candidate_3,3,0.0033333333333333335
1680,candidate_2,candidate_1,candidate_3,3,0.0033333333333333335
1681,candidate_2,candidate_1,candidate_3,3,0.0033333333333333335
1682,candidate_2,candidate_1,candidate_3,3,0.0033333333333333335
1683,candidate_2,candidate_1,candidate_3,3,0.0033333333333333335
1684,candidate_2,candidate_1,candidate_3,3,0.0033333333333333335
1685,candidate_2,candidate_1,candidate_3,3,0.0033333333333333335
1686,candidate_2,candidate_1,candidate_3,3,0.0033333333333333335
1687,candidate_2,candidate_1,candidate_3,3,0.0033333333333333335
1688,candidate_2,candidate_1,candidate_3,3,0.0033333333333333335
1689,candidate_2,candidate_1,candidate_3,3,0.0033333333333333335
1690,candidate_2,candidate_1,candidate_3,3,0.0033333333333333335
1691,candidate_2,candidate_1,candidate_3,3,0.0033333333333333335
1692,candidate_2,candidate_1,candidate_3,3,0.0033333333333333335
1693,candidate_2,candidate_1,candidate_3,3,0.0033333333333333335
1694,candidate_2,candidate_1,candidate_3,3,0.0033333333333333335
1695,candidate_2,candidate_1,candidate_3,3,0.0033333333333333335
1696,candidate_2,candidate_1,candidate_3,3,0.0033333333333333335
1697,candidate_2,candidate_1,candidate_3,3,0.0033333333333333335
1698,candidate_2,candidate_1,candidate_3,3,0.0033333333333333335
1699,candidate_2,candidate_1,candidate_3,3,0.0033333333333333335
1700,candidate_2,candidate_1,candidate_3,3,0.0033333333333333335
1701,candidate_2,candidate_1,candidate_3,3,0.0033333333333333335
1702,candidate_2,candidate_1,candidate_3,3,0.0033333333333333335
1703,candidate_2,candidate_1,candidate_3,3,0.0033333333333333335
1704,candidate_2,candidate_1,candidate_3,3,0.0033333333333333335
1705,candidate_2,candidate_1,candidate_3,3,0.0033333333333333335
1706,candidate_2,candidate_1,candidate_3,3,0.0033333333333333335
1707,candidate_2,candidate_1,candidate_3,3,0.0033333333333333335
1708,candidate_2,candidate_1,candidate_3,3,0.0033333333333333335
1709,candidate_2,candidate_1,candidate_3,3,0.0033333333333333335
1710,candidate_2,candidate_1,candidate_3,3,0.0033333333333333335
1711,candidate_2,candidate_1,candidate_3,3,0.0033333333333333335
1712,candidate_2,candidate_1,candidate_3,3,0.0033333333333333335
1713,candidate_2,candidate_1,candidate_3,3,0.0033333333333333335
1714,candidate_2,candidate_1,candidate_3,3,0.0033333333333333335
1715,candidate_2,candidate_1,candidate_3,3,0.0033333333333333335
1716,candidate_2,candidate_1,candidate_3,3,0.0033333333333333335
1717,candidate_2,candidate_1,candidate_3,3,0.0033333333333333335
1718,candidate_2,candidate_1,candidate_3,3,0.0033333333333333335
1719,candidate_2,candidate_1,candidate_3,3,0.0033333333333333335
1720,candidate_2,candidate_1,candidate_3,3,0.0033333333333333335
1721,candidate_2,candidate_1,candidate_3,3,0.0033333333333333335
1722,candidate_2,candidate_1,candidate_3,3,0.0033333333333333335
1723,candidate_2,candidate_1,candidate_3,3,0.0033333333333333335
1724,candidate_2,candidate_1,candidate_3,3,0.0033333333333333335
1725,candidate_2,candidate_1,candidate_3,3,0.0033333333333333335
1726,candidate_2,candidate_1,candidate_3,3,0.0033333333333333335
1727,candidate_2,candidate_1,candidate_3,3,0.0033333333333333335
1728,candidate_2,candidate_1,candidate_3,3,0.0033333333333333335
1729,candidate_2,candidate_1,candidate_3,3,0.0033333333333333335
1730,candidate_2,candidate_1,candidate_3,3,0.0033333333333333335
1731,candidate_2,candidate_1,candidate_3,3,0.0033333333333333335
1732,candidate_2,candidate_1,candidate_3,3,0.0033333333333333335
1733,candidate_2,candidate_1,candidate_3,3,0.0033333333333333335
1734,candidate_2,candidate_1,candidate_3,3,0.0033333333333333335
1735,candidate_2,candidate_1,candidate_3,3,0.0033333333333333335
1736,candidate_2,candidate_1,candidate_3,3,0.0033333333333333335
1737,candidate_2,candidate_1,candidate_3,3,0.0033333333333333335
1738,candidate_2,candidate_1,candidate_3,3,0.0033333333333333335
1739,candidate_2,candidate_1,candidate_3,3,0.0033333333333333335
1740,candidate_2,candidate_1,candidate_3,3,0.0033333333333333335
1741,candidate_2,candidate_1,candidate_3,3,0.0033333333333333335
1742,candidate_2,candidate_1,candidate_3,3,0.0033333333333333335
1743,candidate_2,candidate_1,candidate_3,3,0.0033333333333333335
1744,candidate_2,candidate_1,candidate_3,3,0.0033333333333333335
1745,candidate_2,candidate_1,candidate_3,3,0.0033333333333333335
1746,candidate_2,candidate_1,candidate_3,3,0.0033333333333333335
1747,candidate_2,candidate_1,candidate_3,3,0.0033333333333333335
1748,candidate_2,candidate_1,candidate_3,3,0.0033333333333333335
1749,candidate_2,candidate_1,candidate_3,3,0.0033333333333333335
1750,candidate_2,candidate_1,candidate_3,3,0.0033333333333333335
1751,candidate_2,candidate_1,candidate_3,3,0.0033333333333333335
1752,candidate_2,candidate_1,candidate_3,3,0.0033333333333333335
1753,candidate_2,candidate_1,candidate_3,3,0.0033333333333333335
1754,candidate_2,candidate_1,candidate_3,3,0.0033333333333333335
1755,candidate_2,candidate_1,candidate_3,3,0.0033333333333333335
1756,candidate_2,candidate_1,candidate_3,3,0.0033333333333333335
1757,candidate_2,candidate_1,candidate_3,3,0.0033333333333333335
1758,candidate_2,candidate_1,candidate_3,3,0.0033333333333333335
1759,candidate_2,candidate_1,candidate_3,3,0.0033333333333333335
1760,candidate_2,candidate_1,candidate_3,3,0.0033333333333333335
1761,candidate_2,candidate_1,candidate_3,3,0.0033333333333333335
1762,candidate_2,candidate_1,candidate_3,3,0.0033333333333333335
1763,candidate_2,candidate_1,candidate_3,3,0.0033333333333333335
1764,candidate_2,candidate_1,candidate_3,3,0.0033333333333333335
1765,candidate_2,candidate_1,candidate_3,3,0.0033333333333333335
1766,0,candidate_1,candidate_3,3,0.0033333333333333335
1767,candidate_2,candidate_1,candidate_3,3,0.0033333333333333335
1768,candidate_2,candidate_1,candidate_3,3,0.0033333333333333335
1769,candidate_2,candidate_1,candidate_3,3,0.0033333333333333335
1770,candidate_2,candidate_1,candidate_3,3,0.0033333333333333335
1771,candidate_2,candidate_1,candidate_3,3,0.0033333333333333335
1772,candidate_2,candidate_1,candidate_3,3,0.0033333333333333335
1773,candidate_2,candidate_1,candidate_3,3,0.0033333333333333335
1774,candidate_2,candidate_1,candidate_3,3,0.0033333333333333335
1775,candidate_2,candidate_1,candidate_3,3,0.0033333333333333335
1776,candidate_2,candidate_1,candidate_3,3,0.0033333333333333335
1777,candidate_2,candidate_1,candidate_3,3,0.0033333333333333335
1778,candidate_2,candidate_1,candidate_3,3,0.0033333333333333335
1779,candidate_2,candidate_1,candidate_3,3,0.0033333333333333335
1780,candidate_2,candidate_1,candidate_3,3,0.0033333333333333335
1781,candidate_2,candidate_1,candidate_3,3,0.0033333333333333335
1782,candidate_2,candidate_1,candidate_3,3,0.0033333333333333335
1783,candidate_2,candidate_1,candidate_3,3,0.0033333333333333335
1784,candidate_2,candidate_1,candidate_3,3,0.0033333333333333335
1785,candidate_2,candidate_1,candidate_3,3,0.0033333333333333335
1786,candidate_2,candidate_1,candidate_3,3,0.0033333333333333335
1787,candidate_2,candidate_1,candidate_3,3,0.0033333333333333335
1788,candidate_2,candidate_1,candidate_3,3,0.0033333333333333335
1789,candidate_2,candidate_1,candidate_3,3,0.0033333333333333335
1790,candidate_2,candidate_1,candidate_3,3,0.0033333333333333335
1791,candidate_2,candidate_1,candidate_3,3,0.0033333333333333335
1792,candidate_2,candidate_1,candidate_3,3,0.0033333333333333335
1793,candidate_2,candidate_1,candidate_3,3,0.0033333333333333335
1794,candidate_2,candidate_1,candidate_3,3,0.0033333333333333335
1795,candidate_2,candidate_1,candidate_3,3,0.0033333333333333335
1796,candidate_2,candidate_1,candidate_3,3,0.0033333333333333335
1797,candidate_2,candidate_1,candidate_3,3,0.0033333333333333335
1798,candidate_2,candidate_1,candidate_3,3,0.0033333333333333335
1799,candidate_2,candidate_1,candidate_3,3,0.0033333333333333335
1800,candidate_2,candidate_1,candidate_3,3,0.0033333333333333335
1801,candidate_2,candidate_1,candidate_3,3,0.0033333333333333335
1802,candidate_2,candidate_1,candidate_3,3,0.0033333333333333335
1803,0,candidate_1,candidate_3,3,0.0033333333333333335
1804,candidate_2,candidate_1,candidate_3,3,0.0033333333333333335
1805,candidate_2,candidate_1,candidate_3,3,0.0033333333333333335
1806,candidate_2,candidate_1,candidate_3,3,0.0033333333333333335
1807,candidate_2,candidate_1,candidate_3,3,0.0033333333333333335
1808,candidate_2,candidate_1,candidate_3,3,0.0033333333333333335
1809,candidate_2,candidate_1,candidate_3,3,0.0033333333333333335
1810,candidate_2,candidate_1,candidate_3,3,0.0033333333333333335
1811,candidate_2,candidate_1,candidate_3,3,0.0033333333333333335
1812,candidate_2,candidate_1,candidate_3,3,0.0033333333333333335
1813,candidate_2,candidate_1,candidate_3,3,0.0033333333333333335
1814,candidate_2,candidate_1,candidate_3,3,0.0033333333333333335
1815,candidate_2,candidate_1,candidate_3,3,0.0033333333333333335
1816,candidate_2,candidate_1,candidate_3,3,0.0033333333333333335
1817,candidate_2,candidate_1,candidate_3,3,0.0033333333333333335
1818,candidate_2,candidate_1,candidate_3,3,0.0033333333333333335
1819,candidate_2,candidate_1,candidate_3,3,0.0033333333333333335
1820,candidate_2,candidate_1,candidate_3,3,0.0033333333333333335
1821,candidate_2,candidate_1,candidate_3,3,0.0033333333333333335
1822,candidate_2,candidate_1,candidate_3,3,0.0033333333333333335
1823,0,candidate_1,candidate_3,3,0.0033333333333333335
1824,candidate_2,candidate_1,candidate_3,3,0.0033333333333333335
1825,candidate_2,candidate_1,candidate_3,3,0.0033333333333333335
1826,candidate_2,candidate_1,candidate_3,3,0.0033333333333333335
1827,candidate_2,candidate_1,candidate_3,3,0.0033333333333333335
1828,candidate_2,candidate_1,candidate_3,3,0.0033333333333333335
1829,candidate_2,candidate_1,candidate_3,3,0.0033333333333333335
1830,candidate_2,candidate_1,candidate_3,3,0.0033333333333333335
1831,candidate_2,candidate_1,candidate_3,3,0.0033333333333333335
1832,candidate_2,candidate_1,candidate_3,3,0.0033333333333333335
1833,candidate_2,candidate_1,candidate_3,3,0.0033333333333333335
1834,candidate_2,candidate_1,candidate_3,3,0.0033333333333333335
1835,candidate_2,candidate_1,candidate_3,3,0.0033333333333333335
1836,candidate_2,candidate_1,candidate_3,3,0.0033333333333333335
1837,candidate_2,candidate_1,candidate_3,3,0.0033333333333333335
1838,candidate_2,candidate_1,candidate_3,3,0.0033333333333333335
1839,candidate_2,candidate_1,candidate_3,3,0.0033333333333333335
1840,candidate_2,candidate_1,candidate_3,3,0.0033333333333333335
1841,candidate_2,candidate_1,candidate_3,3,0.0033333333333333335
1842,candidate_2,candidate_1,candidate_3,3,0.0033333333333333335
1843,candidate_2,candidate_1,candidate_3,3,0.0033333333333333335
1844,candidate_2,candidate_1,candidate_3,3,0.0033333333333333335
1845,candidate_2,candidate_1,candidate_3,3,0.0033333333333333335
1846,candidate_2,candidate_1,candidate_3,3,0.0033333333333333335
1847,candidate_2,candidate_1,candidate_3,3,0.0033333333333333335
1848,candidate_2,candidate_1,candidate_3,3,0.0033333333333333335
1849,candidate_2,candidate_1,candidate_3,3,0.0033333333333333335
1850,candidate_2,candidate_1,candidate_3,3,0.0033333333333333335
1851,candidate_2,candidate_1,candidate_3,3,0.0033333333333333335
1852,candidate_2,candidate_1,candidate_3,3,0.0033333333333333335
1853,candidate_2,candidate_1,candidate_3,3,0.0033333333333333335
1854,candidate_2,candidate_1,candidate_3,3,0.0033333333333333335
1855,candidate_2,candidate_1,candidate_3,3,0.0033333333333333335
1856,candidate_2,candidate_1,candidate_3,3,0.0033333333333333335
1857,candidate_2,candidate_1,candidate_3,3,0.0033333333333333335
1858,candidate_2,candidate_1,candidate_3,3,0.0033333333333333335
1859,candidate_2,candidate_1,candidate_3,3,0.0033333333333333335
1860,candidate_2,candidate_1,candidate_3,3,0.0033333333333333335
1861,candidate_2,candidate_1,candidate_3,3,0.0033333333333333335
1862,candidate_2,candidate_1,candidate_3,3,0.0033333333333333335
1863,candidate_2,candidate_1,candidate_3,3,0.0033333333333333335
1864,candidate_2,candidate_1,candidate_3,3,0.0033333333333333335
1865,candidate_2,candidate_1,candidate_3,3,0.0033333333333333335
1866,candidate_2,candidate_1,candidate_3,3,0.0033333333333333335
1867,candidate_2,candidate_1,candidate_3,3,0.0033333333333333335
1868,candidate_2,candidate_1,candidate_3,3,0.0033333333333333335
1869,candidate_2,candidate_1,candidate_3,3,0.0033333333333333335
1870,candidate_2,candidate_1,candidate_3,3,0.0033333333333333335
1871,candidate_2,candidate_1,candidate_3,3,0.0033333333333333335
1872,candidate_2,candidate_1,candidate_3,3,0.0033333333333333335
1873,candidate_2,candidate_1,candidate_3,3,0.0033333333333333335
1874,candidate_2,candidate_1,candidate_3,3,0.0033333333333333335
1875,candidate_2,candidate_1,candidate_3,3,0.0033333333333333335
1876,candidate_2,candidate_1,candidate_3,3,0.0033333333333333335
1877,candidate_2,candidate_1,candidate_3,3,0.0033333333333333335
1878,candidate_2,candidate_1,candidate_3,3,0.0033333333333333335
1879,candidate_2,candidate_1,candidate_3,3,0.0033333333333333335
1880,candidate_2,candidate_1,candidate_3,3,0.0033333333333333335
1881,candidate_2,candidate_1,candidate_3,3,0.0033333333333333335
1882,candidate_2,candidate_1,candidate_3,3,0.0033333333333333335
1883,candidate_2,candidate_1,candidate_3,3,0.0033333333333333335
1884,candidate_2,candidate_1,candidate_3,3,0.0033333333333333335
1885,candidate_2,candidate_1,candidate_3,3,0.0033333333333333335
1886,candidate_2,candidate_1,candidate_3,3,0.0033333333333333335
1887,candidate_2,candidate_1,candidate_3,3,0.0033333333333333335
1888,candidate_2,candidate_1,candidate_3,3,0.0033333333333333335
1889,candidate_2,candidate_1,candidate_3,3,0.0033333333333333335
1890,candidate_2,candidate_1,candidate_3,3,0.0033333333333333335
1891,candidate_2,candidate_1,candidate_3,3,0.0033333333333333335
1892,candidate_2,candidate_1,candidate_3,3,0.0033333333333333335
1893,candidate_2,candidate_1,candidate_3,3,0.0033333333333333335
1894,candidate_2,candidate_1,candidate_3,3,0.0033333333333333335
1895,candidate_2,candidate_1,candidate_3,3,0.0033333333333333335
1896,candidate_2,candidate_1,candidate_3,3,0.0033333333333333335
1897,candidate_2,candidate_1,candidate_3,3,0.0033333333333333335
1898,candidate_2,candidate_1,candidate_3,3,0.0033333333333333335
1899,candidate_2,candidate_1,candidate_3,3,0.0033333333333333335
1900,candidate_2,candidate_1,candidate_3,3,0.0033333333333333335
1901,candidate_2,candidate_1,candidate_3,3,0.0033333333333333335
1902,candidate_2,candidate_1,candidate_3,3,0.0033333333333333335
1903,candidate_2,candidate_1,candidate_3,3,0.0033333333333333335
1904,candidate_2,candidate_1,candidate_3,3,0.0033333333333333335
1905,candidate_2,candidate_1,candidate_3,3,0.0033333333333333335
1906,candidate_2,candidate_1,candidate_3,3,0.0033333333333333335
1907,candidate_2,candidate_1,candidate_3,3,0.0033333333333333335
1908,candidate_2,candidate_1,candidate_3,3,0.0033333333333333335
1909,candidate_2,candidate_1,candidate_3,3,0.0033333333333333335
1910,candidate_2,candidate_1,candidate_3,3,0.0033333333333333335
1911,candidate_2,candidate_1,candidate_3,3,0.0033333333333333335
1912,candidate_2,candidate_1,candidate_3,3,0.0033333333333333335
1913,candidate_2,candidate_1,candidate_3,3,0.0033333333333333335
1914,candidate_2,candidate_1,candidate_3,3,0.0033333333333333335
1915,candidate_2,candidate_1,candidate_3,3,0.0033333333333333335
1916,candidate_2,candidate_1,candidate_3,3,0.0033333333333333335
1917,candidate_2,candidate_1,candidate_3,3,0.0033333333333333335
1918,candidate_2,candidate_1,candidate_3,3,0.0033333333333333335
1919,candidate_2,candidate_1,candidate_3,3,0.0033333333333333335
1920,candidate_2,candidate_1,candidate_3,3,0.0033333333333333335
1921,candidate_2,candidate_1,candidate_3,3,0.0033333333333333335
1922,candidate_2,candidate_1,candidate_3,3,0.0033333333333333335
1923,candidate_2,candidate_1,candidate_3,3,0.0033333333333333335
1924,candidate_2,candidate_1,candidate_3,3,0.0033333333333333335
1925,candidate_2,candidate_1,candidate_3,3,0.0033333333333333335
1926,candidate_2,candidate_1,candidate_3,3,0.0033333333333333335
1927,candidate_2,candidate_1,candidate_3,3,0.0033333333333333335
1928,candidate_2,candidate_1,candidate_3,3,0.0033333333333333335
1929,candidate_2,candidate_1,candidate_3,3,0.0033333333333333335
1930,candidate_2,candidate_1,candidate_3,3,0.0033333333333333335
1931,candidate_2,candidate_1,candidate_3,3,0.0033333333333333335
1932,candidate_2,candidate_1,candidate_3,3,0.0033333333333333335
1933,candidate_2,candidate_1,candidate_3,3,0.0033333333333333335
1934,candidate_2,candidate_1,candidate_3,3,0.0033333333333333335
1935,candidate_2,candidate_1,candidate_3,3,0.0033333333333333335
1936,candidate_2,candidate_1,candidate_3,3,0.0033333333333333335
1937,candidate_2,candidate_1,candidate_3,3,0.0033333333333333335
1938,candidate_2,candidate_1,candidate_3,3,0.0033333333333333335
1939,candidate_2,candidate_1,candidate_3,3,0.0033333333333333335
1940,candidate_2,candidate_1,candidate_3,3,0.0033333333333333335
1941,candidate_2,candidate_1,candidate_3,3,0.0033333333333333335
1942,candidate_2,candidate_1,candidate_3,3,0.0033333333333333335
1943,candidate_2,candidate_1,candidate_3,3,0.0033333333333333335
1944,candidate_2,candidate_1,candidate_3,3,0.0033333333333333335
1945,candidate_2,candidate_1,candidate_3,3,0.0033333333333333335
1946,candidate_2,candidate_1,candidate_3,3,0.0033333333333333335
1947,candidate_2,candidate_1,candidate_3,3,0.0033333333333333335
1948,candidate_2,candidate_1,candidate_3,3,0.0033333333333333335
1949,candidate_2,candidate_1,candidate_3,3,0.0033333333333333335
1950,candidate_2,candidate_1,candidate_3,3,0.0033333333333333335
1951,candidate_2,candidate_1,candidate_3,3,0.0033333333333333335
1952,candidate_2,candidate_1,candidate_3,3,0.0033333333333333335
1953,candidate_2,candidate_1,candidate_3,3,0.0033333333333333335
1954,candidate_2,candidate_1,candidate_3,3,0.0033333333333333335
1955,candidate_2,candidate_1,candidate_3,3,0.0033333333333333335
1956,candidate_2,candidate_1,candidate_3,3,0.0033333333333333335
1957,candidate_2,candidate_1,candidate_3,3,0.0033333333333333335
1958,candidate_2,candidate_1,candidate_3,3,0.0033333333333333335
1959,candidate_2,candidate_1,candidate_3,3,0.0033333333333333335
1960,candidate_2,candidate_1,candidate_3,3,0.0033333333333333335
1961,candidate_2,candidate_1,candidate_3,3,0.0033333333333333335
1962,candidate_2,candidate_1,candidate_3,3,0.0033333333333333335
1963,candidate_2,candidate_1,candidate_3,3,0.0033333333333333335
1964,candidate_2,candidate_1,candidate_3,3,0.0033333333333333335
1965,candidate_2,candidate_1,0,3,0.0033333333333333335
1966,candidate_2,candidate_1,candidate_3,3,0.0033333333333333335
1967,candidate_2,candidate_1,candidate_3,3,0.0033333333333333335
1968,candidate_2,candidate_1,candidate_3,3,0.0033333333333333335
1969,candidate_2,candidate_1,candidate_3,3,0.0033333333333333335
1970,candidate_2,candidate_1,candidate_3,3,0.0033333333333333335
1971,candidate_2,candidate_1,candidate_3,3,0.0033333333333333335
1972,candidate_2,candidate_1,candidate_3,3,0.0033333333333333335
1973,candidate_2,candidate_1,candidate_3,3,0.0033333333333333335
1974,candidate_2,candidate_1,candidate_3,3,0.0033333333333333335
1975,candidate_2,candidate_1,candidate_3,3,0.0033333333333333335
1976,candidate_2,candidate_1,candidate_3,3,0.0033333333333333335
1977,candidate_2,candidate_1,candidate_3,3,0.0033333333333333335
1978,candidate_2,candidate_1,candidate_3,3,0.0033333333333333335
1979,candidate_2,candidate_1,candidate_3,3,0.0033333333333333335
1980,candidate_2,candidate_1,candidate_3,3,0.0033333333333333335
1981,candidate_2,candidate_1,candidate_3,3,0.0033333333333333335
1982,candidate_2,candidate_1,candidate_3,3,0.0033333333333333335
1983,candidate_2,candidate_1,candidate_3,3,0.0033333333333333335
1984,candidate_2,candidate_1,candidate_3,3,0.0033333333333333335
1985,candidate_2,candidate_1,candidate_3,3,0.0033333333333333335
1986,candidate_2,candidate_1,candidate_3,3,0.0033333333333333335
1987,candidate_2,candidate_1,candidate_3,3,0.0033333333333333335
1988,candidate_2,candidate_1,candidate_3,3,0.0033333333333333335
1989,candidate_2,candidate_1,candidate_3,3,0.0033333333333333335
1990,candidate_2,candidate_1,candidate_3,3,0.0033333333333333335
1991,candidate_2,candidate_1,candidate_3,3,0.0033333333333333335
1992,candidate_2,candidate_1,candidate_3,3,0.0033333333333333335
1993,candidate_2,candidate_1,candidate_3,3,0.0033333333333333335
1994,candidate_2,candidate_1,candidate_3,3,0.0033333333333333335
1995,candidate_2,candidate_1,candidate_3,3,0.0033333333333333335
1996,candidate_2,candidate_1,candidate_3,3,0.0033333333333333335
1997,candidate_2,candidate_1,candidate_3,3,0.0033333333333333335
1998,candidate_2,candidate_1,candidate_3,3,0.0033333333333333335
1999,candidate_2,candidate_1,candidate_3,3,0.0033333333333333335
2000,candidate_2,candidate_1,candidate_3,3,0.0033333333333333335
2001,candidate_2,candidate_1,candidate_3,3,0.0033333333333333335
2002,candidate_2,candidate_1,candidate_3,3,0.0033333333333333335
2003,candidate_2,candidate_1,candidate_3,3,0.0033333333333333335
2004,candidate_2,candidate_1,candidate_3,3,0.0033333333333333335
2005,candidate_2,candidate_1,candidate_3,3,0.0033333333333333335
2006,candidate_2,candidate_1,candidate_3,3,0.0033333333333333335
2007,candidate_2,candidate_1,candidate_3,3,0.0033333333333333335
2008,candidate_2,candidate_1,candidate_3,3,0.0033333333333333335
2009,candidate_2,candidate_1,candidate_3,3,0.0033333333333333335
2010,candidate_2,candidate_1,candidate_3,3,0.0033333333333333335
2011,candidate_2,candidate_1,candidate_3,3,0.0033333333333333335
2012,candidate_2,candidate_1,candidate_3,3,0.0033333333333333335
2013,candidate_2,candidate_1,candidate_3,3,0.0033333333333333335
2014,candidate_2,candidate_1,candidate_3,3,0.0033333333333333335
2015,candidate_2,candidate_1,candidate_3,3,0.0033333333333333335
2016,candidate_2,candidate_1,candidate_3,3,0.0033333333333333335
2017,candidate_2,candidate_1,candidate_3,3,0.0033333333333333335
2018,candidate_2,candidate_1,candidate_3,3,0.0033333333333333335
2019,candidate_2,candidate_1,candidate_3,3,0.0033333333333333335
2020,candidate_2,candidate_1,candidate_3,3,0.0033333333333333335
2021,candidate_2,candidate_1,candidate_3,3,0.0033333333333333335
2022,candidate_2,candidate_1,candidate_3,3,0.0033333333333333335
2023,candidate_2,candidate_1,candidate_3,3,0.0033333333333333335
2024,candidate_2,candidate_1,candidate_3,3,0.0033333333333333335
2025,candidate_2,candidate_1,candidate_3,3,0.0033333333333333335
2026,candidate_2,candidate_1,candidate_3,3,0.0033333333333333335
2027,candidate_2,candidate_1,candidate_3,3,0.0033333333333333335
2028,candidate_2,candidate_1,candidate_3,3,0.0033333333333333335
2029,candidate_2,candidate_1,candidate_3,3,0.0033333333333333335
2030,candidate_2,candidate_1,candidate_3,3,0.0033333333333333335
2031,candidate_2,candidate_1,candidate_3,3,0.0033333333333333335
2032,candidate_2,candidate_1,candidate_3,3,0.0033333333333333335
2033,candidate_2,candidate_1,candidate_3,3,0.0033333333333333335
2034,candidate_2,candidate_1,candidate_3,3,0.0033333333333333335
2035,candidate_2,candidate_1,candidate_3,3,0.0033333333333333335
2036,candidate_2,candidate_1,candidate_3,3,0.0033333333333333335
2037,candidate_2,candidate_1,candidate_3,3,0.0033333333333333335
2038,candidate_2,candidate_1,candidate_3,3,0.0033333333333333335
2039,candidate_2,candidate_1,candidate_3,3,0.0033333333333333335
2040,candidate_2,candidate_1,candidate_3,3,0.0033333333333333335
2041,candidate_2,0,candidate_3,3,0.0033333333333333335
2042,candidate_2,candidate_1,candidate_3,3,0.0033333333333333335
2043,candidate_2,candidate_1,candidate_3,3,0.0033333333333333335
2044,candidate_2,candidate_1,candidate_3,3,0.0033333333333333335
2045,candidate_2,candidate_1,candidate_3,3,0.0033333333333333335
2046,candidate_2,candidate_1,candidate_3,3,0.0033333333333333335
2047,candidate_2,candidate_1,candidate_3,3,0.0033333333333333335
2048,candidate_2,candidate_1,candidate_3,3,0.0033333333333333335
2049,candidate_2,candidate_1,candidate_3,3,0.0033333333333333335
2050,candidate_2,candidate_1,candidate_3,3,0.0033333333333333335
2051,candidate_2,candidate_1,candidate_3,3,0.0033333333333333335
2052,candidate_2,candidate_1,candidate_3,3,0.0033333333333333335
2053,candidate_2,candidate_1,candidate_3,3,0.0033333333333333335
2054,candidate_2,candidate_1,candidate_3,3,0.0033333333333333335
2055,candidate_2,candidate_1,candidate_3,3,0.0033333333333333335
2056,candidate_2,candidate_1,candidate_3,3,0.0033333333333333335
2057,candidate_2,candidate_1,candidate_3,3,0.0033333333333333335
2058,candidate_2,candidate_1,candidate_3,3,0.0033333333333333335
2059,candidate_2,candidate_1,candidate_3,3,0.0033333333333333335
2060,candidate_2,candidate_1,candidate_3,3,0.0033333333333333335
2061,candidate_2,candidate_1,candidate_3,3,0.0033333333333333335
2062,candidate_2,candidate_1,candidate_3,3,0.0033333333333333335
2063,candidate_2,candidate_1,candidate_3,3,0.0033333333333333335
2064,candidate_2,candidate_1,candidate_3,3,0.0033333333333333335
2065,candidate_2,candidate_1,candidate_3,3,0.0033333333333333335
2066,candidate_2,candidate_1,candidate_3,3,0.0033333333333333335
2067,candidate_2,candidate_1,candidate_3,3,0.0033333333333333335
2068,candidate_2,candidate_1,candidate_3,3,0.0033333333333333335
2069,candidate_2,candidate_1,candidate_3,3,0.0033333333333333335
2070,candidate_2,candidate_1,candidate_3,3,0.0033333333333333335
2071,candidate_2,candidate_1,candidate_3,3,0.0033333333333333335
2072,candidate_2,candidate_1,candidate_3,3,0.0033333333333333335
2073,candidate_2,candidate_1,candidate_3,3,0.0033333333333333335
2074,candidate_2,candidate_1,candidate_3,3,0.0033333333333333335
2075,candidate_2,candidate_1,candidate_3,3,0.0033333333333333335
2076,candidate_2,candidate_1,candidate_3,3,0.0033333333333333335
2077,candidate_2,candidate_1,candidate_3,3,0.0033333333333333335
2078,candidate_2,candidate_1,candidate_3,3,0.0033333333333333335
2079,candidate_2,candidate_1,candidate_3,3,0.0033333333333333335
2080,candidate_2,candidate_1,candidate_3,3,0.0033333333333333335
2081,candidate_2,candidate_1,candidate_3,3,0.0033333333333333335
2082,candidate_2,candidate_1,candidate_3,3,0.0033333333333333335
2083,candidate_2,candidate_1,candidate_3,3,0.0033333333333333335
2084,candidate_2,candidate_1,candidate_3,3,0.0033333333333333335
2085,candidate_2,candidate_1,candidate_3,3,0.0033333333333333335
2086,candidate_2,candidate_1,candidate_3,3,0.0033333333333333335
2087,candidate_2,candidate_1,candidate_3,3,0.0033333333333333335
2088,candidate_2,candidate_1,candidate_3,3,0.0033333333333333335
2089,candidate_2,candidate_1,candidate_3,3,0.0033333333333333335
2090,candidate_2,candidate_1,candidate_3,3,0.0033333333333333335
2091,candidate_2,candidate_1,candidate_3,3,0.0033333333333333335
2092,candidate_2,candidate_1,candidate_3,3,0.0033333333333333335
2093,candidate_2,candidate_1,candidate_3,3,0.0033333333333333335
2094,candidate_2,candidate_1,candidate_3,3,0.0033333333333333335
2095,candidate_2,candidate_1,candidate_3,3,0.0033333333333333335
2096,candidate_2,candidate_1,candidate_3,3,0.0033333333333333335
2097,candidate_2,candidate_1,candidate_3,3,0.0033333333333333335
2098,candidate_2,candidate_1,candidate_3,3,0.0033333333333333335
2099,candidate_2,candidate_1,candidate_3,3,0.0033333333333333335
2100,candidate_2,candidate_1,candidate_3,3,0.0033333333333333335
2101,candidate_2,candidate_1,candidate_3,3,0.0033333333333333335
2102,candidate_2,candidate_1,candidate_3,3,0.0033333333333333335
2103,candidate_2,candidate_1,candidate_3,3,0.0033333333333333335
2104,0,candidate_1,candidate_3,3,0.0033333333333333335
2105,candidate_2,candidate_1,candidate_3,3,0.0033333333333333335
2106,candidate_2,candidate_1,candidate_3,3,0.0033333333333333335
2107,candidate_2,candidate_1,candidate_3,3,0.0033333333333333335
2108,candidate_2,candidate_1,candidate_3,3,0.0033333333333333335
2109,candidate_2,candidate_1,candidate_3,3,0.0033333333333333335
2110,candidate_2,candidate_1,candidate_3,3,0.0033333333333333335
2111,candidate_2,candidate_1,candidate_3,3,0.0033333333333333335
2112,candidate_2,candidate_1,candidate_3,3,0.0033333333333333335
2113,candidate_2,candidate_1,candidate_3,3,0.0033333333333333335
2114,candidate_2,candidate_1,candidate_3,3,0.0033333333333333335
2115,candidate_2,candidate_1,candidate_3,3,0.0033333333333333335
2116,candidate_2,candidate_1,candidate_3,3,0.0033333333333333335
2117,candidate_2,candidate_1,candidate_3,3,0.0033333333333333335
2118,candidate_2,candidate_1,candidate_3,3,0.0033333333333333335
2119,candidate_2,candidate_1,candidate_3,3,0.0033333333333333335
2120,candidate_2,candidate_1,candidate_3,3,0.0033333333333333335
2121,candidate_2,candidate_1,candidate_3,3,0.0033333333333333335
2122,candidate_2,candidate_1,candidate_3,3,0.0033333333333333335
2123,candidate_2,candidate_1,candidate_3,3,0.0033333333333333335
2124,candidate_2,candidate_1,candidate_3,3,0.0033333333333333335
2125,candidate_2,candidate_1,candidate_3,3,0.0033333333333333335
2126,candidate_2,candidate_1,candidate_3,3,0.0033333333333333335
2127,candidate_2,candidate_1,candidate_3,3,0.0033333333333333335
2128,candidate_2,candidate_1,candidate_3,3,0.0033333333333333335
2129,candidate_2,candidate_1,candidate_3,3,0.0033333333333333335
2130,candidate_2,candidate_1,candidate_3,3,0.0033333333333333335
2131,candidate_2,candidate_1,candidate_3,3,0.0033333333333333335
2132,candidate_2,candidate_1,candidate_3,3,0.0033333333333333335
2133,candidate_2,candidate_1,candidate_3,3,0.0033333333333333335
2134,candidate_2,candidate_1,candidate_3,3,0.0033333333333333335
2135,candidate_2,candidate_1,candidate_3,3,0.0033333333333333335
2136,candidate_2,candidate_1,candidate_3,3,0.0033333333333333335
2137,candidate_2,candidate_1,candidate_3,3,0.0033333333333333335
2138,candidate_2,candidate_1,candidate_3,3,0.0033333333333333335
2139,candidate_2,candidate_1,candidate_3,3,0.0033333333333333335
2140,candidate_2,candidate_1,candidate_3,3,0.0033333333333333335
2141,candidate_2,candidate_1,candidate_3,3,0.0033333333333333335
2142,candidate_2,candidate_1,candidate_3,3,0.0033333333333333335
2143,candidate_2,candidate_1,candidate_3,3,0.0033333333333333335
2144,candidate_2,candidate_1,candidate_3,3,0.0033333333333333335
2145,candidate_2,candidate_1,candidate_3,3,0.0033333333333333335
2146,candidate_2,candidate_1,candidate_3,3,0.0033333333333333335
2147,candidate_2,candidate_1,candidate_3,3,0.0033333333333333335
2148,candidate_2,candidate_1,candidate_3,3,0.0033333333333333335
2149,candidate_2,candidate_1,candidate_3,3,0.0033333333333333335
2150,candidate_2,candidate_1,candidate_3,3,0.0033333333333333335
2151,candidate_2,candidate_1,candidate_3,3,0.0033333333333333335
2152,candidate_2,candidate_1,candidate_3,3,0.0033333333333333335
2153,candidate_2,candidate_1,candidate_3,3,0.0033333333333333335
2154,candidate_2,candidate_1,candidate_3,3,0.0033333333333333335
2155,candidate_2,candidate_1,candidate_3,3,0.0033333333333333335
2156,candidate_2,candidate_1,candidate_3,3,0.0033333333333333335
2157,candidate_2,candidate_1,candidate_3,3,0.0033333333333333335
2158,candidate_2,candidate_1,candidate_3,3,0.0033333333333333335
2159,candidate_2,0,candidate_3,3,0.0033333333333333335
2160,candidate_2,candidate_1,candidate_3,3,0.0033333333333333335
2161,candidate_2,candidate_1,candidate_3,3,0.0033333333333333335
2162,candidate_2,candidate_1,candidate_3,3,0.0033333333333333335
2163,candidate_2,candidate_1,candidate_3,3,0.0033333333333333335
2164,candidate_2,candidate_1,candidate_3,3,0.0033333333333333335
2165,candidate_2,candidate_1,candidate_3,3,0.0033333333333333335
2166,candidate_2,candidate_1,candidate_3,3,0.0033333333333333335
2167,candidate_2,candidate_1,candidate_3,3,0.0033333333333333335
2168,candidate_2,candidate_1,candidate_3,3,0.0033333333333333335
2169,candidate_2,candidate_1,candidate_3,3,0.0033333333333333335
2170,candidate_2,candidate_1,candidate_3,3,0.0033333333333333335
2171,candidate_2,candidate_1,candidate_3,3,0.0033333333333333335
2172,candidate_2,candidate_1,candidate_3,3,0.0033333333333333335
2173,candidate_2,candidate_1,candidate_3,3,0.0033333333333333335
2174,candidate_2,0,candidate_3,3,0.0033333333333333335
2175,candidate_2,candidate_1,candidate_3,3,0.0033333333333333335
2176,candidate_2,candidate_1,candidate_3,3,0.0033333333333333335
2177,candidate_2,candidate_1,candidate_3,3,0.0033333333333333335
2178,candidate_2,candidate_1,candidate_3,3,0.0033333333333333335
2179,candidate_2,candidate_1,candidate_3,3,0.0033333333333333335
2180,candidate_2,candidate_1,candidate_3,3,0.0033333333333333335
2181,candidate_2,candidate_1,candidate_3,3,0.0033333333333333335
2182,candidate_2,candidate_1,candidate_3,3,0.0033333333333333335
2183,candidate_2,candidate_1,candidate_3,3,0.0033333333333333335
2184,candidate_2,candidate_1,candidate_3,3,0.0033333333333333335
2185,candidate_2,candidate_1,candidate_3,3,0.0033333333333333335
2186,candidate_2,candidate_1,candidate_3,3,0.0033333333333333335
2187,candidate_2,candidate_1,candidate_3,3,0.0033333333333333335
2188,candidate_2,candidate_1,candidate_3,3,0.0033333333333333335
2189,candidate_2,candidate_1,candidate_3,3,0.0033333333333333335
2190,candidate_2,candidate_1,candidate_3,3,0.0033333333333333335
2191,candidate_2,candidate_1,candidate_3,3,0.0033333333333333335
2192,candidate_2,candidate_1,candidate_3,3,0.0033333333333333335
2193,candidate_2,candidate_1,candidate_3,3,0.0033333333333333335
2194,candidate_2,candidate_1,candidate_3,3,0.0033333333333333335
2195,candidate_2,candidate_1,candidate_3,3,0.0033333333333333335
2196,candidate_2,candidate_1,candidate_3,3,0.0033333333333333335
2197,candidate_2,candidate_1,candidate_3,3,0.0033333333333333335
2198,candidate_2,candidate_1,candidate_3,3,0.0033333333333333335
2199,candidate_2,candidate_1,candidate_3,3,0.0033333333333333335
2200,candidate_2,candidate_1,candidate_3,3,0.0033333333333333335
2201,candidate_2,candidate_1,candidate_3,3,0.0033333333333333335
2202,candidate_2,candidate_1,candidate_3,3,0.0033333333333333335
2203,candidate_2,candidate_1,candidate_3,3,0.0033333333333333335
2204,candidate_2,candidate_1,candidate_3,3,0.0033333333333333335
2205,candidate_2,candidate_1,candidate_3,3,0.0033333333333333335
2206,candidate_2,candidate_1,candidate_3,3,0.0033333333333333335
2207,candidate_2,candidate_1,candidate_3,3,0.0033333333333333335
2208,candidate_2,candidate_1,candidate_3,3,0.0033333333333333335
2209,candidate_2,candidate_1,candidate_3,3,0.0033333333333333335
2210,candidate_2,candidate_1,candidate_3,3,0.0033333333333333335
2211,candidate_2,candidate_1,candidate_3,3,0.0033333333333333335
2212,candidate_2,candidate_1,candidate_3,3,0.0033333333333333335
2213,candidate_2,candidate_1,candidate_3,3,0.0033333333333333335
2214,candidate_2,candidate_1,candidate_3,3,0.0033333333333333335
2215,candidate_2,candidate_1,candidate_3,3,0.0033333333333333335
2216,candidate_2,candidate_1,candidate_3,3,0.0033333333333333335
2217,candidate_2,candidate_1,candidate_3,3,0.0033333333333333335
2218,candidate_2,candidate_1,candidate_3,3,0.0033333333333333335
2219,candidate_2,candidate_1,candidate_3,3,0.0033333333333333335
2220,candidate_2,candidate_1,candidate_3,3,0.0033333333333333335
2221,candidate_2,candidate_1,candidate_3,3,0.0033333333333333335
2222,candidate_2,candidate_1,candidate_3,3,0.0033333333333333335
2223,candidate_2,candidate_1,candidate_3,3,0.0033333333333333335
2224,candidate_2,candidate_1,candidate_3,3,0.0033333333333333335
2225,candidate_2,candidate_1,candidate_3,3,0.0033333333333333335
2226,candidate_2,candidate_1,candidate_3,3,0.0033333333333333335
2227,candidate_2,candidate_1,candidate_3,3,0.0033333333333333335
2228,candidate_2,candidate_1,candidate_3,3,0.0033333333333333335
2229,candidate_2,candidate_1,candidate_3,3,0.0033333333333333335
2230,candidate_2,candidate_1,candidate_3,3,0.0033333333333333335
2231,candidate_2,candidate_1,candidate_3,3,0.0033333333333333335
2232,candidate_2,candidate_1,candidate_3,3,0.0033333333333333335
2233,candidate_2,candidate_1,candidate_3,3,0.0033333333333333335
2234,candidate_2,candidate_1,candidate_3,3,0.0033333333333333335
2235,candidate_2,candidate_1,candidate_3,3,0.0033333333333333335
2236,candidate_2,candidate_1,candidate_3,3,0.0033333333333333335
2237,candidate_2,candidate_1,candidate_3,3,0.0033333333333333335
2238,candidate_2,candidate_1,candidate_3,3,0.0033333333333333335
2239,candidate_2,candidate_1,candidate_3,3,0.0033333333333333335
2240,candidate_2,candidate_1,candidate_3,3,0.0033333333333333335
2241,candidate_2,candidate_1,candidate_3,3,0.0033333333333333335
2242,candidate_2,candidate_1,candidate_3,3,0.0033333333333333335
2243,candidate_2,candidate_1,candidate_3,3,0.0033333333333333335
2244,candidate_2,candidate_1,candidate_3,3,0.0033333333333333335
2245,candidate_2,candidate_1,candidate_3,3,0.0033333333333333335
2246,candidate_2,candidate_1,candidate_3,3,0.0033333333333333335
2247,candidate_2,candidate_1,candidate_3,3,0.0033333333333333335
2248,candidate_2,candidate_1,candidate_3,3,0.0033333333333333335
2249,candidate_2,candidate_1,candidate_3,3,0.0033333333333333335
2250,candidate_2,candidate_1,candidate_3,3,0.0033333333333333335
2251,candidate_2,candidate_1,candidate_3,3,0.0033333333333333335
2252,candidate_2,candidate_1,candidate_3,3,0.0033333333333333335
2253,candidate_2,candidate_1,candidate_3,3,0.0033333333333333335
2254,candidate_2,candidate_1,candidate_3,3,0.0033333333333333335
2255,candidate_2,candidate_1,candidate_3,3,0.0033333333333333335
2256,candidate_2,candidate_1,candidate_3,3,0.0033333333333333335
2257,candidate_2,candidate_1,candidate_3,3,0.0033333333333333335
2258,candidate_2,candidate_1,candidate_3,3,0.0033333333333333335
2259,candidate_2,candidate_1,candidate_3,3,0.0033333333333333335
2260,candidate_2,candidate_1,candidate_3,3,0.0033333333333333335
2261,candidate_2,candidate_1,candidate_3,3,0.0033333333333333335
2262,candidate_2,candidate_1,candidate_3,3,0.0033333333333333335
2263,candidate_2,candidate_1,candidate_3,3,0.0033333333333333335
2264,candidate_2,candidate_1,candidate_3,3,0.0033333333333333335
2265,candidate_2,candidate_1,candidate_3,3,0.0033333333333333335
2266,candidate_2,candidate_1,candidate_3,3,0.0033333333333333335
2267,candidate_2,candidate_1,candidate_3,3,0.0033333333333333335
2268,candidate_2,candidate_1,candidate_3,3,0.0033333333333333335
2269,candidate_2,candidate_1,candidate_3,3,0.0033333333333333335
2270,candidate_2,candidate_1,candidate_3,3,0.0033333333333333335
2271,candidate_2,candidate_1,candidate_3,3,0.0033333333333333335
2272,candidate_2,candidate_1,candidate_3,3,0.0033333333333333335
2273,candidate_2,candidate_1,candidate_3,3,0.0033333333333333335
2274,candidate_2,candidate_1,candidate_3,3,0.0033333333333333335
2275,candidate_2,candidate_1,candidate_3,3,0.0033333333333333335
2276,candidate_2,candidate_1,candidate_3,3,0.0033333333333333335
2277,candidate_2,candidate_1,candidate_3,3,0.0033333333333333335
2278,candidate_2,candidate_1,candidate_3,3,0.0033333333333333335
2279,candidate_2,candidate_1,candidate_3,3,0.0033333333333333335
2280,candidate_2,candidate_1,candidate_3,3,0.0033333333333333335
2281,candidate_2,candidate_1,candidate_3,3,0.0033333333333333335
2282,candidate_2,candidate_1,candidate_3,3,0.0033333333333333335
2283,candidate_2,candidate_1,candidate_3,3,0.0033333333333333335
2284,candidate_2,candidate_1,candidate_3,3,0.0033333333333333335
2285,candidate_2,candidate_1,candidate_3,3,0.0033333333333333335
2286,candidate_2,candidate_1,candidate_3,3,0.0033333333333333335
2287,candidate_2,candidate_1,candidate_3,3,0.0033333333333333335
2288,candidate_2,candidate_1,candidate_3,3,0.0033333333333333335
2289,candidate_2,candidate_1,candidate_3,3,0.0033333333333333335
2290,candidate_2,candidate_1,candidate_3,3,0.0033333333333333335
2291,candidate_2,candidate_1,candidate_3,3,0.0033333333333333335
2292,candidate_2,candidate_1,candidate_3,3,0.0033333333333333335
2293,candidate_2,candidate_1,candidate_3,3,0.0033333333333333335
2294,candidate_2,candidate_1,candidate_3,3,0.0033333333333333335
2295,candidate_2,0,candidate_3,3,0.0033333333333333335
2296,candidate_2,candidate_1,candidate_3,3,0.0033333333333333335
2297,candidate_2,candidate_1,candidate_3,3,0.0033333333333333335
2298,candidate_2,candidate_1,candidate_3,3,0.0033333333333333335
2299,candidate_2,candidate_1,candidate_3,3,0.0033333333333333335
2300,candidate_2,candidate_1,candidate_3,3,0.0033333333333333335
2301,candidate_2,candidate_1,candidate_3,3,0.0033333333333333335
2302,candidate_2,candidate_1,candidate_3,3,0.0033333333333333335
2303,candidate_2,candidate_1,candidate_3,3,0.0033333333333333335
2304,candidate_2,candidate_1,candidate_3,3,0.0033333333333333335
2305,candidate_2,candidate_1,candidate_3,3,0.0033333333333333335
2306,candidate_2,candidate_1,candidate_3,3,0.0033333333333333335
2307,candidate_2,candidate_1,candidate_3,3,0.0033333333333333335
2308,candidate_2,candidate_1,candidate_3,3,0.0033333333333333335
2309,candidate_2,candidate_1,candidate_3,3,0.0033333333333333335
2310,candidate_2,candidate_1,candidate_3,3,0.0033333333333333335
2311,candidate_2,candidate_1,candidate_3,3,0.0033333333333333335
2312,candidate_2,candidate_1,candidate_3,3,0.0033333333333333335
2313,candidate_2,candidate_1,candidate_3,3,0.0033333333333333335
2314,candidate_2,candidate_1,candidate_3,3,0.0033333333333333335
2315,candidate_2,candidate_1,candidate_3,3,0.0033333333333333335
2316,candidate_2,candidate_1,candidate_3,3,0.0033333333333333335
2317,candidate_2,candidate_1,candidate_3,3,0.0033333333333333335
2318,candidate_2,candidate_1,candidate_3,3,0.0033333333333333335
2319,candidate_2,candidate_1,candidate_3,3,0.0033333333333333335
2320,candidate_2,candidate_1,candidate_3,3,0.0033333333333333335
2321,candidate_2,candidate_1,candidate_3,3,0.0033333333333333335
2322,candidate_2,candidate_1,candidate_3,3,0.0033333333333333335
2323,candidate_2,candidate_1,candidate_3,3,0.0033333333333333335
2324,candidate_2,candidate_1,candidate_3,3,0.0033333333333333335
2325,candidate_2,candidate_1,candidate_3,3,0.0033333333333333335
2326,candidate_2,candidate_1,candidate_3,3,0.0033333333333333335
2327,candidate_2,candidate_1,candidate_3,3,0.0033333333333333335
2328,candidate_2,candidate_1,candidate_3,3,0.0033333333333333335
2329,candidate_2,candidate_1,candidate_3,3,0.0033333333333333335
2330,candidate_2,candidate_1,candidate_3,3,0.0033333333333333335
2331,candidate_2,candidate_1,candidate_3,3,0.0033333333333333335
2332,candidate_2,candidate_1,candidate_3,3,0.0033333333333333335
2333,candidate_2,candidate_1,candidate_3,3,0.0033333333333333335
2334,candidate_2,candidate_1,candidate_3,3,0.0033333333333333335
2335,candidate_2,candidate_1,candidate_3,3,0.0033333333333333335
2336,candidate_2,candidate_1,candidate_3,3,0.0033333333333333335
2337,candidate_2,candidate_1,candidate_3,3,0.0033333333333333335
2338,candidate_2,candidate_1,candidate_3,3,0.0033333333333333335
2339,candidate_2,candidate_1,candidate_3,3,0.0033333333333333335
2340,candidate_2,candidate_1,candidate_3,3,0.0033333333333333335
2341,candidate_2,candidate_1,candidate_3,3,0.0033333333333333335
2342,candidate_2,candidate_1,candidate_3,3,0.0033333333333333335
2343,candidate_2,candidate_1,candidate_3,3,0.0033333333333333335
2344,candidate_2,candidate_1,candidate_3,3,0.0033333333333333335
2345,candidate_2,candidate_1,candidate_3,3,0.0033333333333333335
2346,candidate_2,candidate_1,candidate_3,3,0.0033333333333333335
2347,candidate_2,candidate_1,candidate_3,3,0.0033333333333333335
2348,candidate_2,candidate_1,candidate_3,3,0.0033333333333333335
2349,candidate_2,candidate_1,candidate_3,3,0.0033333333333333335
2350,candidate_2,candidate_1,candidate_3,3,0.0033333333333333335
2351,candidate_2,candidate_1,candidate_3,3,0.0033333333333333335
2352,candidate_2,candidate_1,candidate_3,3,0.0033333333333333335
2353,candidate_2,candidate_1,candidate_3,3,0.0033333333333333335
2354,candidate_2,candidate_1,candidate_3,3,0.0033333333333333335
2355,candidate_2,candidate_1,candidate_3,3,0.0033333333333333335
2356,candidate_2,candidate_1,candidate_3,3,0.0033333333333333335
2357,candidate_2,candidate_1,candidate_3,3,0.0033333333333333335
2358,candidate_2,candidate_1,candidate_3,3,0.0033333333333333335
2359,candidate_2,candidate_1,candidate_3,3,0.0033333333333333335
2360,candidate_2,candidate_1,candidate_3,3,0.0033333333333333335
2361,candidate_2,candidate_1,candidate_3,3,0.0033333333333333335
2362,candidate_2,candidate_1,candidate_3,3,0.0033333333333333335
2363,candidate_2,candidate_1,candidate_3,3,0.0033333333333333335
2364,candidate_2,candidate_1,candidate_3,3,0.0033333333333333335
2365,candidate_2,candidate_1,0,3,0.0033333333333333335
2366,candidate_2,candidate_1,candidate_3,3,0.0033333333333333335
2367,candidate_2,candidate_1,candidate_3,3,0.0033333333333333335
2368,candidate_2,candidate_1,candidate_3,3,0.0033333333333333335
2369,candidate_2,candidate_1,candidate_3,3,0.0033333333333333335
2370,candidate_2,candidate_1,candidate_3,3,0.0033333333333333335
2371,candidate_2,candidate_1,candidate_3,3,0.0033333333333333335
2372,candidate_2,candidate_1,candidate_3,3,0.0033333333333333335
2373,candidate_2,candidate_1,candidate_3,3,0.0033333333333333335
2374,candidate_2,candidate_1,candidate_3,3,0.0033333333333333335
2375,candidate_2,candidate_1,candidate_3,3,0.0033333333333333335
2376,candidate_2,candidate_1,candidate_3,3,0.0033333333333333335
2377,candidate_2,candidate_1,candidate_3,3,0.0033333333333333335
2378,candidate_2,candidate_1,candidate_3,3,0.0033333333333333335
2379,candidate_2,candidate_1,candidate_3,3,0.0033333333333333335
2380,candidate_2,candidate_1,candidate_3,3,0.0033333333333333335
2381,candidate_2,candidate_1,candidate_3,3,0.0033333333333333335
2382,candidate_2,candidate_1,candidate_3,3,0.0033333333333333335
2383,candidate_2,candidate_1,candidate_3,3,0.0033333333333333335
2384,candidate_2,candidate_1,candidate_3,3,0.0033333333333333335
2385,candidate_2,candidate_1,candidate_3,3,0.0033333333333333335
2386,candidate_2,candidate_1,candidate_3,3,0.0033333333333333335
2387,candidate_2,candidate_1,candidate_3,3,0.0033333333333333335
2388,candidate_2,candidate_1,candidate_3,3,0.0033333333333333335
2389,candidate_2,candidate_1,candidate_3,3,0.0033333333333333335
2390,candidate_2,candidate_1,candidate_3,3,0.0033333333333333335
2391,candidate_2,candidate_1,candidate_3,3,0.0033333333333333335
2392,candidate_2,candidate_1,candidate_3,3,0.0033333333333333335
2393,candidate_2,candidate_1,candidate_3,3,0.0033333333333333335
2394,candidate_2,candidate_1,candidate_3,3,0.0033333333333333335
2395,candidate_2,candidate_1,candidate_3,3,0.0033333333333333335
2396,candidate_2,candidate_1,candidate_3,3,0.0033333333333333335
2397,candidate_2,candidate_1,candidate_3,3,0.0033333333333333335
2398,candidate_2,candidate_1,candidate_3,3,0.0033333333333333335
2399,candidate_2,candidate_1,candidate_3,3,0.0033333333333333335
2400,candidate_2,candidate_1,candidate_3,3,0.0033333333333333335
2401,candidate_2,candidate_1,candidate_3,3,0.0033333333333333335
2402,candidate_2,candidate_1,candidate_3,3,0.0033333333333333335
2403,candidate_2,candidate_1,candidate_3,3,0.0033333333333333335
2404,candidate_2,candidate_1,candidate_3,3,0.0033333333333333335
2405,candidate_2,candidate_1,candidate_3,3,0.0033333333333333335
2406,candidate_2,candidate_1,candidate_3,3,0.0033333333333333335
2407,candidate_2,candidate_1,candidate_3,3,0.0033333333333333335
2408,candidate_2,candidate_1,candidate_3,3,0.0033333333333333335
2409,candidate_2,candidate_1,candidate_3,3,0.0033333333333333335
2410,candidate_2,candidate_1,candidate_3,3,0.0033333333333333335
2411,candidate_2,candidate_1,candidate_3,3,0.0033333333333333335
2412,candidate_2,candidate_1,candidate_3,3,0.0033333333333333335
2413,candidate_2,candidate_1,candidate_3,3,0.0033333333333333335
2414,candidate_2,candidate_1,candidate_3,3,0.0033333333333333335
2415,candidate_2,candidate_1,candidate_3,3,0.0033333333333333335
2416,candidate_2,candidate_1,candidate_3,3,0.0033333333333333335
2417,candidate_2,candidate_1,candidate_3,3,0.0033333333333333335
2418,candidate_2,candidate_1,candidate_3,3,0.0033333333333333335
2419,candidate_2,candidate_1,candidate_3,3,0.0033333333333333335
2420,candidate_2,candidate_1,candidate_3,3,0.0033333333333333335
2421,candidate_2,candidate_1,candidate_3,3,0.0033333333333333335
2422,candidate_2,candidate_1,candidate_3,3,0.0033333333333333335
2423,candidate_2,candidate_1,candidate_3,3,0.0033333333333333335
2424,candidate_2,candidate_1,candidate_3,3,0.0033333333333333335
2425,candidate_2,candidate_1,candidate_3,3,0.0033333333333333335
2426,candidate_2,candidate_1,candidate_3,3,0.0033333333333333335
2427,candidate_2,candidate_1,candidate_3,3,0.0033333333333333335
2428,candidate_2,candidate_1,candidate_3,3,0.0033333333333333335
2429,candidate_2,candidate_1,candidate_3,3,0.0033333333333333335
2430,candidate_2,candidate_1,candidate_3,3,0.0033333333333333335
2431,candidate_2,candidate_1,candidate_3,3,0.0033333333333333335
2432,candidate_2,candidate_1,candidate_3,3,0.0033333333333333335
2433,candidate_2,candidate_1,candidate_3,3,0.0033333333333333335
2434,candidate_2,candidate_1,candidate_3,3,0.0033333333333333335
2435,candidate_2,candidate_1,candidate_3,3,0.0033333333333333335
2436,candidate_2,candidate_1,candidate_3,3,0.0033333333333333335
2437,candidate_2,candidate_1,candidate_3,3,0.0033333333333333335
2438,candidate_2,candidate_1,candidate_3,3,0.0033333333333333335
2439,candidate_2,candidate_1,candidate_3,3,0.0033333333333333335
2440,candidate_2,candidate_1,candidate_3,3,0.0033333333333333335
2441,candidate_2,candidate_1,candidate_3,3,0.0033333333333333335
2442,candidate_2,candidate_1,candidate_3,3,0.0033333333333333335
2443,candidate_2,candidate_1,candidate_3,3,0.0033333333333333335
2444,candidate_2,candidate_1,candidate_3,3,0.0033333333333333335
2445,candidate_2,candidate_1,candidate_3,3,0.0033333333333333335
2446,candidate_2,candidate_1,candidate_3,3,0.0033333333333333335
2447,candidate_2,candidate_1,candidate_3,3,0.0033333333333333335
2448,candidate_2,candidate_1,candidate_3,3,0.0033333333333333335
2449,candidate_2,candidate_1,candidate_3,3,0.0033333333333333335
2450,candidate_2,candidate_1,candidate_3,3,0.0033333333333333335
2451,candidate_2,candidate_1,candidate_3,3,0.0033333333333333335
2452,candidate_2,candidate_1,candidate_3,3,0.0033333333333333335
2453,candidate_2,candidate_1,candidate_3,3,0.0033333333333333335
2454,candidate_2,candidate_1,candidate_3,3,0.0033333333333333335
2455,candidate_2,candidate_1,candidate_3,3,0.0033333333333333335
2456,candidate_2,candidate_1,candidate_3,3,0.0033333333333333335
2457,candidate_2,candidate_1,candidate_3,3,0.0033333333333333335
2458,candidate_2,candidate_1,candidate_3,3,0.0033333333333333335
2459,candidate_2,candidate_1,candidate_3,3,0.0033333333333333335
2460,candidate_2,candidate_1,candidate_3,3,0.0033333333333333335
2461,candidate_2,candidate_1,candidate_3,3,0.0033333333333333335
2462,candidate_2,candidate_1,candidate_3,3,0.0033333333333333335
2463,candidate_2,candidate_1,candidate_3,3,0.0033333333333333335
2464,candidate_2,candidate_1,candidate_3,3,0.0033333333333333335
2465,candidate_2,candidate_1,candidate_3,3,0.0033333333333333335
2466,candidate_2,candidate_1,candidate_3,3,0.0033333333333333335
2467,candidate_2,candidate_1,candidate_3,3,0.0033333333333333335
2468,candidate_2,candidate_1,candidate_3,3,0.0033333333333333335
2469,candidate_2,candidate_1,candidate_3,3,0.0033333333333333335
2470,candidate_2,candidate_1,candidate_3,3,0.0033333333333333335
2471,candidate_2,0,candidate_3,3,0.0033333333333333335
2472,candidate_2,candidate_1,candidate_3,3,0.0033333333333333335
2473,candidate_2,candidate_1,candidate_3,3,0.0033333333333333335
2474,candidate_2,candidate_1,candidate_3,3,0.0033333333333333335
2475,candidate_2,candidate_1,candidate_3,3,0.0033333333333333335
2476,candidate_2,candidate_1,candidate_3,3,0.0033333333333333335
2477,candidate_2,candidate_1,candidate_3,3,0.0033333333333333335
2478,candidate_2,candidate_1,candidate_3,3,0.0033333333333333335
2479,candidate_2,candidate_1,candidate_3,3,0.0033333333333333335
2480,candidate_2,candidate_1,candidate_3,3,0.0033333333333333335
2481,candidate_2,candidate_1,candidate_3,3,0.0033333333333333335
2482,candidate_2,candidate_1,candidate_3,3,0.0033333333333333335
2483,candidate_2,candidate_1,candidate_3,3,0.0033333333333333335
2484,candidate_2,candidate_1,candidate_3,3,0.0033333333333333335
2485,candidate_2,candidate_1,candidate_3,3,0.0033333333333333335
2486,candidate_2,candidate_1,candidate_3,3,0.0033333333333333335
2487,candidate_2,candidate_1,candidate_3,3,0.0033333333333333335
2488,candidate_2,candidate_1,candidate_3,3,0.0033333333333333335
2489,candidate_2,candidate_1,candidate_3,3,0.0033333333333333335
2490,candidate_2,candidate_1,candidate_3,3,0.0033333333333333335
2491,candidate_2,candidate_1,candidate_3,3,0.0033333333333333335
2492,candidate_2,candidate_1,candidate_3,3,0.0033333333333333335
2493,candidate_2,candidate_1,candidate_3,3,0.0033333333333333335
2494,candidate_2,candidate_1,candidate_3,3,0.0033333333333333335
2495,candidate_2,candidate_1,candidate_3,3,0.0033333333333333335
2496,candidate_2,candidate_1,candidate_3,3,0.0033333333333333335
2497,candidate_2,candidate_1,candidate_3,3,0.0033333333333333335
2498,candidate_2,candidate_1,candidate_3,3,0.0033333333333333335
2499,candidate_2,candidate_1,candidate_3,3,0.0033333333333333335
2500,candidate_2,candidate_1,candidate_3,3,0.0033333333333333335
2501,candidate_2,candidate_1,candidate_3,3,0.0033333333333333335
2502,candidate_2,candidate_1,candidate_3,3,0.0033333333333333335
2503,candidate_2,candidate_1,candidate_3,3,0.0033333333333333335
2504,candidate_2,candidate_1,candidate_3,3,0.0033333333333333335
2505,candidate_2,candidate_1,candidate_3,3,0.0033333333333333335
2506,candidate_2,candidate_1,candidate_3,3,0.0033333333333333335
2507,candidate_2,candidate_1,candidate_3,3,0.0033333333333333335
2508,candidate_2,candidate_1,candidate_3,3,0.0033333333333333335
2509,candidate_2,candidate_1,candidate_3,3,0.0033333333333333335
2510,candidate_2,candidate_1,candidate_3,3,0.0033333333333333335
2511,candidate_2,candidate_1,candidate_3,3,0.0033333333333333335
2512,candidate_2,candidate_1,candidate_3,3,0.0033333333333333335
2513,candidate_2,candidate_1,candidate_3,3,0.0033333333333333335
2514,candidate_2,candidate_1,candidate_3,3,0.0033333333333333335
2515,candidate_2,candidate_1,candidate_3,3,0.0033333333333333335
2516,candidate_2,candidate_1,candidate_3,3,0.0033333333333333335
2517,candidate_2,candidate_1,candidate_3,3,0.0033333333333333335
2518,candidate_2,candidate_1,candidate_3,3,0.0033333333333333335
2519,candidate_2,candidate_1,candidate_3,3,0.0033333333333333335
2520,candidate_2,candidate_1,candidate_3,3,0.0033333333333333335
2521,candidate_2,candidate_1,candidate_3,3,0.0033333333333333335
2522,candidate_2,candidate_1,candidate_3,3,0.0033333333333333335
2523,candidate_2,candidate_1,candidate_3,3,0.0033333333333333335
2524,candidate_2,candidate_1,candidate_3,3,0.0033333333333333335
2525,candidate_2,candidate_1,candidate_3,3,0.0033333333333333335
2526,candidate_2,candidate_1,candidate_3,3,0.0033333333333333335
2527,candidate_2,candidate_1,candidate_3,3,0.0033333333333333335
2528,candidate_2,candidate_1,candidate_3,3,0.0033333333333333335
2529,candidate_2,candidate_1,candidate_3,3,0.0033333333333333335
2530,candidate_2,candidate_1,candidate_3,3,0.0033333333333333335
2531,candidate_2,candidate_1,candidate_3,3,0.0033333333333333335
2532,candidate_2,candidate_1,candidate_3,3,0.0033333333333333335
2533,candidate_2,candidate_1,candidate_3,3,0.0033333333333333335
2534,candidate_2,candidate_1,candidate_3,3,0.0033333333333333335
2535,candidate_2,candidate_1,candidate_3,3,0.0033333333333333335
2536,candidate_2,candidate_1,candidate_3,3,0.0033333333333333335
2537,candidate_2,candidate_1,candidate_3,3,0.0033333333333333335
2538,candidate_2,candidate_1,candidate_3,3,0.0033333333333333335
2539,candidate_2,candidate_1,candidate_3,3,0.0033333333333333335
2540,candidate_2,candidate_1,candidate_3,3,0.0033333333333333335
2541,candidate_2,candidate_1,candidate_3,3,0.0033333333333333335
2542,candidate_2,candidate_1,candidate_3,3,0.0033333333333333335
2543,candidate_2,candidate_1,candidate_3,3,0.0033333333333333335
2544,candidate_2,candidate_1,candidate_3,3,0.0033333333333333335
2545,candidate_2,candidate_1,candidate_3,3,0.0033333333333333335
2546,candidate_2,candidate_1,candidate_3,3,0.0033333333333333335
2547,candidate_2,candidate_1,candidate_3,3,0.0033333333333333335
2548,candidate_2,candidate_1,candidate_3,3,0.0033333333333333335
2549,candidate_2,candidate_1,candidate_3,3,0.0033333333333333335
2550,candidate_2,candidate_1,candidate_3,3,0.0033333333333333335
2551,candidate_2,candidate_1,candidate_3,3,0.0033333333333333335
2552,candidate_2,candidate_1,candidate_3,3,0.0033333333333333335
2553,candidate_2,candidate_1,candidate_3,3,0.0033333333333333335
2554,candidate_2,candidate_1,candidate_3,3,0.0033333333333333335
2555,candidate_2,candidate_1,candidate_3,3,0.0033333333333333335
2556,candidate_2,candidate_1,candidate_3,3,0.0033333333333333335
2557,candidate_2,candidate_1,candidate_3,3,0.0033333333333333335
2558,candidate_2,candidate_1,candidate_3,3,0.0033333333333333335
2559,candidate_2,candidate_1,candidate_3,3,0.0033333333333333335
2560,candidate_2,candidate_1,candidate_3,3,0.0033333333333333335
2561,candidate_2,candidate_1,candidate_3,3,0.0033333333333333335
2562,candidate_2,candidate_1,candidate_3,3,0.0033333333333333335
2563,candidate_2,candidate_1,candidate_3,3,0.0033333333333333335
2564,candidate_2,candidate_1,candidate_3,3,0.0033333333333333335
2565,candidate_2,candidate_1,candidate_3,3,0.0033333333333333335
2566,candidate_2,candidate_1,candidate_3,3,0.0033333333333333335
2567,candidate_2,candidate_1,candidate_3,3,0.0033333333333333335
2568,candidate_2,candidate_1,candidate_3,3,0.0033333333333333335
2569,candidate_2,candidate_1,candidate_3,3,0.0033333333333333335
2570,candidate_2,candidate_1,candidate_3,3,0.0033333333333333335
2571,candidate_2,candidate_1,candidate_3,3,0.0033333333333333335
2572,candidate_2,candidate_1,candidate_3,3,0.0033333333333333335
2573,candidate_2,candidate_1,candidate_3,3,0.0033333333333333335
2574,candidate_2,candidate_1,candidate_3,3,0.0033333333333333335
2575,candidate_2,candidate_1,candidate_3,3,0.0033333333333333335
2576,candidate_2,candidate_1,candidate_3,3,0.0033333333333333335
2577,candidate_2,candidate_1,candidate_3,3,0.0033333333333333335
2578,candidate_2,candidate_1,candidate_3,3,0.0033333333333333335
2579,candidate_2,candidate_1,candidate_3,3,0.0033333333333333335
2580,candidate_2,candidate_1,candidate_3,3,0.0033333333333333335
2581,candidate_2,candidate_1,candidate_3,3,0.0033333333333333335
2582,candidate_2,candidate_1,candidate_3,3,0.0033333333333333335
2583,candidate_2,candidate_1,candidate_3,3,0.0033333333333333335
2584,candidate_2,candidate_1,candidate_3,3,0.0033333333333333335
2585,candidate_2,candidate_1,candidate_3,3,0.0033333333333333335
2586,candidate_2,candidate_1,candidate_3,3,0.0033333333333333335
2587,candidate_2,candidate_1,candidate_3,3,0.0033333333333333335
2588,candidate_2,candidate_1,candidate_3,3,0.0033333333333333335
2589,candidate_2,candidate_1,candidate_3,3,0.0033333333333333335
2590,candidate_2,candidate_1,candidate_3,3,0.0033333333333333335
2591,candidate_2,candidate_1,candidate_3,3,0.0033333333333333335
2592,candidate_2,candidate_1,candidate_3,3,0.0033333333333333335
2593,candidate_2,candidate_1,candidate_3,3,0.0033333333333333335
2594,candidate_2,candidate_1,candidate_3,3,0.0033333333333333335
2595,candidate_2,candidate_1,candidate_3,3,0.0033333333333333335
2596,candidate_2,candidate_1,candidate_3,3,0.0033333333333333335
2597,candidate_2,candidate_1,candidate_3,3,0.0033333333333333335
2598,candidate_2,candidate_1,candidate_3,3,0.0033333333333333335
2599,candidate_2,candidate_1,candidate_3,3,0.0033333333333333335
2600,candidate_2,candidate_1,candidate_3,3,0.0033333333333333335
2601,candidate_2,candidate_1,candidate_3,3,0.0033333333333333335
2602,candidate_2,candidate_1,candidate_3,3,0.0033333333333333335
2603,candidate_2,candidate_1,candidate_3,3,0.0033333333333333335
2604,candidate_2,candidate_1,candidate_3,3,0.0033333333333333335
2605,candidate_2,candidate_1,candidate_3,3,0.0033333333333333335
2606,candidate_2,candidate_1,candidate_3,3,0.0033333333333333335
2607,candidate_2,candidate_1,candidate_3,3,0.0033333333333333335
2608,candidate_2,candidate_1,candidate_3,3,0.0033333333333333335
2609,candidate_2,candidate_1,candidate_3,3,0.0033333333333333335
2610,candidate_2,candidate_1,candidate_3,3,0.0033333333333333335
2611,candidate_2,candidate_1,candidate_3,3,0.0033333333333333335
2612,candidate_2,candidate_1,candidate_3,3,0.0033333333333333335
2613,candidate_2,candidate_1,candidate_3,3,0.0033333333333333335
2614,candidate_2,candidate_1,candidate_3,3,0.0033333333333333335
2615,candidate_2,candidate_1,candidate_3,3,0.0033333333333333335
2616,candidate_2,candidate_1,candidate_3,3,0.0033333333333333335
2617,candidate_2,candidate_1,candidate_3,3,0.0033333333333333335
2618,candidate_2,candidate_1,candidate_3,3,0.0033333333333333335
2619,candidate_2,candidate_1,candidate_3,3,0.0033333333333333335
2620,candidate_2,candidate_1,candidate_3,3,0.0033333333333333335
2621,candidate_2,candidate_1,candidate_3,3,0.0033333333333333335
2622,candidate_2,candidate_1,candidate_3,3,0.0033333333333333335
2623,candidate_2,candidate_1,candidate_3,3,0.0033333333333333335
2624,candidate_2,candidate_1,candidate_3,3,0.0033333333333333335
2625,candidate_2,candidate_1,candidate_3,3,0.0033333333333333335
2626,candidate_2,candidate_1,candidate_3,3,0.0033333333333333335
2627,candidate_2,candidate_1,candidate_3,3,0.0033333333333333335
2628,candidate_2,candidate_1,candidate_3,3,0.0033333333333333335
2629,candidate_2,candidate_1,candidate_3,3,0.0033333333333333335
2630,candidate_2,candidate_1,candidate_3,3,0.0033333333333333335
2631,candidate_2,candidate_1,candidate_3,3,0.0033333333333333335
2632,candidate_2,candidate_1,candidate_3,3,0.0033333333333333335
2633,candidate_2,candidate_1,candidate_3,3,0.0033333333333333335
2634,candidate_2,candidate_1,candidate_3,3,0.0033333333333333335
2635,candidate_2,candidate_1,candidate_3,3,0.0033333333333333335
2636,candidate_2,candidate_1,candidate_3,3,0.0033333333333333335
2637,candidate_2,candidate_1,candidate_3,3,0.0033333333333333335
2638,candidate_2,candidate_1,candidate_3,3,0.0033333333333333335
2639,candidate_2,candidate_1,candidate_3,3,0.0033333333333333335
2640,candidate_2,candidate_1,candidate_3,3,0.0033333333333333335
2641,candidate_2,candidate_1,candidate_3,3,0.0033333333333333335
2642,candidate_2,candidate_1,candidate_3,3,0.0033333333333333335
2643,candidate_2,candidate_1,candidate_3,3,0.0033333333333333335
2644,candidate_2,candidate_1,candidate_3,3,0.0033333333333333335
2645,candidate_2,candidate_1,candidate_3,3,0.0033333333333333335
2646,candidate_2,candidate_1,candidate_3,3,0.0033333333333333335
2647,candidate_2,candidate_1,candidate_3,3,0.0033333333333333335
2648,candidate_2,candidate_1,candidate_3,3,0.0033333333333333335
2649,candidate_2,candidate_1,candidate_3,3,0.0033333333333333335
2650,candidate_2,candidate_1,candidate_3,3,0.0033333333333333335
2651,candidate_2,candidate_1,candidate_3,3,0.0033333333333333335
2652,candidate_2,candidate_1,candidate_3,3,0.0033333333333333335
2653,candidate_2,candidate_1,candidate_3,3,0.0033333333333333335
2654,candidate_2,candidate_1,candidate_3,3,0.0033333333333333335
2655,candidate_2,candidate_1,candidate_3,3,0.0033333333333333335
2656,candidate_2,candidate_1,candidate_3,3,0.0033333333333333335
2657,candidate_2,candidate_1,candidate_3,3,0.0033333333333333335
2658,candidate_2,candidate_1,candidate_3,3,0.0033333333333333335
2659,candidate_2,candidate_1,candidate_3,3,0.0033333333333333335
2660,candidate_2,candidate_1,candidate_3,3,0.0033333333333333335
2661,candidate_2,candidate_1,candidate_3,3,0.0033333333333333335
2662,candidate_2,candidate_1,candidate_3,3,0.0033333333333333335
2663,candidate_2,candidate_1,candidate_3,3,0.0033333333333333335
2664,candidate_2,candidate_1,candidate_3,3,0.0033333333333333335
2665,candidate_2,candidate_1,candidate_3,3,0.0033333333333333335
2666,candidate_2,candidate_1,candidate_3,3,0.0033333333333333335
2667,candidate_2,candidate_1,candidate_3,3,0.0033333333333333335
2668,candidate_2,candidate_1,candidate_3,3,0.0033333333333333335
2669,candidate_2,candidate_1,candidate_3,3,0.0033333333333333335
2670,candidate_2,candidate_1,candidate_3,3,0.0033333333333333335
2671,candidate_2,candidate_1,candidate_3,3,0.0033333333333333335
2672,candidate_2,candidate_1,candidate_3,3,0.0033333333333333335
2673,candidate_2,candidate_1,candidate_3,3,0.0033333333333333335
2674,candidate_2,candidate_1,candidate_3,3,0.0033333333333333335
2675,candidate_2,candidate_1,candidate_3,3,0.0033333333333333335
2676,candidate_2,candidate_1,candidate_3,3,0.0033333333333333335
2677,candidate_2,candidate_1,candidate_3,3,0.0033333333333333335
2678,candidate_2,candidate_1,candidate_3,3,0.0033333333333333335
2679,candidate_2,candidate_1,candidate_3,3,0.0033333333333333335
2680,candidate_2,candidate_1,candidate_3,3,0.0033333333333333335
2681,candidate_2,candidate_1,candidate_3,3,0.0033333333333333335
2682,candidate_2,candidate_1,candidate_3,3,0.0033333333333333335
2683,candidate_2,candidate_1,candidate_3,3,0.0033333333333333335
2684,candidate_2,candidate_1,candidate_3,3,0.0033333333333333335
2685,candidate_2,candidate_1,candidate_3,3,0.0033333333333333335
2686,candidate_2,candidate_1,candidate_3,3,0.0033333333333333335
2687,candidate_2,candidate_1,candidate_3,3,0.0033333333333333335
2688,candidate_2,candidate_1,candidate_3,3,0.0033333333333333335
2689,candidate_2,candidate_1,candidate_3,3,0.0033333333333333335
2690,candidate_2,candidate_1,candidate_3,3,0.0033333333333333335
2691,candidate_2,candidate_1,candidate_3,3,0.0033333333333333335
2692,candidate_2,candidate_1,candidate_3,3,0.0033333333333333335
2693,candidate_2,candidate_1,candidate_3,3,0.0033333333333333335
2694,candidate_2,candidate_1,candidate_3,3,0.0033333333333333335
2695,candidate_2,0,candidate_3,3,0.0033333333333333335
2696,candidate_2,candidate_1,candidate_3,3,0.0033333333333333335
2697,candidate_2,candidate_1,candidate_3,3,0.0033333333333333335
2698,candidate_2,candidate_1,candidate_3,3,0.0033333333333333335
2699,candidate_2,candidate_1,candidate_3,3,0.0033333333333333335
2700,candidate_2,candidate_1,candidate_3,3,0.0033333333333333335
2701,candidate_2,candidate_1,candidate_3,3,0.0033333333333333335
2702,candidate_2,candidate_1,candidate_3,3,0.0033333333333333335
2703,candidate_2,candidate_1,candidate_3,3,0.0033333333333333335
2704,candidate_2,candidate_1,candidate_3,3,0.0033333333333333335
2705,candidate_2,candidate_1,candidate_3,3,0.0033333333333333335
2706,candidate_2,candidate_1,candidate_3,3,0.0033333333333333335
2707,candidate_2,candidate_1,candidate_3,3,0.0033333333333333335
2708,candidate_2,candidate_1,candidate_3,3,0.0033333333333333335
2709,candidate_2,candidate_1,candidate_3,3,0.0033333333333333335
2710,candidate_2,candidate_1,candidate_3,3,0.0033333333333333335
2711,candidate_2,candidate_1,candidate_3,3,0.0033333333333333335
2712,candidate_2,candidate_1,candidate_3,3,0.0033333333333333335
2713,candidate_2,candidate_1,candidate_3,3,0.0033333333333333335
2714,candidate_2,candidate_1,candidate_3,3,0.0033333333333333335
2715,candidate_2,candidate_1,candidate_3,3,0.0033333333333333335
2716,candidate_2,candidate_1,candidate_3,3,0.0033333333333333335
2717,candidate_2,candidate_1,candidate_3,3,0.0033333333333333335
2718,candidate_2,candidate_1,candidate_3,3,0.0033333333333333335
2719,candidate_2,candidate_1,candidate_3,3,0.0033333333333333335
2720,candidate_2,candidate_1,candidate_3,3,0.0033333333333333335
2721,candidate_2,candidate_1,candidate_3,3,0.0033333333333333335
2722,candidate_2,candidate_1,candidate_3,3,0.0033333333333333335
2723,candidate_2,candidate_1,candidate_3,3,0.0033333333333333335
2724,candidate_2,candidate_1,candidate_3,3,0.0033333333333333335
2725,candidate_2,candidate_1,candidate_3,3,0.0033333333333333335
2726,candidate_2,candidate_1,candidate_3,3,0.0033333333333333335
2727,candidate_2,candidate_1,candidate_3,3,0.0033333333333333335
2728,candidate_2,candidate_1,candidate_3,3,0.0033333333333333335
2729,candidate_2,candidate_1,candidate_3,3,0.0033333333333333335
2730,candidate_2,candidate_1,candidate_3,3,0.0033333333333333335
2731,candidate_2,candidate_1,0,3,0.0033333333333333335
2732,candidate_2,candidate_1,candidate_3,3,0.0033333333333333335
2733,candidate_2,candidate_1,candidate_3,3,0.0033333333333333335
2734,candidate_2,candidate_1,candidate_3,3,0.0033333333333333335
2735,candidate_2,candidate_1,candidate_3,3,0.0033333333333333335
2736,candidate_2,candidate_1,candidate_3,3,0.0033333333333333335
2737,candidate_2,candidate_1,candidate_3,3,0.0033333333333333335
2738,candidate_2,candidate_1,candidate_3,3,0.0033333333333333335
2739,candidate_2,candidate_1,candidate_3,3,0.0033333333333333335
2740,candidate_2,candidate_1,candidate_3,3,0.0033333333333333335
2741,candidate_2,candidate_1,candidate_3,3,0.0033333333333333335
2742,candidate_2,candidate_1,candidate_3,3,0.0033333333333333335
2743,candidate_2,candidate_1,candidate_3,3,0.0033333333333333335
2744,candidate_2,candidate_1,candidate_3,3,0.0033333333333333335
2745,candidate_2,candidate_1,candidate_3,3,0.0033333333333333335
2746,candidate_2,candidate_1,candidate_3,3,0.0033333333333333335
2747,candidate_2,candidate_1,candidate_3,3,0.0033333333333333335
2748,candidate_2,candidate_1,candidate_3,3,0.0033333333333333335
2749,candidate_2,candidate_1,candidate_3,3,0.0033333333333333335
2750,candidate_2,candidate_1,candidate_3,3,0.0033333333333333335
2751,candidate_2,candidate_1,candidate_3,3,0.0033333333333333335
2752,candidate_2,candidate_1,candidate_3,3,0.0033333333333333335
2753,candidate_2,candidate_1,candidate_3,3,0.0033333333333333335
2754,candidate_2,candidate_1,candidate_3,3,0.0033333333333333335
2755,candidate_2,candidate_1,candidate_3,3,0.0033333333333333335
2756,candidate_2,candidate_1,candidate_3,3,0.0033333333333333335
2757,candidate_2,candidate_1,candidate_3,3,0.0033333333333333335
2758,candidate_2,candidate_1,candidate_3,3,0.0033333333333333335
2759,candidate_2,candidate_1,candidate_3,3,0.0033333333333333335
2760,candidate_2,candidate_1,candidate_3,3,0.0033333333333333335
2761,candidate_2,candidate_1,candidate_3,3,0.0033333333333333335
2762,candidate_2,candidate_1,candidate_3,3,0.0033333333333333335
2763,candidate_2,candidate_1,candidate_3,3,0.0033333333333333335
2764,candidate_2,candidate_1,candidate_3,3,0.0033333333333333335
2765,candidate_2,candidate_1,candidate_3,3,0.0033333333333333335
2766,candidate_2,candidate_1,candidate_3,3,0.0033333333333333335
2767,candidate_2,candidate_1,candidate_3,3,0.0033333333333333335
2768,candidate_2,candidate_1,candidate_3,3,0.0033333333333333335
2769,candidate_2,candidate_1,candidate_3,3,0.0033333333333333335
2770,candidate_2,candidate_1,candidate_3,3,0.0033333333333333335
2771,candidate_2,candidate_1,candidate_3,3,0.0033333333333333335
2772,candidate_2,candidate_1,candidate_3,3,0.0033333333333333335
2773,candidate_2,candidate_1,candidate_3,3,0.0033333333333333335
2774,candidate_2,candidate_1,candidate_3,3,0.0033333333333333335
2775,candidate_2,candidate_1,candidate_3,3,0.0033333333333333335
2776,candidate_2,candidate_1,candidate_3,3,0.0033333333333333335
2777,candidate_2,candidate_1,candidate_3,3,0.0033333333333333335
2778,candidate_2,candidate_1,candidate_3,3,0.0033333333333333335
2779,candidate_2,candidate_1,candidate_3,3,0.0033333333333333335
2780,candidate_2,candidate_1,candidate_3,3,0.0033333333333333335
2781,candidate_2,candidate_1,candidate_3,3,0.0033333333333333335
2782,candidate_2,candidate_1,candidate_3,3,0.0033333333333333335
2783,candidate_2,candidate_1,candidate_3,3,0.0033333333333333335
2784,candidate_2,candidate_1,candidate_3,3,0.0033333333333333335
2785,candidate_2,candidate_1,candidate_3,3,0.0033333333333333335
2786,candidate_2,candidate_1,candidate_3,3,0.0033333333333333335
2787,candidate_2,candidate_1,candidate_3,3,0.0033333333333333335
2788,candidate_2,candidate_1,candidate_3,3,0.0033333333333333335
2789,candidate_2,candidate_1,candidate_3,3,0.0033333333333333335
2790,candidate_2,candidate_1,candidate_3,3,0.0033333333333333335
2791,candidate_2,candidate_1,candidate_3,3,0.0033333333333333335
2792,candidate_2,candidate_1,candidate_3,3,0.0033333333333333335
2793,candidate_2,candidate_1,candidate_3,3,0.0033333333333333335
2794,candidate_2,candidate_1,candidate_3,3,0.0033333333333333335
2795,candidate_2,candidate_1,candidate_3,3,0.0033333333333333335
2796,candidate_2,candidate_1,candidate_3,3,0.0033333333333333335
2797,candidate_2,candidate_1,candidate_3,3,0.0033333333333333335
2798,candidate_2,candidate_1,candidate_3,3,0.0033333333333333335
2799,candidate_2,candidate_1,candidate_3,3,0.0033333333333333335
2800,candidate_2,candidate_1,candidate_3,3,0.0033333333333333335
2801,candidate_2,candidate_1,candidate_3,3,0.0033333333333333335
2802,candidate_2,candidate_1,candidate_3,3,0.0033333333333333335
2803,candidate_2,candidate_1,candidate_3,3,0.0033333333333333335
2804,candidate_2,candidate_1,candidate_3,3,0.0033333333333333335
2805,candidate_2,candidate_1,candidate_3,3,0.0033333333333333335
2806,candidate_2,candidate_1,candidate_3,3,0.0033333333333333335
2807,candidate_2,candidate_1,candidate_3,3,0.0033333333333333335
2808,candidate_2,candidate_1,candidate_3,3,0.0033333333333333335
2809,candidate_2,candidate_1,candidate_3,3,0.0033333333333333335
2810,candidate_2,candidate_1,candidate_3,3,0.0033333333333333335
2811,candidate_2,candidate_1,candidate_3,3,0.0033333333333333335
2812,candidate_2,candidate_1,candidate_3,3,0.0033333333333333335
2813,candidate_2,candidate_1,candidate_3,3,0.0033333333333333335
2814,candidate_2,candidate_1,candidate_3,3,0.0033333333333333335
2815,candidate_2,candidate_1,candidate_3,3,0.0033333333333333335
2816,candidate_2,candidate_1,candidate_3,3,0.0033333333333333335
2817,candidate_2,candidate_1,candidate_3,3,0.0033333333333333335
2818,candidate_2,candidate_1,candidate_3,3,0.0033333333333333335
2819,candidate_2,candidate_1,candidate_3,3,0.0033333333333333335
2820,candidate_2,candidate_1,candidate_3,3,0.0033333333333333335
2821,candidate_2,candidate_1,candidate_3,3,0.0033333333333333335
2822,candidate_2,candidate_1,candidate_3,3,0.0033333333333333335
2823,candidate_2,candidate_1,candidate_3,3,0.0033333333333333335
2824,candidate_2,candidate_1,candidate_3,3,0.0033333333333333335
2825,candidate_2,candidate_1,candidate_3,3,0.0033333333333333335
2826,candidate_2,candidate_1,candidate_3,3,0.0033333333333333335
2827,candidate_2,candidate_1,candidate_3,3,0.0033333333333333335
2828,candidate_2,candidate_1,candidate_3,3,0.0033333333333333335
2829,candidate_2,candidate_1,candidate_3,3,0.0033333333333333335
2830,candidate_2,candidate_1,candidate_3,3,0.0033333333333333335
2831,candidate_2,candidate_1,candidate_3,3,0.0033333333333333335
2832,candidate_2,candidate_1,candidate_3,3,0.0033333333333333335
2833,candidate_2,candidate_1,candidate_3,3,0.0033333333333333335
2834,candidate_2,candidate_1,candidate_3,3,0.0033333333333333335
2835,candidate_2,candidate_1,candidate_3,3,0.0033333333333333335
2836,candidate_2,candidate_1,candidate_3,3,0.0033333333333333335
2837,candidate_2,candidate_1,candidate_3,3,0.0033333333333333335
2838,candidate_2,candidate_1,candidate_3,3,0.0033333333333333335
2839,candidate_2,candidate_1,candidate_3,3,0.0033333333333333335
2840,candidate_2,candidate_1,candidate_3,3,0.0033333333333333335
2841,candidate_2,candidate_1,candidate_3,3,0.0033333333333333335
2842,candidate_2,candidate_1,candidate_3,3,0.0033333333333333335
2843,candidate_2,candidate_1,candidate_3,3,0.0033333333333333335
2844,candidate_2,candidate_1,candidate_3,3,0.0033333333333333335
2845,candidate_2,candidate_1,candidate_3,3,0.0033333333333333335
2846,candidate_2,candidate_1,candidate_3,3,0.0033333333333333335
2847,candidate_2,candidate_1,candidate_3,3,0.0033333333333333335
2848,candidate_2,candidate_1,candidate_3,3,0.0033333333333333335
2849,candidate_2,candidate_1,candidate_3,3,0.0033333333333333335
2850,candidate_2,candidate_1,candidate_3,3,0.0033333333333333335
2851,candidate_2,candidate_1,candidate_3,3,0.0033333333333333335
2852,candidate_2,candidate_1,candidate_3,3,0.0033333333333333335
2853,candidate_2,candidate_1,candidate_3,3,0.0033333333333333335
2854,candidate_2,candidate_1,candidate_3,3,0.0033333333333333335
2855,candidate_2,candidate_1,candidate_3,3,0.0033333333333333335
2856,candidate_2,candidate_1,candidate_3,3,0.0033333333333333335
2857,candidate_2,candidate_1,candidate_3,3,0.0033333333333333335
2858,candidate_2,candidate_1,candidate_3,3,0.0033333333333333335
2859,candidate_2,candidate_1,candidate_3,3,0.0033333333333333335
2860,candidate_2,candidate_1,candidate_3,3,0.0033333333333333335
2861,candidate_2,candidate_1,candidate_3,3,0.0033333333333333335
2862,candidate_2,candidate_1,candidate_3,3,0.0033333333333333335
2863,candidate_2,candidate_1,candidate_3,3,0.0033333333333333335
2864,candidate_2,candidate_1,candidate_3,3,0.0033333333333333335
2865,candidate_2,candidate_1,candidate_3,3,0.0033333333333333335
2866,candidate_2,candidate_1,candidate_3,3,0.0033333333333333335
2867,candidate_2,candidate_1,candidate_3,3,0.0033333333333333335
2868,candidate_2,candidate_1,candidate_3,3,0.0033333333333333335
2869,candidate_2,candidate_1,candidate_3,3,0.0033333333333333335
2870,candidate_2,candidate_1,candidate_3,3,0.0033333333333333335
2871,candidate_2,candidate_1,candidate_3,3,0.0033333333333333335
2872,candidate_2,candidate_1,candidate_3,3,0.0033333333333333335
2873,candidate_2,candidate_1,candidate_3,3,0.0033333333333333335
2874,candidate_2,candidate_1,candidate_3,3,0.0033333333333333335
2875,candidate_2,candidate_1,candidate_3,3,0.0033333333333333335
2876,candidate_2,candidate_1,candidate_3,3,0.0033333333333333335
2877,candidate_2,candidate_1,candidate_3,3,0.0033333333333333335
2878,candidate_2,candidate_1,candidate_3,3,0.0033333333333333335
2879,candidate_2,candidate_1,candidate_3,3,0.0033333333333333335
2880,candidate_2,candidate_1,candidate_3,3,0.0033333333333333335
2881,candidate_2,candidate_1,candidate_3,3,0.0033333333333333335
2882,candidate_2,candidate_1,candidate_3,3,0.0033333333333333335
2883,candidate_2,candidate_1,candidate_3,3,0.0033333333333333335
2884,candidate_2,candidate_1,candidate_3,3,0.0033333333333333335
2885,candidate_2,candidate_1,candidate_3,3,0.0033333333333333335
2886,candidate_2,candidate_1,candidate_3,3,0.0033333333333333335
2887,candidate_2,candidate_1,candidate_3,3,0.0033333333333333335
2888,candidate_2,candidate_1,candidate_3,3,0.0033333333333333335
2889,candidate_2,candidate_1,candidate_3,3,0.0033333333333333335
2890,candidate_2,candidate_1,candidate_3,3,0.0033333333333333335
2891,candidate_2,candidate_1,candidate_3,3,0.0033333333333333335
2892,candidate_2,candidate_1,candidate_3,3,0.0033333333333333335
2893,candidate_2,candidate_1,candidate_3,3,0.0033333333333333335
2894,candidate_2,candidate_1,candidate_3,3,0.0033333333333333335
2895,candidate_2,candidate_1,candidate_3,3,0.0033333333333333335
2896,candidate_2,candidate_1,candidate_3,3,0.0033333333333333335
2897,candidate_2,candidate_1,candidate_3,3,0.0033333333333333335
2898,candidate_2,candidate_1,candidate_3,3,0.0033333333333333335
2899,candidate_2,candidate_1,candidate_3,3,0.0033333333333333335
2900,candidate_2,candidate_1,candidate_3,3,0.0033333333333333335
2901,candidate_2,candidate_1,candidate_3,3,0.0033333333333333335
2902,candidate_2,candidate_1,candidate_3,3,0.0033333333333333335
2903,candidate_2,candidate_1,candidate_3,3,0.0033333333333333335
2904,candidate_2,candidate_1,candidate_3,3,0.0033333333333333335
2905,candidate_2,candidate_1,candidate_3,3,0.0033333333333333335
2906,candidate_2,candidate_1,candidate_3,3,0.0033333333333333335
2907,candidate_2,candidate_1,0,3,0.0033333333333333335
2908,candidate_2,candidate_1,candidate_3,3,0.0033333333333333335
2909,candidate_2,candidate_1,candidate_3,3,0.0033333333333333335
2910,candidate_2,candidate_1,candidate_3,3,0.0033333333333333335
2911,candidate_2,candidate_1,candidate_3,3,0.0033333333333333335
2912,candidate_2,candidate_1,candidate_3,3,0.0033333333333333335
2913,candidate_2,candidate_1,candidate_3,3,0.0033333333333333335
2914,candidate_2,candidate_1,candidate_3,3,0.0033333333333333335
2915,candidate_2,candidate_1,candidate_3,3,0.0033333333333333335
2916,candidate_2,candidate_1,candidate_3,3,0.0033333333333333335
2917,candidate_2,candidate_1,candidate_3,3,0.0033333333333333335
2918,candidate_2,candidate_1,candidate_3,3,0.0033333333333333335
2919,candidate_2,candidate_1,candidate_3,3,0.0033333333333333335
2920,candidate_2,candidate_1,candidate_3,3,0.0033333333333333335
2921,candidate_2,candidate_1,candidate_3,3,0.0033333333333333335
2922,candidate_2,candidate_1,candidate_3,3,0.0033333333333333335
2923,candidate_2,candidate_1,candidate_3,3,0.0033333333333333335
2924,candidate_2,candidate_1,candidate_3,3,0.0033333333333333335
2925,candidate_2,candidate_1,candidate_3,3,0.0033333333333333335
2926,candidate_2,candidate_1,candidate_3,3,0.0033333333333333335
2927,candidate_2,candidate_1,candidate_3,3,0.0033333333333333335
2928,candidate_2,candidate_1,candidate_3,3,0.0033333333333333335
2929,candidate_2,candidate_1,candidate_3,3,0.0033333333333333335
2930,candidate_2,candidate_1,candidate_3,3,0.0033333333333333335
2931,candidate_2,candidate_1,candidate_3,3,0.0033333333333333335
2932,candidate_2,candidate_1,candidate_3,3,0.0033333333333333335
2933,candidate_2,candidate_1,candidate_3,3,0.0033333333333333335
2934,candidate_2,candidate_1,candidate_3,3,0.0033333333333333335
2935,candidate_2,candidate_1,candidate_3,3,0.0033333333333333335
2936,candidate_2,candidate_1,candidate_3,3,0.0033333333333333335
2937,candidate_2,candidate_1,candidate_3,3,0.0033333333333333335
2938,candidate_2,candidate_1,candidate_3,3,0.0033333333333333335
2939,candidate_2,candidate_1,candidate_3,3,0.0033333333333333335
2940,candidate_2,candidate_1,candidate_3,3,0.0033333333333333335
2941,candidate_2,candidate_1,candidate_3,3,0.0033333333333333335
2942,candidate_2,candidate_1,candidate_3,3,0.0033333333333333335
2943,candidate_2,candidate_1,candidate_3,3,0.0033333333333333335
2944,candidate_2,candidate_1,candidate_3,3,0.0033333333333333335
2945,candidate_2,candidate_1,candidate_3,3,0.0033333333333333335
2946,candidate_2,candidate_1,candidate_3,3,0.0033333333333333335
2947,candidate_2,candidate_1,candidate_3,3,0.0033333333333333335
2948,candidate_2,candidate_1,candidate_3,3,0.0033333333333333335
2949,candidate_2,candidate_1,candidate_3,3,0.0033333333333333335
2950,candidate_2,candidate_1,candidate_3,3,0.0033333333333333335
2951,candidate_2,candidate_1,candidate_3,3,0.0033333333333333335
2952,candidate_2,candidate_1,candidate_3,3,0.0033333333333333335
2953,candidate_2,candidate_1,candidate_3,3,0.0033333333333333335
2954,candidate_2,candidate_1,candidate_3,3,0.0033333333333333335
2955,candidate_2,candidate_1,candidate_3,3,0.0033333333333333335
2956,candidate_2,candidate_1,candidate_3,3,0.0033333333333333335
2957,candidate_2,candidate_1,candidate_3,3,0.0033333333333333335
2958,candidate_2,candidate_1,candidate_3,3,0.0033333333333333335
2959,candidate_2,candidate_1,candidate_3,3,0.0033333333333333335
2960,candidate_2,candidate_1,candidate_3,3,0.0033333333333333335
2961,candidate_2,candidate_1,candidate_3,3,0.0033333333333333335
2962,candidate_2,candidate_1,candidate_3,3,0.0033333333333333335
2963,candidate_2,candidate_1,candidate_3,3,0.0033333333333333335
2964,candidate_2,candidate_1,candidate_3,3,0.0033333333333333335
2965,candidate_2,candidate_1,candidate_3,3,0.0033333333333333335
2966,candidate_2,candidate_1,candidate_3,3,0.0033333333333333335
2967,candidate_2,candidate_1,candidate_3,3,0.0033333333333333335
2968,candidate_2,candidate_1,candidate_3,3,0.0033333333333333335
2969,candidate_2,candidate_1,candidate_3,3,0.0033333333333333335
2970,candidate_2,candidate_1,candidate_3,3,0.0033333333333333335
2971,candidate_2,candidate_1,candidate_3,3,0.0033333333333333335
2972,candidate_2,candidate_1,candidate_3,3,0.0033333333333333335
2973,candidate_2,candidate_1,candidate_3,3,0.0033333333333333335
2974,candidate_2,candidate_1,candidate_3,3,0.0033333333333333335
2975,candidate_2,candidate_1,candidate_3,3,0.0033333333333333335
2976,candidate_2,candidate_1,candidate_3,3,0.0033333333333333335
2977,candidate_2,candidate_1,candidate_3,3,0.0033333333333333335
2978,candidate_2,candidate_1,candidate_3,3,0.0033333333333333335
2979,candidate_2,candidate_1,candidate_3,3,0.0033333333333333335
2980,candidate_2,candidate_1,candidate_3,3,0.0033333333333333335
2981,candidate_2,candidate_1,candidate_3,3,0.0033333333333333335
2982,candidate_2,candidate_1,candidate_3,3,0.0033333333333333335
2983,candidate_2,candidate_1,candidate_3,3,0.0033333333333333335
2984,candidate_2,candidate_1,candidate_3,3,0.0033333333333333335
2985,candidate_2,candidate_1,candidate_3,3,0.0033333333333333335
2986,candidate_2,candidate_1,candidate_3,3,0.0033333333333333335
2987,candidate_2,candidate_1,candidate_3,3,0.0033333333333333335
2988,candidate_2,candidate_1,candidate_3,3,0.0033333333333333335
2989,candidate_2,candidate_1,candidate_3,3,0.0033333333333333335
2990,candidate_2,candidate_1,candidate_3,3,0.0033333333333333335
2991,candidate_2,candidate_1,candidate_3,3,0.0033333333333333335
2992,candidate_2,candidate_1,candidate_3,3,0.0033333333333333335
2993,candidate_2,candidate_1,candidate_3,3,0.0033333333333333335
2994,candidate_2,candidate_1,candidate_3,3,0.0033333333333333335
2995,candidate_2,candidate_1,candidate_3,3,0.0033333333333333335
2996,candidate_2,candidate_1,candidate_3,3,0.0033333333333333335
2997,candidate_2,candidate_1,candidate_3,3,0.0033333333333333335
2998,candidate_2,candidate_1,candidate_3,3,0.0033333333333333335
2999,candidate_2,candidate_1,candidate_3,3,0.0033333333333333335
3000,candidate_2,candidate_1,candidate_3,3,0.0033333333333333335
3001,candidate_2,candidate_1,candidate_3,3,0.0033333333333333335
3002,candidate_2,candidate_1,candidate_3,3,0.0033333333333333335
3003,candidate_2,candidate_1,candidate_3,3,0.0033333333333333335
3004,candidate_2,candidate_1,candidate_3,3,0.0033333333333333335
3005,candidate_2,candidate_1,candidate_3,3,0.0033333333333333335
3006,0,candidate_1,candidate_3,3,0.0033333333333333335
3007,candidate_2,candidate_1,candidate_3,3,0.0033333333333333335
3008,candidate_2,candidate_1,candidate_3,3,0.0033333333333333335
3009,candidate_2,candidate_1,candidate_3,3,0.0033333333333333335
3010,candidate_2,candidate_1,candidate_3,3,0.0033333333333333335
3011,candidate_2,candidate_1,candidate_3,3,0.0033333333333333335
3012,candidate_2,candidate_1,candidate_3,3,0.0033333333333333335
3013,candidate_2,candidate_1,candidate_3,3,0.0033333333333333335
3014,candidate_2,candidate_1,candidate_3,3,0.0033333333333333335
3015,candidate_2,candidate_1,candidate_3,3,0.0033333333333333335
3016,candidate_2,candidate_1,candidate_3,3,0.0033333333333333335
3017,candidate_2,candidate_1,candidate_3,3,0.0033333333333333335
3018,candidate_2,candidate_1,candidate_3,3,0.0033333333333333335
3019,candidate_2,candidate_1,candidate_3,3,0.0033333333333333335
3020,candidate_2,candidate_1,candidate_3,3,0.0033333333333333335
3021,candidate_2,candidate_1,candidate_3,3,0.0033333333333333335
3022,candidate_2,candidate_1,candidate_3,3,0.0033333333333333335
3023,candidate_2,candidate_1,candidate_3,3,0.0033333333333333335
3024,candidate_2,candidate_1,candidate_3,3,0.0033333333333333335
3025,candidate_2,candidate_1,candidate_3,3,0.0033333333333333335
3026,candidate_2,candidate_1,candidate_3,3,0.0033333333333333335
3027,candidate_2,candidate_1,candidate_3,3,0.0033333333333333335
3028,candidate_2,candidate_1,candidate_3,3,0.0033333333333333335
3029,candidate_2,candidate_1,candidate_3,3,0.0033333333333333335
3030,candidate_2,candidate_1,candidate_3,3,0.0033333333333333335
3031,candidate_2,candidate_1,candidate_3,3,0.0033333333333333335
3032,candidate_2,candidate_1,candidate_3,3,0.0033333333333333335
3033,candidate_2,candidate_1,candidate_3,3,0.0033333333333333335
3034,candidate_2,candidate_1,candidate_3,3,0.0033333333333333335
3035,candidate_2,candidate_1,candidate_3,3,0.0033333333333333335
3036,candidate_2,candidate_1,candidate_3,3,0.0033333333333333335
3037,candidate_2,candidate_1,candidate_3,3,0.0033333333333333335
3038,candidate_2,candidate_1,candidate_3,3,0.0033333333333333335
3039,candidate_2,candidate_1,candidate_3,3,0.0033333333333333335
3040,candidate_2,candidate_1,candidate_3,3,0.0033333333333333335
3041,candidate_2,candidate_1,candidate_3,3,0.0033333333333333335
3042,candidate_2,candidate_1,candidate_3,3,0.0033333333333333335
3043,candidate_2,candidate_1,candidate_3,3,0.0033333333333333335
3044,candidate_2,candidate_1,candidate_3,3,0.0033333333333333335
3045,candidate_2,candidate_1,candidate_3,3,0.0033333333333333335
3046,candidate_2,candidate_1,candidate_3,3,0.0033333333333333335
3047,candidate_2,candidate_1,candidate_3,3,0.0033333333333333335
3048,candidate_2,candidate_1,candidate_3,3,0.0033333333333333335
3049,candidate_2,candidate_1,candidate_3,3,0.0033333333333333335
3050,candidate_2,candidate_1,candidate_3,3,0.0033333333333333335
3051,candidate_2,candidate_1,candidate_3,3,0.0033333333333333335
3052,candidate_2,0,candidate_3,3,0.0033333333333333335
3053,candidate_2,candidate_1,candidate_3,3,0.0033333333333333335
3054,candidate_2,0,candidate_3,3,0.0033333333333333335
3055,candidate_2,candidate_1,candidate_3,3,0.0033333333333333335
3056,candidate_2,candidate_1,candidate_3,3,0.0033333333333333335
3057,candidate_2,candidate_1,candidate_3,3,0.0033333333333333335
3058,candidate_2,candidate_1,candidate_3,3,0.0033333333333333335
3059,candidate_2,candidate_1,candidate_3,3,0.0033333333333333335
3060,candidate_2,candidate_1,candidate_3,3,0.0033333333333333335
3061,candidate_2,candidate_1,candidate_3,3,0.0033333333333333335
3062,candidate_2,candidate_1,candidate_3,3,0.0033333333333333335
3063,candidate_2,candidate_1,candidate_3,3,0.0033333333333333335
3064,candidate_2,candidate_1,candidate_3,3,0.0033333333333333335
3065,candidate_2,candidate_1,candidate_3,3,0.0033333333333333335
3066,candidate_2,candidate_1,candidate_3,3,0.0033333333333333335
3067,candidate_2,candidate_1,candidate_3,3,0.0033333333333333335
3068,candidate_2,candidate_1,candidate_3,3,0.0033333333333333335
3069,candidate_2,candidate_1,candidate_3,3,0.0033333333333333335
3070,candidate_2,candidate_1,candidate_3,3,0.0033333333333333335
3071,0,candidate_1,candidate_3,3,0.0033333333333333335
3072,candidate_2,candidate_1,candidate_3,3,0.0033333333333333335
3073,candidate_2,candidate_1,candidate_3,3,0.0033333333333333335
3074,candidate_2,candidate_1,candidate_3,3,0.0033333333333333335
3075,candidate_2,candidate_1,candidate_3,3,0.0033333333333333335
3076,candidate_2,candidate_1,candidate_3,3,0.0033333333333333335
3077,candidate_2,candidate_1,candidate_3,3,0.0033333333333333335
3078,candidate_2,candidate_1,candidate_3,3,0.0033333333333333335
3079,candidate_2,candidate_1,candidate_3,3,0.0033333333333333335
3080,candidate_2,candidate_1,candidate_3,3,0.0033333333333333335
3081,candidate_2,candidate_1,candidate_3,3,0.0033333333333333335
3082,candidate_2,candidate_1,candidate_3,3,0.0033333333333333335
3083,candidate_2,candidate_1,candidate_3,3,0.0033333333333333335
3084,candidate_2,candidate_1,candidate_3,3,0.0033333333333333335
3085,candidate_2,candidate_1,candidate_3,3,0.0033333333333333335
3086,candidate_2,candidate_1,candidate_3,3,0.0033333333333333335
3087,candidate_2,candidate_1,candidate_3,3,0.0033333333333333335
3088,candidate_2,candidate_1,candidate_3,3,0.0033333333333333335
3089,candidate_2,candidate_1,candidate_3,3,0.0033333333333333335
3090,candidate_2,candidate_1,candidate_3,3,0.0033333333333333335
3091,candidate_2,candidate_1,candidate_3,3,0.0033333333333333335
3092,candidate_2,candidate_1,candidate_3,3,0.0033333333333333335
3093,candidate_2,candidate_1,candidate_3,3,0.0033333333333333335
3094,candidate_2,candidate_1,candidate_3,3,0.0033333333333333335
3095,candidate_2,candidate_1,candidate_3,3,0.0033333333333333335
3096,candidate_2,candidate_1,candidate_3,3,0.0033333333333333335
3097,candidate_2,candidate_1,candidate_3,3,0.0033333333333333335
3098,candidate_2,candidate_1,candidate_3,3,0.0033333333333333335
3099,candidate_2,candidate_1,candidate_3,3,0.0033333333333333335
3100,candidate_2,candidate_1,candidate_3,3,0.0033333333333333335
3101,candidate_2,candidate_1,candidate_3,3,0.0033333333333333335
3102,candidate_2,candidate_1,candidate_3,3,0.0033333333333333335
3103,candidate_2,candidate_1,candidate_3,3,0.0033333333333333335
3104,candidate_2,candidate_1,candidate_3,3,0.0033333333333333335
3105,candidate_2,candidate_1,candidate_3,3,0.0033333333333333335
3106,candidate_2,candidate_1,candidate_3,3,0.0033333333333333335
3107,candidate_2,candidate_1,candidate_3,3,0.0033333333333333335
3108,candidate_2,candidate_1,candidate_3,3,0.0033333333333333335
3109,candidate_2,candidate_1,candidate_3,3,0.0033333333333333335
3110,candidate_2,candidate_1,candidate_3,3,0.0033333333333333335
3111,candidate_2,candidate_1,candidate_3,3,0.0033333333333333335
3112,candidate_2,candidate_1,candidate_3,3,0.0033333333333333335
3113,candidate_2,candidate_1,candidate_3,3,0.0033333333333333335
3114,candidate_2,candidate_1,candidate_3,3,0.0033333333333333335
3115,candidate_2,candidate_1,candidate_3,3,0.0033333333333333335
3116,candidate_2,candidate_1,candidate_3,3,0.0033333333333333335
3117,candidate_2,candidate_1,candidate_3,3,0.0033333333333333335
3118,candidate_2,candidate_1,candidate_3,3,0.0033333333333333335
3119,candidate_2,candidate_1,candidate_3,3,0.0033333333333333335
3120,candidate_2,candidate_1,candidate_3,3,0.0033333333333333335
3121,candidate_2,candidate_1,candidate_3,3,0.0033333333333333335
3122,candidate_2,candidate_1,candidate_3,3,0.0033333333333333335
3123,candidate_2,candidate_1,candidate_3,3,0.0033333333333333335
3124,candidate_2,candidate_1,candidate_3,3,0.0033333333333333335
3125,candidate_2,candidate_1,candidate_3,3,0.0033333333333333335
3126,candidate_2,candidate_1,candidate_3,3,0.0033333333333333335
3127,candidate_2,candidate_1,candidate_3,3,0.0033333333333333335
3128,candidate_2,candidate_1,candidate_3,3,0.0033333333333333335
3129,candidate_2,candidate_1,candidate_3,3,0.0033333333333333335
3130,candidate_2,candidate_1,candidate_3,3,0.0033333333333333335
3131,candidate_2,candidate_1,candidate_3,3,0.0033333333333333335
3132,candidate_2,candidate_1,candidate_3,3,0.0033333333333333335
3133,candidate_2,candidate_1,candidate_3,3,0.0033333333333333335
3134,candidate_2,candidate_1,candidate_3,3,0.0033333333333333335
3135,candidate_2,candidate_1,candidate_3,3,0.0033333333333333335
3136,candidate_2,candidate_1,candidate_3,3,0.0033333333333333335
3137,candidate_2,candidate_1,candidate_3,3,0.0033333333333333335
3138,candidate_2,candidate_1,candidate_3,3,0.0033333333333333335
3139,candidate_2,candidate_1,candidate_3,3,0.0033333333333333335
3140,candidate_2,candidate_1,candidate_3,3,0.0033333333333333335
3141,candidate_2,candidate_1,candidate_3,3,0.0033333333333333335
3142,candidate_2,candidate_1,candidate_3,3,0.0033333333333333335
3143,candidate_2,candidate_1,candidate_3,3,0.0033333333333333335
3144,candidate_2,candidate_1,candidate_3,3,0.0033333333333333335
3145,candidate_2,candidate_1,candidate_3,3,0.0033333333333333335
3146,candidate_2,candidate_1,candidate_3,3,0.0033333333333333335
3147,candidate_2,candidate_1,candidate_3,3,0.0033333333333333335
3148,candidate_2,candidate_1,candidate_3,3,0.0033333333333333335
3149,candidate_2,candidate_1,candidate_3,3,0.0033333333333333335
3150,candidate_2,candidate_1,candidate_3,3,0.0033333333333333335
3151,candidate_2,candidate_1,candidate_3,3,0.0033333333333333335
3152,candidate_2,candidate_1,candidate_3,3,0.0033333333333333335
3153,candidate_2,candidate_1,candidate_3,3,0.0033333333333333335
3154,candidate_2,candidate_1,candidate_3,3,0.0033333333333333335
3155,candidate_2,candidate_1,candidate_3,3,0.0033333333333333335
3156,candidate_2,candidate_1,candidate_3,3,0.0033333333333333335
3157,candidate_2,candidate_1,candidate_3,3,0.0033333333333333335
3158,candidate_2,candidate_1,candidate_3,3,0.0033333333333333335
3159,candidate_2,candidate_1,candidate_3,3,0.0033333333333333335
3160,candidate_2,candidate_1,candidate_3,3,0.0033333333333333335
3161,candidate_2,candidate_1,candidate_3,3,0.0033333333333333335
3162,candidate_2,candidate_1,candidate_3,3,0.0033333333333333335
3163,candidate_2,candidate_1,candidate_3,3,0.0033333333333333335
3164,candidate_2,0,candidate_3,3,0.0033333333333333335
3165,candidate_2,candidate_1,candidate_3,3,0.0033333333333333335
3166,candidate_2,candidate_1,candidate_3,3,0.0033333333333333335
3167,candidate_2,candidate_1,candidate_3,3,0.0033333333333333335
3168,candidate_2,candidate_1,candidate_3,3,0.0033333333333333335
3169,candidate_2,candidate_1,candidate_3,3,0.0033333333333333335
3170,candidate_2,candidate_1,candidate_3,3,0.0033333333333333335
3171,candidate_2,candidate_1,candidate_3,3,0.0033333333333333335
3172,candidate_2,candidate_1,candidate_3,3,0.0033333333333333335
3173,candidate_2,candidate_1,candidate_3,3,0.0033333333333333335
3174,candidate_2,candidate_1,candidate_3,3,0.0033333333333333335
3175,candidate_2,candidate_1,candidate_3,3,0.0033333333333333335
3176,candidate_2,candidate_1,candidate_3,3,0.0033333333333333335
3177,candidate_2,candidate_1,candidate_3,3,0.0033333333333333335
3178,candidate_2,candidate_1,candidate_3,3,0.0033333333333333335
3179,candidate_2,candidate_1,candidate_3,3,0.0033333333333333335
3180,candidate_2,candidate_1,candidate_3,3,0.0033333333333333335
3181,candidate_2,candidate_1,candidate_3,3,0.0033333333333333335
3182,candidate_2,candidate_1,candidate_3,3,0.0033333333333333335
3183,candidate_2,candidate_1,candidate_3,3,0.0033333333333333335
3184,candidate_2,candidate_1,candidate_3,3,0.0033333333333333335
3185,candidate_2,candidate_1,candidate_3,3,0.0033333333333333335
3186,candidate_2,candidate_1,candidate_3,3,0.0033333333333333335
3187,candidate_2,candidate_1,candidate_3,3,0.0033333333333333335
3188,candidate_2,candidate_1,candidate_3,3,0.0033333333333333335
3189,candidate_2,candidate_1,candidate_3,3,0.0033333333333333335
3190,candidate_2,candidate_1,candidate_3,3,0.0033333333333333335
3191,candidate_2,candidate_1,candidate_3,3,0.0033333333333333335
3192,candidate_2,candidate_1,candidate_3,3,0.0033333333333333335
3193,candidate_2,candidate_1,candidate_3,3,0.0033333333333333335
3194,candidate_2,candidate_1,candidate_3,3,0.0033333333333333335
3195,candidate_2,candidate_1,candidate_3,3,0.0033333333333333335
3196,candidate_2,candidate_1,candidate_3,3,0.0033333333333333335
3197,candidate_2,candidate_1,candidate_3,3,0.0033333333333333335
3198,candidate_2,candidate_1,candidate_3,3,0.0033333333333333335
3199,candidate_2,candidate_1,candidate_3,3,0.0033333333333333335
3200,candidate_2,candidate_1,candidate_3,3,0.0033333333333333335
3201,candidate_2,candidate_1,candidate_3,3,0.0033333333333333335
3202,candidate_2,candidate_1,candidate_3,3,0.0033333333333333335
3203,candidate_2,0,candidate_3,3,0.0033333333333333335
3204,candidate_2,candidate_1,candidate_3,3,0.0033333333333333335
3205,candidate_2,candidate_1,candidate_3,3,0.0033333333333333335
3206,candidate_2,candidate_1,candidate_3,3,0.0033333333333333335
3207,candidate_2,candidate_1,candidate_3,3,0.0033333333333333335
3208,candidate_2,candidate_1,candidate_3,3,0.0033333333333333335
3209,candidate_2,candidate_1,candidate_3,3,0.0033333333333333335
3210,candidate_2,candidate_1,candidate_3,3,0.0033333333333333335
3211,candidate_2,candidate_1,candidate_3,3,0.0033333333333333335
3212,candidate_2,candidate_1,candidate_3,3,0.0033333333333333335
3213,candidate_2,candidate_1,candidate_3,3,0.0033333333333333335
3214,candidate_2,candidate_1,candidate_3,3,0.0033333333333333335
3215,candidate_2,candidate_1,candidate_3,3,0.0033333333333333335
3216,candidate_2,candidate_1,candidate_3,3,0.0033333333333333335
3217,candidate_2,candidate_1,candidate_3,3,0.0033333333333333335
3218,candidate_2,candidate_1,candidate_3,3,0.0033333333333333335
3219,candidate_2,candidate_1,candidate_3,3,0.0033333333333333335
3220,candidate_2,candidate_1,candidate_3,3,0.0033333333333333335
3221,candidate_2,candidate_1,candidate_3,3,0.0033333333333333335
3222,candidate_2,candidate_1,candidate_3,3,0.0033333333333333335
3223,candidate_2,candidate_1,candidate_3,3,0.0033333333333333335
3224,candidate_2,candidate_1,candidate_3,3,0.0033333333333333335
3225,candidate_2,candidate_1,candidate_3,3,0.0033333333333333335
3226,candidate_2,candidate_1,candidate_3,3,0.0033333333333333335
3227,candidate_2,candidate_1,candidate_3,3,0.0033333333333333335
3228,candidate_2,0,candidate_3,3,0.0033333333333333335
3229,candidate_2,candidate_1,candidate_3,3,0.0033333333333333335
3230,candidate_2,candidate_1,candidate_3,3,0.0033333333333333335
3231,candidate_2,candidate_1,candidate_3,3,0.0033333333333333335
3232,candidate_2,candidate_1,candidate_3,3,0.0033333333333333335
3233,candidate_2,candidate_1,candidate_3,3,0.0033333333333333335
3234,candidate_2,candidate_1,candidate_3,3,0.0033333333333333335
3235,candidate_2,candidate_1,candidate_3,3,0.0033333333333333335
3236,candidate_2,candidate_1,candidate_3,3,0.0033333333333333335
3237,candidate_2,candidate_1,candidate_3,3,0.0033333333333333335
3238,candidate_2,candidate_1,candidate_3,3,0.0033333333333333335
3239,candidate_2,candidate_1,candidate_3,3,0.0033333333333333335
3240,candidate_2,candidate_1,candidate_3,3,0.0033333333333333335
3241,candidate_2,candidate_1,candidate_3,3,0.0033333333333333335
3242,candidate_2,candidate_1,candidate_3,3,0.0033333333333333335
3243,candidate_2,candidate_1,candidate_3,3,0.0033333333333333335
3244,candidate_2,candidate_1,candidate_3,3,0.0033333333333333335
3245,candidate_2,candidate_1,candidate_3,3,0.0033333333333333335
3246,candidate_2,candidate_1,candidate_3,3,0.0033333333333333335
3247,candidate_2,candidate_1,candidate_3,3,0.0033333333333333335
3248,candidate_2,candidate_1,candidate_3,3,0.0033333333333333335
3249,candidate_2,candidate_1,candidate_3,3,0.0033333333333333335
3250,candidate_2,candidate_1,candidate_3,3,0.0033333333333333335
3251,candidate_2,candidate_1,candidate_3,3,0.0033333333333333335
3252,candidate_2,candidate_1,candidate_3,3,0.0033333333333333335
3253,candidate_2,candidate_1,candidate_3,3,0.0033333333333333335
3254,candidate_2,candidate_1,candidate_3,3,0.0033333333333333335
3255,candidate_2,candidate_1,candidate_3,3,0.0033333333333333335
3256,candidate_2,candidate_1,candidate_3,3,0.0033333333333333335
3257,candidate_2,candidate_1,candidate_3,3,0.0033333333333333335
3258,candidate_2,candidate_1,candidate_3,3,0.0033333333333333335
3259,candidate_2,candidate_1,candidate_3,3,0.0033333333333333335
3260,candidate_2,candidate_1,candidate_3,3,0.0033333333333333335
3261,candidate_2,candidate_1,candidate_3,3,0.0033333333333333335
3262,candidate_2,candidate_1,candidate_3,3,0.0033333333333333335
3263,candidate_2,candidate_1,candidate_3,3,0.0033333333333333335
3264,candidate_2,candidate_1,candidate_3,3,0.0033333333333333335
3265,candidate_2,candidate_1,candidate_3,3,0.0033333333333333335
3266,candidate_2,candidate_1,candidate_3,3,0.0033333333333333335
3267,candidate_2,candidate_1,candidate_3,3,0.0033333333333333335
3268,candidate_2,0,candidate_3,3,0.0033333333333333335
3269,candidate_2,candidate_1,candidate_3,3,0.0033333333333333335
3270,candidate_2,candidate_1,candidate_3,3,0.0033333333333333335
3271,candidate_2,candidate_1,candidate_3,3,0.0033333333333333335
3272,candidate_2,candidate_1,candidate_3,3,0.0033333333333333335
3273,candidate_2,candidate_1,candidate_3,3,0.0033333333333333335
3274,candidate_2,candidate_1,candidate_3,3,0.0033333333333333335
3275,candidate_2,candidate_1,candidate_3,3,0.0033333333333333335
3276,candidate_2,candidate_1,candidate_3,3,0.0033333333333333335
3277,candidate_2,candidate_1,candidate_3,3,0.0033333333333333335
3278,0,candidate_1,candidate_3,3,0.0033333333333333335
3279,candidate_2,candidate_1,candidate_3,3,0.0033333333333333335
3280,candidate_2,candidate_1,candidate_3,3,0.0033333333333333335
3281,candidate_2,candidate_1,candidate_3,3,0.0033333333333333335
3282,candidate_2,candidate_1,candidate_3,3,0.0033333333333333335
3283,candidate_2,candidate_1,candidate_3,3,0.0033333333333333335
3284,candidate_2,candidate_1,candidate_3,3,0.0033333333333333335
3285,candidate_2,candidate_1,candidate_3,3,0.0033333333333333335
3286,candidate_2,candidate_1,candidate_3,3,0.0033333333333333335
3287,candidate_2,candidate_1,candidate_3,3,0.0033333333333333335
3288,candidate_2,candidate_1,candidate_3,3,0.0033333333333333335
3289,candidate_2,candidate_1,candidate_3,3,0.0033333333333333335
3290,candidate_2,candidate_1,candidate_3,3,0.0033333333333333335
3291,candidate_2,candidate_1,candidate_3,3,0.0033333333333333335
3292,candidate_2,candidate_1,candidate_3,3,0.0033333333333333335
3293,candidate_2,candidate_1,candidate_3,3,0.0033333333333333335
3294,candidate_2,candidate_1,candidate_3,3,0.0033333333333333335
3295,candidate_2,candidate_1,candidate_3,3,0.0033333333333333335
3296,candidate_2,candidate_1,candidate_3,3,0.0033333333333333335
3297,candidate_2,candidate_1,candidate_3,3,0.0033333333333333335
3298,candidate_2,candidate_1,candidate_3,3,0.0033333333333333335
3299,candidate_2,candidate_1,candidate_3,3,0.0033333333333333335
3300,candidate_2,candidate_1,candidate_3,3,0.0033333333333333335
3301,candidate_2,candidate_1,candidate_3,3,0.0033333333333333335
3302,candidate_2,candidate_1,candidate_3,3,0.0033333333333333335
3303,candidate_2,candidate_1,candidate_3,3,0.0033333333333333335
3304,candidate_2,candidate_1,candidate_3,3,0.0033333333333333335
3305,candidate_2,candidate_1,candidate_3,3,0.0033333333333333335
3306,candidate_2,candidate_1,candidate_3,3,0.0033333333333333335
3307,candidate_2,candidate_1,candidate_3,3,0.0033333333333333335
3308,candidate_2,candidate_1,candidate_3,3,0.0033333333333333335
3309,candidate_2,candidate_1,candidate_3,3,0.0033333333333333335
3310,candidate_2,candidate_1,candidate_3,3,0.0033333333333333335
3311,candidate_2,candidate_1,candidate_3,3,0.0033333333333333335
3312,candidate_2,candidate_1,candidate_3,3,0.0033333333333333335
3313,candidate_2,candidate_1,candidate_3,3,0.0033333333333333335
3314,candidate_2,candidate_1,candidate_3,3,0.0033333333333333335
3315,candidate_2,candidate_1,candidate_3,3,0.0033333333333333335
3316,candidate_2,candidate_1,candidate_3,3,0.0033333333333333335
3317,candidate_2,candidate_1,candidate_3,3,0.0033333333333333335
3318,candidate_2,candidate_1,candidate_3,3,0.0033333333333333335
3319,candidate_2,candidate_1,candidate_3,3,0.0033333333333333335
3320,candidate_2,candidate_1,candidate_3,3,0.0033333333333333335
3321,candidate_2,candidate_1,candidate_3,3,0.0033333333333333335
3322,candidate_2,candidate_1,candidate_3,3,0.0033333333333333335
3323,candidate_2,candidate_1,candidate_3,3,0.0033333333333333335
3324,candidate_2,candidate_1,candidate_3,3,0.0033333333333333335
3325,candidate_2,candidate_1,candidate_3,3,0.0033333333333333335
3326,candidate_2,candidate_1,candidate_3,3,0.0033333333333333335
3327,candidate_2,candidate_1,candidate_3,3,0.0033333333333333335
3328,candidate_2,candidate_1,candidate_3,3,0.0033333333333333335
3329,candidate_2,candidate_1,candidate_3,3,0.0033333333333333335
3330,candidate_2,candidate_1,candidate_3,3,0.0033333333333333335
3331,candidate_2,candidate_1,candidate_3,3,0.0033333333333333335
3332,candidate_2,candidate_1,candidate_3,3,0.0033333333333333335
3333,candidate_2,candidate_1,candidate_3,3,0.0033333333333333335
3334,candidate_2,candidate_1,candidate_3,3,0.0033333333333333335
3335,candidate_2,candidate_1,candidate_3,3,0.0033333333333333335
3336,candidate_2,candidate_1,candidate_3,3,0.0033333333333333335
3337,candidate_2,candidate_1,candidate_3,3,0.0033333333333333335
3338,candidate_2,candidate_1,candidate_3,3,0.0033333333333333335
3339,candidate_2,candidate_1,candidate_3,3,0.0033333333333333335
3340,candidate_2,candidate_1,candidate_3,3,0.0033333333333333335
3341,candidate_2,candidate_1,candidate_3,3,0.0033333333333333335
3342,candidate_2,candidate_1,candidate_3,3,0.0033333333333333335
3343,candidate_2,candidate_1,candidate_3,3,0.0033333333333333335
3344,candidate_2,candidate_1,candidate_3,3,0.0033333333333333335
3345,candidate_2,candidate_1,candidate_3,3,0.0033333333333333335
3346,candidate_2,candidate_1,candidate_3,3,0.0033333333333333335
3347,candidate_2,candidate_1,candidate_3,3,0.0033333333333333335
3348,candidate_2,candidate_1,candidate_3,3,0.0033333333333333335
3349,candidate_2,candidate_1,candidate_3,3,0.0033333333333333335
3350,candidate_2,candidate_1,candidate_3,3,0.0033333333333333335
3351,candidate_2,candidate_1,candidate_3,3,0.0033333333333333335
3352,candidate_2,candidate_1,candidate_3,3,0.0033333333333333335
3353,candidate_2,candidate_1,candidate_3,3,0.0033333333333333335
3354,candidate_2,candidate_1,candidate_3,3,0.0033333333333333335
3355,candidate_2,candidate_1,candidate_3,3,0.0033333333333333335
3356,candidate_2,candidate_1,candidate_3,3,0.0033333333333333335
3357,candidate_2,candidate_1,candidate_3,3,0.0033333333333333335
3358,candidate_2,candidate_1,candidate_3,3,0.0033333333333333335
3359,candidate_2,candidate_1,candidate_3,3,0.0033333333333333335
3360,candidate_2,candidate_1,candidate_3,3,0.0033333333333333335
3361,candidate_2,candidate_1,candidate_3,3,0.0033333333333333335
3362,candidate_2,candidate_1,candidate_3,3,0.0033333333333333335
3363,candidate_2,candidate_1,candidate_3,3,0.0033333333333333335
3364,candidate_2,candidate_1,candidate_3,3,0.0033333333333333335
3365,candidate_2,candidate_1,candidate_3,3,0.0033333333333333335
3366,candidate_2,candidate_1,candidate_3,3,0.0033333333333333335
3367,candidate_2,candidate_1,candidate_3,3,0.0033333333333333335
3368,candidate_2,candidate_1,candidate_3,3,0.0033333333333333335
3369,candidate_2,candidate_1,candidate_3,3,0.0033333333333333335
3370,candidate_2,candidate_1,candidate_3,3,0.0033333333333333335
3371,candidate_2,candidate_1,candidate_3,3,0.0033333333333333335
3372,candidate_2,candidate_1,candidate_3,3,0.0033333333333333335
3373,candidate_2,candidate_1,candidate_3,3,0.0033333333333333335
3374,candidate_2,candidate_1,candidate_3,3,0.0033333333333333335
3375,candidate_2,candidate_1,candidate_3,3,0.0033333333333333335
3376,candidate_2,candidate_1,candidate_3,3,0.0033333333333333335
3377,candidate_2,candidate_1,candidate_3,3,0.0033333333333333335
3378,candidate_2,candidate_1,candidate_3,3,0.0033333333333333335
3379,candidate_2,candidate_1,candidate_3,3,0.0033333333333333335
3380,candidate_2,candidate_1,candidate_3,3,0.0033333333333333335
3381,candidate_2,candidate_1,candidate_3,3,0.0033333333333333335
3382,candidate_2,candidate_1,candidate_3,3,0.0033333333333333335
3383,0,candidate_1,candidate_3,3,0.0033333333333333335
3384,candidate_2,candidate_1,candidate_3,3,0.0033333333333333335
3385,candidate_2,candidate_1,candidate_3,3,0.0033333333333333335
3386,candidate_2,candidate_1,candidate_3,3,0.0033333333333333335
3387,candidate_2,candidate_1,candidate_3,3,0.0033333333333333335
3388,candidate_2,candidate_1,candidate_3,3,0.0033333333333333335
3389,candidate_2,candidate_1,candidate_3,3,0.0033333333333333335
3390,candidate_2,candidate_1,candidate_3,3,0.0033333333333333335
3391,candidate_2,candidate_1,candidate_3,3,0.0033333333333333335
3392,candidate_2,candidate_1,candidate_3,3,0.0033333333333333335
3393,candidate_2,candidate_1,candidate_3,3,0.0033333333333333335
3394,candidate_2,candidate_1,candidate_3,3,0.0033333333333333335
3395,candidate_2,candidate_1,candidate_3,3,0.0033333333333333335
3396,candidate_2,candidate_1,candidate_3,3,0.0033333333333333335
3397,candidate_2,candidate_1,candidate_3,3,0.0033333333333333335
3398,candidate_2,candidate_1,candidate_3,3,0.0033333333333333335
3399,candidate_2,candidate_1,candidate_3,3,0.0033333333333333335
3400,candidate_2,candidate_1,candidate_3,3,0.0033333333333333335
3401,candidate_2,candidate_1,candidate_3,3,0.0033333333333333335
3402,candidate_2,candidate_1,candidate_3,3,0.0033333333333333335
3403,candidate_2,candidate_1,candidate_3,3,0.0033333333333333335
3404,candidate_2,candidate_1,candidate_3,3,0.0033333333333333335
3405,candidate_2,candidate_1,candidate_3,3,0.0033333333333333335
3406,candidate_2,candidate_1,candidate_3,3,0.0033333333333333335
3407,candidate_2,candidate_1,candidate_3,3,0.0033333333333333335
3408,candidate_2,candidate_1,candidate_3,3,0.0033333333333333335
3409,candidate_2,candidate_1,candidate_3,3,0.0033333333333333335
3410,candidate_2,candidate_1,candidate_3,3,0.0033333333333333335
3411,candidate_2,candidate_1,candidate_3,3,0.0033333333333333335
3412,candidate_2,candidate_1,candidate_3,3,0.0033333333333333335
3413,candidate_2,candidate_1,candidate_3,3,0.0033333333333333335
3414,candidate_2,candidate_1,candidate_3,3,0.0033333333333333335
3415,candidate_2,candidate_1,candidate_3,3,0.0033333333333333335
3416,candidate_2,candidate_1,candidate_3,3,0.0033333333333333335
3417,candidate_2,candidate_1,candidate_3,3,0.0033333333333333335
3418,candidate_2,candidate_1,candidate_3,3,0.0033333333333333335
3419,candidate_2,candidate_1,candidate_3,3,0.0033333333333333335
3420,candidate_2,candidate_1,candidate_3,3,0.0033333333333333335
3421,candidate_2,candidate_1,candidate_3,3,0.0033333333333333335
3422,candidate_2,candidate_1,candidate_3,3,0.0033333333333333335
3423,candidate_2,candidate_1,candidate_3,3,0.0033333333333333335
3424,candidate_2,candidate_1,candidate_3,3,0.0033333333333333335
3425,candidate_2,candidate_1,candidate_3,3,0.0033333333333333335
3426,candidate_2,candidate_1,candidate_3,3,0.0033333333333333335
3427,candidate_2,candidate_1,candidate_3,3,0.0033333333333333335
3428,candidate_2,candidate_1,candidate_3,3,0.0033333333333333335
3429,candidate_2,candidate_1,candidate_3,3,0.0033333333333333335
3430,candidate_2,candidate_1,candidate_3,3,0.0033333333333333335
3431,candidate_2,candidate_1,candidate_3,3,0.0033333333333333335
3432,candidate_2,candidate_1,candidate_3,3,0.0033333333333333335
3433,candidate_2,candidate_1,candidate_3,3,0.0033333333333333335
3434,candidate_2,candidate_1,candidate_3,3,0.0033333333333333335
3435,candidate_2,candidate_1,candidate_3,3,0.0033333333333333335
3436,candidate_2,candidate_1,candidate_3,3,0.0033333333333333335
3437,candidate_2,candidate_1,candidate_3,3,0.0033333333333333335
3438,candidate_2,candidate_1,candidate_3,3,0.0033333333333333335
3439,candidate_2,candidate_1,candidate_3,3,0.0033333333333333335
3440,candidate_2,candidate_1,candidate_3,3,0.0033333333333333335
3441,candidate_2,candidate_1,candidate_3,3,0.0033333333333333335
3442,candidate_2,candidate_1,candidate_3,3,0.0033333333333333335
3443,candidate_2,candidate_1,candidate_3,3,0.0033333333333333335
3444,candidate_2,candidate_1,candidate_3,3,0.0033333333333333335
3445,candidate_2,candidate_1,candidate_3,3,0.0033333333333333335
3446,candidate_2,candidate_1,candidate_3,3,0.0033333333333333335
3447,candidate_2,candidate_1,candidate_3,3,0.0033333333333333335
3448,candidate_2,candidate_1,candidate_3,3,0.0033333333333333335
3449,candidate_2,candidate_1,candidate_3,3,0.0033333333333333335
3450,candidate_2,candidate_1,candidate_3,3,0.0033333333333333335
3451,candidate_2,candidate_1,candidate_3,3,0.0033333333333333335
3452,candidate_2,candidate_1,candidate_3,3,0.0033333333333333335
3453,candidate_2,candidate_1,candidate_3,3,0.0033333333333333335
3454,candidate_2,candidate_1,candidate_3,3,0.0033333333333333335
3455,candidate_2,candidate_1,candidate_3,3,0.0033333333333333335
3456,candidate_2,candidate_1,candidate_3,3,0.0033333333333333335
3457,candidate_2,candidate_1,candidate_3,3,0.0033333333333333335
3458,candidate_2,candidate_1,candidate_3,3,0.0033333333333333335
3459,candidate_2,candidate_1,candidate_3,3,0.0033333333333333335
3460,candidate_2,candidate_1,candidate_3,3,0.0033333333333333335
3461,candidate_2,candidate_1,candidate_3,3,0.0033333333333333335
3462,candidate_2,candidate_1,candidate_3,3,0.0033333333333333335
3463,candidate_2,candidate_1,candidate_3,3,0.0033333333333333335
3464,candidate_2,candidate_1,candidate_3,3,0.0033333333333333335
3465,candidate_2,candidate_1,candidate_3,3,0.0033333333333333335
3466,candidate_2,candidate_1,candidate_3,3,0.0033333333333333335
3467,candidate_2,candidate_1,candidate_3,3,0.0033333333333333335
3468,candidate_2,candidate_1,candidate_3,3,0.0033333333333333335
3469,candidate_2,candidate_1,candidate_3,3,0.0033333333333333335
3470,candidate_2,candidate_1,candidate_3,3,0.0033333333333333335
3471,candidate_2,candidate_1,candidate_3,3,0.0033333333333333335
3472,candidate_2,candidate_1,candidate_3,3,0.0033333333333333335
3473,candidate_2,candidate_1,candidate_3,3,0.0033333333333333335
3474,candidate_2,candidate_1,candidate_3,3,0.0033333333333333335
3475,candidate_2,candidate_1,candidate_3,3,0.0033333333333333335
3476,candidate_2,candidate_1,candidate_3,3,0.0033333333333333335
3477,candidate_2,candidate_1,candidate_3,3,0.0033333333333333335
3478,candidate_2,candidate_1,candidate_3,3,0.0033333333333333335
3479,candidate_2,candidate_1,candidate_3,3,0.0033333333333333335
3480,candidate_2,candidate_1,candidate_3,3,0.0033333333333333335
3481,candidate_2,candidate_1,candidate_3,3,0.0033333333333333335
3482,candidate_2,candidate_1,candidate_3,3,0.0033333333333333335
3483,candidate_2,candidate_1,candidate_3,3,0.0033333333333333335
3484,candidate_2,candidate_1,candidate_3,3,0.0033333333333333335
3485,candidate_2,candidate_1,candidate_3,3,0.0033333333333333335
3486,candidate_2,candidate_1,candidate_3,3,0.0033333333333333335
3487,candidate_2,candidate_1,candidate_3,3,0.0033333333333333335
3488,candidate_2,candidate_1,candidate_3,3,0.0033333333333333335
3489,candidate_2,candidate_1,candidate_3,3,0.0033333333333333335
3490,candidate_2,candidate_1,candidate_3,3,0.0033333333333333335
3491,candidate_2,candidate_1,candidate_3,3,0.0033333333333333335
3492,candidate_2,candidate_1,candidate_3,3,0.0033333333333333335
3493,candidate_2,candidate_1,candidate_3,3,0.0033333333333333335
3494,candidate_2,candidate_1,candidate_3,3,0.0033333333333333335
3495,candidate_2,candidate_1,candidate_3,3,0.0033333333333333335
3496,candidate_2,candidate_1,candidate_3,3,0.0033333333333333335
3497,candidate_2,candidate_1,candidate_3,3,0.0033333333333333335
3498,candidate_2,candidate_1,candidate_3,3,0.0033333333333333335
3499,candidate_2,candidate_1,candidate_3,3,0.0033333333333333335
3500,candidate_2,candidate_1,candidate_3,3,0.0033333333333333335
3501,candidate_2,candidate_1,candidate_3,3,0.0033333333333333335
3502,candidate_2,candidate_1,candidate_3,3,0.0033333333333333335
3503,candidate_2,candidate_1,candidate_3,3,0.0033333333333333335
3504,candidate_2,candidate_1,candidate_3,3,0.0033333333333333335
3505,candidate_2,candidate_1,candidate_3,3,0.0033333333333333335
3506,candidate_2,candidate_1,candidate_3,3,0.0033333333333333335
3507,candidate_2,candidate_1,candidate_3,3,0.0033333333333333335
3508,candidate_2,candidate_1,candidate_3,3,0.0033333333333333335
3509,candidate_2,candidate_1,candidate_3,3,0.0033333333333333335
3510,candidate_2,candidate_1,candidate_3,3,0.0033333333333333335
3511,candidate_2,candidate_1,candidate_3,3,0.0033333333333333335
3512,candidate_2,candidate_1,candidate_3,3,0.0033333333333333335
3513,candidate_2,candidate_1,candidate_3,3,0.0033333333333333335
3514,candidate_2,candidate_1,candidate_3,3,0.0033333333333333335
3515,candidate_2,candidate_1,candidate_3,3,0.0033333333333333335
3516,candidate_2,candidate_1,candidate_3,3,0.0033333333333333335
3517,candidate_2,candidate_1,candidate_3,3,0.0033333333333333335
3518,candidate_2,candidate_1,candidate_3,3,0.0033333333333333335
3519,candidate_2,candidate_1,candidate_3,3,0.0033333333333333335
3520,candidate_2,candidate_1,candidate_3,3,0.0033333333333333335
3521,candidate_2,candidate_1,candidate_3,3,0.0033333333333333335
3522,candidate_2,candidate_1,candidate_3,3,0.0033333333333333335
3523,candidate_2,candidate_1,candidate_3,3,0.0033333333333333335
3524,candidate_2,candidate_1,candidate_3,3,0.0033333333333333335
3525,candidate_2,candidate_1,candidate_3,3,0.0033333333333333335
3526,candidate_2,candidate_1,candidate_3,3,0.0033333333333333335
3527,candidate_2,candidate_1,candidate_3,3,0.0033333333333333335
3528,candidate_2,candidate_1,candidate_3,3,0.0033333333333333335
3529,candidate_2,candidate_1,candidate_3,3,0.0033333333333333335
3530,candidate_2,candidate_1,candidate_3,3,0.0033333333333333335
3531,candidate_2,candidate_1,candidate_3,3,0.0033333333333333335
3532,candidate_2,candidate_1,candidate_3,3,0.0033333333333333335
3533,candidate_2,candidate_1,candidate_3,3,0.0033333333333333335
3534,candidate_2,candidate_1,candidate_3,3,0.0033333333333333335
3535,candidate_2,candidate_1,candidate_3,3,0.0033333333333333335
3536,candidate_2,candidate_1,candidate_3,3,0.0033333333333333335
3537,candidate_2,candidate_1,candidate_3,3,0.0033333333333333335
3538,candidate_2,candidate_1,candidate_3,3,0.0033333333333333335
3539,candidate_2,candidate_1,candidate_3,3,0.0033333333333333335
3540,candidate_2,candidate_1,candidate_3,3,0.0033333333333333335
3541,candidate_2,candidate_1,candidate_3,3,0.0033333333333333335
3542,candidate_2,candidate_1,candidate_3,3,0.0033333333333333335
3543,candidate_2,candidate_1,candidate_3,3,0.0033333333333333335
3544,candidate_2,candidate_1,candidate_3,3,0.0033333333333333335
3545,candidate_2,candidate_1,candidate_3,3,0.0033333333333333335
3546,candidate_2,candidate_1,candidate_3,3,0.0033333333333333335
3547,candidate_2,candidate_1,candidate_3,3,0.0033333333333333335
3548,candidate_2,candidate_1,candidate_3,3,0.0033333333333333335
3549,candidate_2,candidate_1,candidate_3,3,0.0033333333333333335
3550,candidate_2,candidate_1,candidate_3,3,0.0033333333333333335
3551,candidate_2,candidate_1,candidate_3,3,0.0033333333333333335
3552,candidate_2,candidate_1,candidate_3,3,0.0033333333333333335
3553,candidate_2,candidate_1,candidate_3,3,0.0033333333333333335
3554,candidate_2,candidate_1,candidate_3,3,0.0033333333333333335
3555,candidate_2,candidate_1,candidate_3,3,0.0033333333333333335
3556,candidate_2,candidate_1,candidate_3,3,0.0033333333333333335
3557,candidate_2,candidate_1,candidate_3,3,0.0033333333333333335
3558,candidate_2,candidate_1,candidate_3,3,0.0033333333333333335
3559,candidate_2,candidate_1,candidate_3,3,0.0033333333333333335
3560,candidate_2,candidate_1,candidate_3,3,0.0033333333333333335
3561,candidate_2,candidate_1,candidate_3,3,0.0033333333333333335
3562,candidate_2,candidate_1,candidate_3,3,0.0033333333333333335
3563,candidate_2,candidate_1,candidate_3,3,0.0033333333333333335
3564,candidate_2,candidate_1,candidate_3,3,0.0033333333333333335
3565,candidate_2,candidate_1,candidate_3,3,0.0033333333333333335
3566,candidate_2,candidate_1,candidate_3,3,0.0033333333333333335
3567,candidate_2,candidate_1,candidate_3,3,0.0033333333333333335
3568,candidate_2,candidate_1,candidate_3,3,0.0033333333333333335
3569,candidate_2,candidate_1,candidate_3,3,0.0033333333333333335
3570,candidate_2,candidate_1,candidate_3,3,0.0033333333333333335
3571,candidate_2,candidate_1,candidate_3,3,0.0033333333333333335
3572,candidate_2,candidate_1,candidate_3,3,0.0033333333333333335
3573,candidate_2,candidate_1,candidate_3,3,0.0033333333333333335
3574,candidate_2,candidate_1,candidate_3,3,0.0033333333333333335
3575,candidate_2,candidate_1,candidate_3,3,0.0033333333333333335
3576,candidate_2,candidate_1,candidate_3,3,0.0033333333333333335
3577,candidate_2,candidate_1,candidate_3,3,0.0033333333333333335
3578,candidate_2,candidate_1,candidate_3,3,0.0033333333333333335
3579,candidate_2,candidate_1,candidate_3,3,0.0033333333333333335
3580,candidate_2,candidate_1,candidate_3,3,0.0033333333333333335
3581,candidate_2,candidate_1,candidate_3,3,0.0033333333333333335
3582,candidate_2,candidate_1,candidate_3,3,0.0033333333333333335
3583,candidate_2,candidate_1,candidate_3,3,0.0033333333333333335
3584,candidate_2,candidate_1,candidate_3,3,0.0033333333333333335
3585,candidate_2,candidate_1,candidate_3,3,0.0033333333333333335
3586,candidate_2,candidate_1,candidate_3,3,0.0033333333333333335
3587,candidate_2,candidate_1,candidate_3,3,0.0033333333333333335
3588,candidate_2,candidate_1,candidate_3,3,0.0033333333333333335
3589,candidate_2,candidate_1,candidate_3,3,0.0033333333333333335
3590,candidate_2,candidate_1,candidate_3,3,0.0033333333333333335
3591,candidate_2,candidate_1,candidate_3,3,0.0033333333333333335
3592,candidate_2,candidate_1,candidate_3,3,0.0033333333333333335
3593,candidate_2,candidate_1,candidate_3,3,0.0033333333333333335
3594,candidate_2,candidate_1,candidate_3,3,0.0033333333333333335
3595,candidate_2,candidate_1,candidate_3,3,0.0033333333333333335
3596,candidate_2,candidate_1,candidate_3,3,0.0033333333333333335
3597,candidate_2,candidate_1,candidate_3,3,0.0033333333333333335
3598,candidate_2,candidate_1,candidate_3,3,0.0033333333333333335
3599,candidate_2,candidate_1,candidate_3,3,0.0033333333333333335
3600,candidate_2,candidate_1,candidate_3,3,0.0033333333333333335
3601,candidate_2,candidate_1,candidate_3,3,0.0033333333333333335
3602,candidate_2,candidate_1,candidate_3,3,0.0033333333333333335
3603,candidate_2,candidate_1,candidate_3,3,0.0033333333333333335
3604,candidate_2,candidate_1,candidate_3,3,0.0033333333333333335
3605,candidate_2,candidate_1,candidate_3,3,0.0033333333333333335
3606,candidate_2,candidate_1,candidate_3,3,0.0033333333333333335
3607,candidate_2,0,candidate_3,3,0.0033333333333333335
3608,candidate_2,candidate_1,candidate_3,3,0.0033333333333333335
3609,candidate_2,candidate_1,candidate_3,3,0.0033333333333333335
3610,candidate_2,candidate_1,candidate_3,3,0.0033333333333333335
3611,candidate_2,candidate_1,candidate_3,3,0.0033333333333333335
3612,candidate_2,candidate_1,candidate_3,3,0.0033333333333333335
3613,candidate_2,candidate_1,candidate_3,3,0.0033333333333333335
3614,candidate_2,candidate_1,candidate_3,3,0.0033333333333333335
3615,candidate_2,candidate_1,candidate_3,3,0.0033333333333333335
3616,candidate_2,candidate_1,candidate_3,3,0.0033333333333333335
3617,candidate_2,candidate_1,candidate_3,3,0.0033333333333333335
3618,candidate_2,candidate_1,candidate_3,3,0.0033333333333333335
3619,candidate_2,candidate_1,candidate_3,3,0.0033333333333333335
3620,candidate_2,candidate_1,candidate_3,3,0.0033333333333333335
3621,candidate_2,candidate_1,candidate_3,3,0.0033333333333333335
3622,candidate_2,candidate_1,candidate_3,3,0.0033333333333333335
3623,candidate_2,candidate_1,candidate_3,3,0.0033333333333333335
3624,candidate_2,candidate_1,candidate_3,3,0.0033333333333333335
3625,candidate_2,candidate_1,candidate_3,3,0.0033333333333333335
3626,candidate_2,candidate_1,candidate_3,3,0.0033333333333333335
3627,candidate_2,candidate_1,candidate_3,3,0.0033333333333333335
3628,candidate_2,candidate_1,candidate_3,3,0.0033333333333333335
3629,candidate_2,candidate_1,candidate_3,3,0.0033333333333333335
3630,candidate_2,candidate_1,candidate_3,3,0.0033333333333333335
3631,candidate_2,candidate_1,candidate_3,3,0.0033333333333333335
3632,candidate_2,0,candidate_3,3,0.0033333333333333335
3633,candidate_2,candidate_1,candidate_3,3,0.0033333333333333335
3634,candidate_2,candidate_1,candidate_3,3,0.0033333333333333335
3635,candidate_2,candidate_1,candidate_3,3,0.0033333333333333335
3636,candidate_2,candidate_1,candidate_3,3,0.0033333333333333335
3637,candidate_2,candidate_1,candidate_3,3,0.0033333333333333335
3638,candidate_2,candidate_1,candidate_3,3,0.0033333333333333335
3639,candidate_2,candidate_1,candidate_3,3,0.0033333333333333335
3640,candidate_2,candidate_1,candidate_3,3,0.0033333333333333335
3641,candidate_2,candidate_1,candidate_3,3,0.0033333333333333335
3642,candidate_2,candidate_1,candidate_3,3,0.0033333333333333335
3643,candidate_2,candidate_1,candidate_3,3,0.0033333333333333335
3644,candidate_2,candidate_1,candidate_3,3,0.0033333333333333335
3645,candidate_2,candidate_1,candidate_3,3,0.0033333333333333335
3646,candidate_2,candidate_1,candidate_3,3,0.0033333333333333335
3647,candidate_2,candidate_1,candidate_3,3,0.0033333333333333335
3648,candidate_2,candidate_1,candidate_3,3,0.0033333333333333335
3649,candidate_2,candidate_1,candidate_3,3,0.0033333333333333335
3650,candidate_2,candidate_1,candidate_3,3,0.0033333333333333335
3651,candidate_2,candidate_1,candidate_3,3,0.0033333333333333335
3652,candidate_2,candidate_1,candidate_3,3,0.0033333333333333335
3653,candidate_2,candidate_1,0,3,0.0033333333333333335
3654,candidate_2,candidate_1,candidate_3,3,0.0033333333333333335
3655,candidate_2,candidate_1,candidate_3,3,0.0033333333333333335
3656,candidate_2,candidate_1,candidate_3,3,0.0033333333333333335
3657,candidate_2,candidate_1,candidate_3,3,0.0033333333333333335
3658,candidate_2,candidate_1,candidate_3,3,0.0033333333333333335
3659,candidate_2,candidate_1,candidate_3,3,0.0033333333333333335
3660,candidate_2,candidate_1,candidate_3,3,0.0033333333333333335
3661,candidate_2,candidate_1,candidate_3,3,0.0033333333333333335
3662,candidate_2,candidate_1,candidate_3,3,0.0033333333333333335
3663,candidate_2,candidate_1,candidate_3,3,0.0033333333333333335
3664,candidate_2,candidate_1,candidate_3,3,0.0033333333333333335
3665,candidate_2,candidate_1,candidate_3,3,0.0033333333333333335
3666,candidate_2,candidate_1,candidate_3,3,0.0033333333333333335
3667,candidate_2,candidate_1,candidate_3,3,0.0033333333333333335
3668,candidate_2,candidate_1,candidate_3,3,0.0033333333333333335
3669,candidate_2,candidate_1,candidate_3,3,0.0033333333333333335
3670,candidate_2,candidate_1,candidate_3,3,0.0033333333333333335
3671,candidate_2,candidate_1,candidate_3,3,0.0033333333333333335
3672,candidate_2,candidate_1,candidate_3,3,0.0033333333333333335
3673,candidate_2,candidate_1,candidate_3,3,0.0033333333333333335
3674,candidate_2,candidate_1,candidate_3,3,0.0033333333333333335
3675,candidate_2,candidate_1,candidate_3,3,0.0033333333333333335
3676,candidate_2,candidate_1,candidate_3,3,0.0033333333333333335
3677,candidate_2,candidate_1,candidate_3,3,0.0033333333333333335
3678,candidate_2,candidate_1,candidate_3,3,0.0033333333333333335
3679,candidate_2,candidate_1,candidate_3,3,0.0033333333333333335
3680,candidate_2,candidate_1,candidate_3,3,0.0033333333333333335
3681,candidate_2,candidate_1,candidate_3,3,0.0033333333333333335
3682,candidate_2,candidate_1,candidate_3,3,0.0033333333333333335
3683,candidate_2,candidate_1,candidate_3,3,0.0033333333333333335
3684,candidate_2,candidate_1,candidate_3,3,0.0033333333333333335
3685,candidate_2,candidate_1,candidate_3,3,0.0033333333333333335
3686,candidate_2,candidate_1,candidate_3,3,0.0033333333333333335
3687,candidate_2,candidate_1,candidate_3,3,0.0033333333333333335
3688,candidate_2,candidate_1,candidate_3,3,0.0033333333333333335
3689,candidate_2,candidate_1,candidate_3,3,0.0033333333333333335
3690,candidate_2,candidate_1,candidate_3,3,0.0033333333333333335
3691,candidate_2,candidate_1,candidate_3,3,0.0033333333333333335
3692,candidate_2,candidate_1,candidate_3,3,0.0033333333333333335
3693,candidate_2,candidate_1,candidate_3,3,0.0033333333333333335
3694,candidate_2,candidate_1,candidate_3,3,0.0033333333333333335
3695,candidate_2,candidate_1,candidate_3,3,0.0033333333333333335
3696,candidate_2,candidate_1,candidate_3,3,0.0033333333333333335
3697,candidate_2,candidate_1,candidate_3,3,0.0033333333333333335
3698,candidate_2,candidate_1,candidate_3,3,0.0033333333333333335
3699,candidate_2,candidate_1,candidate_3,3,0.0033333333333333335
3700,candidate_2,candidate_1,candidate_3,3,0.0033333333333333335
3701,candidate_2,candidate_1,candidate_3,3,0.0033333333333333335
3702,candidate_2,candidate_1,candidate_3,3,0.0033333333333333335
3703,candidate_2,candidate_1,candidate_3,3,0.0033333333333333335
3704,candidate_2,candidate_1,candidate_3,3,0.0033333333333333335
3705,candidate_2,candidate_1,candidate_3,3,0.0033333333333333335
3706,candidate_2,candidate_1,candidate_3,3,0.0033333333333333335
3707,candidate_2,candidate_1,candidate_3,3,0.0033333333333333335
3708,candidate_2,candidate_1,candidate_3,3,0.0033333333333333335
3709,candidate_2,candidate_1,candidate_3,3,0.0033333333333333335
3710,candidate_2,candidate_1,candidate_3,3,0.0033333333333333335
3711,candidate_2,candidate_1,candidate_3,3,0.0033333333333333335
3712,candidate_2,candidate_1,candidate_3,3,0.0033333333333333335
3713,candidate_2,candidate_1,candidate_3,3,0.0033333333333333335
3714,candidate_2,candidate_1,candidate_3,3,0.0033333333333333335
3715,candidate_2,candidate_1,candidate_3,3,0.0033333333333333335
3716,candidate_2,candidate_1,candidate_3,3,0.0033333333333333335
3717,candidate_2,candidate_1,candidate_3,3,0.0033333333333333335
3718,candidate_2,candidate_1,candidate_3,3,0.0033333333333333335
3719,candidate_2,candidate_1,candidate_3,3,0.0033333333333333335
3720,candidate_2,candidate_1,candidate_3,3,0.0033333333333333335
3721,candidate_2,candidate_1,candidate_3,3,0.0033333333333333335
3722,candidate_2,candidate_1,candidate_3,3,0.0033333333333333335
3723,candidate_2,candidate_1,candidate_3,3,0.0033333333333333335
3724,candidate_2,candidate_1,candidate_3,3,0.0033333333333333335
3725,candidate_2,candidate_1,candidate_3,3,0.0033333333333333335
3726,candidate_2,candidate_1,candidate_3,3,0.0033333333333333335
3727,candidate_2,candidate_1,candidate_3,3,0.0033333333333333335
3728,candidate_2,candidate_1,candidate_3,3,0.0033333333333333335
3729,candidate_2,candidate_1,candidate_3,3,0.0033333333333333335
3730,candidate_2,candidate_1,candidate_3,3,0.0033333333333333335
3731,candidate_2,candidate_1,candidate_3,3,0.0033333333333333335
3732,candidate_2,candidate_1,candidate_3,3,0.0033333333333333335
3733,candidate_2,candidate_1,candidate_3,3,0.0033333333333333335
3734,candidate_2,candidate_1,candidate_3,3,0.0033333333333333335
3735,candidate_2,candidate_1,candidate_3,3,0.0033333333333333335
3736,candidate_2,candidate_1,candidate_3,3,0.0033333333333333335
3737,candidate_2,candidate_1,candidate_3,3,0.0033333333333333335
3738,candidate_2,candidate_1,candidate_3,3,0.0033333333333333335
3739,candidate_2,candidate_1,candidate_3,3,0.0033333333333333335
3740,candidate_2,candidate_1,candidate_3,3,0.0033333333333333335
3741,candidate_2,candidate_1,candidate_3,3,0.0033333333333333335
3742,candidate_2,candidate_1,candidate_3,3,0.0033333333333333335
3743,candidate_2,candidate_1,candidate_3,3,0.0033333333333333335
3744,candidate_2,candidate_1,candidate_3,3,0.0033333333333333335
3745,candidate_2,candidate_1,candidate_3,3,0.0033333333333333335
3746,candidate_2,candidate_1,candidate_3,3,0.0033333333333333335
3747,candidate_2,candidate_1,candidate_3,3,0.0033333333333333335
3748,candidate_2,candidate_1,candidate_3,3,0.0033333333333333335
3749,candidate_2,candidate_1,candidate_3,3,0.0033333333333333335
3750,candidate_2,candidate_1,candidate_3,3,0.0033333333333333335
3751,candidate_2,candidate_1,candidate_3,3,0.0033333333333333335
3752,candidate_2,candidate_1,candidate_3,3,0.0033333333333333335
3753,candidate_2,candidate_1,candidate_3,3,0.0033333333333333335
3754,candidate_2,candidate_1,candidate_3,3,0.0033333333333333335
3755,candidate_2,candidate_1,candidate_3,3,0.0033333333333333335
3756,candidate_2,candidate_1,candidate_3,3,0.0033333333333333335
3757,candidate_2,candidate_1,candidate_3,3,0.0033333333333333335
3758,candidate_2,candidate_1,candidate_3,3,0.0033333333333333335
3759,candidate_2,candidate_1,candidate_3,3,0.0033333333333333335
3760,candidate_2,candidate_1,candidate_3,3,0.0033333333333333335
3761,candidate_2,candidate_1,candidate_3,3,0.0033333333333333335
3762,candidate_2,candidate_1,candidate_3,3,0.0033333333333333335
3763,candidate_2,candidate_1,candidate_3,3,0.0033333333333333335
3764,candidate_2,candidate_1,candidate_3,3,0.0033333333333333335
3765,candidate_2,candidate_1,candidate_3,3,0.0033333333333333335
3766,candidate_2,candidate_1,candidate_3,3,0.0033333333333333335
3767,candidate_2,candidate_1,candidate_3,3,0.0033333333333333335
3768,candidate_2,candidate_1,candidate_3,3,0.0033333333333333335
3769,candidate_2,candidate_1,candidate_3,3,0.0033333333333333335
3770,candidate_2,candidate_1,candidate_3,3,0.0033333333333333335
3771,candidate_2,candidate_1,candidate_3,3,0.0033333333333333335
3772,candidate_2,candidate_1,candidate_3,3,0.0033333333333333335
3773,candidate_2,candidate_1,candidate_3,3,0.0033333333333333335
3774,candidate_2,candidate_1,candidate_3,3,0.0033333333333333335
3775,candidate_2,candidate_1,candidate_3,3,0.0033333333333333335
3776,candidate_2,candidate_1,candidate_3,3,0.0033333333333333335
3777,candidate_2,candidate_1,candidate_3,3,0.0033333333333333335
3778,candidate_2,candidate_1,candidate_3,3,0.0033333333333333335
3779,candidate_2,candidate_1,candidate_3,3,0.0033333333333333335
3780,candidate_2,candidate_1,candidate_3,3,0.0033333333333333335
3781,candidate_2,candidate_1,candidate_3,3,0.0033333333333333335
3782,candidate_2,candidate_1,candidate_3,3,0.0033333333333333335
3783,candidate_2,candidate_1,candidate_3,3,0.0033333333333333335
3784,candidate_2,candidate_1,candidate_3,3,0.0033333333333333335
3785,candidate_2,candidate_1,candidate_3,3,0.0033333333333333335
3786,candidate_2,candidate_1,candidate_3,3,0.0033333333333333335
3787,candidate_2,candidate_1,candidate_3,3,0.0033333333333333335
3788,candidate_2,candidate_1,candidate_3,3,0.0033333333333333335
3789,candidate_2,candidate_1,candidate_3,3,0.0033333333333333335
3790,candidate_2,candidate_1,candidate_3,3,0.0033333333333333335
3791,candidate_2,candidate_1,candidate_3,3,0.0033333333333333335
3792,candidate_2,candidate_1,candidate_3,3,0.0033333333333333335
3793,candidate_2,candidate_1,candidate_3,3,0.0033333333333333335
3794,candidate_2,candidate_1,candidate_3,3,0.0033333333333333335
3795,candidate_2,candidate_1,candidate_3,3,0.0033333333333333335
3796,candidate_2,candidate_1,candidate_3,3,0.0033333333333333335
3797,candidate_2,candidate_1,candidate_3,3,0.0033333333333333335
3798,candidate_2,candidate_1,candidate_3,3,0.0033333333333333335
3799,candidate_2,candidate_1,candidate_3,3,0.0033333333333333335
3800,candidate_2,candidate_1,candidate_3,3,0.0033333333333333335
3801,candidate_2,candidate_1,candidate_3,3,0.0033333333333333335
3802,candidate_2,candidate_1,candidate_3,3,0.0033333333333333335
3803,candidate_2,candidate_1,candidate_3,3,0.0033333333333333335
3804,candidate_2,candidate_1,candidate_3,3,0.0033333333333333335
3805,candidate_2,candidate_1,candidate_3,3,0.0033333333333333335
3806,0,candidate_1,candidate_3,3,0.0033333333333333335
3807,candidate_2,candidate_1,candidate_3,3,0.0033333333333333335
3808,candidate_2,candidate_1,candidate_3,3,0.0033333333333333335
3809,candidate_2,candidate_1,candidate_3,3,0.0033333333333333335
3810,candidate_2,candidate_1,candidate_3,3,0.0033333333333333335
3811,candidate_2,candidate_1,candidate_3,3,0.0033333333333333335
3812,candidate_2,candidate_1,candidate_3,3,0.0033333333333333335
3813,candidate_2,candidate_1,candidate_3,3,0.0033333333333333335
3814,candidate_2,candidate_1,candidate_3,3,0.0033333333333333335
3815,candidate_2,candidate_1,candidate_3,3,0.0033333333333333335
3816,candidate_2,candidate_1,candidate_3,3,0.0033333333333333335
3817,candidate_2,candidate_1,candidate_3,3,0.0033333333333333335
3818,candidate_2,candidate_1,candidate_3,3,0.0033333333333333335
3819,candidate_2,candidate_1,candidate_3,3,0.0033333333333333335
3820,candidate_2,candidate_1,candidate_3,3,0.0033333333333333335
3821,candidate_2,candidate_1,candidate_3,3,0.0033333333333333335
3822,candidate_2,candidate_1,candidate_3,3,0.0033333333333333335
3823,candidate_2,candidate_1,candidate_3,3,0.0033333333333333335
3824,candidate_2,candidate_1,candidate_3,3,0.0033333333333333335
3825,candidate_2,candidate_1,candidate_3,3,0.0033333333333333335
3826,candidate_2,candidate_1,candidate_3,3,0.0033333333333333335
3827,candidate_2,candidate_1,candidate_3,3,0.0033333333333333335
3828,candidate_2,candidate_1,candidate_3,3,0.0033333333333333335
3829,candidate_2,candidate_1,candidate_3,3,0.0033333333333333335
3830,candidate_2,candidate_1,candidate_3,3,0.0033333333333333335
3831,0,candidate_1,candidate_3,3,0.0033333333333333335
3832,candidate_2,candidate_1,candidate_3,3,0.0033333333333333335
3833,candidate_2,candidate_1,candidate_3,3,0.0033333333333333335
3834,candidate_2,candidate_1,candidate_3,3,0.0033333333333333335
3835,candidate_2,candidate_1,candidate_3,3,0.0033333333333333335
3836,candidate_2,candidate_1,candidate_3,3,0.0033333333333333335
3837,candidate_2,candidate_1,candidate_3,3,0.0033333333333333335
3838,candidate_2,candidate_1,candidate_3,3,0.0033333333333333335
3839,candidate_2,candidate_1,candidate_3,3,0.0033333333333333335
3840,candidate_2,candidate_1,candidate_3,3,0.0033333333333333335
3841,candidate_2,candidate_1,candidate_3,3,0.0033333333333333335
3842,candidate_2,candidate_1,candidate_3,3,0.0033333333333333335
3843,candidate_2,candidate_1,candidate_3,3,0.0033333333333333335
3844,candidate_2,candidate_1,candidate_3,3,0.0033333333333333335
3845,candidate_2,candidate_1,candidate_3,3,0.0033333333333333335
3846,candidate_2,candidate_1,candidate_3,3,0.0033333333333333335
3847,candidate_2,candidate_1,candidate_3,3,0.0033333333333333335
3848,candidate_2,candidate_1,candidate_3,3,0.0033333333333333335
3849,candidate_2,candidate_1,candidate_3,3,0.0033333333333333335
3850,candidate_2,candidate_1,candidate_3,3,0.0033333333333333335
3851,candidate_2,candidate_1,candidate_3,3,0.0033333333333333335
3852,candidate_2,candidate_1,candidate_3,3,0.0033333333333333335
3853,candidate_2,candidate_1,candidate_3,3,0.0033333333333333335
3854,candidate_2,candidate_1,candidate_3,3,0.0033333333333333335
3855,candidate_2,candidate_1,candidate_3,3,0.0033333333333333335
3856,candidate_2,candidate_1,candidate_3,3,0.0033333333333333335
3857,candidate_2,candidate_1,candidate_3,3,0.0033333333333333335
3858,candidate_2,candidate_1,candidate_3,3,0.0033333333333333335
3859,candidate_2,candidate_1,candidate_3,3,0.0033333333333333335
3860,candidate_2,candidate_1,candidate_3,3,0.0033333333333333335
3861,candidate_2,candidate_1,candidate_3,3,0.0033333333333333335
3862,candidate_2,candidate_1,candidate_3,3,0.0033333333333333335
3863,candidate_2,candidate_1,candidate_3,3,0.0033333333333333335
3864,candidate_2,candidate_1,candidate_3,3,0.0033333333333333335
3865,candidate_2,candidate_1,candidate_3,3,0.0033333333333333335
3866,candidate_2,candidate_1,candidate_3,3,0.0033333333333333335
3867,candidate_2,candidate_1,candidate_3,3,0.0033333333333333335
3868,candidate_2,candidate_1,candidate_3,3,0.0033333333333333335
3869,candidate_2,candidate_1,candidate_3,3,0.0033333333333333335
3870,candidate_2,candidate_1,candidate_3,3,0.0033333333333333335
3871,candidate_2,candidate_1,candidate_3,3,0.0033333333333333335
3872,candidate_2,candidate_1,candidate_3,3,0.0033333333333333335
3873,candidate_2,candidate_1,candidate_3,3,0.0033333333333333335
3874,candidate_2,candidate_1,candidate_3,3,0.0033333333333333335
3875,candidate_2,candidate_1,candidate_3,3,0.0033333333333333335
3876,candidate_2,candidate_1,candidate_3,3,0.0033333333333333335
3877,candidate_2,candidate_1,candidate_3,3,0.0033333333333333335
3878,candidate_2,candidate_1,candidate_3,3,0.0033333333333333335
3879,candidate_2,candidate_1,candidate_3,3,0.0033333333333333335
3880,candidate_2,candidate_1,candidate_3,3,0.0033333333333333335
3881,candidate_2,candidate_1,candidate_3,3,0.0033333333333333335
3882,candidate_2,candidate_1,candidate_3,3,0.0033333333333333335
3883,candidate_2,candidate_1,candidate_3,3,0.0033333333333333335
3884,0,candidate_1,candidate_3,3,0.0033333333333333335
3885,candidate_2,candidate_1,candidate_3,3,0.0033333333333333335
3886,candidate_2,candidate_1,candidate_3,3,0.0033333333333333335
3887,candidate_2,candidate_1,candidate_3,3,0.0033333333333333335
3888,candidate_2,candidate_1,candidate_3,3,0.0033333333333333335
3889,candidate_2,candidate_1,candidate_3,3,0.0033333333333333335
3890,candidate_2,candidate_1,candidate_3,3,0.0033333333333333335
3891,candidate_2,candidate_1,candidate_3,3,0.0033333333333333335
3892,candidate_2,candidate_1,candidate_3,3,0.0033333333333333335
3893,candidate_2,candidate_1,candidate_3,3,0.0033333333333333335
3894,candidate_2,candidate_1,candidate_3,3,0.0033333333333333335
3895,candidate_2,candidate_1,candidate_3,3,0.0033333333333333335
3896,candidate_2,candidate_1,candidate_3,3,0.0033333333333333335
3897,candidate_2,candidate_1,candidate_3,3,0.0033333333333333335
3898,candidate_2,candidate_1,candidate_3,3,0.0033333333333333335
3899,candidate_2,candidate_1,candidate_3,3,0.0033333333333333335
3900,candidate_2,candidate_1,candidate_3,3,0.0033333333333333335
3901,candidate_2,candidate_1,candidate_3,3,0.0033333333333333335
3902,candidate_2,candidate_1,candidate_3,3,0.0033333333333333335
3903,candidate_2,candidate_1,candidate_3,3,0.0033333333333333335
3904,candidate_2,candidate_1,candidate_3,3,0.0033333333333333335
3905,candidate_2,candidate_1,candidate_3,3,0.0033333333333333335
3906,candidate_2,candidate_1,candidate_3,3,0.0033333333333333335
3907,candidate_2,candidate_1,candidate_3,3,0.0033333333333333335
3908,candidate_2,candidate_1,candidate_3,3,0.0033333333333333335
3909,candidate_2,candidate_1,candidate_3,3,0.0033333333333333335
3910,candidate_2,candidate_1,candidate_3,3,0.0033333333333333335
3911,candidate_2,candidate_1,candidate_3,3,0.0033333333333333335
3912,candidate_2,candidate_1,candidate_3,3,0.0033333333333333335
3913,candidate_2,candidate_1,candidate_3,3,0.0033333333333333335
3914,candidate_2,candidate_1,candidate_3,3,0.0033333333333333335
3915,candidate_2,candidate_1,candidate_3,3,0.0033333333333333335
3916,candidate_2,candidate_1,candidate_3,3,0.0033333333333333335
3917,candidate_2,candidate_1,candidate_3,3,0.0033333333333333335
3918,candidate_2,candidate_1,candidate_3,3,0.0033333333333333335
3919,candidate_2,candidate_1,candidate_3,3,0.0033333333333333335
3920,candidate_2,candidate_1,candidate_3,3,0.0033333333333333335
3921,candidate_2,candidate_1,candidate_3,3,0.0033333333333333335
3922,candidate_2,candidate_1,candidate_3,3,0.0033333333333333335
3923,candidate_2,candidate_1,candidate_3,3,0.0033333333333333335
3924,candidate_2,candidate_1,candidate_3,3,0.0033333333333333335
3925,candidate_2,candidate_1,candidate_3,3,0.0033333333333333335
3926,candidate_2,candidate_1,0,3,0.0033333333333333335
3927,candidate_2,candidate_1,candidate_3,3,0.0033333333333333335
3928,candidate_2,candidate_1,candidate_3,3,0.0033333333333333335
3929,candidate_2,candidate_1,candidate_3,3,0.0033333333333333335
3930,candidate_2,candidate_1,candidate_3,3,0.0033333333333333335
3931,candidate_2,candidate_1,candidate_3,3,0.0033333333333333335
3932,candidate_2,candidate_1,candidate_3,3,0.0033333333333333335
3933,candidate_2,0,candidate_3,3,0.0033333333333333335
3934,candidate_2,candidate_1,candidate_3,3,0.0033333333333333335
3935,candidate_2,candidate_1,candidate_3,3,0.0033333333333333335
3936,candidate_2,candidate_1,candidate_3,3,0.0033333333333333335
3937,candidate_2,candidate_1,candidate_3,3,0.0033333333333333335
3938,candidate_2,candidate_1,candidate_3,3,0.0033333333333333335
3939,candidate_2,candidate_1,candidate_3,3,0.0033333333333333335
3940,candidate_2,candidate_1,candidate_3,3,0.0033333333333333335
3941,candidate_2,candidate_1,candidate_3,3,0.0033333333333333335
3942,candidate_2,candidate_1,candidate_3,3,0.0033333333333333335
3943,candidate_2,candidate_1,candidate_3,3,0.0033333333333333335
3944,candidate_2,candidate_1,candidate_3,3,0.0033333333333333335
3945,candidate_2,candidate_1,candidate_3,3,0.0033333333333333335
3946,candidate_2,candidate_1,candidate_3,3,0.0033333333333333335
3947,candidate_2,candidate_1,candidate_3,3,0.0033333333333333335
3948,candidate_2,candidate_1,candidate_3,3,0.0033333333333333335
3949,candidate_2,candidate_1,candidate_3,3,0.0033333333333333335
3950,candidate_2,candidate_1,candidate_3,3,0.0033333333333333335
3951,candidate_2,candidate_1,candidate_3,3,0.0033333333333333335
3952,candidate_2,candidate_1,candidate_3,3,0.0033333333333333335
3953,candidate_2,candidate_1,candidate_3,3,0.0033333333333333335
3954,candidate_2,candidate_1,candidate_3,3,0.0033333333333333335
3955,candidate_2,candidate_1,candidate_3,3,0.0033333333333333335
3956,candidate_2,candidate_1,candidate_3,3,0.0033333333333333335
3957,candidate_2,candidate_1,candidate_3,3,0.0033333333333333335
3958,candidate_2,candidate_1,candidate_3,3,0.0033333333333333335
3959,candidate_2,candidate_1,candidate_3,3,0.0033333333333333335
3960,candidate_2,candidate_1,candidate_3,3,0.0033333333333333335
3961,candidate_2,candidate_1,candidate_3,3,0.0033333333333333335
3962,candidate_2,candidate_1,candidate_3,3,0.0033333333333333335
3963,candidate_2,candidate_1,candidate_3,3,0.0033333333333333335
3964,candidate_2,candidate_1,candidate_3,3,0.0033333333333333335
3965,candidate_2,candidate_1,candidate_3,3,0.0033333333333333335
3966,candidate_2,candidate_1,candidate_3,3,0.0033333333333333335
3967,candidate_2,candidate_1,candidate_3,3,0.0033333333333333335
3968,candidate_2,candidate_1,candidate_3,3,0.0033333333333333335
3969,candidate_2,candidate_1,candidate_3,3,0.0033333333333333335
3970,candidate_2,candidate_1,candidate_3,3,0.0033333333333333335
3971,candidate_2,candidate_1,candidate_3,3,0.0033333333333333335
3972,candidate_2,candidate_1,candidate_3,3,0.0033333333333333335
3973,candidate_2,candidate_1,candidate_3,3,0.0033333333333333335
3974,candidate_2,candidate_1,candidate_3,3,0.0033333333333333335
3975,candidate_2,candidate_1,candidate_3,3,0.0033333333333333335
3976,candidate_2,candidate_1,candidate_3,3,0.0033333333333333335
3977,candidate_2,candidate_1,candidate_3,3,0.0033333333333333335
3978,candidate_2,candidate_1,candidate_3,3,0.0033333333333333335
3979,candidate_2,candidate_1,candidate_3,3,0.0033333333333333335
3980,candidate_2,candidate_1,candidate_3,3,0.0033333333333333335
3981,candidate_2,candidate_1,candidate_3,3,0.0033333333333333335
3982,candidate_2,candidate_1,candidate_3,3,0.0033333333333333335
3983,candidate_2,candidate_1,candidate_3,3,0.0033333333333333335
3984,candidate_2,candidate_1,candidate_3,3,0.0033333333333333335
3985,candidate_2,candidate_1,candidate_3,3,0.0033333333333333335
3986,candidate_2,candidate_1,candidate_3,3,0.0033333333333333335
3987,candidate_2,candidate_1,candidate_3,3,0.0033333333333333335
3988,candidate_2,candidate_1,candidate_3,3,0.0033333333333333335
3989,candidate_2,candidate_1,candidate_3,3,0.0033333333333333335
3990,candidate_2,candidate_1,candidate_3,3,0.0033333333333333335
3991,candidate_2,candidate_1,candidate_3,3,0.0033333333333333335
3992,candidate_2,candidate_1,candidate_3,3,0.0033333333333333335
3993,candidate_2,candidate_1,candidate_3,3,0.0033333333333333335
3994,candidate_2,candidate_1,candidate_3,3,0.0033333333333333335
3995,candidate_2,candidate_1,candidate_3,3,0.0033333333333333335
3996,candidate_2,candidate_1,candidate_3,3,0.0033333333333333335
3997,candidate_2,candidate_1,candidate_3,3,0.0033333333333333335
3998,candidate_2,candidate_1,candidate_3,3,0.0033333333333333335
3999,candidate_2,candidate_1,candidate_3,3,0.0033333333333333335
4000,candidate_2,candidate_1,candidate_3,3,0.0033333333333333335
4001,candidate_2,candidate_1,candidate_3,3,0.0033333333333333335
4002,candidate_2,candidate_1,candidate_3,3,0.0033333333333333335
4003,candidate_2,candidate_1,candidate_3,3,0.0033333333333333335
4004,candidate_2,candidate_1,candidate_3,3,0.0033333333333333335
4005,candidate_2,candidate_1,candidate_3,3,0.0033333333333333335
4006,candidate_2,candidate_1,candidate_3,3,0.0033333333333333335
4007,candidate_2,candidate_1,candidate_3,3,0.0033333333333333335
4008,candidate_2,0,candidate_3,3,0.0033333333333333335
4009,candidate_2,candidate_1,candidate_3,3,0.0033333333333333335
4010,candidate_2,candidate_1,candidate_3,3,0.0033333333333333335
4011,candidate_2,candidate_1,candidate_3,3,0.0033333333333333335
4012,candidate_2,candidate_1,candidate_3,3,0.0033333333333333335
4013,candidate_2,candidate_1,candidate_3,3,0.0033333333333333335
4014,candidate_2,0,candidate_3,3,0.0033333333333333335
4015,candidate_2,candidate_1,candidate_3,3,0.0033333333333333335
4016,candidate_2,candidate_1,candidate_3,3,0.0033333333333333335
4017,candidate_2,candidate_1,candidate_3,3,0.0033333333333333335
4018,candidate_2,candidate_1,candidate_3,3,0.0033333333333333335
4019,candidate_2,candidate_1,candidate_3,3,0.0033333333333333335
4020,candidate_2,candidate_1,candidate_3,3,0.0033333333333333335
4021,candidate_2,candidate_1,candidate_3,3,0.0033333333333333335
4022,candidate_2,candidate_1,candidate_3,3,0.0033333333333333335
4023,candidate_2,candidate_1,candidate_3,3,0.0033333333333333335
4024,candidate_2,candidate_1,candidate_3,3,0.0033333333333333335
4025,candidate_2,candidate_1,candidate_3,3,0.0033333333333333335
4026,candidate_2,candidate_1,candidate_3,3,0.0033333333333333335
4027,candidate_2,candidate_1,candidate_3,3,0.0033333333333333335
4028,candidate_2,candidate_1,candidate_3,3,0.0033333333333333335
4029,candidate_2,candidate_1,candidate_3,3,0.0033333333333333335
4030,candidate_2,candidate_1,candidate_3,3,0.0033333333333333335
4031,candidate_2,candidate_1,candidate_3,3,0.0033333333333333335
4032,candidate_2,candidate_1,candidate_3,3,0.0033333333333333335
4033,candidate_2,candidate_1,candidate_3,3,0.0033333333333333335
4034,candidate_2,candidate_1,candidate_3,3,0.0033333333333333335
4035,candidate_2,candidate_1,candidate_3,3,0.0033333333333333335
4036,candidate_2,candidate_1,candidate_3,3,0.0033333333333333335
4037,candidate_2,candidate_1,candidate_3,3,0.0033333333333333335
4038,candidate_2,candidate_1,candidate_3,3,0.0033333333333333335
4039,candidate_2,candidate_1,candidate_3,3,0.0033333333333333335
4040,candidate_2,candidate_1,candidate_3,3,0.0033333333333333335
4041,candidate_2,candidate_1,candidate_3,3,0.0033333333333333335
4042,candidate_2,candidate_1,candidate_3,3,0.0033333333333333335
4043,candidate_2,candidate_1,candidate_3,3,0.0033333333333333335
4044,candidate_2,candidate_1,candidate_3,3,0.0033333333333333335
4045,candidate_2,candidate_1,candidate_3,3,0.0033333333333333335
4046,0,candidate_1,candidate_3,3,0.0033333333333333335
4047,candidate_2,candidate_1,candidate_3,3,0.0033333333333333335
4048,candidate_2,candidate_1,candidate_3,3,0.0033333333333333335
4049,candidate_2,candidate_1,candidate_3,3,0.0033333333333333335
4050,candidate_2,candidate_1,candidate_3,3,0.0033333333333333335
4051,candidate_2,candidate_1,candidate_3,3,0.0033333333333333335
4052,candidate_2,candidate_1,candidate_3,3,0.0033333333333333335
4053,candidate_2,candidate_1,candidate_3,3,0.0033333333333333335
4054,candidate_2,candidate_1,candidate_3,3,0.0033333333333333335
4055,candidate_2,candidate_1,candidate_3,3,0.0033333333333333335
4056,candidate_2,candidate_1,candidate_3,3,0.0033333333333333335
4057,candidate_2,candidate_1,candidate_3,3,0.0033333333333333335
4058,candidate_2,candidate_1,candidate_3,3,0.0033333333333333335
4059,candidate_2,candidate_1,candidate_3,3,0.0033333333333333335
4060,candidate_2,candidate_1,candidate_3,3,0.0033333333333333335
4061,candidate_2,candidate_1,candidate_3,3,0.0033333333333333335
4062,0,candidate_1,candidate_3,3,0.0033333333333333335
4063,candidate_2,candidate_1,candidate_3,3,0.0033333333333333335
4064,candidate_2,candidate_1,candidate_3,3,0.0033333333333333335
4065,candidate_2,candidate_1,candidate_3,3,0.0033333333333333335
4066,candidate_2,candidate_1,candidate_3,3,0.0033333333333333335
4067,candidate_2,candidate_1,candidate_3,3,0.0033333333333333335
4068,candidate_2,candidate_1,candidate_3,3,0.0033333333333333335
4069,candidate_2,candidate_1,candidate_3,3,0.0033333333333333335
4070,candidate_2,candidate_1,candidate_3,3,0.0033333333333333335
4071,candidate_2,candidate_1,candidate_3,3,0.0033333333333333335
4072,candidate_2,candidate_1,candidate_3,3,0.0033333333333333335
4073,candidate_2,candidate_1,candidate_3,3,0.0033333333333333335
4074,candidate_2,candidate_1,candidate_3,3,0.0033333333333333335
4075,candidate_2,candidate_1,candidate_3,3,0.0033333333333333335
4076,candidate_2,candidate_1,candidate_3,3,0.0033333333333333335
4077,candidate_2,candidate_1,candidate_3,3,0.0033333333333333335
4078,candidate_2,candidate_1,candidate_3,3,0.0033333333333333335
4079,candidate_2,candidate_1,candidate_3,3,0.0033333333333333335
4080,candidate_2,candidate_1,candidate_3,3,0.0033333333333333335
4081,candidate_2,candidate_1,candidate_3,3,0.0033333333333333335
4082,candidate_2,candidate_1,candidate_3,3,0.0033333333333333335
4083,candidate_2,candidate_1,candidate_3,3,0.0033333333333333335
4084,candidate_2,candidate_1,0,3,0.0033333333333333335
4085,candidate_2,candidate_1,candidate_3,3,0.0033333333333333335
4086,candidate_2,candidate_1,candidate_3,3,0.0033333333333333335
4087,candidate_2,candidate_1,candidate_3,3,0.0033333333333333335
4088,candidate_2,candidate_1,candidate_3,3,0.0033333333333333335
4089,candidate_2,candidate_1,candidate_3,3,0.0033333333333333335
4090,candidate_2,candidate_1,candidate_3,3,0.0033333333333333335
4091,candidate_2,candidate_1,candidate_3,3,0.0033333333333333335
4092,candidate_2,candidate_1,candidate_3,3,0.0033333333333333335
4093,candidate_2,candidate_1,candidate_3,3,0.0033333333333333335
4094,candidate_2,candidate_1,candidate_3,3,0.0033333333333333335
4095,candidate_2,candidate_1,candidate_3,3,0.0033333333333333335
4096,candidate_2,candidate_1,candidate_3,3,0.0033333333333333335
4097,candidate_2,candidate_1,candidate_3,3,0.0033333333333333335
4098,candidate_2,candidate_1,candidate_3,3,0.0033333333333333335
4099,candidate_2,candidate_1,candidate_3,3,0.0033333333333333335
4100,candidate_2,candidate_1,candidate_3,3,0.0033333333333333335
4101,candidate_2,candidate_1,candidate_3,3,0.0033333333333333335
4102,candidate_2,candidate_1,candidate_3,3,0.0033333333333333335
4103,candidate_2,candidate_1,candidate_3,3,0.0033333333333333335
4104,candidate_2,candidate_1,candidate_3,3,0.0033333333333333335
4105,candidate_2,candidate_1,candidate_3,3,0.0033333333333333335
4106,0,candidate_1,candidate_3,3,0.0033333333333333335
4107,candidate_2,candidate_1,candidate_3,3,0.0033333333333333335
4108,candidate_2,candidate_1,candidate_3,3,0.0033333333333333335
4109,candidate_2,candidate_1,candidate_3,3,0.0033333333333333335
4110,candidate_2,candidate_1,candidate_3,3,0.0033333333333333335
4111,candidate_2,candidate_1,candidate_3,3,0.0033333333333333335
4112,candidate_2,candidate_1,candidate_3,3,0.0033333333333333335
4113,candidate_2,candidate_1,candidate_3,3,0.0033333333333333335
4114,candidate_2,candidate_1,candidate_3,3,0.0033333333333333335
4115,candidate_2,candidate_1,candidate_3,3,0.0033333333333333335
4116,candidate_2,candidate_1,candidate_3,3,0.0033333333333333335
4117,candidate_2,candidate_1,candidate_3,3,0.0033333333333333335
4118,candidate_2,candidate_1,candidate_3,3,0.0033333333333333335
4119,candidate_2,candidate_1,candidate_3,3,0.0033333333333333335
4120,candidate_2,candidate_1,candidate_3,3,0.0033333333333333335
4121,candidate_2,candidate_1,candidate_3,3,0.0033333333333333335
4122,candidate_2,candidate_1,candidate_3,3,0.0033333333333333335
4123,candidate_2,candidate_1,candidate_3,3,0.0033333333333333335
4124,candidate_2,candidate_1,candidate_3,3,0.0033333333333333335
4125,candidate_2,candidate_1,candidate_3,3,0.0033333333333333335
4126,candidate_2,candidate_1,candidate_3,3,0.0033333333333333335
4127,candidate_2,candidate_1,candidate_3,3,0.0033333333333333335
4128,candidate_2,candidate_1,candidate_3,3,0.0033333333333333335
4129,candidate_2,candidate_1,candidate_3,3,0.0033333333333333335
4130,candidate_2,candidate_1,candidate_3,3,0.0033333333333333335
4131,candidate_2,candidate_1,candidate_3,3,0.0033333333333333335
4132,candidate_2,candidate_1,candidate_3,3,0.0033333333333333335
4133,candidate_2,candidate_1,candidate_3,3,0.0033333333333333335
4134,candidate_2,candidate_1,candidate_3,3,0.0033333333333333335
4135,candidate_2,candidate_1,candidate_3,3,0.0033333333333333335
4136,candidate_2,candidate_1,candidate_3,3,0.0033333333333333335
4137,candidate_2,candidate_1,candidate_3,3,0.0033333333333333335
4138,candidate_2,candidate_1,candidate_3,3,0.0033333333333333335
4139,candidate_2,candidate_1,candidate_3,3,0.0033333333333333335
4140,candidate_2,candidate_1,candidate_3,3,0.0033333333333333335
4141,candidate_2,candidate_1,candidate_3,3,0.0033333333333333335
4142,candidate_2,candidate_1,candidate_3,3,0.0033333333333333335
4143,candidate_2,candidate_1,candidate_3,3,0.0033333333333333335
4144,candidate_2,candidate_1,candidate_3,3,0.0033333333333333335
4145,candidate_2,candidate_1,candidate_3,3,0.0033333333333333335
4146,candidate_2,candidate_1,candidate_3,3,0.0033333333333333335
4147,candidate_2,candidate_1,candidate_3,3,0.0033333333333333335
4148,candidate_2,candidate_1,candidate_3,3,0.0033333333333333335
4149,candidate_2,candidate_1,candidate_3,3,0.0033333333333333335
4150,candidate_2,candidate_1,candidate_3,3,0.0033333333333333335
4151,candidate_2,candidate_1,candidate_3,3,0.0033333333333333335
4152,candidate_2,candidate_1,candidate_3,3,0.0033333333333333335
4153,candidate_2,candidate_1,candidate_3,3,0.0033333333333333335
4154,candidate_2,candidate_1,candidate_3,3,0.0033333333333333335
4155,candidate_2,candidate_1,candidate_3,3,0.0033333333333333335
4156,candidate_2,candidate_1,candidate_3,3,0.0033333333333333335
4157,candidate_2,candidate_1,candidate_3,3,0.0033333333333333335
4158,candidate_2,candidate_1,candidate_3,3,0.0033333333333333335
4159,candidate_2,candidate_1,candidate_3,3,0.0033333333333333335
4160,candidate_2,candidate_1,candidate_3,3,0.0033333333333333335
4161,candidate_2,candidate_1,candidate_3,3,0.0033333333333333335
4162,candidate_2,candidate_1,candidate_3,3,0.0033333333333333335
4163,candidate_2,candidate_1,candidate_3,3,0.0033333333333333335
4164,candidate_2,candidate_1,candidate_3,3,0.0033333333333333335
4165,candidate_2,candidate_1,candidate_3,3,0.0033333333333333335
4166,candidate_2,candidate_1,candidate_3,3,0.0033333333333333335
4167,candidate_2,candidate_1,candidate_3,3,0.0033333333333333335
4168,candidate_2,candidate_1,candidate_3,3,0.0033333333333333335
4169,candidate_2,candidate_1,candidate_3,3,0.0033333333333333335
4170,candidate_2,candidate_1,candidate_3,3,0.0033333333333333335
4171,candidate_2,candidate_1,candidate_3,3,0.0033333333333333335
4172,candidate_2,candidate_1,candidate_3,3,0.0033333333333333335
4173,candidate_2,candidate_1,candidate_3,3,0.0033333333333333335
4174,candidate_2,candidate_1,candidate_3,3,0.0033333333333333335
4175,candidate_2,candidate_1,candidate_3,3,0.0033333333333333335
4176,candidate_2,candidate_1,candidate_3,3,0.0033333333333333335
4177,candidate_2,candidate_1,candidate_3,3,0.0033333333333333335
4178,candidate_2,candidate_1,candidate_3,3,0.0033333333333333335
4179,candidate_2,candidate_1,candidate_3,3,0.0033333333333333335
4180,candidate_2,candidate_1,candidate_3,3,0.0033333333333333335
4181,candidate_2,candidate_1,candidate_3,3,0.0033333333333333335
4182,candidate_2,candidate_1,candidate_3,3,0.0033333333333333335
4183,candidate_2,candidate_1,candidate_3,3,0.0033333333333333335
4184,candidate_2,candidate_1,candidate_3,3,0.0033333333333333335
4185,candidate_2,candidate_1,candidate_3,3,0.0033333333333333335
4186,candidate_2,candidate_1,candidate_3,3,0.0033333333333333335
4187,candidate_2,candidate_1,candidate_3,3,0.0033333333333333335
4188,candidate_2,candidate_1,candidate_3,3,0.0033333333333333335
4189,candidate_2,candidate_1,candidate_3,3,0.0033333333333333335
4190,candidate_2,candidate_1,candidate_3,3,0.0033333333333333335
4191,candidate_2,candidate_1,candidate_3,3,0.0033333333333333335
4192,candidate_2,candidate_1,candidate_3,3,0.0033333333333333335
4193,candidate_2,candidate_1,candidate_3,3,0.0033333333333333335
4194,candidate_2,candidate_1,candidate_3,3,0.0033333333333333335
4195,candidate_2,candidate_1,candidate_3,3,0.0033333333333333335
4196,candidate_2,candidate_1,candidate_3,3,0.0033333333333333335
4197,candidate_2,candidate_1,candidate_3,3,0.0033333333333333335
4198,candidate_2,candidate_1,candidate_3,3,0.0033333333333333335
4199,candidate_2,candidate_1,candidate_3,3,0.0033333333333333335
4200,candidate_2,candidate_1,candidate_3,3,0.0033333333333333335
4201,candidate_2,candidate_1,candidate_3,3,0.0033333333333333335
4202,candidate_2,candidate_1,candidate_3,3,0.0033333333333333335
4203,candidate_2,candidate_1,candidate_3,3,0.0033333333333333335
4204,candidate_2,candidate_1,candidate_3,3,0.0033333333333333335
4205,candidate_2,candidate_1,candidate_3,3,0.0033333333333333335
4206,candidate_2,candidate_1,candidate_3,3,0.0033333333333333335
4207,candidate_2,candidate_1,candidate_3,3,0.0033333333333333335
4208,candidate_2,candidate_1,candidate_3,3,0.0033333333333333335
4209,candidate_2,candidate_1,candidate_3,3,0.0033333333333333335
4210,candidate_2,candidate_1,candidate_3,3,0.0033333333333333335
4211,candidate_2,candidate_1,candidate_3,3,0.0033333333333333335
4212,candidate_2,candidate_1,candidate_3,3,0.0033333333333333335
4213,candidate_2,candidate_1,candidate_3,3,0.0033333333333333335
4214,candidate_2,candidate_1,candidate_3,3,0.0033333333333333335
4215,candidate_2,candidate_1,candidate_3,3,0.0033333333333333335
4216,candidate_2,candidate_1,candidate_3,3,0.0033333333333333335
4217,candidate_2,candidate_1,candidate_3,3,0.0033333333333333335
4218,candidate_2,candidate_1,candidate_3,3,0.0033333333333333335
4219,candidate_2,candidate_1,candidate_3,3,0.0033333333333333335
4220,candidate_2,candidate_1,candidate_3,3,0.0033333333333333335
4221,candidate_2,candidate_1,candidate_3,3,0.0033333333333333335
4222,candidate_2,candidate_1,candidate_3,3,0.0033333333333333335
4223,candidate_2,candidate_1,candidate_3,3,0.0033333333333333335
4224,candidate_2,candidate_1,candidate_3,3,0.0033333333333333335
4225,candidate_2,candidate_1,candidate_3,3,0.0033333333333333335
4226,candidate_2,candidate_1,candidate_3,3,0.0033333333333333335
4227,candidate_2,candidate_1,candidate_3,3,0.0033333333333333335
4228,0,candidate_1,candidate_3,3,0.0033333333333333335
4229,candidate_2,candidate_1,candidate_3,3,0.0033333333333333335
4230,candidate_2,candidate_1,candidate_3,3,0.0033333333333333335
4231,candidate_2,candidate_1,candidate_3,3,0.0033333333333333335
4232,candidate_2,candidate_1,candidate_3,3,0.0033333333333333335
4233,candidate_2,candidate_1,candidate_3,3,0.0033333333333333335
4234,candidate_2,candidate_1,candidate_3,3,0.0033333333333333335
4235,candidate_2,candidate_1,candidate_3,3,0.0033333333333333335
4236,candidate_2,candidate_1,candidate_3,3,0.0033333333333333335
4237,candidate_2,candidate_1,candidate_3,3,0.0033333333333333335
4238,candidate_2,candidate_1,candidate_3,3,0.0033333333333333335
4239,candidate_2,candidate_1,candidate_3,3,0.0033333333333333335
4240,candidate_2,candidate_1,candidate_3,3,0.0033333333333333335
4241,candidate_2,candidate_1,candidate_3,3,0.0033333333333333335
4242,candidate_2,candidate_1,candidate_3,3,0.0033333333333333335
4243,candidate_2,candidate_1,candidate_3,3,0.0033333333333333335
4244,candidate_2,candidate_1,candidate_3,3,0.0033333333333333335
4245,candidate_2,candidate_1,candidate_3,3,0.0033333333333333335
4246,candidate_2,candidate_1,candidate_3,3,0.0033333333333333335
4247,candidate_2,candidate_1,candidate_3,3,0.0033333333333333335
4248,candidate_2,candidate_1,candidate_3,3,0.0033333333333333335
4249,candidate_2,candidate_1,candidate_3,3,0.0033333333333333335
4250,candidate_2,candidate_1,candidate_3,3,0.0033333333333333335
4251,candidate_2,candidate_1,candidate_3,3,0.0033333333333333335
4252,0,candidate_1,candidate_3,3,0.0033333333333333335
4253,candidate_2,candidate_1,candidate_3,3,0.0033333333333333335
4254,candidate_2,candidate_1,candidate_3,3,0.0033333333333333335
4255,candidate_2,candidate_1,candidate_3,3,0.0033333333333333335
4256,candidate_2,candidate_1,candidate_3,3,0.0033333333333333335
4257,candidate_2,candidate_1,candidate_3,3,0.0033333333333333335
4258,candidate_2,candidate_1,candidate_3,3,0.0033333333333333335
4259,candidate_2,candidate_1,candidate_3,3,0.0033333333333333335
4260,candidate_2,candidate_1,candidate_3,3,0.0033333333333333335
4261,candidate_2,candidate_1,candidate_3,3,0.0033333333333333335
4262,candidate_2,candidate_1,candidate_3,3,0.0033333333333333335
4263,candidate_2,candidate_1,candidate_3,3,0.0033333333333333335
4264,candidate_2,candidate_1,candidate_3,3,0.0033333333333333335
4265,candidate_2,candidate_1,candidate_3,3,0.0033333333333333335
4266,candidate_2,candidate_1,candidate_3,3,0.0033333333333333335
4267,candidate_2,candidate_1,candidate_3,3,0.0033333333333333335
4268,candidate_2,candidate_1,candidate_3,3,0.0033333333333333335
4269,candidate_2,candidate_1,candidate_3,3,0.0033333333333333335
4270,candidate_2,candidate_1,candidate_3,3,0.0033333333333333335
4271,candidate_2,candidate_1,candidate_3,3,0.0033333333333333335
4272,candidate_2,candidate_1,candidate_3,3,0.0033333333333333335
4273,candidate_2,candidate_1,candidate_3,3,0.0033333333333333335
4274,candidate_2,candidate_1,candidate_3,3,0.0033333333333333335
4275,candidate_2,candidate_1,candidate_3,3,0.0033333333333333335
4276,candidate_2,candidate_1,candidate_3,3,0.0033333333333333335
4277,candidate_2,candidate_1,candidate_3,3,0.0033333333333333335
4278,candidate_2,candidate_1,candidate_3,3,0.0033333333333333335
4279,candidate_2,candidate_1,candidate_3,3,0.0033333333333333335
4280,candidate_2,candidate_1,candidate_3,3,0.0033333333333333335
4281,candidate_2,candidate_1,candidate_3,3,0.0033333333333333335
4282,candidate_2,candidate_1,candidate_3,3,0.0033333333333333335
4283,candidate_2,candidate_1,candidate_3,3,0.0033333333333333335
4284,candidate_2,candidate_1,candidate_3,3,0.0033333333333333335
4285,candidate_2,candidate_1,candidate_3,3,0.0033333333333333335
4286,candidate_2,candidate_1,candidate_3,3,0.0033333333333333335
4287,candidate_2,candidate_1,candidate_3,3,0.0033333333333333335
4288,candidate_2,candidate_1,candidate_3,3,0.0033333333333333335
4289,candidate_2,candidate_1,candidate_3,3,0.0033333333333333335
4290,candidate_2,candidate_1,candidate_3,3,0.0033333333333333335
4291,candidate_2,candidate_1,candidate_3,3,0.0033333333333333335
4292,candidate_2,candidate_1,candidate_3,3,0.0033333333333333335
4293,candidate_2,candidate_1,candidate_3,3,0.0033333333333333335
4294,candidate_2,candidate_1,candidate_3,3,0.0033333333333333335
4295,candidate_2,candidate_1,candidate_3,3,0.0033333333333333335
4296,candidate_2,candidate_1,candidate_3,3,0.0033333333333333335
4297,candidate_2,candidate_1,candidate_3,3,0.0033333333333333335
4298,candidate_2,candidate_1,candidate_3,3,0.0033333333333333335
4299,candidate_2,candidate_1,candidate_3,3,0.0033333333333333335
4300,candidate_2,candidate_1,candidate_3,3,0.0033333333333333335
4301,candidate_2,candidate_1,candidate_3,3,0.0033333333333333335
4302,candidate_2,candidate_1,candidate_3,3,0.0033333333333333335
4303,candidate_2,candidate_1,candidate_3,3,0.0033333333333333335
4304,candidate_2,candidate_1,candidate_3,3,0.0033333333333333335
4305,candidate_2,candidate_1,candidate_3,3,0.0033333333333333335
4306,candidate_2,candidate_1,candidate_3,3,0.0033333333333333335
4307,candidate_2,candidate_1,candidate_3,3,0.0033333333333333335
4308,candidate_2,candidate_1,candidate_3,3,0.0033333333333333335
4309,candidate_2,candidate_1,candidate_3,3,0.0033333333333333335
4310,candidate_2,candidate_1,candidate_3,3,0.0033333333333333335
4311,candidate_2,candidate_1,candidate_3,3,0.0033333333333333335
4312,candidate_2,candidate_1,candidate_3,3,0.0033333333333333335
4313,candidate_2,candidate_1,candidate_3,3,0.0033333333333333335
4314,candidate_2,candidate_1,candidate_3,3,0.0033333333333333335
4315,candidate_2,candidate_1,candidate_3,3,0.0033333333333333335
4316,candidate_2,candidate_1,candidate_3,3,0.0033333333333333335
4317,candidate_2,candidate_1,candidate_3,3,0.0033333333333333335
4318,candidate_2,candidate_1,candidate_3,3,0.0033333333333333335
4319,candidate_2,candidate_1,candidate_3,3,0.0033333333333333335
4320,candidate_2,candidate_1,candidate_3,3,0.0033333333333333335
4321,candidate_2,candidate_1,candidate_3,3,0.0033333333333333335
4322,candidate_2,candidate_1,candidate_3,3,0.0033333333333333335
4323,candidate_2,candidate_1,candidate_3,3,0.0033333333333333335
4324,candidate_2,candidate_1,candidate_3,3,0.0033333333333333335
4325,candidate_2,candidate_1,candidate_3,3,0.0033333333333333335
4326,candidate_2,candidate_1,candidate_3,3,0.0033333333333333335
4327,candidate_2,candidate_1,candidate_3,3,0.0033333333333333335
4328,candidate_2,candidate_1,candidate_3,3,0.0033333333333333335
4329,candidate_2,candidate_1,candidate_3,3,0.0033333333333333335
4330,candidate_2,candidate_1,candidate_3,3,0.0033333333333333335
4331,candidate_2,candidate_1,candidate_3,3,0.0033333333333333335
4332,candidate_2,candidate_1,candidate_3,3,0.0033333333333333335
4333,candidate_2,candidate_1,candidate_3,3,0.0033333333333333335
4334,candidate_2,candidate_1,candidate_3,3,0.0033333333333333335
4335,candidate_2,candidate_1,candidate_3,3,0.0033333333333333335
4336,candidate_2,candidate_1,candidate_3,3,0.0033333333333333335
4337,candidate_2,candidate_1,candidate_3,3,0.0033333333333333335
4338,candidate_2,candidate_1,candidate_3,3,0.0033333333333333335
4339,candidate_2,candidate_1,candidate_3,3,0.0033333333333333335
4340,candidate_2,candidate_1,candidate_3,3,0.0033333333333333335
4341,candidate_2,candidate_1,candidate_3,3,0.0033333333333333335
4342,candidate_2,candidate_1,candidate_3,3,0.0033333333333333335
4343,candidate_2,candidate_1,candidate_3,3,0.0033333333333333335
4344,candidate_2,candidate_1,candidate_3,3,0.0033333333333333335
4345,candidate_2,candidate_1,candidate_3,3,0.0033333333333333335
4346,candidate_2,candidate_1,candidate_3,3,0.0033333333333333335
4347,candidate_2,candidate_1,candidate_3,3,0.0033333333333333335
4348,candidate_2,candidate_1,candidate_3,3,0.0033333333333333335
4349,candidate_2,candidate_1,candidate_3,3,0.0033333333333333335
4350,candidate_2,candidate_1,candidate_3,3,0.0033333333333333335
4351,candidate_2,candidate_1,candidate_3,3,0.0033333333333333335
4352,candidate_2,candidate_1,candidate_3,3,0.0033333333333333335
4353,candidate_2,candidate_1,candidate_3,3,0.0033333333333333335
4354,candidate_2,candidate_1,candidate_3,3,0.0033333333333333335
4355,candidate_2,candidate_1,candidate_3,3,0.0033333333333333335
4356,candidate_2,candidate_1,candidate_3,3,0.0033333333333333335
4357,candidate_2,candidate_1,candidate_3,3,0.0033333333333333335
4358,candidate_2,candidate_1,candidate_3,3,0.0033333333333333335
4359,candidate_2,candidate_1,candidate_3,3,0.0033333333333333335
4360,candidate_2,candidate_1,candidate_3,3,0.0033333333333333335
4361,candidate_2,candidate_1,candidate_3,3,0.0033333333333333335
4362,candidate_2,candidate_1,candidate_3,3,0.0033333333333333335
4363,candidate_2,candidate_1,candidate_3,3,0.0033333333333333335
4364,candidate_2,candidate_1,candidate_3,3,0.0033333333333333335
4365,candidate_2,candidate_1,candidate_3,3,0.0033333333333333335
4366,candidate_2,candidate_1,candidate_3,3,0.0033333333333333335
4367,candidate_2,candidate_1,candidate_3,3,0.0033333333333333335
4368,candidate_2,candidate_1,candidate_3,3,0.0033333333333333335
4369,candidate_2,candidate_1,candidate_3,3,0.0033333333333333335
4370,candidate_2,candidate_1,candidate_3,3,0.0033333333333333335
4371,candidate_2,candidate_1,candidate_3,3,0.0033333333333333335
4372,candidate_2,candidate_1,candidate_3,3,0.0033333333333333335
4373,candidate_2,candidate_1,candidate_3,3,0.0033333333333333335
4374,candidate_2,candidate_1,candidate_3,3,0.0033333333333333335
4375,candidate_2,candidate_1,candidate_3,3,0.0033333333333333335
4376,candidate_2,candidate_1,candidate_3,3,0.0033333333333333335
4377,candidate_2,candidate_1,candidate_3,3,0.0033333333333333335
4378,0,candidate_1,candidate_3,3,0.0033333333333333335
4379,candidate_2,candidate_1,candidate_3,3,0.0033333333333333335
4380,candidate_2,candidate_1,candidate_3,3,0.0033333333333333335
4381,candidate_2,candidate_1,candidate_3,3,0.0033333333333333335
4382,candidate_2,candidate_1,candidate_3,3,0.0033333333333333335
4383,candidate_2,candidate_1,candidate_3,3,0.0033333333333333335
4384,candidate_2,candidate_1,candidate_3,3,0.0033333333333333335
4385,candidate_2,candidate_1,candidate_3,3,0.0033333333333333335
4386,candidate_2,candidate_1,candidate_3,3,0.0033333333333333335
4387,candidate_2,candidate_1,candidate_3,3,0.0033333333333333335
4388,candidate_2,candidate_1,candidate_3,3,0.0033333333333333335
4389,candidate_2,candidate_1,candidate_3,3,0.0033333333333333335
4390,candidate_2,candidate_1,candidate_3,3,0.0033333333333333335
4391,candidate_2,candidate_1,candidate_3,3,0.0033333333333333335
4392,candidate_2,candidate_1,candidate_3,3,0.0033333333333333335
4393,candidate_2,candidate_1,candidate_3,3,0.0033333333333333335
4394,candidate_2,candidate_1,candidate_3,3,0.0033333333333333335
4395,candidate_2,candidate_1,candidate_3,3,0.0033333333333333335
4396,candidate_2,candidate_1,candidate_3,3,0.0033333333333333335
4397,candidate_2,candidate_1,candidate_3,3,0.0033333333333333335
4398,candidate_2,candidate_1,candidate_3,3,0.0033333333333333335
4399,candidate_2,candidate_1,candidate_3,3,0.0033333333333333335
4400,candidate_2,candidate_1,candidate_3,3,0.0033333333333333335
4401,candidate_2,candidate_1,candidate_3,3,0.0033333333333333335
4402,candidate_2,candidate_1,candidate_3,3,0.0033333333333333335
4403,candidate_2,candidate_1,candidate_3,3,0.0033333333333333335
4404,candidate_2,candidate_1,candidate_3,3,0.0033333333333333335
4405,candidate_2,candidate_1,candidate_3,3,0.0033333333333333335
4406,candidate_2,candidate_1,candidate_3,3,0.0033333333333333335
4407,candidate_2,candidate_1,candidate_3,3,0.0033333333333333335
4408,candidate_2,candidate_1,candidate_3,3,0.0033333333333333335
4409,candidate_2,candidate_1,candidate_3,3,0.0033333333333333335
4410,candidate_2,candidate_1,candidate_3,3,0.0033333333333333335
4411,candidate_2,candidate_1,candidate_3,3,0.0033333333333333335
4412,candidate_2,candidate_1,candidate_3,3,0.0033333333333333335
4413,candidate_2,candidate_1,candidate_3,3,0.0033333333333333335
4414,candidate_2,candidate_1,candidate_3,3,0.0033333333333333335
4415,candidate_2,candidate_1,candidate_3,3,0.0033333333333333335
4416,candidate_2,candidate_1,candidate_3,3,0.0033333333333333335
4417,candidate_2,candidate_1,candidate_3,3,0.0033333333333333335
4418,candidate_2,candidate_1,candidate_3,3,0.0033333333333333335
4419,candidate_2,candidate_1,candidate_3,3,0.0033333333333333335
4420,candidate_2,candidate_1,candidate_3,3,0.0033333333333333335
4421,candidate_2,candidate_1,candidate_3,3,0.0033333333333333335
4422,candidate_2,candidate_1,candidate_3,3,0.0033333333333333335
4423,candidate_2,candidate_1,candidate_3,3,0.0033333333333333335
4424,candidate_2,candidate_1,candidate_3,3,0.0033333333333333335
4425,candidate_2,candidate_1,candidate_3,3,0.0033333333333333335
4426,candidate_2,candidate_1,candidate_3,3,0.0033333333333333335
4427,0,candidate_1,candidate_3,3,0.0033333333333333335
4428,candidate_2,candidate_1,candidate_3,3,0.0033333333333333335
4429,candidate_2,candidate_1,candidate_3,3,0.0033333333333333335
4430,candidate_2,candidate_1,candidate_3,3,0.0033333333333333335
4431,candidate_2,candidate_1,candidate_3,3,0.0033333333333333335
4432,candidate_2,candidate_1,candidate_3,3,0.0033333333333333335
4433,candidate_2,candidate_1,candidate_3,3,0.0033333333333333335
4434,candidate_2,candidate_1,candidate_3,3,0.0033333333333333335
4435,candidate_2,candidate_1,candidate_3,3,0.0033333333333333335
4436,candidate_2,candidate_1,candidate_3,3,0.0033333333333333335
4437,candidate_2,candidate_1,candidate_3,3,0.0033333333333333335
4438,candidate_2,candidate_1,candidate_3,3,0.0033333333333333335
4439,candidate_2,candidate_1,candidate_3,3,0.0033333333333333335
4440,candidate_2,candidate_1,candidate_3,3,0.0033333333333333335
4441,candidate_2,candidate_1,candidate_3,3,0.0033333333333333335
4442,candidate_2,candidate_1,candidate_3,3,0.0033333333333333335
4443,candidate_2,candidate_1,candidate_3,3,0.0033333333333333335
4444,candidate_2,candidate_1,candidate_3,3,0.0033333333333333335
4445,candidate_2,candidate_1,candidate_3,3,0.0033333333333333335
4446,candidate_2,candidate_1,candidate_3,3,0.0033333333333333335
4447,candidate_2,candidate_1,candidate_3,3,0.0033333333333333335
4448,candidate_2,candidate_1,candidate_3,3,0.0033333333333333335
4449,candidate_2,candidate_1,candidate_3,3,0.0033333333333333335
4450,candidate_2,candidate_1,candidate_3,3,0.0033333333333333335
4451,candidate_2,candidate_1,candidate_3,3,0.0033333333333333335
4452,candidate_2,candidate_1,candidate_3,3,0.0033333333333333335
4453,candidate_2,candidate_1,candidate_3,3,0.0033333333333333335
4454,candidate_2,candidate_1,candidate_3,3,0.0033333333333333335
4455,candidate_2,candidate_1,candidate_3,3,0.0033333333333333335
4456,candidate_2,candidate_1,candidate_3,3,0.0033333333333333335
4457,candidate_2,candidate_1,candidate_3,3,0.0033333333333333335
4458,candidate_2,candidate_1,candidate_3,3,0.0033333333333333335
4459,candidate_2,candidate_1,candidate_3,3,0.0033333333333333335
4460,candidate_2,candidate_1,candidate_3,3,0.0033333333333333335
4461,candidate_2,candidate_1,candidate_3,3,0.0033333333333333335
4462,candidate_2,candidate_1,candidate_3,3,0.0033333333333333335
4463,candidate_2,candidate_1,candidate_3,3,0.0033333333333333335
4464,candidate_2,candidate_1,candidate_3,3,0.0033333333333333335
4465,candidate_2,candidate_1,candidate_3,3,0.0033333333333333335
4466,candidate_2,candidate_1,candidate_3,3,0.0033333333333333335
4467,candidate_2,candidate_1,candidate_3,3,0.0033333333333333335
4468,candidate_2,candidate_1,candidate_3,3,0.0033333333333333335
4469,candidate_2,candidate_1,candidate_3,3,0.0033333333333333335
4470,candidate_2,candidate_1,candidate_3,3,0.0033333333333333335
4471,candidate_2,candidate_1,candidate_3,3,0.0033333333333333335
4472,candidate_2,candidate_1,candidate_3,3,0.0033333333333333335
4473,candidate_2,candidate_1,candidate_3,3,0.0033333333333333335
4474,candidate_2,candidate_1,candidate_3,3,0.0033333333333333335
4475,candidate_2,candidate_1,candidate_3,3,0.0033333333333333335
4476,candidate_2,candidate_1,candidate_3,3,0.0033333333333333335
4477,candidate_2,candidate_1,candidate_3,3,0.0033333333333333335
4478,candidate_2,candidate_1,candidate_3,3,0.0033333333333333335
4479,candidate_2,candidate_1,candidate_3,3,0.0033333333333333335
4480,candidate_2,candidate_1,candidate_3,3,0.0033333333333333335
4481,candidate_2,candidate_1,candidate_3,3,0.0033333333333333335
4482,candidate_2,candidate_1,candidate_3,3,0.0033333333333333335
4483,candidate_2,candidate_1,candidate_3,3,0.0033333333333333335
4484,candidate_2,candidate_1,candidate_3,3,0.0033333333333333335
4485,candidate_2,candidate_1,candidate_3,3,0.0033333333333333335
4486,candidate_2,candidate_1,candidate_3,3,0.0033333333333333335
4487,candidate_2,candidate_1,candidate_3,3,0.0033333333333333335
4488,candidate_2,candidate_1,candidate_3,3,0.0033333333333333335
4489,candidate_2,candidate_1,candidate_3,3,0.0033333333333333335
4490,candidate_2,candidate_1,candidate_3,3,0.0033333333333333335
4491,candidate_2,candidate_1,candidate_3,3,0.0033333333333333335
4492,candidate_2,candidate_1,candidate_3,3,0.0033333333333333335
4493,candidate_2,candidate_1,candidate_3,3,0.0033333333333333335
4494,candidate_2,candidate_1,candidate_3,3,0.0033333333333333335
4495,candidate_2,candidate_1,candidate_3,3,0.0033333333333333335
4496,candidate_2,candidate_1,candidate_3,3,0.0033333333333333335
4497,candidate_2,candidate_1,candidate_3,3,0.0033333333333333335
4498,candidate_2,candidate_1,candidate_3,3,0.0033333333333333335
4499,candidate_2,candidate_1,candidate_3,3,0.0033333333333333335
4500,candidate_2,candidate_1,candidate_3,3,0.0033333333333333335
4501,candidate_2,candidate_1,candidate_3,3,0.0033333333333333335
4502,candidate_2,candidate_1,candidate_3,3,0.0033333333333333335
4503,candidate_2,candidate_1,candidate_3,3,0.0033333333333333335
4504,candidate_2,candidate_1,candidate_3,3,0.0033333333333333335
4505,candidate_2,candidate_1,candidate_3,3,0.0033333333333333335
4506,candidate_2,candidate_1,candidate_3,3,0.0033333333333333335
4507,candidate_2,candidate_1,0,3,0.0033333333333333335
4508,candidate_2,candidate_1,candidate_3,3,0.0033333333333333335
4509,candidate_2,candidate_1,candidate_3,3,0.0033333333333333335
4510,candidate_2,candidate_1,candidate_3,3,0.0033333333333333335
4511,candidate_2,candidate_1,candidate_3,3,0.0033333333333333335
4512,candidate_2,candidate_1,candidate_3,3,0.0033333333333333335
4513,candidate_2,candidate_1,candidate_3,3,0.0033333333333333335
4514,candidate_2,candidate_1,candidate_3,3,0.0033333333333333335
4515,candidate_2,candidate_1,candidate_3,3,0.0033333333333333335
4516,candidate_2,candidate_1,candidate_3,3,0.0033333333333333335
4517,candidate_2,candidate_1,candidate_3,3,0.0033333333333333335
4518,candidate_2,candidate_1,candidate_3,3,0.0033333333333333335
4519,candidate_2,candidate_1,candidate_3,3,0.0033333333333333335
4520,candidate_2,candidate_1,candidate_3,3,0.0033333333333333335
4521,candidate_2,candidate_1,candidate_3,3,0.0033333333333333335
4522,candidate_2,candidate_1,candidate_3,3,0.0033333333333333335
4523,candidate_2,candidate_1,candidate_3,3,0.0033333333333333335
4524,candidate_2,candidate_1,candidate_3,3,0.0033333333333333335
4525,candidate_2,candidate_1,candidate_3,3,0.0033333333333333335
4526,candidate_2,candidate_1,candidate_3,3,0.0033333333333333335
4527,candidate_2,candidate_1,candidate_3,3,0.0033333333333333335
4528,candidate_2,candidate_1,candidate_3,3,0.0033333333333333335
4529,candidate_2,candidate_1,candidate_3,3,0.0033333333333333335
4530,candidate_2,candidate_1,candidate_3,3,0.0033333333333333335
4531,candidate_2,candidate_1,candidate_3,3,0.0033333333333333335
4532,candidate_2,candidate_1,candidate_3,3,0.0033333333333333335
4533,candidate_2,candidate_1,candidate_3,3,0.0033333333333333335
4534,candidate_2,candidate_1,candidate_3,3,0.0033333333333333335
4535,candidate_2,candidate_1,candidate_3,3,0.0033333333333333335
4536,candidate_2,candidate_1,candidate_3,3,0.0033333333333333335
4537,candidate_2,candidate_1,candidate_3,3,0.0033333333333333335
4538,candidate_2,candidate_1,candidate_3,3,0.0033333333333333335
4539,candidate_2,candidate_1,candidate_3,3,0.0033333333333333335
4540,candidate_2,candidate_1,0,3,0.0033333333333333335
4541,candidate_2,candidate_1,candidate_3,3,0.0033333333333333335
4542,candidate_2,candidate_1,candidate_3,3,0.0033333333333333335
4543,candidate_2,candidate_1,candidate_3,3,0.0033333333333333335
4544,candidate_2,candidate_1,candidate_3,3,0.0033333333333333335
4545,candidate_2,candidate_1,candidate_3,3,0.0033333333333333335
4546,candidate_2,candidate_1,candidate_3,3,0.0033333333333333335
4547,candidate_2,candidate_1,candidate_3,3,0.0033333333333333335
4548,candidate_2,candidate_1,candidate_3,3,0.0033333333333333335
4549,candidate_2,candidate_1,candidate_3,3,0.0033333333333333335
4550,candidate_2,candidate_1,candidate_3,3,0.0033333333333333335
4551,candidate_2,candidate_1,candidate_3,3,0.0033333333333333335
4552,candidate_2,candidate_1,candidate_3,3,0.0033333333333333335
4553,candidate_2,candidate_1,candidate_3,3,0.0033333333333333335
4554,candidate_2,candidate_1,candidate_3,3,0.0033333333333333335
4555,candidate_2,candidate_1,candidate_3,3,0.0033333333333333335
4556,candidate_2,candidate_1,candidate_3,3,0.0033333333333333335
4557,candidate_2,candidate_1,candidate_3,3,0.0033333333333333335
4558,candidate_2,candidate_1,candidate_3,3,0.0033333333333333335
4559,candidate_2,candidate_1,candidate_3,3,0.0033333333333333335
4560,candidate_2,candidate_1,candidate_3,3,0.0033333333333333335
4561,candidate_2,candidate_1,candidate_3,3,0.0033333333333333335
4562,candidate_2,candidate_1,candidate_3,3,0.0033333333333333335
4563,candidate_2,candidate_1,candidate_3,3,0.0033333333333333335
4564,candidate_2,candidate_1,candidate_3,3,0.0033333333333333335
4565,candidate_2,candidate_1,candidate_3,3,0.0033333333333333335
4566,candidate_2,candidate_1,candidate_3,3,0.0033333333333333335
4567,candidate_2,candidate_1,candidate_3,3,0.0033333333333333335
4568,candidate_2,candidate_1,candidate_3,3,0.0033333333333333335
4569,candidate_2,candidate_1,candidate_3,3,0.0033333333333333335
4570,candidate_2,candidate_1,candidate_3,3,0.0033333333333333335
4571,candidate_2,candidate_1,candidate_3,3,0.0033333333333333335
4572,candidate_2,candidate_1,candidate_3,3,0.0033333333333333335
4573,candidate_2,candidate_1,candidate_3,3,0.0033333333333333335
4574,candidate_2,candidate_1,candidate_3,3,0.0033333333333333335
4575,candidate_2,candidate_1,candidate_3,3,0.0033333333333333335
4576,candidate_2,candidate_1,candidate_3,3,0.0033333333333333335
4577,candidate_2,candidate_1,candidate_3,3,0.0033333333333333335
4578,candidate_2,candidate_1,candidate_3,3,0.0033333333333333335
4579,candidate_2,candidate_1,candidate_3,3,0.0033333333333333335
4580,candidate_2,candidate_1,candidate_3,3,0.0033333333333333335
4581,candidate_2,candidate_1,candidate_3,3,0.0033333333333333335
4582,candidate_2,candidate_1,candidate_3,3,0.0033333333333333335
4583,candidate_2,candidate_1,candidate_3,3,0.0033333333333333335
4584,candidate_2,candidate_1,candidate_3,3,0.0033333333333333335
4585,candidate_2,candidate_1,candidate_3,3,0.0033333333333333335
4586,candidate_2,candidate_1,candidate_3,3,0.0033333333333333335
4587,candidate_2,candidate_1,candidate_3,3,0.0033333333333333335
4588,candidate_2,candidate_1,candidate_3,3,0.0033333333333333335
4589,candidate_2,candidate_1,candidate_3,3,0.0033333333333333335
4590,candidate_2,candidate_1,candidate_3,3,0.0033333333333333335
4591,candidate_2,candidate_1,candidate_3,3,0.0033333333333333335
4592,candidate_2,candidate_1,candidate_3,3,0.0033333333333333335
4593,candidate_2,candidate_1,candidate_3,3,0.0033333333333333335
4594,candidate_2,candidate_1,candidate_3,3,0.0033333333333333335
4595,candidate_2,candidate_1,candidate_3,3,0.0033333333333333335
4596,candidate_2,candidate_1,candidate_3,3,0.0033333333333333335
4597,candidate_2,candidate_1,candidate_3,3,0.0033333333333333335
4598,candidate_2,candidate_1,candidate_3,3,0.0033333333333333335
4599,candidate_2,candidate_1,candidate_3,3,0.0033333333333333335
4600,candidate_2,candidate_1,candidate_3,3,0.0033333333333333335
4601,candidate_2,candidate_1,candidate_3,3,0.0033333333333333335
4602,candidate_2,candidate_1,candidate_3,3,0.0033333333333333335
4603,candidate_2,candidate_1,candidate_3,3,0.0033333333333333335
4604,candidate_2,candidate_1,candidate_3,3,0.0033333333333333335
4605,candidate_2,candidate_1,candidate_3,3,0.0033333333333333335
4606,candidate_2,candidate_1,candidate_3,3,0.0033333333333333335
4607,candidate_2,candidate_1,candidate_3,3,0.0033333333333333335
4608,candidate_2,candidate_1,candidate_3,3,0.0033333333333333335
4609,candidate_2,candidate_1,candidate_3,3,0.0033333333333333335
4610,candidate_2,candidate_1,candidate_3,3,0.0033333333333333335
4611,candidate_2,candidate_1,candidate_3,3,0.0033333333333333335
4612,candidate_2,candidate_1,candidate_3,3,0.0033333333333333335
4613,candidate_2,candidate_1,candidate_3,3,0.0033333333333333335
4614,candidate_2,candidate_1,candidate_3,3,0.0033333333333333335
4615,candidate_2,candidate_1,candidate_3,3,0.0033333333333333335
4616,candidate_2,candidate_1,candidate_3,3,0.0033333333333333335
4617,candidate_2,candidate_1,candidate_3,3,0.0033333333333333335
4618,candidate_2,candidate_1,candidate_3,3,0.0033333333333333335
4619,candidate_2,candidate_1,candidate_3,3,0.0033333333333333335
4620,candidate_2,candidate_1,candidate_3,3,0.0033333333333333335
4621,candidate_2,candidate_1,candidate_3,3,0.0033333333333333335
4622,candidate_2,candidate_1,candidate_3,3,0.0033333333333333335
4623,candidate_2,candidate_1,candidate_3,3,0.0033333333333333335
4624,candidate_2,candidate_1,candidate_3,3,0.0033333333333333335
4625,candidate_2,candidate_1,candidate_3,3,0.0033333333333333335
4626,candidate_2,candidate_1,candidate_3,3,0.0033333333333333335
4627,candidate_2,candidate_1,candidate_3,3,0.0033333333333333335
4628,candidate_2,candidate_1,candidate_3,3,0.0033333333333333335
4629,candidate_2,candidate_1,candidate_3,3,0.0033333333333333335
4630,candidate_2,candidate_1,candidate_3,3,0.0033333333333333335
4631,candidate_2,candidate_1,candidate_3,3,0.0033333333333333335
4632,candidate_2,candidate_1,candidate_3,3,0.0033333333333333335
4633,candidate_2,candidate_1,candidate_3,3,0.0033333333333333335
4634,candidate_2,candidate_1,candidate_3,3,0.0033333333333333335
4635,candidate_2,candidate_1,candidate_3,3,0.0033333333333333335
4636,candidate_2,candidate_1,candidate_3,3,0.0033333333333333335
4637,candidate_2,candidate_1,candidate_3,3,0.0033333333333333335
4638,candidate_2,candidate_1,candidate_3,3,0.0033333333333333335
4639,candidate_2,candidate_1,candidate_3,3,0.0033333333333333335
4640,candidate_2,candidate_1,candidate_3,3,0.0033333333333333335
4641,candidate_2,candidate_1,candidate_3,3,0.0033333333333333335
4642,candidate_2,candidate_1,candidate_3,3,0.0033333333333333335
4643,candidate_2,candidate_1,candidate_3,3,0.0033333333333333335
4644,candidate_2,candidate_1,candidate_3,3,0.0033333333333333335
4645,candidate_2,candidate_1,candidate_3,3,0.0033333333333333335
4646,candidate_2,candidate_1,candidate_3,3,0.0033333333333333335
4647,candidate_2,candidate_1,candidate_3,3,0.0033333333333333335
4648,candidate_2,candidate_1,candidate_3,3,0.0033333333333333335
4649,candidate_2,candidate_1,candidate_3,3,0.0033333333333333335
4650,candidate_2,candidate_1,candidate_3,3,0.0033333333333333335
4651,candidate_2,candidate_1,candidate_3,3,0.0033333333333333335
4652,candidate_2,candidate_1,candidate_3,3,0.0033333333333333335
4653,candidate_2,candidate_1,candidate_3,3,0.0033333333333333335
4654,candidate_2,candidate_1,candidate_3,3,0.0033333333333333335
4655,candidate_2,candidate_1,candidate_3,3,0.0033333333333333335
4656,candidate_2,candidate_1,candidate_3,3,0.0033333333333333335
4657,candidate_2,candidate_1,candidate_3,3,0.0033333333333333335
4658,candidate_2,candidate_1,candidate_3,3,0.0033333333333333335
4659,candidate_2,candidate_1,candidate_3,3,0.0033333333333333335
4660,candidate_2,candidate_1,candidate_3,3,0.0033333333333333335
4661,candidate_2,candidate_1,candidate_3,3,0.0033333333333333335
4662,candidate_2,candidate_1,candidate_3,3,0.0033333333333333335
4663,candidate_2,candidate_1,candidate_3,3,0.0033333333333333335
4664,candidate_2,candidate_1,candidate_3,3,0.0033333333333333335
4665,candidate_2,candidate_1,candidate_3,3,0.0033333333333333335
4666,candidate_2,candidate_1,candidate_3,3,0.0033333333333333335
4667,candidate_2,candidate_1,candidate_3,3,0.0033333333333333335
4668,candidate_2,candidate_1,candidate_3,3,0.0033333333333333335
4669,candidate_2,candidate_1,candidate_3,3,0.0033333333333333335
4670,candidate_2,candidate_1,candidate_3,3,0.0033333333333333335
4671,candidate_2,candidate_1,candidate_3,3,0.0033333333333333335
4672,candidate_2,candidate_1,candidate_3,3,0.0033333333333333335
4673,candidate_2,candidate_1,candidate_3,3,0.0033333333333333335
4674,candidate_2,candidate_1,candidate_3,3,0.0033333333333333335
4675,candidate_2,candidate_1,candidate_3,3,0.0033333333333333335
4676,candidate_2,candidate_1,candidate_3,3,0.0033333333333333335
4677,candidate_2,candidate_1,candidate_3,3,0.0033333333333333335
4678,candidate_2,candidate_1,candidate_3,3,0.0033333333333333335
4679,candidate_2,candidate_1,candidate_3,3,0.0033333333333333335
4680,candidate_2,candidate_1,candidate_3,3,0.0033333333333333335
4681,candidate_2,candidate_1,candidate_3,3,0.0033333333333333335
4682,candidate_2,candidate_1,candidate_3,3,0.0033333333333333335
4683,candidate_2,candidate_1,candidate_3,3,0.0033333333333333335
4684,candidate_2,candidate_1,candidate_3,3,0.0033333333333333335
4685,candidate_2,candidate_1,candidate_3,3,0.0033333333333333335
4686,candidate_2,candidate_1,candidate_3,3,0.0033333333333333335
4687,candidate_2,candidate_1,candidate_3,3,0.0033333333333333335
4688,candidate_2,candidate_1,candidate_3,3,0.0033333333333333335
4689,candidate_2,candidate_1,candidate_3,3,0.0033333333333333335
4690,candidate_2,candidate_1,candidate_3,3,0.0033333333333333335
4691,candidate_2,candidate_1,candidate_3,3,0.0033333333333333335
4692,candidate_2,candidate_1,candidate_3,3,0.0033333333333333335
4693,candidate_2,candidate_1,candidate_3,3,0.0033333333333333335
4694,candidate_2,candidate_1,candidate_3,3,0.0033333333333333335
4695,candidate_2,candidate_1,candidate_3,3,0.0033333333333333335
4696,candidate_2,candidate_1,candidate_3,3,0.0033333333333333335
4697,candidate_2,candidate_1,candidate_3,3,0.0033333333333333335
4698,candidate_2,candidate_1,candidate_3,3,0.0033333333333333335
4699,candidate_2,candidate_1,candidate_3,3,0.0033333333333333335
4700,candidate_2,candidate_1,candidate_3,3,0.0033333333333333335
4701,candidate_2,candidate_1,candidate_3,3,0.0033333333333333335
4702,candidate_2,candidate_1,candidate_3,3,0.0033333333333333335
4703,candidate_2,candidate_1,candidate_3,3,0.0033333333333333335
4704,candidate_2,candidate_1,candidate_3,3,0.0033333333333333335
4705,candidate_2,candidate_1,candidate_3,3,0.0033333333333333335
4706,candidate_2,candidate_1,candidate_3,3,0.0033333333333333335
4707,candidate_2,candidate_1,candidate_3,3,0.0033333333333333335
4708,candidate_2,candidate_1,candidate_3,3,0.0033333333333333335
4709,candidate_2,candidate_1,candidate_3,3,0.0033333333333333335
4710,candidate_2,candidate_1,candidate_3,3,0.0033333333333333335
4711,candidate_2,candidate_1,candidate_3,3,0.0033333333333333335
4712,candidate_2,candidate_1,candidate_3,3,0.0033333333333333335
4713,candidate_2,candidate_1,candidate_3,3,0.0033333333333333335
4714,candidate_2,candidate_1,candidate_3,3,0.0033333333333333335
4715,candidate_2,candidate_1,candidate_3,3,0.0033333333333333335
4716,candidate_2,candidate_1,candidate_3,3,0.0033333333333333335
4717,candidate_2,candidate_1,candidate_3,3,0.0033333333333333335
4718,candidate_2,candidate_1,candidate_3,3,0.0033333333333333335
4719,candidate_2,candidate_1,candidate_3,3,0.0033333333333333335
4720,candidate_2,candidate_1,candidate_3,3,0.0033333333333333335
4721,candidate_2,candidate_1,candidate_3,3,0.0033333333333333335
4722,candidate_2,candidate_1,candidate_3,3,0.0033333333333333335
4723,candidate_2,candidate_1,candidate_3,3,0.0033333333333333335
4724,candidate_2,candidate_1,candidate_3,3,0.0033333333333333335
4725,candidate_2,candidate_1,candidate_3,3,0.0033333333333333335
4726,candidate_2,candidate_1,candidate_3,3,0.0033333333333333335
4727,candidate_2,candidate_1,candidate_3,3,0.0033333333333333335
4728,candidate_2,candidate_1,candidate_3,3,0.0033333333333333335
4729,candidate_2,candidate_1,candidate_3,3,0.0033333333333333335
4730,candidate_2,candidate_1,candidate_3,3,0.0033333333333333335
4731,candidate_2,candidate_1,candidate_3,3,0.0033333333333333335
4732,candidate_2,candidate_1,candidate_3,3,0.0033333333333333335
4733,candidate_2,candidate_1,candidate_3,3,0.0033333333333333335
4734,candidate_2,candidate_1,candidate_3,3,0.0033333333333333335
4735,candidate_2,candidate_1,0,3,0.0033333333333333335
4736,candidate_2,candidate_1,candidate_3,3,0.0033333333333333335
4737,candidate_2,candidate_1,candidate_3,3,0.0033333333333333335
4738,candidate_2,candidate_1,candidate_3,3,0.0033333333333333335
4739,candidate_2,candidate_1,candidate_3,3,0.0033333333333333335
4740,candidate_2,candidate_1,candidate_3,3,0.0033333333333333335
4741,candidate_2,candidate_1,candidate_3,3,0.0033333333333333335
4742,candidate_2,candidate_1,candidate_3,3,0.0033333333333333335
4743,candidate_2,candidate_1,candidate_3,3,0.0033333333333333335
4744,candidate_2,candidate_1,candidate_3,3,0.0033333333333333335
4745,candidate_2,candidate_1,candidate_3,3,0.0033333333333333335
4746,candidate_2,candidate_1,candidate_3,3,0.0033333333333333335
4747,candidate_2,candidate_1,candidate_3,3,0.0033333333333333335
4748,candidate_2,candidate_1,candidate_3,3,0.0033333333333333335
4749,candidate_2,candidate_1,candidate_3,3,0.0033333333333333335
4750,candidate_2,candidate_1,candidate_3,3,0.0033333333333333335
4751,candidate_2,candidate_1,candidate_3,3,0.0033333333333333335
4752,candidate_2,candidate_1,candidate_3,3,0.0033333333333333335
4753,candidate_2,candidate_1,candidate_3,3,0.0033333333333333335
4754,candidate_2,candidate_1,candidate_3,3,0.0033333333333333335
4755,candidate_2,candidate_1,candidate_3,3,0.0033333333333333335
4756,candidate_2,candidate_1,candidate_3,3,0.0033333333333333335
4757,candidate_2,candidate_1,candidate_3,3,0.0033333333333333335
4758,candidate_2,candidate_1,candidate_3,3,0.0033333333333333335
4759,candidate_2,candidate_1,candidate_3,3,0.0033333333333333335
4760,candidate_2,candidate_1,candidate_3,3,0.0033333333333333335
4761,candidate_2,candidate_1,candidate_3,3,0.0033333333333333335
4762,candidate_2,candidate_1,candidate_3,3,0.0033333333333333335
4763,candidate_2,candidate_1,candidate_3,3,0.0033333333333333335
4764,candidate_2,candidate_1,candidate_3,3,0.0033333333333333335
4765,candidate_2,candidate_1,candidate_3,3,0.0033333333333333335
4766,candidate_2,candidate_1,candidate_3,3,0.0033333333333333335
4767,candidate_2,candidate_1,candidate_3,3,0.0033333333333333335
4768,candidate_2,candidate_1,candidate_3,3,0.0033333333333333335
4769,candidate_2,candidate_1,candidate_3,3,0.0033333333333333335
4770,candidate_2,candidate_1,candidate_3,3,0.0033333333333333335
4771,candidate_2,candidate_1,candidate_3,3,0.0033333333333333335
4772,candidate_2,candidate_1,candidate_3,3,0.0033333333333333335
4773,candidate_2,candidate_1,candidate_3,3,0.0033333333333333335
4774,candidate_2,candidate_1,candidate_3,3,0.0033333333333333335
4775,candidate_2,candidate_1,candidate_3,3,0.0033333333333333335
4776,candidate_2,candidate_1,candidate_3,3,0.0033333333333333335
4777,candidate_2,candidate_1,candidate_3,3,0.0033333333333333335
4778,candidate_2,candidate_1,candidate_3,3,0.0033333333333333335
4779,candidate_2,candidate_1,candidate_3,3,0.0033333333333333335
4780,candidate_2,candidate_1,candidate_3,3,0.0033333333333333335
4781,candidate_2,candidate_1,candidate_3,3,0.0033333333333333335
4782,candidate_2,candidate_1,candidate_3,3,0.0033333333333333335
4783,candidate_2,candidate_1,candidate_3,3,0.0033333333333333335
4784,candidate_2,candidate_1,candidate_3,3,0.0033333333333333335
4785,candidate_2,candidate_1,candidate_3,3,0.0033333333333333335
4786,candidate_2,candidate_1,candidate_3,3,0.0033333333333333335
4787,candidate_2,candidate_1,candidate_3,3,0.0033333333333333335
4788,candidate_2,candidate_1,candidate_3,3,0.0033333333333333335
4789,candidate_2,candidate_1,candidate_3,3,0.0033333333333333335
4790,candidate_2,candidate_1,candidate_3,3,0.0033333333333333335
4791,candidate_2,candidate_1,candidate_3,3,0.0033333333333333335
4792,candidate_2,candidate_1,candidate_3,3,0.0033333333333333335
4793,candidate_2,candidate_1,candidate_3,3,0.0033333333333333335
4794,candidate_2,candidate_1,candidate_3,3,0.0033333333333333335
4795,candidate_2,candidate_1,candidate_3,3,0.0033333333333333335
4796,candidate_2,candidate_1,candidate_3,3,0.0033333333333333335
4797,candidate_2,candidate_1,candidate_3,3,0.0033333333333333335
4798,candidate_2,candidate_1,candidate_3,3,0.0033333333333333335
4799,candidate_2,candidate_1,candidate_3,3,0.0033333333333333335
4800,candidate_2,candidate_1,candidate_3,3,0.0033333333333333335
4801,candidate_2,candidate_1,candidate_3,3,0.0033333333333333335
4802,candidate_2,candidate_1,candidate_3,3,0.0033333333333333335
4803,candidate_2,candidate_1,candidate_3,3,0.0033333333333333335
4804,candidate_2,candidate_1,candidate_3,3,0.0033333333333333335
4805,candidate_2,candidate_1,candidate_3,3,0.0033333333333333335
4806,candidate_2,candidate_1,candidate_3,3,0.0033333333333333335
4807,candidate_2,candidate_1,candidate_3,3,0.0033333333333333335
4808,candidate_2,candidate_1,candidate_3,3,0.0033333333333333335
4809,candidate_2,candidate_1,candidate_3,3,0.0033333333333333335
4810,candidate_2,candidate_1,candidate_3,3,0.0033333333333333335
4811,candidate_2,candidate_1,candidate_3,3,0.0033333333333333335
4812,candidate_2,candidate_1,candidate_3,3,0.0033333333333333335
4813,candidate_2,candidate_1,candidate_3,3,0.0033333333333333335
4814,candidate_2,candidate_1,candidate_3,3,0.0033333333333333335
4815,candidate_2,candidate_1,candidate_3,3,0.0033333333333333335
4816,candidate_2,candidate_1,candidate_3,3,0.0033333333333333335
4817,candidate_2,candidate_1,candidate_3,3,0.0033333333333333335
4818,candidate_2,candidate_1,candidate_3,3,0.0033333333333333335
4819,candidate_2,candidate_1,candidate_3,3,0.0033333333333333335
4820,candidate_2,candidate_1,candidate_3,3,0.0033333333333333335
4821,candidate_2,candidate_1,candidate_3,3,0.0033333333333333335
4822,candidate_2,candidate_1,candidate_3,3,0.0033333333333333335
4823,candidate_2,candidate_1,candidate_3,3,0.0033333333333333335
4824,candidate_2,candidate_1,candidate_3,3,0.0033333333333333335
4825,candidate_2,candidate_1,candidate_3,3,0.0033333333333333335
4826,candidate_2,candidate_1,candidate_3,3,0.0033333333333333335
4827,candidate_2,candidate_1,candidate_3,3,0.0033333333333333335
4828,candidate_2,candidate_1,candidate_3,3,0.0033333333333333335
4829,candidate_2,candidate_1,candidate_3,3,0.0033333333333333335
4830,candidate_2,candidate_1,candidate_3,3,0.0033333333333333335
4831,candidate_2,candidate_1,candidate_3,3,0.0033333333333333335
4832,candidate_2,candidate_1,candidate_3,3,0.0033333333333333335
4833,candidate_2,candidate_1,candidate_3,3,0.0033333333333333335
4834,candidate_2,candidate_1,candidate_3,3,0.0033333333333333335
4835,candidate_2,candidate_1,candidate_3,3,0.0033333333333333335
4836,candidate_2,candidate_1,candidate_3,3,0.0033333333333333335
4837,candidate_2,candidate_1,candidate_3,3,0.0033333333333333335
4838,candidate_2,candidate_1,candidate_3,3,0.0033333333333333335
4839,candidate_2,candidate_1,candidate_3,3,0.0033333333333333335
4840,candidate_2,candidate_1,candidate_3,3,0.0033333333333333335
4841,candidate_2,candidate_1,candidate_3,3,0.0033333333333333335
4842,candidate_2,candidate_1,candidate_3,3,0.0033333333333333335
4843,candidate_2,candidate_1,candidate_3,3,0.0033333333333333335
4844,candidate_2,candidate_1,candidate_3,3,0.0033333333333333335
4845,candidate_2,candidate_1,candidate_3,3,0.0033333333333333335
4846,candidate_2,candidate_1,candidate_3,3,0.0033333333333333335
4847,candidate_2,candidate_1,candidate_3,3,0.0033333333333333335
4848,candidate_2,candidate_1,candidate_3,3,0.0033333333333333335
4849,candidate_2,candidate_1,candidate_3,3,0.0033333333333333335
4850,candidate_2,candidate_1,candidate_3,3,0.0033333333333333335
4851,candidate_2,candidate_1,candidate_3,3,0.0033333333333333335
4852,candidate_2,candidate_1,candidate_3,3,0.0033333333333333335
4853,candidate_2,candidate_1,candidate_3,3,0.0033333333333333335
4854,candidate_2,candidate_1,candidate_3,3,0.0033333333333333335
4855,candidate_2,candidate_1,candidate_3,3,0.0033333333333333335
4856,candidate_2,candidate_1,candidate_3,3,0.0033333333333333335
4857,0,candidate_1,candidate_3,3,0.0033333333333333335
4858,candidate_2,candidate_1,candidate_3,3,0.0033333333333333335
4859,candidate_2,candidate_1,candidate_3,3,0.0033333333333333335
4860,candidate_2,candidate_1,candidate_3,3,0.0033333333333333335
4861,candidate_2,candidate_1,candidate_3,3,0.0033333333333333335
4862,candidate_2,candidate_1,candidate_3,3,0.0033333333333333335
4863,candidate_2,candidate_1,candidate_3,3,0.0033333333333333335
4864,candidate_2,candidate_1,candidate_3,3,0.0033333333333333335
4865,candidate_2,candidate_1,candidate_3,3,0.0033333333333333335
4866,candidate_2,candidate_1,candidate_3,3,0.0033333333333333335
4867,candidate_2,candidate_1,candidate_3,3,0.0033333333333333335
4868,candidate_2,candidate_1,candidate_3,3,0.0033333333333333335
4869,candidate_2,candidate_1,candidate_3,3,0.0033333333333333335
4870,candidate_2,candidate_1,candidate_3,3,0.0033333333333333335
4871,candidate_2,candidate_1,candidate_3,3,0.0033333333333333335
4872,candidate_2,candidate_1,candidate_3,3,0.0033333333333333335
4873,candidate_2,candidate_1,candidate_3,3,0.0033333333333333335
4874,candidate_2,candidate_1,candidate_3,3,0.0033333333333333335
4875,candidate_2,candidate_1,candidate_3,3,0.0033333333333333335
4876,candidate_2,candidate_1,candidate_3,3,0.0033333333333333335
4877,candidate_2,candidate_1,candidate_3,3,0.0033333333333333335
4878,candidate_2,candidate_1,candidate_3,3,0.0033333333333333335
4879,candidate_2,candidate_1,candidate_3,3,0.0033333333333333335
4880,candidate_2,candidate_1,candidate_3,3,0.0033333333333333335
4881,candidate_2,candidate_1,candidate_3,3,0.0033333333333333335
4882,candidate_2,candidate_1,candidate_3,3,0.0033333333333333335
4883,candidate_2,candidate_1,candidate_3,3,0.0033333333333333335
4884,candidate_2,candidate_1,candidate_3,3,0.0033333333333333335
4885,candidate_2,candidate_1,candidate_3,3,0.0033333333333333335
4886,candidate_2,candidate_1,candidate_3,3,0.0033333333333333335
4887,candidate_2,candidate_1,candidate_3,3,0.0033333333333333335
4888,candidate_2,candidate_1,candidate_3,3,0.0033333333333333335
4889,candidate_2,candidate_1,candidate_3,3,0.0033333333333333335
4890,candidate_2,candidate_1,candidate_3,3,0.0033333333333333335
4891,candidate_2,candidate_1,candidate_3,3,0.0033333333333333335
4892,candidate_2,candidate_1,candidate_3,3,0.0033333333333333335
4893,candidate_2,candidate_1,candidate_3,3,0.0033333333333333335
4894,candidate_2,candidate_1,candidate_3,3,0.0033333333333333335
4895,candidate_2,candidate_1,candidate_3,3,0.0033333333333333335
4896,candidate_2,candidate_1,candidate_3,3,0.0033333333333333335
4897,candidate_2,candidate_1,candidate_3,3,0.0033333333333333335
4898,candidate_2,candidate_1,candidate_3,3,0.0033333333333333335
4899,candidate_2,candidate_1,candidate_3,3,0.0033333333333333335
4900,candidate_2,candidate_1,candidate_3,3,0.0033333333333333335
4901,candidate_2,candidate_1,candidate_3,3,0.0033333333333333335
4902,candidate_2,candidate_1,candidate_3,3,0.0033333333333333335
4903,candidate_2,candidate_1,candidate_3,3,0.0033333333333333335
4904,candidate_2,candidate_1,candidate_3,3,0.0033333333333333335
4905,candidate_2,candidate_1,candidate_3,3,0.0033333333333333335
4906,candidate_2,candidate_1,candidate_3,3,0.0033333333333333335
4907,candidate_2,candidate_1,candidate_3,3,0.0033333333333333335
4908,candidate_2,candidate_1,candidate_3,3,0.0033333333333333335
4909,candidate_2,candidate_1,candidate_3,3,0.0033333333333333335
4910,candidate_2,candidate_1,candidate_3,3,0.0033333333333333335
4911,candidate_2,candidate_1,candidate_3,3,0.0033333333333333335
4912,candidate_2,candidate_1,candidate_3,3,0.0033333333333333335
4913,candidate_2,candidate_1,candidate_3,3,0.0033333333333333335
4914,candidate_2,candidate_1,candidate_3,3,0.0033333333333333335
4915,candidate_2,candidate_1,candidate_3,3,0.0033333333333333335
4916,candidate_2,candidate_1,candidate_3,3,0.0033333333333333335
4917,candidate_2,candidate_1,candidate_3,3,0.0033333333333333335
4918,candidate_2,candidate_1,candidate_3,3,0.0033333333333333335
4919,candidate_2,candidate_1,candidate_3,3,0.0033333333333333335
4920,candidate_2,candidate_1,candidate_3,3,0.0033333333333333335
4921,candidate_2,candidate_1,candidate_3,3,0.0033333333333333335
4922,candidate_2,candidate_1,candidate_3,3,0.0033333333333333335
4923,candidate_2,candidate_1,candidate_3,3,0.0033333333333333335
4924,candidate_2,candidate_1,candidate_3,3,0.0033333333333333335
4925,candidate_2,candidate_1,candidate_3,3,0.0033333333333333335
4926,candidate_2,candidate_1,candidate_3,3,0.0033333333333333335
4927,candidate_2,candidate_1,candidate_3,3,0.0033333333333333335
4928,candidate_2,candidate_1,candidate_3,3,0.0033333333333333335
4929,candidate_2,candidate_1,candidate_3,3,0.0033333333333333335
4930,candidate_2,candidate_1,candidate_3,3,0.0033333333333333335
4931,candidate_2,candidate_1,candidate_3,3,0.0033333333333333335
4932,candidate_2,candidate_1,candidate_3,3,0.0033333333333333335
4933,candidate_2,candidate_1,candidate_3,3,0.0033333333333333335
4934,candidate_2,candidate_1,candidate_3,3,0.0033333333333333335
4935,candidate_2,candidate_1,candidate_3,3,0.0033333333333333335
4936,candidate_2,candidate_1,candidate_3,3,0.0033333333333333335
4937,candidate_2,candidate_1,candidate_3,3,0.0033333333333333335
4938,candidate_2,candidate_1,candidate_3,3,0.0033333333333333335
4939,candidate_2,candidate_1,candidate_3,3,0.0033333333333333335
4940,candidate_2,candidate_1,candidate_3,3,0.0033333333333333335
4941,candidate_2,candidate_1,candidate_3,3,0.0033333333333333335
4942,candidate_2,candidate_1,candidate_3,3,0.0033333333333333335
4943,candidate_2,candidate_1,candidate_3,3,0.0033333333333333335
4944,candidate_2,candidate_1,candidate_3,3,0.0033333333333333335
4945,candidate_2,candidate_1,candidate_3,3,0.0033333333333333335
4946,candidate_2,candidate_1,candidate_3,3,0.0033333333333333335
4947,candidate_2,candidate_1,candidate_3,3,0.0033333333333333335
4948,candidate_2,candidate_1,candidate_3,3,0.0033333333333333335
4949,candidate_2,candidate_1,candidate_3,3,0.0033333333333333335
4950,candidate_2,candidate_1,candidate_3,3,0.0033333333333333335
4951,candidate_2,candidate_1,candidate_3,3,0.0033333333333333335
4952,candidate_2,candidate_1,candidate_3,3,0.0033333333333333335
4953,candidate_2,candidate_1,candidate_3,3,0.0033333333333333335
4954,candidate_2,candidate_1,candidate_3,3,0.0033333333333333335
4955,candidate_2,candidate_1,candidate_3,3,0.0033333333333333335
4956,candidate_2,candidate_1,candidate_3,3,0.0033333333333333335
4957,candidate_2,candidate_1,candidate_3,3,0.0033333333333333335
4958,candidate_2,candidate_1,candidate_3,3,0.0033333333333333335
4959,candidate_2,candidate_1,candidate_3,3,0.0033333333333333335
4960,candidate_2,candidate_1,candidate_3,3,0.0033333333333333335
4961,candidate_2,candidate_1,candidate_3,3,0.0033333333333333335
4962,candidate_2,candidate_1,candidate_3,3,0.0033333333333333335
4963,candidate_2,candidate_1,candidate_3,3,0.0033333333333333335
4964,candidate_2,0,candidate_3,3,0.0033333333333333335
4965,candidate_2,candidate_1,candidate_3,3,0.0033333333333333335
4966,candidate_2,candidate_1,candidate_3,3,0.0033333333333333335
4967,candidate_2,candidate_1,candidate_3,3,0.0033333333333333335
4968,candidate_2,candidate_1,candidate_3,3,0.0033333333333333335
4969,candidate_2,candidate_1,candidate_3,3,0.0033333333333333335
4970,candidate_2,candidate_1,candidate_3,3,0.0033333333333333335
4971,candidate_2,candidate_1,candidate_3,3,0.0033333333333333335
4972,candidate_2,candidate_1,candidate_3,3,0.0033333333333333335
4973,candidate_2,candidate_1,candidate_3,3,0.0033333333333333335
4974,candidate_2,candidate_1,candidate_3,3,0.0033333333333333335
4975,candidate_2,candidate_1,candidate_3,3,0.0033333333333333335
4976,candidate_2,candidate_1,candidate_3,3,0.0033333333333333335
4977,candidate_2,candidate_1,candidate_3,3,0.0033333333333333335
4978,candidate_2,candidate_1,candidate_3,3,0.0033333333333333335
4979,candidate_2,candidate_1,candidate_3,3,0.0033333333333333335
4980,candidate_2,candidate_1,candidate_3,3,0.0033333333333333335
4981,candidate_2,candidate_1,candidate_3,3,0.0033333333333333335
4982,candidate_2,candidate_1,candidate_3,3,0.0033333333333333335
4983,candidate_2,candidate_1,candidate_3,3,0.0033333333333333335
4984,candidate_2,candidate_1,candidate_3,3,0.0033333333333333335
4985,candidate_2,candidate_1,candidate_3,3,0.0033333333333333335
4986,candidate_2,candidate_1,candidate_3,3,0.0033333333333333335
4987,candidate_2,candidate_1,candidate_3,3,0.0033333333333333335
4988,candidate_2,candidate_1,candidate_3,3,0.0033333333333333335
4989,candidate_2,candidate_1,candidate_3,3,0.0033333333333333335
4990,candidate_2,candidate_1,candidate_3,3,0.0033333333333333335
4991,candidate_2,candidate_1,candidate_3,3,0.0033333333333333335
4992,candidate_2,candidate_1,candidate_3,3,0.0033333333333333335
4993,candidate_2,candidate_1,candidate_3,3,0.0033333333333333335
4994,candidate_2,candidate_1,candidate_3,3,0.0033333333333333335
4995,candidate_2,candidate_1,candidate_3,3,0.0033333333333333335
4996,candidate_2,candidate_1,candidate_3,3,0.0033333333333333335
4997,candidate_2,candidate_1,candidate_3,3,0.0033333333333333335
4998,candidate_2,candidate_1,candidate_3,3,0.0033333333333333335
4999,candidate_2,candidate_1,candidate_3,3,0.0033333333333333335
5000,candidate_2,candidate_1,candidate_3,3,0.0033333333333333335
5001,candidate_2,candidate_1,candidate_3,3,0.0033333333333333335
5002,candidate_2,candidate_1,candidate_3,3,0.0033333333333333335
5003,candidate_2,candidate_1,candidate_3,3,0.0033333333333333335
5004,candidate_2,candidate_1,candidate_3,3,0.0033333333333333335
5005,candidate_2,candidate_1,candidate_3,3,0.0033333333333333335
5006,candidate_2,candidate_1,candidate_3,3,0.0033333333333333335
5007,candidate_2,candidate_1,candidate_3,3,0.0033333333333333335
5008,candidate_2,candidate_1,candidate_3,3,0.0033333333333333335
5009,candidate_2,candidate_1,candidate_3,3,0.0033333333333333335
5010,candidate_2,candidate_1,candidate_3,3,0.0033333333333333335
5011,candidate_2,candidate_1,candidate_3,3,0.0033333333333333335
5012,candidate_2,candidate_1,candidate_3,3,0.0033333333333333335
5013,candidate_2,candidate_1,candidate_3,3,0.0033333333333333335
5014,candidate_2,candidate_1,candidate_3,3,0.0033333333333333335
5015,candidate_2,candidate_1,candidate_3,3,0.0033333333333333335
5016,candidate_2,candidate_1,candidate_3,3,0.0033333333333333335
5017,candidate_2,candidate_1,candidate_3,3,0.0033333333333333335
5018,candidate_2,candidate_1,candidate_3,3,0.0033333333333333335
5019,candidate_2,candidate_1,candidate_3,3,0.0033333333333333335
5020,candidate_2,candidate_1,candidate_3,3,0.0033333333333333335
5021,candidate_2,candidate_1,candidate_3,3,0.0033333333333333335
5022,candidate_2,candidate_1,candidate_3,3,0.0033333333333333335
5023,candidate_2,candidate_1,candidate_3,3,0.0033333333333333335
5024,candidate_2,candidate_1,candidate_3,3,0.0033333333333333335
5025,candidate_2,candidate_1,candidate_3,3,0.0033333333333333335
5026,candidate_2,candidate_1,candidate_3,3,0.0033333333333333335
5027,candidate_2,candidate_1,candidate_3,3,0.0033333333333333335
5028,candidate_2,candidate_1,candidate_3,3,0.0033333333333333335
5029,candidate_2,candidate_1,candidate_3,3,0.0033333333333333335
5030,candidate_2,candidate_1,candidate_3,3,0.0033333333333333335
5031,candidate_2,candidate_1,candidate_3,3,0.0033333333333333335
5032,candidate_2,candidate_1,candidate_3,3,0.0033333333333333335
5033,candidate_2,candidate_1,candidate_3,3,0.0033333333333333335
5034,candidate_2,candidate_1,candidate_3,3,0.0033333333333333335
5035,candidate_2,candidate_1,candidate_3,3,0.0033333333333333335
5036,candidate_2,candidate_1,candidate_3,3,0.0033333333333333335
5037,candidate_2,candidate_1,candidate_3,3,0.0033333333333333335
5038,candidate_2,candidate_1,candidate_3,3,0.0033333333333333335
5039,candidate_2,candidate_1,candidate_3,3,0.0033333333333333335
5040,candidate_2,candidate_1,candidate_3,3,0.0033333333333333335
5041,candidate_2,candidate_1,candidate_3,3,0.0033333333333333335
5042,candidate_2,candidate_1,candidate_3,3,0.0033333333333333335
5043,candidate_2,candidate_1,candidate_3,3,0.0033333333333333335
5044,candidate_2,candidate_1,candidate_3,3,0.0033333333333333335
5045,candidate_2,candidate_1,candidate_3,3,0.0033333333333333335
5046,candidate_2,candidate_1,candidate_3,3,0.0033333333333333335
5047,candidate_2,candidate_1,candidate_3,3,0.0033333333333333335
5048,candidate_2,candidate_1,candidate_3,3,0.0033333333333333335
5049,candidate_2,candidate_1,candidate_3,3,0.0033333333333333335
5050,candidate_2,candidate_1,candidate_3,3,0.0033333333333333335
5051,candidate_2,candidate_1,candidate_3,3,0.0033333333333333335
5052,candidate_2,candidate_1,candidate_3,3,0.0033333333333333335
5053,candidate_2,candidate_1,candidate_3,3,0.0033333333333333335
5054,candidate_2,candidate_1,candidate_3,3,0.0033333333333333335
5055,candidate_2,candidate_1,candidate_3,3,0.0033333333333333335
5056,candidate_2,candidate_1,candidate_3,3,0.0033333333333333335
5057,candidate_2,candidate_1,candidate_3,3,0.0033333333333333335
5058,candidate_2,candidate_1,candidate_3,3,0.0033333333333333335
5059,candidate_2,candidate_1,candidate_3,3,0.0033333333333333335
5060,candidate_2,candidate_1,candidate_3,3,0.0033333333333333335
5061,candidate_2,candidate_1,candidate_3,3,0.0033333333333333335
5062,candidate_2,candidate_1,candidate_3,3,0.0033333333333333335
5063,candidate_2,candidate_1,candidate_3,3,0.0033333333333333335
5064,candidate_2,candidate_1,candidate_3,3,0.0033333333333333335
5065,candidate_2,candidate_1,candidate_3,3,0.0033333333333333335
5066,candidate_2,candidate_1,candidate_3,3,0.0033333333333333335
5067,candidate_2,candidate_1,candidate_3,3,0.0033333333333333335
5068,candidate_2,candidate_1,candidate_3,3,0.0033333333333333335
5069,candidate_2,candidate_1,candidate_3,3,0.0033333333333333335
5070,candidate_2,candidate_1,candidate_3,3,0.0033333333333333335
5071,candidate_2,candidate_1,candidate_3,3,0.0033333333333333335
5072,candidate_2,candidate_1,candidate_3,3,0.0033333333333333335
5073,candidate_2,candidate_1,candidate_3,3,0.0033333333333333335
5074,candidate_2,candidate_1,candidate_3,3,0.0033333333333333335
5075,candidate_2,candidate_1,0,3,0.0033333333333333335
5076,candidate_2,candidate_1,candidate_3,3,0.0033333333333333335
5077,candidate_2,candidate_1,candidate_3,3,0.0033333333333333335
5078,candidate_2,candidate_1,candidate_3,3,0.0033333333333333335
5079,candidate_2,candidate_1,candidate_3,3,0.0033333333333333335
5080,candidate_2,candidate_1,candidate_3,3,0.0033333333333333335
5081,candidate_2,candidate_1,candidate_3,3,0.0033333333333333335
5082,candidate_2,candidate_1,candidate_3,3,0.0033333333333333335
5083,candidate_2,candidate_1,candidate_3,3,0.0033333333333333335
5084,candidate_2,candidate_1,candidate_3,3,0.0033333333333333335
5085,candidate_2,candidate_1,candidate_3,3,0.0033333333333333335
5086,candidate_2,candidate_1,candidate_3,3,0.0033333333333333335
5087,candidate_2,candidate_1,candidate_3,3,0.0033333333333333335
5088,candidate_2,candidate_1,candidate_3,3,0.0033333333333333335
5089,candidate_2,candidate_1,candidate_3,3,0.0033333333333333335
5090,candidate_2,candidate_1,candidate_3,3,0.0033333333333333335
5091,candidate_2,candidate_1,candidate_3,3,0.0033333333333333335
5092,candidate_2,candidate_1,candidate_3,3,0.0033333333333333335
5093,candidate_2,candidate_1,candidate_3,3,0.0033333333333333335
5094,candidate_2,candidate_1,candidate_3,3,0.0033333333333333335
5095,candidate_2,candidate_1,candidate_3,3,0.0033333333333333335
5096,candidate_2,candidate_1,candidate_3,3,0.0033333333333333335
5097,candidate_2,candidate_1,candidate_3,3,0.0033333333333333335
5098,candidate_2,candidate_1,candidate_3,3,0.0033333333333333335
5099,candidate_2,candidate_1,candidate_3,3,0.0033333333333333335
5100,candidate_2,candidate_1,candidate_3,3,0.0033333333333333335
5101,candidate_2,candidate_1,candidate_3,3,0.0033333333333333335
5102,candidate_2,candidate_1,candidate_3,3,0.0033333333333333335
5103,candidate_2,candidate_1,candidate_3,3,0.0033333333333333335
5104,candidate_2,candidate_1,candidate_3,3,0.0033333333333333335
5105,candidate_2,candidate_1,candidate_3,3,0.0033333333333333335
5106,candidate_2,candidate_1,candidate_3,3,0.0033333333333333335
5107,candidate_2,candidate_1,candidate_3,3,0.0033333333333333335
5108,candidate_2,candidate_1,candidate_3,3,0.0033333333333333335
5109,candidate_2,candidate_1,candidate_3,3,0.0033333333333333335
5110,candidate_2,candidate_1,candidate_3,3,0.0033333333333333335
5111,candidate_2,candidate_1,candidate_3,3,0.0033333333333333335
5112,candidate_2,candidate_1,candidate_3,3,0.0033333333333333335
5113,candidate_2,candidate_1,candidate_3,3,0.0033333333333333335
5114,candidate_2,candidate_1,candidate_3,3,0.0033333333333333335
5115,candidate_2,candidate_1,candidate_3,3,0.0033333333333333335
5116,candidate_2,candidate_1,candidate_3,3,0.0033333333333333335
5117,candidate_2,candidate_1,candidate_3,3,0.0033333333333333335
5118,candidate_2,candidate_1,candidate_3,3,0.0033333333333333335
5119,candidate_2,candidate_1,candidate_3,3,0.0033333333333333335
5120,candidate_2,candidate_1,candidate_3,3,0.0033333333333333335
5121,candidate_2,candidate_1,candidate_3,3,0.0033333333333333335
5122,candidate_2,candidate_1,candidate_3,3,0.0033333333333333335
5123,candidate_2,candidate_1,candidate_3,3,0.0033333333333333335
5124,candidate_2,candidate_1,candidate_3,3,0.0033333333333333335
5125,candidate_2,candidate_1,candidate_3,3,0.0033333333333333335
5126,candidate_2,candidate_1,candidate_3,3,0.0033333333333333335
5127,candidate_2,candidate_1,candidate_3,3,0.0033333333333333335
5128,candidate_2,candidate_1,candidate_3,3,0.0033333333333333335
5129,candidate_2,candidate_1,candidate_3,3,0.0033333333333333335
5130,candidate_2,candidate_1,candidate_3,3,0.0033333333333333335
5131,candidate_2,candidate_1,candidate_3,3,0.0033333333333333335
5132,candidate_2,candidate_1,candidate_3,3,0.0033333333333333335
5133,candidate_2,candidate_1,candidate_3,3,0.0033333333333333335
5134,candidate_2,candidate_1,candidate_3,3,0.0033333333333333335
5135,candidate_2,candidate_1,candidate_3,3,0.0033333333333333335
5136,candidate_2,candidate_1,candidate_3,3,0.0033333333333333335
5137,candidate_2,candidate_1,candidate_3,3,0.0033333333333333335
5138,candidate_2,candidate_1,candidate_3,3,0.0033333333333333335
5139,candidate_2,candidate_1,candidate_3,3,0.0033333333333333335
5140,candidate_2,candidate_1,candidate_3,3,0.0033333333333333335
5141,candidate_2,candidate_1,candidate_3,3,0.0033333333333333335
5142,candidate_2,candidate_1,candidate_3,3,0.0033333333333333335
5143,candidate_2,candidate_1,candidate_3,3,0.0033333333333333335
5144,candidate_2,candidate_1,candidate_3,3,0.0033333333333333335
5145,candidate_2,candidate_1,candidate_3,3,0.0033333333333333335
5146,candidate_2,candidate_1,candidate_3,3,0.0033333333333333335
5147,candidate_2,candidate_1,candidate_3,3,0.0033333333333333335
5148,candidate_2,candidate_1,candidate_3,3,0.0033333333333333335
5149,candidate_2,candidate_1,candidate_3,3,0.0033333333333333335
5150,candidate_2,candidate_1,candidate_3,3,0.0033333333333333335
5151,candidate_2,candidate_1,candidate_3,3,0.0033333333333333335
5152,candidate_2,candidate_1,candidate_3,3,0.0033333333333333335
5153,candidate_2,candidate_1,candidate_3,3,0.0033333333333333335
5154,candidate_2,candidate_1,candidate_3,3,0.0033333333333333335
5155,candidate_2,candidate_1,candidate_3,3,0.0033333333333333335
5156,candidate_2,candidate_1,candidate_3,3,0.0033333333333333335
5157,candidate_2,candidate_1,candidate_3,3,0.0033333333333333335
5158,candidate_2,candidate_1,candidate_3,3,0.0033333333333333335
5159,candidate_2,candidate_1,candidate_3,3,0.0033333333333333335
5160,candidate_2,candidate_1,candidate_3,3,0.0033333333333333335
5161,candidate_2,candidate_1,candidate_3,3,0.0033333333333333335
5162,candidate_2,candidate_1,candidate_3,3,0.0033333333333333335
5163,candidate_2,candidate_1,candidate_3,3,0.0033333333333333335
5164,candidate_2,candidate_1,candidate_3,3,0.0033333333333333335
5165,candidate_2,candidate_1,candidate_3,3,0.0033333333333333335
5166,candidate_2,candidate_1,candidate_3,3,0.0033333333333333335
5167,candidate_2,candidate_1,candidate_3,3,0.0033333333333333335
5168,candidate_2,candidate_1,candidate_3,3,0.0033333333333333335
5169,candidate_2,candidate_1,candidate_3,3,0.0033333333333333335
5170,candidate_2,candidate_1,candidate_3,3,0.0033333333333333335
5171,candidate_2,candidate_1,candidate_3,3,0.0033333333333333335
5172,candidate_2,candidate_1,candidate_3,3,0.0033333333333333335
5173,candidate_2,candidate_1,candidate_3,3,0.0033333333333333335
5174,candidate_2,candidate_1,candidate_3,3,0.0033333333333333335
5175,candidate_2,candidate_1,candidate_3,3,0.0033333333333333335
5176,candidate_2,candidate_1,candidate_3,3,0.0033333333333333335
5177,candidate_2,candidate_1,candidate_3,3,0.0033333333333333335
5178,candidate_2,candidate_1,candidate_3,3,0.0033333333333333335
5179,candidate_2,candidate_1,candidate_3,3,0.0033333333333333335
5180,candidate_2,candidate_1,candidate_3,3,0.0033333333333333335
5181,candidate_2,candidate_1,candidate_3,3,0.0033333333333333335
5182,candidate_2,candidate_1,candidate_3,3,0.0033333333333333335
5183,candidate_2,candidate_1,candidate_3,3,0.0033333333333333335
5184,candidate_2,candidate_1,candidate_3,3,0.0033333333333333335
5185,candidate_2,candidate_1,candidate_3,3,0.0033333333333333335
5186,candidate_2,candidate_1,candidate_3,3,0.0033333333333333335
5187,candidate_2,candidate_1,candidate_3,3,0.0033333333333333335
5188,candidate_2,candidate_1,candidate_3,3,0.0033333333333333335
5189,candidate_2,candidate_1,candidate_3,3,0.0033333333333333335
5190,candidate_2,candidate_1,candidate_3,3,0.0033333333333333335
5191,candidate_2,candidate_1,candidate_3,3,0.0033333333333333335
5192,candidate_2,candidate_1,candidate_3,3,0.0033333333333333335
5193,candidate_2,candidate_1,candidate_3,3,0.0033333333333333335
5194,candidate_2,candidate_1,candidate_3,3,0.0033333333333333335
5195,candidate_2,candidate_1,candidate_3,3,0.0033333333333333335
5196,candidate_2,candidate_1,candidate_3,3,0.0033333333333333335
5197,candidate_2,candidate_1,candidate_3,3,0.0033333333333333335
5198,candidate_2,candidate_1,candidate_3,3,0.0033333333333333335
5199,candidate_2,candidate_1,candidate_3,3,0.0033333333333333335
5200,candidate_2,candidate_1,candidate_3,3,0.0033333333333333335
5201,candidate_2,candidate_1,candidate_3,3,0.0033333333333333335
5202,candidate_2,candidate_1,candidate_3,3,0.0033333333333333335
5203,candidate_2,candidate_1,candidate_3,3,0.0033333333333333335
5204,candidate_2,candidate_1,candidate_3,3,0.0033333333333333335
5205,candidate_2,candidate_1,candidate_3,3,0.0033333333333333335
5206,candidate_2,candidate_1,candidate_3,3,0.0033333333333333335
5207,candidate_2,candidate_1,candidate_3,3,0.0033333333333333335
5208,candidate_2,candidate_1,candidate_3,3,0.0033333333333333335
5209,candidate_2,candidate_1,candidate_3,3,0.0033333333333333335
5210,candidate_2,candidate_1,candidate_3,3,0.0033333333333333335
5211,candidate_2,candidate_1,candidate_3,3,0.0033333333333333335
5212,candidate_2,candidate_1,candidate_3,3,0.0033333333333333335
5213,candidate_2,candidate_1,candidate_3,3,0.0033333333333333335
5214,candidate_2,candidate_1,candidate_3,3,0.0033333333333333335
5215,candidate_2,candidate_1,candidate_3,3,0.0033333333333333335
5216,candidate_2,candidate_1,candidate_3,3,0.0033333333333333335
5217,candidate_2,candidate_1,candidate_3,3,0.0033333333333333335
5218,candidate_2,candidate_1,candidate_3,3,0.0033333333333333335
5219,candidate_2,candidate_1,candidate_3,3,0.0033333333333333335
5220,candidate_2,candidate_1,candidate_3,3,0.0033333333333333335
5221,candidate_2,candidate_1,candidate_3,3,0.0033333333333333335
5222,candidate_2,candidate_1,candidate_3,3,0.0033333333333333335
5223,candidate_2,candidate_1,candidate_3,3,0.0033333333333333335
5224,candidate_2,candidate_1,candidate_3,3,0.0033333333333333335
5225,candidate_2,candidate_1,candidate_3,3,0.0033333333333333335
5226,candidate_2,candidate_1,candidate_3,3,0.0033333333333333335
5227,candidate_2,candidate_1,candidate_3,3,0.0033333333333333335
5228,candidate_2,candidate_1,candidate_3,3,0.0033333333333333335
5229,candidate_2,candidate_1,candidate_3,3,0.0033333333333333335
5230,candidate_2,candidate_1,candidate_3,3,0.0033333333333333335
5231,candidate_2,candidate_1,candidate_3,3,0.0033333333333333335
5232,candidate_2,candidate_1,candidate_3,3,0.0033333333333333335
5233,candidate_2,candidate_1,candidate_3,3,0.0033333333333333335
5234,candidate_2,candidate_1,candidate_3,3,0.0033333333333333335
5235,candidate_2,candidate_1,candidate_3,3,0.0033333333333333335
5236,candidate_2,candidate_1,candidate_3,3,0.0033333333333333335
5237,candidate_2,candidate_1,candidate_3,3,0.0033333333333333335
5238,candidate_2,candidate_1,candidate_3,3,0.0033333333333333335
5239,candidate_2,candidate_1,candidate_3,3,0.0033333333333333335
5240,candidate_2,candidate_1,candidate_3,3,0.0033333333333333335
5241,candidate_2,candidate_1,candidate_3,3,0.0033333333333333335
5242,candidate_2,candidate_1,candidate_3,3,0.0033333333333333335
5243,candidate_2,candidate_1,candidate_3,3,0.0033333333333333335
5244,candidate_2,candidate_1,candidate_3,3,0.0033333333333333335
5245,candidate_2,candidate_1,candidate_3,3,0.0033333333333333335
5246,candidate_2,candidate_1,candidate_3,3,0.0033333333333333335
5247,candidate_2,candidate_1,candidate_3,3,0.0033333333333333335
5248,candidate_2,candidate_1,candidate_3,3,0.0033333333333333335
5249,candidate_2,candidate_1,candidate_3,3,0.0033333333333333335
5250,candidate_2,candidate_1,candidate_3,3,0.0033333333333333335
5251,candidate_2,candidate_1,candidate_3,3,0.0033333333333333335
5252,candidate_2,candidate_1,candidate_3,3,0.0033333333333333335
5253,candidate_2,candidate_1,candidate_3,3,0.0033333333333333335
5254,candidate_2,candidate_1,candidate_3,3,0.0033333333333333335
5255,candidate_2,candidate_1,candidate_3,3,0.0033333333333333335
5256,candidate_2,candidate_1,candidate_3,3,0.0033333333333333335
5257,candidate_2,candidate_1,candidate_3,3,0.0033333333333333335
5258,candidate_2,candidate_1,candidate_3,3,0.0033333333333333335
5259,candidate_2,candidate_1,candidate_3,3,0.0033333333333333335
5260,candidate_2,candidate_1,candidate_3,3,0.0033333333333333335
5261,candidate_2,candidate_1,candidate_3,3,0.0033333333333333335
5262,candidate_2,candidate_1,candidate_3,3,0.0033333333333333335
5263,candidate_2,candidate_1,candidate_3,3,0.0033333333333333335
5264,candidate_2,candidate_1,candidate_3,3,0.0033333333333333335
5265,candidate_2,candidate_1,candidate_3,3,0.0033333333333333335
5266,candidate_2,candidate_1,candidate_3,3,0.0033333333333333335
5267,candidate_2,candidate_1,candidate_3,3,0.0033333333333333335
5268,candidate_2,candidate_1,candidate_3,3,0.0033333333333333335
5269,candidate_2,candidate_1,candidate_3,3,0.0033333333333333335
5270,candidate_2,candidate_1,candidate_3,3,0.0033333333333333335
5271,candidate_2,candidate_1,candidate_3,3,0.0033333333333333335
5272,candidate_2,candidate_1,candidate_3,3,0.0033333333333333335
5273,candidate_2,candidate_1,candidate_3,3,0.0033333333333333335
5274,candidate_2,candidate_1,candidate_3,3,0.0033333333333333335
5275,candidate_2,candidate_1,candidate_3,3,0.0033333333333333335
5276,candidate_2,candidate_1,candidate_3,3,0.0033333333333333335
5277,candidate_2,candidate_1,candidate_3,3,0.0033333333333333335
5278,candidate_2,candidate_1,candidate_3,3,0.0033333333333333335
5279,candidate_2,candidate_1,candidate_3,3,0.0033333333333333335
5280,candidate_2,candidate_1,candidate_3,3,0.0033333333333333335
5281,candidate_2,candidate_1,candidate_3,3,0.0033333333333333335
5282,candidate_2,candidate_1,candidate_3,3,0.0033333333333333335
5283,candidate_2,candidate_1,candidate_3,3,0.0033333333333333335
5284,candidate_2,candidate_1,candidate_3,3,0.0033333333333333335
5285,candidate_2,candidate_1,candidate_3,3,0.0033333333333333335
5286,candidate_2,candidate_1,candidate_3,3,0.0033333333333333335
5287,candidate_2,candidate_1,candidate_3,3,0.0033333333333333335
5288,candidate_2,candidate_1,candidate_3,3,0.0033333333333333335
5289,candidate_2,candidate_1,candidate_3,3,0.0033333333333333335
5290,candidate_2,candidate_1,candidate_3,3,0.0033333333333333335
5291,candidate_2,candidate_1,candidate_3,3,0.0033333333333333335
5292,candidate_2,candidate_1,candidate_3,3,0.0033333333333333335
5293,candidate_2,candidate_1,candidate_3,3,0.0033333333333333335
5294,candidate_2,candidate_1,candidate_3,3,0.0033333333333333335
5295,candidate_2,candidate_1,candidate_3,3,0.0033333333333333335
5296,candidate_2,candidate_1,candidate_3,3,0.0033333333333333335
5297,candidate_2,candidate_1,candidate_3,3,0.0033333333333333335
5298,candidate_2,candidate_1,candidate_3,3,0.0033333333333333335
5299,candidate_2,candidate_1,candidate_3,3,0.0033333333333333335
5300,candidate_2,candidate_1,candidate_3,3,0.0033333333333333335
5301,candidate_2,candidate_1,candidate_3,3,0.0033333333333333335
5302,candidate_2,candidate_1,candidate_3,3,0.0033333333333333335
5303,candidate_2,candidate_1,candidate_3,3,0.0033333333333333335
5304,candidate_2,candidate_1,candidate_3,3,0.0033333333333333335
5305,candidate_2,candidate_1,candidate_3,3,0.0033333333333333335
5306,candidate_2,candidate_1,candidate_3,3,0.0033333333333333335
5307,candidate_2,candidate_1,candidate_3,3,0.0033333333333333335
5308,candidate_2,candidate_1,candidate_3,3,0.0033333333333333335
5309,candidate_2,candidate_1,candidate_3,3,0.0033333333333333335
5310,candidate_2,candidate_1,candidate_3,3,0.0033333333333333335
5311,candidate_2,candidate_1,candidate_3,3,0.0033333333333333335
5312,candidate_2,candidate_1,candidate_3,3,0.0033333333333333335
5313,candidate_2,candidate_1,candidate_3,3,0.0033333333333333335
5314,candidate_2,candidate_1,candidate_3,3,0.0033333333333333335
5315,candidate_2,candidate_1,candidate_3,3,0.0033333333333333335
5316,candidate_2,candidate_1,candidate_3,3,0.0033333333333333335
5317,candidate_2,candidate_1,candidate_3,3,0.0033333333333333335
5318,candidate_2,candidate_1,candidate_3,3,0.0033333333333333335
5319,candidate_2,candidate_1,candidate_3,3,0.0033333333333333335
5320,candidate_2,candidate_1,candidate_3,3,0.0033333333333333335
5321,candidate_2,candidate_1,candidate_3,3,0.0033333333333333335
5322,candidate_2,candidate_1,candidate_3,3,0.0033333333333333335
5323,candidate_2,candidate_1,candidate_3,3,0.0033333333333333335
5324,candidate_2,candidate_1,candidate_3,3,0.0033333333333333335
5325,candidate_2,candidate_1,candidate_3,3,0.0033333333333333335
5326,candidate_2,candidate_1,candidate_3,3,0.0033333333333333335
5327,candidate_2,candidate_1,candidate_3,3,0.0033333333333333335
5328,candidate_2,candidate_1,candidate_3,3,0.0033333333333333335
5329,candidate_2,candidate_1,candidate_3,3,0.0033333333333333335
5330,candidate_2,candidate_1,candidate_3,3,0.0033333333333333335
5331,candidate_2,candidate_1,candidate_3,3,0.0033333333333333335
5332,candidate_2,candidate_1,candidate_3,3,0.0033333333333333335
5333,candidate_2,candidate_1,candidate_3,3,0.0033333333333333335
5334,candidate_2,candidate_1,candidate_3,3,0.0033333333333333335
5335,candidate_2,candidate_1,candidate_3,3,0.0033333333333333335
5336,candidate_2,candidate_1,candidate_3,3,0.0033333333333333335
5337,candidate_2,candidate_1,candidate_3,3,0.0033333333333333335
5338,candidate_2,candidate_1,candidate_3,3,0.0033333333333333335
5339,candidate_2,candidate_1,candidate_3,3,0.0033333333333333335
5340,candidate_2,candidate_1,candidate_3,3,0.0033333333333333335
5341,candidate_2,candidate_1,candidate_3,3,0.0033333333333333335
5342,candidate_2,candidate_1,candidate_3,3,0.0033333333333333335
5343,candidate_2,candidate_1,candidate_3,3,0.0033333333333333335
5344,candidate_2,candidate_1,candidate_3,3,0.0033333333333333335
5345,candidate_2,candidate_1,candidate_3,3,0.0033333333333333335
5346,candidate_2,candidate_1,candidate_3,3,0.0033333333333333335
5347,candidate_2,candidate_1,candidate_3,3,0.0033333333333333335
5348,0,candidate_1,candidate_3,3,0.0033333333333333335
5349,candidate_2,candidate_1,candidate_3,3,0.0033333333333333335
5350,candidate_2,candidate_1,candidate_3,3,0.0033333333333333335
5351,candidate_2,candidate_1,candidate_3,3,0.0033333333333333335
5352,candidate_2,candidate_1,candidate_3,3,0.0033333333333333335
5353,candidate_2,candidate_1,candidate_3,3,0.0033333333333333335
5354,candidate_2,candidate_1,candidate_3,3,0.0033333333333333335
5355,candidate_2,candidate_1,candidate_3,3,0.0033333333333333335
5356,candidate_2,candidate_1,candidate_3,3,0.0033333333333333335
5357,candidate_2,candidate_1,candidate_3,3,0.0033333333333333335
5358,candidate_2,candidate_1,candidate_3,3,0.0033333333333333335
5359,candidate_2,candidate_1,candidate_3,3,0.0033333333333333335
5360,candidate_2,candidate_1,candidate_3,3,0.0033333333333333335
5361,candidate_2,candidate_1,candidate_3,3,0.0033333333333333335
5362,candidate_2,candidate_1,candidate_3,3,0.0033333333333333335
5363,candidate_2,candidate_1,candidate_3,3,0.0033333333333333335
5364,candidate_2,candidate_1,candidate_3,3,0.0033333333333333335
5365,candidate_2,candidate_1,candidate_3,3,0.0033333333333333335
5366,candidate_2,candidate_1,candidate_3,3,0.0033333333333333335
5367,candidate_2,candidate_1,candidate_3,3,0.0033333333333333335
5368,candidate_2,candidate_1,candidate_3,3,0.0033333333333333335
5369,candidate_2,candidate_1,candidate_3,3,0.0033333333333333335
5370,candidate_2,candidate_1,candidate_3,3,0.0033333333333333335
5371,candidate_2,candidate_1,candidate_3,3,0.0033333333333333335
5372,candidate_2,candidate_1,candidate_3,3,0.0033333333333333335
5373,candidate_2,candidate_1,0,3,0.0033333333333333335
5374,0,candidate_1,candidate_3,3,0.0033333333333333335
5375,candidate_2,candidate_1,candidate_3,3,0.0033333333333333335
5376,candidate_2,candidate_1,candidate_3,3,0.0033333333333333335
5377,candidate_2,candidate_1,candidate_3,3,0.0033333333333333335
5378,candidate_2,candidate_1,candidate_3,3,0.0033333333333333335
5379,candidate_2,candidate_1,candidate_3,3,0.0033333333333333335
5380,candidate_2,candidate_1,candidate_3,3,0.0033333333333333335
5381,candidate_2,candidate_1,candidate_3,3,0.0033333333333333335
5382,candidate_2,candidate_1,candidate_3,3,0.0033333333333333335
5383,candidate_2,candidate_1,candidate_3,3,0.0033333333333333335
5384,candidate_2,candidate_1,candidate_3,3,0.0033333333333333335
5385,candidate_2,candidate_1,candidate_3,3,0.0033333333333333335
5386,candidate_2,candidate_1,candidate_3,3,0.0033333333333333335
5387,candidate_2,candidate_1,candidate_3,3,0.0033333333333333335
5388,candidate_2,candidate_1,candidate_3,3,0.0033333333333333335
5389,candidate_2,candidate_1,candidate_3,3,0.0033333333333333335
5390,candidate_2,candidate_1,candidate_3,3,0.0033333333333333335
5391,candidate_2,candidate_1,candidate_3,3,0.0033333333333333335
5392,candidate_2,candidate_1,candidate_3,3,0.0033333333333333335
5393,candidate_2,candidate_1,candidate_3,3,0.0033333333333333335
5394,candidate_2,candidate_1,candidate_3,3,0.0033333333333333335
5395,candidate_2,candidate_1,candidate_3,3,0.0033333333333333335
5396,candidate_2,candidate_1,candidate_3,3,0.0033333333333333335
5397,candidate_2,candidate_1,candidate_3,3,0.0033333333333333335
5398,candidate_2,candidate_1,candidate_3,3,0.0033333333333333335
5399,candidate_2,candidate_1,candidate_3,3,0.0033333333333333335
5400,candidate_2,candidate_1,candidate_3,3,0.0033333333333333335
5401,candidate_2,candidate_1,candidate_3,3,0.0033333333333333335
5402,candidate_2,candidate_1,candidate_3,3,0.0033333333333333335
5403,candidate_2,candidate_1,candidate_3,3,0.0033333333333333335
5404,candidate_2,candidate_1,candidate_3,3,0.0033333333333333335
5405,candidate_2,candidate_1,candidate_3,3,0.0033333333333333335
5406,candidate_2,candidate_1,candidate_3,3,0.0033333333333333335
5407,candidate_2,candidate_1,candidate_3,3,0.0033333333333333335
5408,candidate_2,candidate_1,candidate_3,3,0.0033333333333333335
5409,candidate_2,candidate_1,candidate_3,3,0.0033333333333333335
5410,candidate_2,candidate_1,candidate_3,3,0.0033333333333333335
5411,candidate_2,candidate_1,candidate_3,3,0.0033333333333333335
5412,candidate_2,candidate_1,candidate_3,3,0.0033333333333333335
5413,candidate_2,candidate_1,candidate_3,3,0.0033333333333333335
5414,candidate_2,candidate_1,candidate_3,3,0.0033333333333333335
5415,candidate_2,candidate_1,candidate_3,3,0.0033333333333333335
5416,candidate_2,candidate_1,candidate_3,3,0.0033333333333333335
5417,candidate_2,candidate_1,candidate_3,3,0.0033333333333333335
5418,candidate_2,candidate_1,candidate_3,3,0.0033333333333333335
5419,candidate_2,candidate_1,candidate_3,3,0.0033333333333333335
5420,candidate_2,candidate_1,candidate_3,3,0.0033333333333333335
5421,candidate_2,candidate_1,candidate_3,3,0.0033333333333333335
5422,candidate_2,candidate_1,candidate_3,3,0.0033333333333333335
5423,candidate_2,candidate_1,candidate_3,3,0.0033333333333333335
5424,candidate_2,candidate_1,candidate_3,3,0.0033333333333333335
5425,candidate_2,candidate_1,candidate_3,3,0.0033333333333333335
5426,candidate_2,candidate_1,candidate_3,3,0.0033333333333333335
5427,candidate_2,candidate_1,candidate_3,3,0.0033333333333333335
5428,candidate_2,candidate_1,candidate_3,3,0.0033333333333333335
5429,candidate_2,candidate_1,candidate_3,3,0.0033333333333333335
5430,candidate_2,candidate_1,candidate_3,3,0.0033333333333333335
5431,candidate_2,candidate_1,candidate_3,3,0.0033333333333333335
5432,candidate_2,candidate_1,candidate_3,3,0.0033333333333333335
5433,candidate_2,candidate_1,candidate_3,3,0.0033333333333333335
5434,candidate_2,candidate_1,candidate_3,3,0.0033333333333333335
5435,candidate_2,candidate_1,candidate_3,3,0.0033333333333333335
5436,candidate_2,candidate_1,candidate_3,3,0.0033333333333333335
5437,candidate_2,candidate_1,candidate_3,3,0.0033333333333333335
5438,candidate_2,candidate_1,candidate_3,3,0.0033333333333333335
5439,candidate_2,candidate_1,candidate_3,3,0.0033333333333333335
5440,candidate_2,candidate_1,candidate_3,3,0.0033333333333333335
5441,candidate_2,candidate_1,candidate_3,3,0.0033333333333333335
5442,candidate_2,candidate_1,candidate_3,3,0.0033333333333333335
5443,candidate_2,candidate_1,candidate_3,3,0.0033333333333333335
5444,candidate_2,candidate_1,candidate_3,3,0.0033333333333333335
5445,candidate_2,candidate_1,candidate_3,3,0.0033333333333333335
5446,candidate_2,candidate_1,candidate_3,3,0.0033333333333333335
5447,candidate_2,candidate_1,candidate_3,3,0.0033333333333333335
5448,candidate_2,candidate_1,candidate_3,3,0.0033333333333333335
5449,candidate_2,candidate_1,candidate_3,3,0.0033333333333333335
5450,0,candidate_1,candidate_3,3,0.0033333333333333335
5451,candidate_2,candidate_1,candidate_3,3,0.0033333333333333335
5452,candidate_2,candidate_1,candidate_3,3,0.0033333333333333335
5453,candidate_2,candidate_1,candidate_3,3,0.0033333333333333335
5454,candidate_2,candidate_1,candidate_3,3,0.0033333333333333335
5455,candidate_2,candidate_1,candidate_3,3,0.0033333333333333335
5456,candidate_2,candidate_1,candidate_3,3,0.0033333333333333335
5457,candidate_2,candidate_1,candidate_3,3,0.0033333333333333335
5458,candidate_2,candidate_1,candidate_3,3,0.0033333333333333335
5459,candidate_2,candidate_1,candidate_3,3,0.0033333333333333335
5460,candidate_2,candidate_1,candidate_3,3,0.0033333333333333335
5461,candidate_2,candidate_1,candidate_3,3,0.0033333333333333335
5462,candidate_2,candidate_1,candidate_3,3,0.0033333333333333335
5463,candidate_2,candidate_1,candidate_3,3,0.0033333333333333335
5464,candidate_2,candidate_1,candidate_3,3,0.0033333333333333335
5465,candidate_2,candidate_1,candidate_3,3,0.0033333333333333335
5466,candidate_2,candidate_1,candidate_3,3,0.0033333333333333335
5467,candidate_2,candidate_1,candidate_3,3,0.0033333333333333335
5468,candidate_2,candidate_1,candidate_3,3,0.0033333333333333335
5469,candidate_2,candidate_1,candidate_3,3,0.0033333333333333335
5470,candidate_2,candidate_1,candidate_3,3,0.0033333333333333335
5471,candidate_2,candidate_1,candidate_3,3,0.0033333333333333335
5472,candidate_2,candidate_1,candidate_3,3,0.0033333333333333335
5473,candidate_2,candidate_1,candidate_3,3,0.0033333333333333335
5474,0,candidate_1,candidate_3,3,0.0033333333333333335
5475,candidate_2,candidate_1,candidate_3,3,0.0033333333333333335
5476,candidate_2,candidate_1,candidate_3,3,0.0033333333333333335
5477,candidate_2,candidate_1,candidate_3,3,0.0033333333333333335
5478,candidate_2,candidate_1,candidate_3,3,0.0033333333333333335
5479,candidate_2,candidate_1,candidate_3,3,0.0033333333333333335
5480,candidate_2,candidate_1,candidate_3,3,0.0033333333333333335
5481,candidate_2,candidate_1,candidate_3,3,0.0033333333333333335
5482,candidate_2,candidate_1,candidate_3,3,0.0033333333333333335
5483,candidate_2,candidate_1,candidate_3,3,0.0033333333333333335
5484,candidate_2,candidate_1,candidate_3,3,0.0033333333333333335
5485,candidate_2,candidate_1,candidate_3,3,0.0033333333333333335
5486,candidate_2,candidate_1,candidate_3,3,0.0033333333333333335
5487,candidate_2,candidate_1,candidate_3,3,0.0033333333333333335
5488,candidate_2,candidate_1,candidate_3,3,0.0033333333333333335
5489,candidate_2,candidate_1,candidate_3,3,0.0033333333333333335
5490,candidate_2,candidate_1,candidate_3,3,0.0033333333333333335
5491,candidate_2,candidate_1,candidate_3,3,0.0033333333333333335
5492,candidate_2,candidate_1,candidate_3,3,0.0033333333333333335
5493,candidate_2,candidate_1,candidate_3,3,0.0033333333333333335
5494,candidate_2,candidate_1,candidate_3,3,0.0033333333333333335
5495,candidate_2,candidate_1,candidate_3,3,0.0033333333333333335
5496,candidate_2,candidate_1,candidate_3,3,0.0033333333333333335
5497,candidate_2,candidate_1,candidate_3,3,0.0033333333333333335
5498,candidate_2,candidate_1,candidate_3,3,0.0033333333333333335
5499,candidate_2,candidate_1,candidate_3,3,0.0033333333333333335
5500,candidate_2,candidate_1,candidate_3,3,0.0033333333333333335
5501,candidate_2,candidate_1,candidate_3,3,0.0033333333333333335
5502,candidate_2,candidate_1,candidate_3,3,0.0033333333333333335
5503,candidate_2,candidate_1,candidate_3,3,0.0033333333333333335
5504,candidate_2,candidate_1,candidate_3,3,0.0033333333333333335
5505,candidate_2,candidate_1,candidate_3,3,0.0033333333333333335
5506,candidate_2,candidate_1,candidate_3,3,0.0033333333333333335
5507,candidate_2,candidate_1,candidate_3,3,0.0033333333333333335
5508,candidate_2,candidate_1,candidate_3,3,0.0033333333333333335
5509,candidate_2,candidate_1,candidate_3,3,0.0033333333333333335
5510,candidate_2,candidate_1,candidate_3,3,0.0033333333333333335
5511,candidate_2,candidate_1,candidate_3,3,0.0033333333333333335
5512,candidate_2,candidate_1,candidate_3,3,0.0033333333333333335
5513,candidate_2,candidate_1,candidate_3,3,0.0033333333333333335
5514,candidate_2,candidate_1,candidate_3,3,0.0033333333333333335
5515,candidate_2,candidate_1,candidate_3,3,0.0033333333333333335
5516,candidate_2,candidate_1,candidate_3,3,0.0033333333333333335
5517,candidate_2,candidate_1,candidate_3,3,0.0033333333333333335
5518,candidate_2,candidate_1,candidate_3,3,0.0033333333333333335
5519,candidate_2,candidate_1,candidate_3,3,0.0033333333333333335
5520,0,candidate_1,candidate_3,3,0.0033333333333333335
5521,candidate_2,candidate_1,candidate_3,3,0.0033333333333333335
5522,candidate_2,candidate_1,candidate_3,3,0.0033333333333333335
5523,candidate_2,candidate_1,candidate_3,3,0.0033333333333333335
5524,candidate_2,candidate_1,candidate_3,3,0.0033333333333333335
5525,candidate_2,candidate_1,candidate_3,3,0.0033333333333333335
5526,candidate_2,candidate_1,candidate_3,3,0.0033333333333333335
5527,candidate_2,candidate_1,candidate_3,3,0.0033333333333333335
5528,candidate_2,candidate_1,candidate_3,3,0.0033333333333333335
5529,candidate_2,candidate_1,candidate_3,3,0.0033333333333333335
5530,candidate_2,candidate_1,candidate_3,3,0.0033333333333333335
5531,candidate_2,candidate_1,candidate_3,3,0.0033333333333333335
5532,candidate_2,candidate_1,candidate_3,3,0.0033333333333333335
5533,candidate_2,candidate_1,candidate_3,3,0.0033333333333333335
5534,candidate_2,candidate_1,candidate_3,3,0.0033333333333333335
5535,candidate_2,candidate_1,candidate_3,3,0.0033333333333333335
5536,candidate_2,candidate_1,candidate_3,3,0.0033333333333333335
5537,candidate_2,candidate_1,candidate_3,3,0.0033333333333333335
5538,candidate_2,candidate_1,candidate_3,3,0.0033333333333333335
5539,candidate_2,candidate_1,candidate_3,3,0.0033333333333333335
5540,candidate_2,candidate_1,candidate_3,3,0.0033333333333333335
5541,candidate_2,candidate_1,candidate_3,3,0.0033333333333333335
5542,candidate_2,candidate_1,candidate_3,3,0.0033333333333333335
5543,candidate_2,candidate_1,candidate_3,3,0.0033333333333333335
5544,candidate_2,candidate_1,candidate_3,3,0.0033333333333333335
5545,candidate_2,candidate_1,candidate_3,3,0.0033333333333333335
5546,candidate_2,candidate_1,candidate_3,3,0.0033333333333333335
5547,candidate_2,candidate_1,candidate_3,3,0.0033333333333333335
5548,candidate_2,candidate_1,candidate_3,3,0.0033333333333333335
5549,candidate_2,candidate_1,candidate_3,3,0.0033333333333333335
5550,candidate_2,candidate_1,candidate_3,3,0.0033333333333333335
5551,candidate_2,candidate_1,candidate_3,3,0.0033333333333333335
5552,candidate_2,candidate_1,candidate_3,3,0.0033333333333333335
5553,candidate_2,candidate_1,candidate_3,3,0.0033333333333333335
5554,candidate_2,candidate_1,candidate_3,3,0.0033333333333333335
5555,candidate_2,candidate_1,candidate_3,3,0.0033333333333333335
5556,candidate_2,candidate_1,candidate_3,3,0.0033333333333333335
5557,candidate_2,candidate_1,candidate_3,3,0.0033333333333333335
5558,candidate_2,candidate_1,candidate_3,3,0.0033333333333333335
5559,candidate_2,candidate_1,candidate_3,3,0.0033333333333333335
5560,candidate_2,candidate_1,candidate_3,3,0.0033333333333333335
5561,candidate_2,candidate_1,candidate_3,3,0.0033333333333333335
5562,candidate_2,candidate_1,candidate_3,3,0.0033333333333333335
5563,candidate_2,candidate_1,candidate_3,3,0.0033333333333333335
5564,candidate_2,candidate_1,candidate_3,3,0.0033333333333333335
5565,candidate_2,candidate_1,candidate_3,3,0.0033333333333333335
5566,candidate_2,candidate_1,candidate_3,3,0.0033333333333333335
5567,candidate_2,candidate_1,candidate_3,3,0.0033333333333333335
5568,candidate_2,candidate_1,candidate_3,3,0.0033333333333333335
5569,candidate_2,candidate_1,candidate_3,3,0.0033333333333333335
5570,candidate_2,candidate_1,candidate_3,3,0.0033333333333333335
5571,candidate_2,candidate_1,candidate_3,3,0.0033333333333333335
5572,candidate_2,candidate_1,candidate_3,3,0.0033333333333333335
5573,candidate_2,candidate_1,candidate_3,3,0.0033333333333333335
5574,candidate_2,candidate_1,candidate_3,3,0.0033333333333333335
5575,candidate_2,candidate_1,candidate_3,3,0.0033333333333333335
5576,candidate_2,candidate_1,candidate_3,3,0.0033333333333333335
5577,candidate_2,candidate_1,candidate_3,3,0.0033333333333333335
5578,candidate_2,candidate_1,candidate_3,3,0.0033333333333333335
5579,candidate_2,candidate_1,candidate_3,3,0.0033333333333333335
5580,candidate_2,candidate_1,candidate_3,3,0.0033333333333333335
5581,candidate_2,candidate_1,candidate_3,3,0.0033333333333333335
5582,candidate_2,candidate_1,candidate_3,3,0.0033333333333333335
5583,candidate_2,candidate_1,candidate_3,3,0.0033333333333333335
5584,candidate_2,candidate_1,candidate_3,3,0.0033333333333333335
5585,candidate_2,candidate_1,candidate_3,3,0.0033333333333333335
5586,candidate_2,candidate_1,candidate_3,3,0.0033333333333333335
5587,candidate_2,candidate_1,candidate_3,3,0.0033333333333333335
5588,candidate_2,candidate_1,candidate_3,3,0.0033333333333333335
5589,candidate_2,candidate_1,candidate_3,3,0.0033333333333333335
5590,candidate_2,candidate_1,candidate_3,3,0.0033333333333333335
5591,candidate_2,candidate_1,candidate_3,3,0.0033333333333333335
5592,candidate_2,candidate_1,candidate_3,3,0.0033333333333333335
5593,candidate_2,candidate_1,candidate_3,3,0.0033333333333333335
5594,candidate_2,candidate_1,candidate_3,3,0.0033333333333333335
5595,candidate_2,candidate_1,candidate_3,3,0.0033333333333333335
5596,candidate_2,candidate_1,candidate_3,3,0.0033333333333333335
5597,candidate_2,candidate_1,candidate_3,3,0.0033333333333333335
5598,candidate_2,candidate_1,candidate_3,3,0.0033333333333333335
5599,candidate_2,candidate_1,candidate_3,3,0.0033333333333333335
5600,candidate_2,candidate_1,candidate_3,3,0.0033333333333333335
5601,candidate_2,candidate_1,candidate_3,3,0.0033333333333333335
5602,candidate_2,candidate_1,candidate_3,3,0.0033333333333333335
5603,candidate_2,candidate_1,candidate_3,3,0.0033333333333333335
5604,candidate_2,candidate_1,candidate_3,3,0.0033333333333333335
5605,candidate_2,candidate_1,candidate_3,3,0.0033333333333333335
5606,candidate_2,candidate_1,candidate_3,3,0.0033333333333333335
5607,candidate_2,candidate_1,candidate_3,3,0.0033333333333333335
5608,candidate_2,candidate_1,candidate_3,3,0.0033333333333333335
5609,candidate_2,candidate_1,candidate_3,3,0.0033333333333333335
5610,candidate_2,candidate_1,candidate_3,3,0.0033333333333333335
5611,candidate_2,candidate_1,candidate_3,3,0.0033333333333333335
5612,candidate_2,candidate_1,candidate_3,3,0.0033333333333333335
5613,candidate_2,candidate_1,candidate_3,3,0.0033333333333333335
5614,candidate_2,candidate_1,candidate_3,3,0.0033333333333333335
5615,candidate_2,candidate_1,candidate_3,3,0.0033333333333333335
5616,candidate_2,candidate_1,candidate_3,3,0.0033333333333333335
5617,candidate_2,candidate_1,candidate_3,3,0.0033333333333333335
5618,candidate_2,candidate_1,candidate_3,3,0.0033333333333333335
5619,candidate_2,candidate_1,candidate_3,3,0.0033333333333333335
5620,candidate_2,candidate_1,candidate_3,3,0.0033333333333333335
5621,candidate_2,candidate_1,candidate_3,3,0.0033333333333333335
5622,candidate_2,candidate_1,candidate_3,3,0.0033333333333333335
5623,candidate_2,candidate_1,candidate_3,3,0.0033333333333333335
5624,candidate_2,candidate_1,candidate_3,3,0.0033333333333333335
5625,candidate_2,candidate_1,candidate_3,3,0.0033333333333333335
5626,candidate_2,candidate_1,candidate_3,3,0.0033333333333333335
5627,candidate_2,candidate_1,candidate_3,3,0.0033333333333333335
5628,candidate_2,candidate_1,candidate_3,3,0.0033333333333333335
5629,candidate_2,candidate_1,candidate_3,3,0.0033333333333333335
5630,candidate_2,candidate_1,candidate_3,3,0.0033333333333333335
5631,candidate_2,candidate_1,candidate_3,3,0.0033333333333333335
5632,candidate_2,candidate_1,candidate_3,3,0.0033333333333333335
5633,candidate_2,candidate_1,candidate_3,3,0.0033333333333333335
5634,candidate_2,candidate_1,candidate_3,3,0.0033333333333333335
5635,candidate_2,candidate_1,candidate_3,3,0.0033333333333333335
5636,candidate_2,candidate_1,candidate_3,3,0.0033333333333333335
5637,candidate_2,candidate_1,candidate_3,3,0.0033333333333333335
5638,candidate_2,candidate_1,candidate_3,3,0.0033333333333333335
5639,candidate_2,candidate_1,candidate_3,3,0.0033333333333333335
5640,candidate_2,0,candidate_3,3,0.0033333333333333335
5641,candidate_2,candidate_1,candidate_3,3,0.0033333333333333335
5642,candidate_2,candidate_1,candidate_3,3,0.0033333333333333335
5643,candidate_2,candidate_1,candidate_3,3,0.0033333333333333335
5644,candidate_2,candidate_1,candidate_3,3,0.0033333333333333335
5645,candidate_2,candidate_1,candidate_3,3,0.0033333333333333335
5646,candidate_2,candidate_1,candidate_3,3,0.0033333333333333335
5647,candidate_2,candidate_1,candidate_3,3,0.0033333333333333335
5648,candidate_2,candidate_1,candidate_3,3,0.0033333333333333335
5649,candidate_2,candidate_1,candidate_3,3,0.0033333333333333335
5650,candidate_2,candidate_1,candidate_3,3,0.0033333333333333335
5651,candidate_2,candidate_1,candidate_3,3,0.0033333333333333335
5652,candidate_2,candidate_1,candidate_3,3,0.0033333333333333335
5653,candidate_2,candidate_1,candidate_3,3,0.0033333333333333335
5654,candidate_2,candidate_1,candidate_3,3,0.0033333333333333335
5655,candidate_2,candidate_1,candidate_3,3,0.0033333333333333335
5656,candidate_2,candidate_1,candidate_3,3,0.0033333333333333335
5657,candidate_2,candidate_1,candidate_3,3,0.0033333333333333335
5658,candidate_2,candidate_1,candidate_3,3,0.0033333333333333335
5659,candidate_2,candidate_1,candidate_3,3,0.0033333333333333335
5660,candidate_2,candidate_1,candidate_3,3,0.0033333333333333335
5661,candidate_2,candidate_1,candidate_3,3,0.0033333333333333335
5662,candidate_2,candidate_1,candidate_3,3,0.0033333333333333335
5663,candidate_2,candidate_1,candidate_3,3,0.0033333333333333335
5664,candidate_2,candidate_1,candidate_3,3,0.0033333333333333335
5665,candidate_2,candidate_1,candidate_3,3,0.0033333333333333335
5666,candidate_2,candidate_1,candidate_3,3,0.0033333333333333335
5667,candidate_2,candidate_1,candidate_3,3,0.0033333333333333335
5668,candidate_2,candidate_1,candidate_3,3,0.0033333333333333335
5669,candidate_2,candidate_1,candidate_3,3,0.0033333333333333335
5670,candidate_2,candidate_1,candidate_3,3,0.0033333333333333335
5671,candidate_2,candidate_1,candidate_3,3,0.0033333333333333335
5672,candidate_2,candidate_1,candidate_3,3,0.0033333333333333335
5673,candidate_2,candidate_1,candidate_3,3,0.0033333333333333335
5674,candidate_2,candidate_1,candidate_3,3,0.0033333333333333335
5675,candidate_2,candidate_1,candidate_3,3,0.0033333333333333335
5676,candidate_2,candidate_1,candidate_3,3,0.0033333333333333335
5677,candidate_2,candidate_1,candidate_3,3,0.0033333333333333335
5678,candidate_2,candidate_1,candidate_3,3,0.0033333333333333335
5679,candidate_2,candidate_1,candidate_3,3,0.0033333333333333335
5680,candidate_2,candidate_1,candidate_3,3,0.0033333333333333335
5681,candidate_2,candidate_1,candidate_3,3,0.0033333333333333335
5682,candidate_2,candidate_1,candidate_3,3,0.0033333333333333335
5683,candidate_2,candidate_1,candidate_3,3,0.0033333333333333335
5684,candidate_2,candidate_1,candidate_3,3,0.0033333333333333335
5685,candidate_2,candidate_1,candidate_3,3,0.0033333333333333335
5686,candidate_2,candidate_1,candidate_3,3,0.0033333333333333335
5687,candidate_2,candidate_1,candidate_3,3,0.0033333333333333335
5688,candidate_2,candidate_1,candidate_3,3,0.0033333333333333335
5689,candidate_2,candidate_1,candidate_3,3,0.0033333333333333335
5690,candidate_2,candidate_1,candidate_3,3,0.0033333333333333335
5691,candidate_2,candidate_1,candidate_3,3,0.0033333333333333335
5692,candidate_2,candidate_1,candidate_3,3,0.0033333333333333335
5693,candidate_2,candidate_1,candidate_3,3,0.0033333333333333335
5694,candidate_2,candidate_1,candidate_3,3,0.0033333333333333335
5695,candidate_2,candidate_1,candidate_3,3,0.0033333333333333335
5696,candidate_2,candidate_1,candidate_3,3,0.0033333333333333335
5697,candidate_2,candidate_1,candidate_3,3,0.0033333333333333335
5698,candidate_2,candidate_1,candidate_3,3,0.0033333333333333335
5699,candidate_2,candidate_1,candidate_3,3,0.0033333333333333335
5700,candidate_2,candidate_1,candidate_3,3,0.0033333333333333335
5701,candidate_2,candidate_1,candidate_3,3,0.0033333333333333335
5702,candidate_2,candidate_1,candidate_3,3,0.0033333333333333335
5703,candidate_2,candidate_1,candidate_3,3,0.0033333333333333335
5704,candidate_2,candidate_1,candidate_3,3,0.0033333333333333335
5705,candidate_2,candidate_1,candidate_3,3,0.0033333333333333335
5706,candidate_2,candidate_1,candidate_3,3,0.0033333333333333335
5707,candidate_2,candidate_1,candidate_3,3,0.0033333333333333335
5708,candidate_2,candidate_1,candidate_3,3,0.0033333333333333335
5709,candidate_2,candidate_1,candidate_3,3,0.0033333333333333335
5710,candidate_2,candidate_1,candidate_3,3,0.0033333333333333335
5711,candidate_2,candidate_1,candidate_3,3,0.0033333333333333335
5712,candidate_2,candidate_1,candidate_3,3,0.0033333333333333335
5713,candidate_2,candidate_1,candidate_3,3,0.0033333333333333335
5714,candidate_2,candidate_1,candidate_3,3,0.0033333333333333335
5715,candidate_2,candidate_1,candidate_3,3,0.0033333333333333335
5716,candidate_2,candidate_1,candidate_3,3,0.0033333333333333335
5717,candidate_2,candidate_1,candidate_3,3,0.0033333333333333335
5718,candidate_2,candidate_1,candidate_3,3,0.0033333333333333335
5719,candidate_2,candidate_1,candidate_3,3,0.0033333333333333335
5720,candidate_2,candidate_1,candidate_3,3,0.0033333333333333335
5721,candidate_2,candidate_1,candidate_3,3,0.0033333333333333335
5722,candidate_2,candidate_1,candidate_3,3,0.0033333333333333335
5723,candidate_2,candidate_1,candidate_3,3,0.0033333333333333335
5724,candidate_2,candidate_1,candidate_3,3,0.0033333333333333335
5725,candidate_2,candidate_1,candidate_3,3,0.0033333333333333335
5726,candidate_2,candidate_1,candidate_3,3,0.0033333333333333335
5727,candidate_2,candidate_1,candidate_3,3,0.0033333333333333335
5728,candidate_2,0,candidate_3,3,0.0033333333333333335
5729,candidate_2,candidate_1,candidate_3,3,0.0033333333333333335
5730,candidate_2,candidate_1,candidate_3,3,0.0033333333333333335
5731,candidate_2,candidate_1,candidate_3,3,0.0033333333333333335
5732,candidate_2,candidate_1,candidate_3,3,0.0033333333333333335
5733,candidate_2,candidate_1,candidate_3,3,0.0033333333333333335
5734,candidate_2,candidate_1,candidate_3,3,0.0033333333333333335
5735,candidate_2,candidate_1,candidate_3,3,0.0033333333333333335
5736,candidate_2,candidate_1,candidate_3,3,0.0033333333333333335
5737,candidate_2,candidate_1,candidate_3,3,0.0033333333333333335
5738,candidate_2,candidate_1,candidate_3,3,0.0033333333333333335
5739,candidate_2,candidate_1,candidate_3,3,0.0033333333333333335
5740,candidate_2,candidate_1,candidate_3,3,0.0033333333333333335
5741,candidate_2,candidate_1,candidate_3,3,0.0033333333333333335
5742,candidate_2,candidate_1,candidate_3,3,0.0033333333333333335
5743,candidate_2,candidate_1,candidate_3,3,0.0033333333333333335
5744,0,candidate_1,candidate_3,3,0.0033333333333333335
5745,candidate_2,candidate_1,candidate_3,3,0.0033333333333333335
5746,candidate_2,candidate_1,candidate_3,3,0.0033333333333333335
5747,candidate_2,candidate_1,candidate_3,3,0.0033333333333333335
5748,candidate_2,candidate_1,candidate_3,3,0.0033333333333333335
5749,candidate_2,candidate_1,candidate_3,3,0.0033333333333333335
5750,candidate_2,candidate_1,candidate_3,3,0.0033333333333333335
5751,candidate_2,candidate_1,candidate_3,3,0.0033333333333333335
5752,candidate_2,candidate_1,candidate_3,3,0.0033333333333333335
5753,candidate_2,candidate_1,candidate_3,3,0.0033333333333333335
5754,candidate_2,candidate_1,candidate_3,3,0.0033333333333333335
5755,candidate_2,candidate_1,candidate_3,3,0.0033333333333333335
5756,candidate_2,candidate_1,candidate_3,3,0.0033333333333333335
5757,candidate_2,candidate_1,candidate_3,3,0.0033333333333333335
5758,candidate_2,candidate_1,candidate_3,3,0.0033333333333333335
5759,candidate_2,candidate_1,candidate_3,3,0.0033333333333333335
5760,candidate_2,candidate_1,candidate_3,3,0.0033333333333333335
5761,candidate_2,candidate_1,candidate_3,3,0.0033333333333333335
5762,candidate_2,candidate_1,candidate_3,3,0.0033333333333333335
5763,candidate_2,candidate_1,candidate_3,3,0.0033333333333333335
5764,candidate_2,candidate_1,candidate_3,3,0.0033333333333333335
5765,candidate_2,candidate_1,candidate_3,3,0.0033333333333333335
5766,candidate_2,candidate_1,candidate_3,3,0.0033333333333333335
5767,candidate_2,candidate_1,candidate_3,3,0.0033333333333333335
5768,candidate_2,candidate_1,candidate_3,3,0.0033333333333333335
5769,candidate_2,candidate_1,candidate_3,3,0.0033333333333333335
5770,candidate_2,candidate_1,candidate_3,3,0.0033333333333333335
5771,candidate_2,candidate_1,candidate_3,3,0.0033333333333333335
5772,candidate_2,candidate_1,candidate_3,3,0.0033333333333333335
5773,candidate_2,candidate_1,candidate_3,3,0.0033333333333333335
5774,candidate_2,candidate_1,candidate_3,3,0.0033333333333333335
5775,candidate_2,candidate_1,candidate_3,3,0.0033333333333333335
5776,candidate_2,candidate_1,candidate_3,3,0.0033333333333333335
5777,candidate_2,candidate_1,candidate_3,3,0.0033333333333333335
5778,candidate_2,candidate_1,candidate_3,3,0.0033333333333333335
5779,candidate_2,candidate_1,candidate_3,3,0.0033333333333333335
5780,candidate_2,candidate_1,candidate_3,3,0.0033333333333333335
5781,candidate_2,candidate_1,candidate_3,3,0.0033333333333333335
5782,candidate_2,candidate_1,candidate_3,3,0.0033333333333333335
5783,candidate_2,candidate_1,candidate_3,3,0.0033333333333333335
5784,candidate_2,candidate_1,candidate_3,3,0.0033333333333333335
5785,candidate_2,candidate_1,candidate_3,3,0.0033333333333333335
5786,candidate_2,candidate_1,candidate_3,3,0.0033333333333333335
5787,candidate_2,candidate_1,candidate_3,3,0.0033333333333333335
5788,candidate_2,candidate_1,candidate_3,3,0.0033333333333333335
5789,candidate_2,candidate_1,candidate_3,3,0.0033333333333333335
5790,candidate_2,candidate_1,candidate_3,3,0.0033333333333333335
5791,candidate_2,candidate_1,candidate_3,3,0.0033333333333333335
5792,candidate_2,candidate_1,candidate_3,3,0.0033333333333333335
5793,candidate_2,candidate_1,candidate_3,3,0.0033333333333333335
5794,candidate_2,candidate_1,candidate_3,3,0.0033333333333333335
5795,candidate_2,candidate_1,candidate_3,3,0.0033333333333333335
5796,candidate_2,candidate_1,candidate_3,3,0.0033333333333333335
5797,candidate_2,candidate_1,candidate_3,3,0.0033333333333333335
5798,candidate_2,candidate_1,candidate_3,3,0.0033333333333333335
5799,candidate_2,candidate_1,candidate_3,3,0.0033333333333333335
5800,candidate_2,candidate_1,candidate_3,3,0.0033333333333333335
5801,candidate_2,candidate_1,candidate_3,3,0.0033333333333333335
5802,candidate_2,candidate_1,candidate_3,3,0.0033333333333333335
5803,candidate_2,candidate_1,candidate_3,3,0.0033333333333333335
5804,candidate_2,candidate_1,candidate_3,3,0.0033333333333333335
5805,candidate_2,candidate_1,candidate_3,3,0.0033333333333333335
5806,candidate_2,candidate_1,candidate_3,3,0.0033333333333333335
5807,candidate_2,candidate_1,candidate_3,3,0.0033333333333333335
5808,candidate_2,candidate_1,candidate_3,3,0.0033333333333333335
5809,candidate_2,candidate_1,candidate_3,3,0.0033333333333333335
5810,candidate_2,candidate_1,candidate_3,3,0.0033333333333333335
5811,candidate_2,candidate_1,candidate_3,3,0.0033333333333333335
5812,candidate_2,candidate_1,candidate_3,3,0.0033333333333333335
5813,candidate_2,candidate_1,candidate_3,3,0.0033333333333333335
5814,candidate_2,candidate_1,candidate_3,3,0.0033333333333333335
5815,candidate_2,candidate_1,candidate_3,3,0.0033333333333333335
5816,candidate_2,candidate_1,candidate_3,3,0.0033333333333333335
5817,candidate_2,candidate_1,candidate_3,3,0.0033333333333333335
5818,candidate_2,candidate_1,candidate_3,3,0.0033333333333333335
5819,candidate_2,candidate_1,candidate_3,3,0.0033333333333333335
5820,candidate_2,candidate_1,candidate_3,3,0.0033333333333333335
5821,candidate_2,candidate_1,candidate_3,3,0.0033333333333333335
5822,candidate_2,candidate_1,candidate_3,3,0.0033333333333333335
5823,candidate_2,candidate_1,candidate_3,3,0.0033333333333333335
5824,candidate_2,candidate_1,candidate_3,3,0.0033333333333333335
5825,candidate_2,candidate_1,candidate_3,3,0.0033333333333333335
5826,candidate_2,candidate_1,candidate_3,3,0.0033333333333333335
5827,candidate_2,candidate_1,candidate_3,3,0.0033333333333333335
5828,candidate_2,0,candidate_3,3,0.0033333333333333335
5829,candidate_2,candidate_1,candidate_3,3,0.0033333333333333335
5830,candidate_2,candidate_1,candidate_3,3,0.0033333333333333335
5831,candidate_2,candidate_1,candidate_3,3,0.0033333333333333335
5832,candidate_2,candidate_1,candidate_3,3,0.0033333333333333335
5833,candidate_2,candidate_1,candidate_3,3,0.0033333333333333335
5834,candidate_2,candidate_1,candidate_3,3,0.0033333333333333335
5835,candidate_2,candidate_1,candidate_3,3,0.0033333333333333335
5836,candidate_2,candidate_1,candidate_3,3,0.0033333333333333335
5837,candidate_2,candidate_1,candidate_3,3,0.0033333333333333335
5838,candidate_2,candidate_1,candidate_3,3,0.0033333333333333335
5839,candidate_2,candidate_1,candidate_3,3,0.0033333333333333335
5840,candidate_2,candidate_1,candidate_3,3,0.0033333333333333335
5841,candidate_2,candidate_1,candidate_3,3,0.0033333333333333335
5842,candidate_2,candidate_1,candidate_3,3,0.0033333333333333335
5843,candidate_2,candidate_1,candidate_3,3,0.0033333333333333335
5844,candidate_2,candidate_1,candidate_3,3,0.0033333333333333335
5845,candidate_2,candidate_1,candidate_3,3,0.0033333333333333335
5846,candidate_2,candidate_1,candidate_3,3,0.0033333333333333335
5847,candidate_2,candidate_1,candidate_3,3,0.0033333333333333335
5848,candidate_2,candidate_1,candidate_3,3,0.0033333333333333335
5849,candidate_2,candidate_1,candidate_3,3,0.0033333333333333335
5850,candidate_2,candidate_1,candidate_3,3,0.0033333333333333335
5851,candidate_2,candidate_1,candidate_3,3,0.0033333333333333335
5852,candidate_2,candidate_1,candidate_3,3,0.0033333333333333335
5853,candidate_2,candidate_1,candidate_3,3,0.0033333333333333335
5854,0,candidate_1,candidate_3,3,0.0033333333333333335
5855,candidate_2,candidate_1,candidate_3,3,0.0033333333333333335
5856,candidate_2,candidate_1,candidate_3,3,0.0033333333333333335
5857,candidate_2,candidate_1,candidate_3,3,0.0033333333333333335
5858,candidate_2,candidate_1,candidate_3,3,0.0033333333333333335
5859,candidate_2,candidate_1,candidate_3,3,0.0033333333333333335
5860,candidate_2,candidate_1,candidate_3,3,0.0033333333333333335
5861,candidate_2,candidate_1,candidate_3,3,0.0033333333333333335
5862,candidate_2,candidate_1,candidate_3,3,0.0033333333333333335
5863,candidate_2,candidate_1,candidate_3,3,0.0033333333333333335
5864,candidate_2,candidate_1,candidate_3,3,0.0033333333333333335
5865,candidate_2,candidate_1,candidate_3,3,0.0033333333333333335
5866,candidate_2,candidate_1,candidate_3,3,0.0033333333333333335
5867,candidate_2,candidate_1,candidate_3,3,0.0033333333333333335
5868,candidate_2,candidate_1,candidate_3,3,0.0033333333333333335
5869,candidate_2,candidate_1,candidate_3,3,0.0033333333333333335
5870,candidate_2,candidate_1,candidate_3,3,0.0033333333333333335
5871,candidate_2,candidate_1,candidate_3,3,0.0033333333333333335
5872,candidate_2,candidate_1,candidate_3,3,0.0033333333333333335
5873,candidate_2,candidate_1,candidate_3,3,0.0033333333333333335
5874,candidate_2,candidate_1,candidate_3,3,0.0033333333333333335
5875,candidate_2,candidate_1,candidate_3,3,0.0033333333333333335
5876,candidate_2,candidate_1,candidate_3,3,0.0033333333333333335
5877,candidate_2,candidate_1,candidate_3,3,0.0033333333333333335
5878,candidate_2,candidate_1,candidate_3,3,0.0033333333333333335
5879,candidate_2,candidate_1,candidate_3,3,0.0033333333333333335
5880,candidate_2,candidate_1,candidate_3,3,0.0033333333333333335
5881,candidate_2,candidate_1,candidate_3,3,0.0033333333333333335
5882,candidate_2,candidate_1,candidate_3,3,0.0033333333333333335
5883,candidate_2,candidate_1,candidate_3,3,0.0033333333333333335
5884,candidate_2,candidate_1,0,3,0.0033333333333333335
5885,candidate_2,candidate_1,candidate_3,3,0.0033333333333333335
5886,candidate_2,candidate_1,candidate_3,3,0.0033333333333333335
5887,candidate_2,candidate_1,candidate_3,3,0.0033333333333333335
5888,candidate_2,candidate_1,candidate_3,3,0.0033333333333333335
5889,candidate_2,candidate_1,candidate_3,3,0.0033333333333333335
5890,candidate_2,candidate_1,candidate_3,3,0.0033333333333333335
5891,candidate_2,candidate_1,candidate_3,3,0.0033333333333333335
5892,candidate_2,candidate_1,candidate_3,3,0.0033333333333333335
5893,candidate_2,candidate_1,candidate_3,3,0.0033333333333333335
5894,candidate_2,candidate_1,candidate_3,3,0.0033333333333333335
5895,candidate_2,candidate_1,candidate_3,3,0.0033333333333333335
5896,candidate_2,candidate_1,candidate_3,3,0.0033333333333333335
5897,candidate_2,candidate_1,candidate_3,3,0.0033333333333333335
5898,candidate_2,candidate_1,candidate_3,3,0.0033333333333333335
5899,candidate_2,candidate_1,candidate_3,3,0.0033333333333333335
5900,candidate_2,candidate_1,candidate_3,3,0.0033333333333333335
5901,candidate_2,candidate_1,candidate_3,3,0.0033333333333333335
5902,candidate_2,candidate_1,candidate_3,3,0.0033333333333333335
5903,candidate_2,candidate_1,candidate_3,3,0.0033333333333333335
5904,candidate_2,candidate_1,candidate_3,3,0.0033333333333333335
5905,candidate_2,candidate_1,candidate_3,3,0.0033333333333333335
5906,candidate_2,candidate_1,candidate_3,3,0.0033333333333333335
5907,candidate_2,candidate_1,candidate_3,3,0.0033333333333333335
5908,candidate_2,candidate_1,candidate_3,3,0.0033333333333333335
5909,candidate_2,candidate_1,candidate_3,3,0.0033333333333333335
5910,candidate_2,candidate_1,candidate_3,3,0.0033333333333333335
5911,candidate_2,candidate_1,candidate_3,3,0.0033333333333333335
5912,candidate_2,candidate_1,candidate_3,3,0.0033333333333333335
5913,candidate_2,candidate_1,candidate_3,3,0.0033333333333333335
5914,candidate_2,candidate_1,candidate_3,3,0.0033333333333333335
5915,candidate_2,candidate_1,candidate_3,3,0.0033333333333333335
5916,candidate_2,candidate_1,candidate_3,3,0.0033333333333333335
5917,candidate_2,candidate_1,candidate_3,3,0.0033333333333333335
5918,candidate_2,candidate_1,candidate_3,3,0.0033333333333333335
5919,candidate_2,candidate_1,candidate_3,3,0.0033333333333333335
5920,candidate_2,candidate_1,candidate_3,3,0.0033333333333333335
5921,candidate_2,candidate_1,candidate_3,3,0.0033333333333333335
5922,candidate_2,candidate_1,candidate_3,3,0.0033333333333333335
5923,candidate_2,candidate_1,candidate_3,3,0.0033333333333333335
5924,candidate_2,candidate_1,candidate_3,3,0.0033333333333333335
5925,candidate_2,candidate_1,candidate_3,3,0.0033333333333333335
5926,candidate_2,candidate_1,candidate_3,3,0.0033333333333333335
5927,candidate_2,candidate_1,candidate_3,3,0.0033333333333333335
5928,candidate_2,candidate_1,candidate_3,3,0.0033333333333333335
5929,candidate_2,candidate_1,candidate_3,3,0.0033333333333333335
5930,candidate_2,candidate_1,candidate_3,3,0.0033333333333333335
5931,candidate_2,candidate_1,candidate_3,3,0.0033333333333333335
5932,candidate_2,candidate_1,candidate_3,3,0.0033333333333333335
5933,candidate_2,candidate_1,candidate_3,3,0.0033333333333333335
5934,candidate_2,candidate_1,candidate_3,3,0.0033333333333333335
5935,candidate_2,candidate_1,candidate_3,3,0.0033333333333333335
5936,candidate_2,candidate_1,candidate_3,3,0.0033333333333333335
5937,candidate_2,candidate_1,candidate_3,3,0.0033333333333333335
5938,candidate_2,candidate_1,candidate_3,3,0.0033333333333333335
5939,candidate_2,candidate_1,candidate_3,3,0.0033333333333333335
5940,candidate_2,candidate_1,candidate_3,3,0.0033333333333333335
5941,candidate_2,candidate_1,candidate_3,3,0.0033333333333333335
5942,candidate_2,candidate_1,candidate_3,3,0.0033333333333333335
5943,candidate_2,candidate_1,candidate_3,3,0.0033333333333333335
5944,candidate_2,candidate_1,candidate_3,3,0.0033333333333333335
5945,candidate_2,candidate_1,candidate_3,3,0.0033333333333333335
5946,candidate_2,candidate_1,candidate_3,3,0.0033333333333333335
5947,candidate_2,candidate_1,candidate_3,3,0.0033333333333333335
5948,candidate_2,candidate_1,candidate_3,3,0.0033333333333333335
5949,candidate_2,candidate_1,candidate_3,3,0.0033333333333333335
5950,candidate_2,candidate_1,candidate_3,3,0.0033333333333333335
5951,candidate_2,candidate_1,candidate_3,3,0.0033333333333333335
5952,candidate_2,candidate_1,candidate_3,3,0.0033333333333333335
5953,candidate_2,candidate_1,candidate_3,3,0.0033333333333333335
5954,candidate_2,candidate_1,candidate_3,3,0.0033333333333333335
5955,candidate_2,candidate_1,candidate_3,3,0.0033333333333333335
5956,candidate_2,candidate_1,candidate_3,3,0.0033333333333333335
5957,candidate_2,candidate_1,candidate_3,3,0.0033333333333333335
5958,candidate_2,candidate_1,candidate_3,3,0.0033333333333333335
5959,candidate_2,candidate_1,candidate_3,3,0.0033333333333333335
5960,candidate_2,candidate_1,candidate_3,3,0.0033333333333333335
5961,0,candidate_1,candidate_3,3,0.0033333333333333335
5962,candidate_2,candidate_1,candidate_3,3,0.0033333333333333335
5963,candidate_2,candidate_1,candidate_3,3,0.0033333333333333335
5964,candidate_2,candidate_1,candidate_3,3,0.0033333333333333335
5965,candidate_2,candidate_1,candidate_3,3,0.0033333333333333335
5966,candidate_2,candidate_1,candidate_3,3,0.0033333333333333335
5967,candidate_2,candidate_1,candidate_3,3,0.0033333333333333335
5968,candidate_2,candidate_1,candidate_3,3,0.0033333333333333335
5969,candidate_2,candidate_1,candidate_3,3,0.0033333333333333335
5970,candidate_2,candidate_1,candidate_3,3,0.0033333333333333335
5971,candidate_2,candidate_1,candidate_3,3,0.0033333333333333335
5972,candidate_2,candidate_1,candidate_3,3,0.0033333333333333335
5973,candidate_2,candidate_1,candidate_3,3,0.0033333333333333335
5974,candidate_2,candidate_1,candidate_3,3,0.0033333333333333335
5975,candidate_2,candidate_1,candidate_3,3,0.0033333333333333335
5976,candidate_2,candidate_1,candidate_3,3,0.0033333333333333335
5977,candidate_2,candidate_1,candidate_3,3,0.0033333333333333335
5978,candidate_2,candidate_1,candidate_3,3,0.0033333333333333335
5979,candidate_2,candidate_1,candidate_3,3,0.0033333333333333335
5980,candidate_2,candidate_1,candidate_3,3,0.0033333333333333335
5981,candidate_2,candidate_1,candidate_3,3,0.0033333333333333335
5982,candidate_2,candidate_1,candidate_3,3,0.0033333333333333335
5983,candidate_2,candidate_1,candidate_3,3,0.0033333333333333335
5984,candidate_2,candidate_1,candidate_3,3,0.0033333333333333335
5985,candidate_2,candidate_1,candidate_3,3,0.0033333333333333335
5986,candidate_2,candidate_1,candidate_3,3,0.0033333333333333335
5987,candidate_2,candidate_1,candidate_3,3,0.0033333333333333335
5988,candidate_2,candidate_1,candidate_3,3,0.0033333333333333335
5989,candidate_2,candidate_1,candidate_3,3,0.0033333333333333335
5990,candidate_2,candidate_1,candidate_3,3,0.0033333333333333335
5991,candidate_2,candidate_1,candidate_3,3,0.0033333333333333335
5992,candidate_2,candidate_1,candidate_3,3,0.0033333333333333335
5993,candidate_2,candidate_1,candidate_3,3,0.0033333333333333335
5994,candidate_2,candidate_1,candidate_3,3,0.0033333333333333335
5995,candidate_2,candidate_1,candidate_3,3,0.0033333333333333335
5996,candidate_2,candidate_1,candidate_3,3,0.0033333333333333335
5997,candidate_2,candidate_1,candidate_3,3,0.0033333333333333335
5998,candidate_2,candidate_1,candidate_3,3,0.0033333333333333335
5999,candidate_2,candidate_1,candidate_3,3,0.0033333333333333335
6000,candidate_2,candidate_1,candidate_3,3,0.0033333333333333335
6001,candidate_2,candidate_1,candidate_3,3,0.0033333333333333335
6002,candidate_2,candidate_1,candidate_3,3,0.0033333333333333335
6003,candidate_2,candidate_1,candidate_3,3,0.0033333333333333335
6004,candidate_2,candidate_1,candidate_3,3,0.0033333333333333335
6005,candidate_2,candidate_1,candidate_3,3,0.0033333333333333335
6006,candidate_2,candidate_1,candidate_3,3,0.0033333333333333335
6007,candidate_2,candidate_1,candidate_3,3,0.0033333333333333335
6008,candidate_2,candidate_1,candidate_3,3,0.0033333333333333335
6009,candidate_2,candidate_1,candidate_3,3,0.0033333333333333335
6010,candidate_2,candidate_1,candidate_3,3,0.0033333333333333335
6011,candidate_2,candidate_1,candidate_3,3,0.0033333333333333335
6012,candidate_2,candidate_1,candidate_3,3,0.0033333333333333335
6013,candidate_2,candidate_1,candidate_3,3,0.0033333333333333335
6014,candidate_2,candidate_1,candidate_3,3,0.0033333333333333335
6015,candidate_2,candidate_1,candidate_3,3,0.0033333333333333335
6016,candidate_2,candidate_1,candidate_3,3,0.0033333333333333335
6017,candidate_2,candidate_1,candidate_3,3,0.0033333333333333335
6018,candidate_2,candidate_1,candidate_3,3,0.0033333333333333335
6019,candidate_2,candidate_1,candidate_3,3,0.0033333333333333335
6020,candidate_2,candidate_1,candidate_3,3,0.0033333333333333335
6021,candidate_2,candidate_1,candidate_3,3,0.0033333333333333335
6022,candidate_2,candidate_1,candidate_3,3,0.0033333333333333335
6023,candidate_2,candidate_1,candidate_3,3,0.0033333333333333335
6024,candidate_2,candidate_1,candidate_3,3,0.0033333333333333335
6025,candidate_2,candidate_1,candidate_3,3,0.0033333333333333335
6026,candidate_2,candidate_1,candidate_3,3,0.0033333333333333335
6027,candidate_2,candidate_1,candidate_3,3,0.0033333333333333335
6028,candidate_2,candidate_1,candidate_3,3,0.0033333333333333335
6029,candidate_2,candidate_1,candidate_3,3,0.0033333333333333335
6030,candidate_2,candidate_1,candidate_3,3,0.0033333333333333335
6031,candidate_2,candidate_1,candidate_3,3,0.0033333333333333335
6032,candidate_2,candidate_1,candidate_3,3,0.0033333333333333335
6033,candidate_2,candidate_1,candidate_3,3,0.0033333333333333335
6034,candidate_2,candidate_1,candidate_3,3,0.0033333333333333335
6035,candidate_2,candidate_1,candidate_3,3,0.0033333333333333335
6036,candidate_2,candidate_1,candidate_3,3,0.0033333333333333335
6037,candidate_2,candidate_1,candidate_3,3,0.0033333333333333335
6038,candidate_2,candidate_1,candidate_3,3,0.0033333333333333335
6039,candidate_2,candidate_1,candidate_3,3,0.0033333333333333335
6040,candidate_2,candidate_1,candidate_3,3,0.0033333333333333335
6041,candidate_2,candidate_1,candidate_3,3,0.0033333333333333335
6042,candidate_2,candidate_1,candidate_3,3,0.0033333333333333335
6043,candidate_2,candidate_1,candidate_3,3,0.0033333333333333335
6044,candidate_2,candidate_1,candidate_3,3,0.0033333333333333335
6045,candidate_2,candidate_1,candidate_3,3,0.0033333333333333335
6046,candidate_2,candidate_1,candidate_3,3,0.0033333333333333335
6047,candidate_2,candidate_1,candidate_3,3,0.0033333333333333335
6048,candidate_2,candidate_1,candidate_3,3,0.0033333333333333335
6049,candidate_2,candidate_1,candidate_3,3,0.0033333333333333335
6050,candidate_2,candidate_1,candidate_3,3,0.0033333333333333335
6051,candidate_2,candidate_1,candidate_3,3,0.0033333333333333335
6052,candidate_2,candidate_1,candidate_3,3,0.0033333333333333335
6053,candidate_2,candidate_1,candidate_3,3,0.0033333333333333335
6054,candidate_2,candidate_1,candidate_3,3,0.0033333333333333335
6055,candidate_2,candidate_1,candidate_3,3,0.0033333333333333335
6056,candidate_2,candidate_1,candidate_3,3,0.0033333333333333335
6057,candidate_2,candidate_1,candidate_3,3,0.0033333333333333335
6058,candidate_2,candidate_1,candidate_3,3,0.0033333333333333335
6059,candidate_2,candidate_1,candidate_3,3,0.0033333333333333335
6060,candidate_2,candidate_1,candidate_3,3,0.0033333333333333335
6061,candidate_2,candidate_1,candidate_3,3,0.0033333333333333335
6062,candidate_2,candidate_1,candidate_3,3,0.0033333333333333335
6063,candidate_2,candidate_1,candidate_3,3,0.0033333333333333335
6064,candidate_2,candidate_1,candidate_3,3,0.0033333333333333335
6065,candidate_2,candidate_1,candidate_3,3,0.0033333333333333335
6066,candidate_2,candidate_1,candidate_3,3,0.0033333333333333335
6067,candidate_2,candidate_1,candidate_3,3,0.0033333333333333335
6068,candidate_2,candidate_1,candidate_3,3,0.0033333333333333335
6069,candidate_2,candidate_1,candidate_3,3,0.0033333333333333335
6070,candidate_2,candidate_1,candidate_3,3,0.0033333333333333335
6071,candidate_2,candidate_1,candidate_3,3,0.0033333333333333335
6072,candidate_2,candidate_1,candidate_3,3,0.0033333333333333335
6073,candidate_2,candidate_1,candidate_3,3,0.0033333333333333335
6074,candidate_2,candidate_1,candidate_3,3,0.0033333333333333335
6075,candidate_2,candidate_1,candidate_3,3,0.0033333333333333335
6076,candidate_2,candidate_1,candidate_3,3,0.0033333333333333335
6077,candidate_2,candidate_1,candidate_3,3,0.0033333333333333335
6078,candidate_2,candidate_1,candidate_3,3,0.0033333333333333335
6079,candidate_2,candidate_1,candidate_3,3,0.0033333333333333335
6080,candidate_2,candidate_1,candidate_3,3,0.0033333333333333335
6081,candidate_2,candidate_1,candidate_3,3,0.0033333333333333335
6082,candidate_2,candidate_1,candidate_3,3,0.0033333333333333335
6083,candidate_2,candidate_1,candidate_3,3,0.0033333333333333335
6084,candidate_2,candidate_1,candidate_3,3,0.0033333333333333335
6085,candidate_2,candidate_1,candidate_3,3,0.0033333333333333335
6086,candidate_2,candidate_1,candidate_3,3,0.0033333333333333335
6087,candidate_2,candidate_1,candidate_3,3,0.0033333333333333335
6088,candidate_2,candidate_1,candidate_3,3,0.0033333333333333335
6089,candidate_2,candidate_1,candidate_3,3,0.0033333333333333335
6090,candidate_2,candidate_1,candidate_3,3,0.0033333333333333335
6091,candidate_2,candidate_1,candidate_3,3,0.0033333333333333335
6092,candidate_2,candidate_1,candidate_3,3,0.0033333333333333335
6093,candidate_2,candidate_1,candidate_3,3,0.0033333333333333335
6094,candidate_2,candidate_1,candidate_3,3,0.0033333333333333335
6095,candidate_2,candidate_1,candidate_3,3,0.0033333333333333335
6096,candidate_2,candidate_1,candidate_3,3,0.0033333333333333335
6097,candidate_2,candidate_1,candidate_3,3,0.0033333333333333335
6098,candidate_2,0,candidate_3,3,0.0033333333333333335
6099,candidate_2,candidate_1,candidate_3,3,0.0033333333333333335
6100,candidate_2,candidate_1,candidate_3,3,0.0033333333333333335
6101,candidate_2,candidate_1,candidate_3,3,0.0033333333333333335
6102,candidate_2,candidate_1,candidate_3,3,0.0033333333333333335
6103,candidate_2,candidate_1,candidate_3,3,0.0033333333333333335
6104,candidate_2,candidate_1,candidate_3,3,0.0033333333333333335
6105,candidate_2,candidate_1,candidate_3,3,0.0033333333333333335
6106,candidate_2,candidate_1,candidate_3,3,0.0033333333333333335
6107,candidate_2,candidate_1,candidate_3,3,0.0033333333333333335
6108,candidate_2,candidate_1,candidate_3,3,0.0033333333333333335
6109,candidate_2,candidate_1,candidate_3,3,0.0033333333333333335
6110,candidate_2,candidate_1,candidate_3,3,0.0033333333333333335
6111,candidate_2,candidate_1,candidate_3,3,0.0033333333333333335
6112,candidate_2,candidate_1,candidate_3,3,0.0033333333333333335
6113,candidate_2,candidate_1,candidate_3,3,0.0033333333333333335
6114,candidate_2,candidate_1,candidate_3,3,0.0033333333333333335
6115,candidate_2,candidate_1,candidate_3,3,0.0033333333333333335
6116,candidate_2,candidate_1,candidate_3,3,0.0033333333333333335
6117,candidate_2,candidate_1,candidate_3,3,0.0033333333333333335
6118,candidate_2,candidate_1,candidate_3,3,0.0033333333333333335
6119,candidate_2,candidate_1,candidate_3,3,0.0033333333333333335
6120,candidate_2,candidate_1,candidate_3,3,0.0033333333333333335
6121,candidate_2,candidate_1,candidate_3,3,0.0033333333333333335
6122,candidate_2,candidate_1,candidate_3,3,0.0033333333333333335
6123,candidate_2,candidate_1,candidate_3,3,0.0033333333333333335
6124,candidate_2,candidate_1,candidate_3,3,0.0033333333333333335
6125,candidate_2,candidate_1,candidate_3,3,0.0033333333333333335
6126,candidate_2,candidate_1,candidate_3,3,0.0033333333333333335
6127,candidate_2,candidate_1,candidate_3,3,0.0033333333333333335
6128,candidate_2,candidate_1,candidate_3,3,0.0033333333333333335
6129,candidate_2,candidate_1,candidate_3,3,0.0033333333333333335
6130,candidate_2,candidate_1,candidate_3,3,0.0033333333333333335
6131,candidate_2,candidate_1,candidate_3,3,0.0033333333333333335
6132,candidate_2,candidate_1,candidate_3,3,0.0033333333333333335
6133,candidate_2,candidate_1,candidate_3,3,0.0033333333333333335
6134,candidate_2,candidate_1,candidate_3,3,0.0033333333333333335
6135,candidate_2,candidate_1,candidate_3,3,0.0033333333333333335
6136,candidate_2,candidate_1,candidate_3,3,0.0033333333333333335
6137,candidate_2,candidate_1,candidate_3,3,0.0033333333333333335
6138,candidate_2,candidate_1,candidate_3,3,0.0033333333333333335
6139,candidate_2,candidate_1,candidate_3,3,0.0033333333333333335
6140,candidate_2,candidate_1,candidate_3,3,0.0033333333333333335
6141,candidate_2,candidate_1,candidate_3,3,0.0033333333333333335
6142,candidate_2,candidate_1,candidate_3,3,0.0033333333333333335
6143,candidate_2,candidate_1,candidate_3,3,0.0033333333333333335
6144,candidate_2,candidate_1,candidate_3,3,0.0033333333333333335
6145,candidate_2,candidate_1,candidate_3,3,0.0033333333333333335
6146,candidate_2,candidate_1,candidate_3,3,0.0033333333333333335
6147,candidate_2,candidate_1,candidate_3,3,0.0033333333333333335
6148,candidate_2,candidate_1,candidate_3,3,0.0033333333333333335
6149,candidate_2,candidate_1,candidate_3,3,0.0033333333333333335
6150,candidate_2,candidate_1,candidate_3,3,0.0033333333333333335
6151,candidate_2,candidate_1,candidate_3,3,0.0033333333333333335
6152,candidate_2,candidate_1,candidate_3,3,0.0033333333333333335
6153,candidate_2,candidate_1,candidate_3,3,0.0033333333333333335
6154,candidate_2,candidate_1,candidate_3,3,0.0033333333333333335
6155,candidate_2,candidate_1,candidate_3,3,0.0033333333333333335
6156,candidate_2,candidate_1,candidate_3,3,0.0033333333333333335
6157,candidate_2,candidate_1,candidate_3,3,0.0033333333333333335
6158,candidate_2,candidate_1,candidate_3,3,0.0033333333333333335
6159,candidate_2,candidate_1,candidate_3,3,0.0033333333333333335
6160,candidate_2,candidate_1,candidate_3,3,0.0033333333333333335
6161,candidate_2,candidate_1,candidate_3,3,0.0033333333333333335
6162,candidate_2,candidate_1,candidate_3,3,0.0033333333333333335
6163,candidate_2,candidate_1,candidate_3,3,0.0033333333333333335
6164,candidate_2,candidate_1,candidate_3,3,0.0033333333333333335
6165,candidate_2,candidate_1,candidate_3,3,0.0033333333333333335
6166,candidate_2,candidate_1,candidate_3,3,0.0033333333333333335
6167,candidate_2,candidate_1,candidate_3,3,0.0033333333333333335
6168,candidate_2,candidate_1,candidate_3,3,0.0033333333333333335
6169,candidate_2,candidate_1,candidate_3,3,0.0033333333333333335
6170,candidate_2,candidate_1,candidate_3,3,0.0033333333333333335
6171,candidate_2,candidate_1,candidate_3,3,0.0033333333333333335
6172,candidate_2,candidate_1,candidate_3,3,0.0033333333333333335
6173,candidate_2,candidate_1,candidate_3,3,0.0033333333333333335
6174,candidate_2,candidate_1,candidate_3,3,0.0033333333333333335
6175,candidate_2,candidate_1,candidate_3,3,0.0033333333333333335
6176,candidate_2,candidate_1,candidate_3,3,0.0033333333333333335
6177,candidate_2,candidate_1,candidate_3,3,0.0033333333333333335
6178,candidate_2,candidate_1,candidate_3,3,0.0033333333333333335
6179,candidate_2,candidate_1,candidate_3,3,0.0033333333333333335
6180,candidate_2,candidate_1,candidate_3,3,0.0033333333333333335
6181,candidate_2,candidate_1,candidate_3,3,0.0033333333333333335
6182,candidate_2,candidate_1,candidate_3,3,0.0033333333333333335
6183,candidate_2,candidate_1,candidate_3,3,0.0033333333333333335
6184,candidate_2,candidate_1,candidate_3,3,0.0033333333333333335
6185,candidate_2,candidate_1,candidate_3,3,0.0033333333333333335
6186,candidate_2,candidate_1,candidate_3,3,0.0033333333333333335
6187,candidate_2,candidate_1,candidate_3,3,0.0033333333333333335
6188,candidate_2,candidate_1,candidate_3,3,0.0033333333333333335
6189,candidate_2,candidate_1,candidate_3,3,0.0033333333333333335
6190,candidate_2,candidate_1,candidate_3,3,0.0033333333333333335
6191,candidate_2,candidate_1,candidate_3,3,0.0033333333333333335
6192,candidate_2,candidate_1,candidate_3,3,0.0033333333333333335
6193,candidate_2,candidate_1,candidate_3,3,0.0033333333333333335
6194,candidate_2,candidate_1,candidate_3,3,0.0033333333333333335
6195,candidate_2,candidate_1,candidate_3,3,0.0033333333333333335
6196,candidate_2,candidate_1,candidate_3,3,0.0033333333333333335
6197,candidate_2,candidate_1,candidate_3,3,0.0033333333333333335
6198,candidate_2,candidate_1,candidate_3,3,0.0033333333333333335
6199,candidate_2,candidate_1,candidate_3,3,0.0033333333333333335
6200,candidate_2,candidate_1,candidate_3,3,0.0033333333333333335
6201,candidate_2,candidate_1,candidate_3,3,0.0033333333333333335
6202,candidate_2,candidate_1,candidate_3,3,0.0033333333333333335
6203,candidate_2,candidate_1,candidate_3,3,0.0033333333333333335
6204,candidate_2,candidate_1,candidate_3,3,0.0033333333333333335
6205,candidate_2,candidate_1,candidate_3,3,0.0033333333333333335
6206,candidate_2,0,candidate_3,3,0.0033333333333333335
6207,candidate_2,candidate_1,candidate_3,3,0.0033333333333333335
6208,candidate_2,candidate_1,candidate_3,3,0.0033333333333333335
6209,candidate_2,candidate_1,candidate_3,3,0.0033333333333333335
6210,candidate_2,candidate_1,candidate_3,3,0.0033333333333333335
6211,candidate_2,candidate_1,candidate_3,3,0.0033333333333333335
6212,candidate_2,candidate_1,candidate_3,3,0.0033333333333333335
6213,candidate_2,candidate_1,candidate_3,3,0.0033333333333333335
6214,candidate_2,candidate_1,candidate_3,3,0.0033333333333333335
6215,candidate_2,candidate_1,candidate_3,3,0.0033333333333333335
6216,candidate_2,candidate_1,candidate_3,3,0.0033333333333333335
6217,candidate_2,candidate_1,candidate_3,3,0.0033333333333333335
6218,candidate_2,candidate_1,candidate_3,3,0.0033333333333333335
6219,candidate_2,candidate_1,candidate_3,3,0.0033333333333333335
6220,candidate_2,candidate_1,candidate_3,3,0.0033333333333333335
6221,candidate_2,candidate_1,candidate_3,3,0.0033333333333333335
6222,candidate_2,candidate_1,candidate_3,3,0.0033333333333333335
6223,candidate_2,candidate_1,candidate_3,3,0.0033333333333333335
6224,candidate_2,candidate_1,candidate_3,3,0.0033333333333333335
6225,candidate_2,candidate_1,candidate_3,3,0.0033333333333333335
6226,candidate_2,candidate_1,candidate_3,3,0.0033333333333333335
6227,candidate_2,candidate_1,candidate_3,3,0.0033333333333333335
6228,candidate_2,candidate_1,candidate_3,3,0.0033333333333333335
6229,candidate_2,candidate_1,candidate_3,3,0.0033333333333333335
6230,candidate_2,candidate_1,candidate_3,3,0.0033333333333333335
6231,candidate_2,candidate_1,candidate_3,3,0.0033333333333333335
6232,candidate_2,candidate_1,candidate_3,3,0.0033333333333333335
6233,candidate_2,candidate_1,candidate_3,3,0.0033333333333333335
6234,candidate_2,candidate_1,candidate_3,3,0.0033333333333333335
6235,candidate_2,candidate_1,candidate_3,3,0.0033333333333333335
6236,candidate_2,candidate_1,candidate_3,3,0.0033333333333333335
6237,candidate_2,candidate_1,candidate_3,3,0.0033333333333333335
6238,candidate_2,candidate_1,candidate_3,3,0.0033333333333333335
6239,candidate_2,candidate_1,candidate_3,3,0.0033333333333333335
6240,candidate_2,candidate_1,candidate_3,3,0.0033333333333333335
6241,candidate_2,candidate_1,candidate_3,3,0.0033333333333333335
6242,candidate_2,candidate_1,candidate_3,3,0.0033333333333333335
6243,candidate_2,candidate_1,candidate_3,3,0.0033333333333333335
6244,candidate_2,candidate_1,candidate_3,3,0.0033333333333333335
6245,candidate_2,candidate_1,candidate_3,3,0.0033333333333333335
6246,candidate_2,candidate_1,candidate_3,3,0.0033333333333333335
6247,candidate_2,candidate_1,candidate_3,3,0.0033333333333333335
6248,candidate_2,candidate_1,candidate_3,3,0.0033333333333333335
6249,candidate_2,candidate_1,candidate_3,3,0.0033333333333333335
6250,candidate_2,candidate_1,candidate_3,3,0.0033333333333333335
6251,candidate_2,candidate_1,candidate_3,3,0.0033333333333333335
6252,candidate_2,candidate_1,candidate_3,3,0.0033333333333333335
6253,candidate_2,candidate_1,candidate_3,3,0.0033333333333333335
6254,candidate_2,candidate_1,candidate_3,3,0.0033333333333333335
6255,candidate_2,candidate_1,candidate_3,3,0.0033333333333333335
6256,candidate_2,candidate_1,candidate_3,3,0.0033333333333333335
6257,candidate_2,candidate_1,candidate_3,3,0.0033333333333333335
6258,candidate_2,candidate_1,candidate_3,3,0.0033333333333333335
6259,candidate_2,candidate_1,candidate_3,3,0.0033333333333333335
6260,candidate_2,candidate_1,candidate_3,3,0.0033333333333333335
6261,candidate_2,candidate_1,candidate_3,3,0.0033333333333333335
6262,candidate_2,candidate_1,candidate_3,3,0.0033333333333333335
6263,candidate_2,candidate_1,candidate_3,3,0.0033333333333333335
6264,candidate_2,candidate_1,candidate_3,3,0.0033333333333333335
6265,candidate_2,candidate_1,candidate_3,3,0.0033333333333333335
6266,candidate_2,candidate_1,candidate_3,3,0.0033333333333333335
6267,candidate_2,candidate_1,candidate_3,3,0.0033333333333333335
6268,candidate_2,candidate_1,candidate_3,3,0.0033333333333333335
6269,candidate_2,candidate_1,candidate_3,3,0.0033333333333333335
6270,candidate_2,candidate_1,candidate_3,3,0.0033333333333333335
6271,candidate_2,candidate_1,candidate_3,3,0.0033333333333333335
6272,candidate_2,candidate_1,candidate_3,3,0.0033333333333333335
6273,candidate_2,candidate_1,candidate_3,3,0.0033333333333333335
6274,candidate_2,candidate_1,candidate_3,3,0.0033333333333333335
6275,candidate_2,candidate_1,candidate_3,3,0.0033333333333333335
6276,candidate_2,candidate_1,candidate_3,3,0.0033333333333333335
6277,candidate_2,candidate_1,0,3,0.0033333333333333335
6278,candidate_2,candidate_1,candidate_3,3,0.0033333333333333335
6279,candidate_2,candidate_1,candidate_3,3,0.0033333333333333335
6280,candidate_2,candidate_1,candidate_3,3,0.0033333333333333335
6281,candidate_2,candidate_1,candidate_3,3,0.0033333333333333335
6282,candidate_2,candidate_1,candidate_3,3,0.0033333333333333335
6283,candidate_2,candidate_1,candidate_3,3,0.0033333333333333335
6284,candidate_2,candidate_1,candidate_3,3,0.0033333333333333335
6285,candidate_2,candidate_1,candidate_3,3,0.0033333333333333335
6286,candidate_2,candidate_1,candidate_3,3,0.0033333333333333335
6287,candidate_2,candidate_1,candidate_3,3,0.0033333333333333335
6288,candidate_2,candidate_1,candidate_3,3,0.0033333333333333335
6289,candidate_2,candidate_1,candidate_3,3,0.0033333333333333335
6290,candidate_2,candidate_1,candidate_3,3,0.0033333333333333335
6291,candidate_2,candidate_1,candidate_3,3,0.0033333333333333335
6292,candidate_2,candidate_1,candidate_3,3,0.0033333333333333335
6293,candidate_2,candidate_1,candidate_3,3,0.0033333333333333335
6294,candidate_2,candidate_1,candidate_3,3,0.0033333333333333335
6295,candidate_2,candidate_1,candidate_3,3,0.0033333333333333335
6296,candidate_2,candidate_1,candidate_3,3,0.0033333333333333335
6297,candidate_2,candidate_1,candidate_3,3,0.0033333333333333335
6298,candidate_2,candidate_1,candidate_3,3,0.0033333333333333335
6299,candidate_2,candidate_1,candidate_3,3,0.0033333333333333335
6300,candidate_2,candidate_1,candidate_3,3,0.0033333333333333335
6301,candidate_2,candidate_1,candidate_3,3,0.0033333333333333335
6302,candidate_2,candidate_1,candidate_3,3,0.0033333333333333335
6303,candidate_2,candidate_1,candidate_3,3,0.0033333333333333335
6304,candidate_2,candidate_1,candidate_3,3,0.0033333333333333335
6305,candidate_2,candidate_1,candidate_3,3,0.0033333333333333335
6306,candidate_2,candidate_1,candidate_3,3,0.0033333333333333335
6307,candidate_2,candidate_1,candidate_3,3,0.0033333333333333335
6308,candidate_2,candidate_1,candidate_3,3,0.0033333333333333335
6309,candidate_2,candidate_1,candidate_3,3,0.0033333333333333335
6310,candidate_2,candidate_1,candidate_3,3,0.0033333333333333335
6311,candidate_2,candidate_1,candidate_3,3,0.0033333333333333335
6312,candidate_2,candidate_1,candidate_3,3,0.0033333333333333335
6313,candidate_2,candidate_1,candidate_3,3,0.0033333333333333335
6314,candidate_2,candidate_1,candidate_3,3,0.0033333333333333335
6315,candidate_2,candidate_1,candidate_3,3,0.0033333333333333335
6316,candidate_2,candidate_1,candidate_3,3,0.0033333333333333335
6317,candidate_2,candidate_1,candidate_3,3,0.0033333333333333335
6318,candidate_2,candidate_1,candidate_3,3,0.0033333333333333335
6319,candidate_2,candidate_1,candidate_3,3,0.0033333333333333335
6320,candidate_2,candidate_1,candidate_3,3,0.0033333333333333335
6321,candidate_2,candidate_1,candidate_3,3,0.0033333333333333335
6322,candidate_2,candidate_1,candidate_3,3,0.0033333333333333335
6323,candidate_2,candidate_1,candidate_3,3,0.0033333333333333335
6324,candidate_2,candidate_1,candidate_3,3,0.0033333333333333335
6325,candidate_2,candidate_1,candidate_3,3,0.0033333333333333335
6326,candidate_2,candidate_1,candidate_3,3,0.0033333333333333335
6327,candidate_2,candidate_1,candidate_3,3,0.0033333333333333335
6328,candidate_2,candidate_1,candidate_3,3,0.0033333333333333335
6329,candidate_2,candidate_1,candidate_3,3,0.0033333333333333335
6330,candidate_2,candidate_1,candidate_3,3,0.0033333333333333335
6331,candidate_2,candidate_1,candidate_3,3,0.0033333333333333335
6332,candidate_2,candidate_1,candidate_3,3,0.0033333333333333335
6333,candidate_2,candidate_1,candidate_3,3,0.0033333333333333335
6334,candidate_2,candidate_1,candidate_3,3,0.0033333333333333335
6335,candidate_2,candidate_1,candidate_3,3,0.0033333333333333335
6336,candidate_2,candidate_1,candidate_3,3,0.0033333333333333335
6337,candidate_2,candidate_1,candidate_3,3,0.0033333333333333335
6338,candidate_2,candidate_1,candidate_3,3,0.0033333333333333335
6339,candidate_2,candidate_1,candidate_3,3,0.0033333333333333335
6340,candidate_2,candidate_1,candidate_3,3,0.0033333333333333335
6341,candidate_2,candidate_1,candidate_3,3,0.0033333333333333335
6342,candidate_2,candidate_1,candidate_3,3,0.0033333333333333335
6343,candidate_2,candidate_1,candidate_3,3,0.0033333333333333335
6344,candidate_2,candidate_1,candidate_3,3,0.0033333333333333335
6345,candidate_2,candidate_1,candidate_3,3,0.0033333333333333335
6346,candidate_2,candidate_1,candidate_3,3,0.0033333333333333335
6347,candidate_2,candidate_1,candidate_3,3,0.0033333333333333335
6348,candidate_2,candidate_1,candidate_3,3,0.0033333333333333335
6349,candidate_2,candidate_1,candidate_3,3,0.0033333333333333335
6350,candidate_2,candidate_1,candidate_3,3,0.0033333333333333335
6351,candidate_2,candidate_1,candidate_3,3,0.0033333333333333335
6352,candidate_2,candidate_1,candidate_3,3,0.0033333333333333335
6353,candidate_2,candidate_1,candidate_3,3,0.0033333333333333335
6354,candidate_2,candidate_1,candidate_3,3,0.0033333333333333335
6355,candidate_2,candidate_1,candidate_3,3,0.0033333333333333335
6356,candidate_2,candidate_1,candidate_3,3,0.0033333333333333335
6357,candidate_2,candidate_1,candidate_3,3,0.0033333333333333335
6358,candidate_2,candidate_1,candidate_3,3,0.0033333333333333335
6359,candidate_2,candidate_1,candidate_3,3,0.0033333333333333335
6360,candidate_2,candidate_1,candidate_3,3,0.0033333333333333335
6361,candidate_2,candidate_1,candidate_3,3,0.0033333333333333335
6362,candidate_2,candidate_1,candidate_3,3,0.0033333333333333335
6363,candidate_2,candidate_1,candidate_3,3,0.0033333333333333335
6364,candidate_2,candidate_1,candidate_3,3,0.0033333333333333335
6365,candidate_2,candidate_1,candidate_3,3,0.0033333333333333335
6366,candidate_2,candidate_1,candidate_3,3,0.0033333333333333335
6367,candidate_2,candidate_1,candidate_3,3,0.0033333333333333335
6368,candidate_2,candidate_1,candidate_3,3,0.0033333333333333335
6369,candidate_2,candidate_1,candidate_3,3,0.0033333333333333335
6370,candidate_2,candidate_1,candidate_3,3,0.0033333333333333335
6371,candidate_2,candidate_1,candidate_3,3,0.0033333333333333335
6372,candidate_2,candidate_1,candidate_3,3,0.0033333333333333335
6373,candidate_2,candidate_1,candidate_3,3,0.0033333333333333335
6374,candidate_2,candidate_1,candidate_3,3,0.0033333333333333335
6375,candidate_2,candidate_1,candidate_3,3,0.0033333333333333335
6376,candidate_2,candidate_1,candidate_3,3,0.0033333333333333335
6377,candidate_2,candidate_1,candidate_3,3,0.0033333333333333335
6378,candidate_2,candidate_1,candidate_3,3,0.0033333333333333335
6379,candidate_2,candidate_1,candidate_3,3,0.0033333333333333335
6380,candidate_2,candidate_1,candidate_3,3,0.0033333333333333335
6381,candidate_2,candidate_1,candidate_3,3,0.0033333333333333335
6382,candidate_2,candidate_1,candidate_3,3,0.0033333333333333335
6383,candidate_2,candidate_1,candidate_3,3,0.0033333333333333335
6384,candidate_2,candidate_1,candidate_3,3,0.0033333333333333335
6385,candidate_2,candidate_1,candidate_3,3,0.0033333333333333335
6386,candidate_2,candidate_1,candidate_3,3,0.0033333333333333335
6387,candidate_2,candidate_1,candidate_3,3,0.0033333333333333335
6388,candidate_2,candidate_1,candidate_3,3,0.0033333333333333335
6389,candidate_2,candidate_1,candidate_3,3,0.0033333333333333335
6390,candidate_2,candidate_1,candidate_3,3,0.0033333333333333335
6391,candidate_2,candidate_1,candidate_3,3,0.0033333333333333335
6392,candidate_2,candidate_1,candidate_3,3,0.0033333333333333335
6393,candidate_2,candidate_1,candidate_3,3,0.0033333333333333335
6394,candidate_2,candidate_1,candidate_3,3,0.0033333333333333335
6395,candidate_2,candidate_1,candidate_3,3,0.0033333333333333335
6396,candidate_2,candidate_1,candidate_3,3,0.0033333333333333335
6397,candidate_2,candidate_1,candidate_3,3,0.0033333333333333335
6398,candidate_2,candidate_1,candidate_3,3,0.0033333333333333335
6399,candidate_2,candidate_1,candidate_3,3,0.0033333333333333335
6400,candidate_2,candidate_1,candidate_3,3,0.0033333333333333335
6401,candidate_2,candidate_1,candidate_3,3,0.0033333333333333335
6402,candidate_2,candidate_1,candidate_3,3,0.0033333333333333335
6403,candidate_2,candidate_1,candidate_3,3,0.0033333333333333335
6404,candidate_2,candidate_1,candidate_3,3,0.0033333333333333335
6405,candidate_2,candidate_1,candidate_3,3,0.0033333333333333335
6406,candidate_2,candidate_1,candidate_3,3,0.0033333333333333335
6407,candidate_2,candidate_1,candidate_3,3,0.0033333333333333335
6408,candidate_2,candidate_1,candidate_3,3,0.0033333333333333335
6409,candidate_2,candidate_1,candidate_3,3,0.0033333333333333335
6410,candidate_2,candidate_1,candidate_3,3,0.0033333333333333335
6411,candidate_2,candidate_1,candidate_3,3,0.0033333333333333335
6412,candidate_2,candidate_1,candidate_3,3,0.0033333333333333335
6413,candidate_2,candidate_1,candidate_3,3,0.0033333333333333335
6414,candidate_2,candidate_1,candidate_3,3,0.0033333333333333335
6415,candidate_2,candidate_1,candidate_3,3,0.0033333333333333335
6416,candidate_2,candidate_1,candidate_3,3,0.0033333333333333335
6417,candidate_2,candidate_1,candidate_3,3,0.0033333333333333335
6418,candidate_2,candidate_1,candidate_3,3,0.0033333333333333335
6419,candidate_2,candidate_1,candidate_3,3,0.0033333333333333335
6420,candidate_2,candidate_1,candidate_3,3,0.0033333333333333335
6421,candidate_2,candidate_1,candidate_3,3,0.0033333333333333335
6422,candidate_2,candidate_1,candidate_3,3,0.0033333333333333335
6423,candidate_2,candidate_1,candidate_3,3,0.0033333333333333335
6424,candidate_2,candidate_1,candidate_3,3,0.0033333333333333335
6425,candidate_2,candidate_1,candidate_3,3,0.0033333333333333335
6426,candidate_2,candidate_1,candidate_3,3,0.0033333333333333335
6427,candidate_2,candidate_1,candidate_3,3,0.0033333333333333335
6428,candidate_2,candidate_1,candidate_3,3,0.0033333333333333335
6429,candidate_2,candidate_1,candidate_3,3,0.0033333333333333335
6430,candidate_2,candidate_1,candidate_3,3,0.0033333333333333335
6431,candidate_2,candidate_1,candidate_3,3,0.0033333333333333335
6432,candidate_2,candidate_1,candidate_3,3,0.0033333333333333335
6433,candidate_2,candidate_1,candidate_3,3,0.0033333333333333335
6434,candidate_2,candidate_1,candidate_3,3,0.0033333333333333335
6435,candidate_2,candidate_1,candidate_3,3,0.0033333333333333335
6436,candidate_2,candidate_1,candidate_3,3,0.0033333333333333335
6437,candidate_2,candidate_1,candidate_3,3,0.0033333333333333335
6438,candidate_2,candidate_1,candidate_3,3,0.0033333333333333335
6439,candidate_2,candidate_1,candidate_3,3,0.0033333333333333335
6440,candidate_2,candidate_1,candidate_3,3,0.0033333333333333335
6441,candidate_2,candidate_1,candidate_3,3,0.0033333333333333335
6442,candidate_2,candidate_1,candidate_3,3,0.0033333333333333335
6443,candidate_2,candidate_1,candidate_3,3,0.0033333333333333335
6444,candidate_2,candidate_1,candidate_3,3,0.0033333333333333335
6445,candidate_2,candidate_1,candidate_3,3,0.0033333333333333335
6446,candidate_2,candidate_1,candidate_3,3,0.0033333333333333335
6447,candidate_2,candidate_1,candidate_3,3,0.0033333333333333335
6448,candidate_2,candidate_1,candidate_3,3,0.0033333333333333335
6449,candidate_2,candidate_1,candidate_3,3,0.0033333333333333335
6450,candidate_2,candidate_1,candidate_3,3,0.0033333333333333335
6451,candidate_2,candidate_1,candidate_3,3,0.0033333333333333335
6452,candidate_2,candidate_1,candidate_3,3,0.0033333333333333335
6453,candidate_2,candidate_1,candidate_3,3,0.0033333333333333335
6454,candidate_2,candidate_1,candidate_3,3,0.0033333333333333335
6455,candidate_2,candidate_1,candidate_3,3,0.0033333333333333335
6456,candidate_2,candidate_1,candidate_3,3,0.0033333333333333335
6457,candidate_2,candidate_1,candidate_3,3,0.0033333333333333335
6458,candidate_2,candidate_1,candidate_3,3,0.0033333333333333335
6459,candidate_2,candidate_1,candidate_3,3,0.0033333333333333335
6460,candidate_2,candidate_1,candidate_3,3,0.0033333333333333335
6461,candidate_2,candidate_1,candidate_3,3,0.0033333333333333335
6462,candidate_2,candidate_1,candidate_3,3,0.0033333333333333335
6463,candidate_2,candidate_1,candidate_3,3,0.0033333333333333335
6464,candidate_2,candidate_1,candidate_3,3,0.0033333333333333335
6465,candidate_2,candidate_1,candidate_3,3,0.0033333333333333335
6466,candidate_2,candidate_1,candidate_3,3,0.0033333333333333335
6467,candidate_2,candidate_1,candidate_3,3,0.0033333333333333335
6468,candidate_2,candidate_1,candidate_3,3,0.0033333333333333335
6469,candidate_2,candidate_1,candidate_3,3,0.0033333333333333335
6470,candidate_2,candidate_1,candidate_3,3,0.0033333333333333335
6471,candidate_2,candidate_1,candidate_3,3,0.0033333333333333335
6472,candidate_2,candidate_1,candidate_3,3,0.0033333333333333335
6473,candidate_2,candidate_1,candidate_3,3,0.0033333333333333335
6474,candidate_2,candidate_1,candidate_3,3,0.0033333333333333335
6475,candidate_2,candidate_1,candidate_3,3,0.0033333333333333335
6476,candidate_2,candidate_1,candidate_3,3,0.0033333333333333335
6477,candidate_2,candidate_1,candidate_3,3,0.0033333333333333335
6478,candidate_2,candidate_1,candidate_3,3,0.0033333333333333335
6479,candidate_2,candidate_1,candidate_3,3,0.0033333333333333335
6480,candidate_2,candidate_1,candidate_3,3,0.0033333333333333335
6481,candidate_2,candidate_1,candidate_3,3,0.0033333333333333335
6482,candidate_2,candidate_1,candidate_3,3,0.0033333333333333335
6483,candidate_2,candidate_1,candidate_3,3,0.0033333333333333335
6484,candidate_2,candidate_1,candidate_3,3,0.0033333333333333335
6485,candidate_2,candidate_1,candidate_3,3,0.0033333333333333335
6486,candidate_2,candidate_1,candidate_3,3,0.0033333333333333335
6487,candidate_2,candidate_1,candidate_3,3,0.0033333333333333335
6488,candidate_2,candidate_1,candidate_3,3,0.0033333333333333335
6489,candidate_2,candidate_1,candidate_3,3,0.0033333333333333335
6490,candidate_2,candidate_1,candidate_3,3,0.0033333333333333335
6491,candidate_2,candidate_1,candidate_3,3,0.0033333333333333335
6492,candidate_2,candidate_1,candidate_3,3,0.0033333333333333335
6493,candidate_2,candidate_1,candidate_3,3,0.0033333333333333335
6494,candidate_2,candidate_1,candidate_3,3,0.0033333333333333335
6495,candidate_2,candidate_1,candidate_3,3,0.0033333333333333335
6496,candidate_2,candidate_1,candidate_3,3,0.0033333333333333335
6497,candidate_2,candidate_1,candidate_3,3,0.0033333333333333335
6498,candidate_2,candidate_1,candidate_3,3,0.0033333333333333335
6499,candidate_2,candidate_1,candidate_3,3,0.0033333333333333335
6500,candidate_2,candidate_1,candidate_3,3,0.0033333333333333335
6501,candidate_2,candidate_1,candidate_3,3,0.0033333333333333335
6502,candidate_2,candidate_1,candidate_3,3,0.0033333333333333335
6503,candidate_2,candidate_1,candidate_3,3,0.0033333333333333335
6504,candidate_2,candidate_1,candidate_3,3,0.0033333333333333335
6505,candidate_2,candidate_1,candidate_3,3,0.0033333333333333335
6506,candidate_2,candidate_1,candidate_3,3,0.0033333333333333335
6507,candidate_2,candidate_1,candidate_3,3,0.0033333333333333335
6508,candidate_2,candidate_1,candidate_3,3,0.0033333333333333335
6509,candidate_2,candidate_1,candidate_3,3,0.0033333333333333335
6510,candidate_2,candidate_1,candidate_3,3,0.0033333333333333335
6511,candidate_2,candidate_1,candidate_3,3,0.0033333333333333335
6512,candidate_2,candidate_1,candidate_3,3,0.0033333333333333335
6513,candidate_2,candidate_1,candidate_3,3,0.0033333333333333335
6514,candidate_2,candidate_1,candidate_3,3,0.0033333333333333335
6515,candidate_2,candidate_1,candidate_3,3,0.0033333333333333335
6516,candidate_2,candidate_1,candidate_3,3,0.0033333333333333335
6517,candidate_2,candidate_1,candidate_3,3,0.0033333333333333335
6518,candidate_2,candidate_1,candidate_3,3,0.0033333333333333335
6519,candidate_2,candidate_1,candidate_3,3,0.0033333333333333335
6520,candidate_2,candidate_1,candidate_3,3,0.0033333333333333335
6521,candidate_2,0,candidate_3,3,0.0033333333333333335
6522,candidate_2,candidate_1,candidate_3,3,0.0033333333333333335
6523,candidate_2,candidate_1,candidate_3,3,0.0033333333333333335
6524,candidate_2,candidate_1,candidate_3,3,0.0033333333333333335
6525,candidate_2,candidate_1,candidate_3,3,0.0033333333333333335
6526,candidate_2,candidate_1,candidate_3,3,0.0033333333333333335
6527,candidate_2,candidate_1,candidate_3,3,0.0033333333333333335
6528,candidate_2,candidate_1,candidate_3,3,0.0033333333333333335
6529,candidate_2,candidate_1,candidate_3,3,0.0033333333333333335
6530,candidate_2,candidate_1,candidate_3,3,0.0033333333333333335
6531,candidate_2,candidate_1,candidate_3,3,0.0033333333333333335
6532,candidate_2,candidate_1,candidate_3,3,0.0033333333333333335
6533,candidate_2,candidate_1,candidate_3,3,0.0033333333333333335
6534,candidate_2,candidate_1,candidate_3,3,0.0033333333333333335
6535,candidate_2,candidate_1,candidate_3,3,0.0033333333333333335
6536,candidate_2,candidate_1,candidate_3,3,0.0033333333333333335
6537,candidate_2,candidate_1,candidate_3,3,0.0033333333333333335
6538,candidate_2,candidate_1,candidate_3,3,0.0033333333333333335
6539,candidate_2,candidate_1,candidate_3,3,0.0033333333333333335
6540,candidate_2,candidate_1,candidate_3,3,0.0033333333333333335
6541,candidate_2,candidate_1,candidate_3,3,0.0033333333333333335
6542,candidate_2,candidate_1,candidate_3,3,0.0033333333333333335
6543,candidate_2,candidate_1,candidate_3,3,0.0033333333333333335
6544,candidate_2,candidate_1,candidate_3,3,0.0033333333333333335
6545,candidate_2,candidate_1,candidate_3,3,0.0033333333333333335
6546,candidate_2,candidate_1,candidate_3,3,0.0033333333333333335
6547,candidate_2,candidate_1,candidate_3,3,0.0033333333333333335
6548,candidate_2,candidate_1,candidate_3,3,0.0033333333333333335
6549,candidate_2,candidate_1,candidate_3,3,0.0033333333333333335
6550,candidate_2,candidate_1,candidate_3,3,0.0033333333333333335
6551,candidate_2,candidate_1,candidate_3,3,0.0033333333333333335
6552,candidate_2,candidate_1,candidate_3,3,0.0033333333333333335
6553,candidate_2,candidate_1,candidate_3,3,0.0033333333333333335
6554,candidate_2,candidate_1,candidate_3,3,0.0033333333333333335
6555,candidate_2,candidate_1,candidate_3,3,0.0033333333333333335
6556,candidate_2,candidate_1,candidate_3,3,0.0033333333333333335
6557,candidate_2,candidate_1,candidate_3,3,0.0033333333333333335
6558,candidate_2,candidate_1,candidate_3,3,0.0033333333333333335
6559,candidate_2,candidate_1,candidate_3,3,0.0033333333333333335
6560,candidate_2,candidate_1,candidate_3,3,0.0033333333333333335
6561,candidate_2,candidate_1,candidate_3,3,0.0033333333333333335
6562,candidate_2,candidate_1,candidate_3,3,0.0033333333333333335
6563,candidate_2,candidate_1,candidate_3,3,0.0033333333333333335
6564,candidate_2,candidate_1,candidate_3,3,0.0033333333333333335
6565,candidate_2,candidate_1,candidate_3,3,0.0033333333333333335
6566,candidate_2,candidate_1,candidate_3,3,0.0033333333333333335
6567,candidate_2,candidate_1,candidate_3,3,0.0033333333333333335
6568,candidate_2,candidate_1,candidate_3,3,0.0033333333333333335
6569,candidate_2,candidate_1,candidate_3,3,0.0033333333333333335
6570,candidate_2,candidate_1,candidate_3,3,0.0033333333333333335
6571,candidate_2,candidate_1,candidate_3,3,0.0033333333333333335
6572,candidate_2,candidate_1,candidate_3,3,0.0033333333333333335
6573,candidate_2,candidate_1,candidate_3,3,0.0033333333333333335
6574,candidate_2,candidate_1,candidate_3,3,0.0033333333333333335
6575,candidate_2,candidate_1,candidate_3,3,0.0033333333333333335
6576,candidate_2,candidate_1,candidate_3,3,0.0033333333333333335
6577,candidate_2,candidate_1,candidate_3,3,0.0033333333333333335
6578,candidate_2,candidate_1,candidate_3,3,0.0033333333333333335
6579,candidate_2,candidate_1,candidate_3,3,0.0033333333333333335
6580,candidate_2,candidate_1,candidate_3,3,0.0033333333333333335
6581,candidate_2,candidate_1,candidate_3,3,0.0033333333333333335
6582,candidate_2,candidate_1,candidate_3,3,0.0033333333333333335
6583,candidate_2,candidate_1,candidate_3,3,0.0033333333333333335
6584,candidate_2,candidate_1,candidate_3,3,0.0033333333333333335
6585,candidate_2,candidate_1,candidate_3,3,0.0033333333333333335
6586,candidate_2,candidate_1,candidate_3,3,0.0033333333333333335
6587,candidate_2,candidate_1,candidate_3,3,0.0033333333333333335
6588,candidate_2,candidate_1,candidate_3,3,0.0033333333333333335
6589,candidate_2,candidate_1,candidate_3,3,0.0033333333333333335
6590,candidate_2,candidate_1,candidate_3,3,0.0033333333333333335
6591,candidate_2,candidate_1,candidate_3,3,0.0033333333333333335
6592,candidate_2,candidate_1,candidate_3,3,0.0033333333333333335
6593,candidate_2,candidate_1,candidate_3,3,0.0033333333333333335
6594,candidate_2,candidate_1,candidate_3,3,0.0033333333333333335
6595,candidate_2,candidate_1,candidate_3,3,0.0033333333333333335
6596,candidate_2,candidate_1,candidate_3,3,0.0033333333333333335
6597,candidate_2,candidate_1,candidate_3,3,0.0033333333333333335
6598,candidate_2,candidate_1,candidate_3,3,0.0033333333333333335
6599,candidate_2,candidate_1,candidate_3,3,0.0033333333333333335
6600,candidate_2,candidate_1,candidate_3,3,0.0033333333333333335
6601,candidate_2,candidate_1,candidate_3,3,0.0033333333333333335
6602,candidate_2,candidate_1,candidate_3,3,0.0033333333333333335
6603,candidate_2,candidate_1,candidate_3,3,0.0033333333333333335
6604,candidate_2,candidate_1,candidate_3,3,0.0033333333333333335
6605,candidate_2,candidate_1,candidate_3,3,0.0033333333333333335
6606,candidate_2,candidate_1,candidate_3,3,0.0033333333333333335
6607,candidate_2,candidate_1,candidate_3,3,0.0033333333333333335
6608,candidate_2,candidate_1,candidate_3,3,0.0033333333333333335
6609,candidate_2,candidate_1,candidate_3,3,0.0033333333333333335
6610,candidate_2,candidate_1,candidate_3,3,0.0033333333333333335
6611,candidate_2,candidate_1,candidate_3,3,0.0033333333333333335
6612,candidate_2,candidate_1,candidate_3,3,0.0033333333333333335
6613,candidate_2,candidate_1,candidate_3,3,0.0033333333333333335
6614,candidate_2,candidate_1,candidate_3,3,0.0033333333333333335
6615,candidate_2,candidate_1,candidate_3,3,0.0033333333333333335
6616,candidate_2,candidate_1,candidate_3,3,0.0033333333333333335
6617,candidate_2,candidate_1,candidate_3,3,0.0033333333333333335
6618,candidate_2,candidate_1,candidate_3,3,0.0033333333333333335
6619,candidate_2,candidate_1,candidate_3,3,0.0033333333333333335
6620,candidate_2,candidate_1,candidate_3,3,0.0033333333333333335
6621,candidate_2,candidate_1,candidate_3,3,0.0033333333333333335
6622,candidate_2,candidate_1,candidate_3,3,0.0033333333333333335
6623,candidate_2,candidate_1,candidate_3,3,0.0033333333333333335
6624,candidate_2,candidate_1,candidate_3,3,0.0033333333333333335
6625,candidate_2,candidate_1,candidate_3,3,0.0033333333333333335
6626,candidate_2,candidate_1,candidate_3,3,0.0033333333333333335
6627,candidate_2,candidate_1,candidate_3,3,0.0033333333333333335
6628,candidate_2,candidate_1,candidate_3,3,0.0033333333333333335
6629,candidate_2,candidate_1,candidate_3,3,0.0033333333333333335
6630,candidate_2,candidate_1,candidate_3,3,0.0033333333333333335
6631,candidate_2,candidate_1,candidate_3,3,0.0033333333333333335
6632,candidate_2,candidate_1,candidate_3,3,0.0033333333333333335
6633,candidate_2,candidate_1,candidate_3,3,0.0033333333333333335
6634,candidate_2,candidate_1,candidate_3,3,0.0033333333333333335
6635,candidate_2,candidate_1,candidate_3,3,0.0033333333333333335
6636,candidate_2,candidate_1,candidate_3,3,0.0033333333333333335
6637,candidate_2,candidate_1,candidate_3,3,0.0033333333333333335
6638,candidate_2,candidate_1,candidate_3,3,0.0033333333333333335
6639,candidate_2,candidate_1,candidate_3,3,0.0033333333333333335
6640,candidate_2,candidate_1,candidate_3,3,0.0033333333333333335
6641,candidate_2,candidate_1,candidate_3,3,0.0033333333333333335
6642,0,candidate_1,candidate_3,3,0.0033333333333333335
6643,candidate_2,candidate_1,candidate_3,3,0.0033333333333333335
6644,candidate_2,candidate_1,candidate_3,3,0.0033333333333333335
6645,candidate_2,candidate_1,candidate_3,3,0.0033333333333333335
6646,candidate_2,candidate_1,candidate_3,3,0.0033333333333333335
6647,candidate_2,candidate_1,candidate_3,3,0.0033333333333333335
6648,candidate_2,candidate_1,candidate_3,3,0.0033333333333333335
6649,candidate_2,candidate_1,candidate_3,3,0.0033333333333333335
6650,candidate_2,candidate_1,candidate_3,3,0.0033333333333333335
6651,candidate_2,candidate_1,candidate_3,3,0.0033333333333333335
6652,candidate_2,candidate_1,candidate_3,3,0.0033333333333333335
6653,candidate_2,candidate_1,candidate_3,3,0.0033333333333333335
6654,candidate_2,candidate_1,candidate_3,3,0.0033333333333333335
6655,candidate_2,candidate_1,candidate_3,3,0.0033333333333333335
6656,candidate_2,candidate_1,candidate_3,3,0.0033333333333333335
6657,candidate_2,candidate_1,candidate_3,3,0.0033333333333333335
6658,candidate_2,candidate_1,candidate_3,3,0.0033333333333333335
6659,candidate_2,candidate_1,candidate_3,3,0.0033333333333333335
6660,candidate_2,candidate_1,candidate_3,3,0.0033333333333333335
6661,candidate_2,candidate_1,candidate_3,3,0.0033333333333333335
6662,candidate_2,candidate_1,candidate_3,3,0.0033333333333333335
6663,candidate_2,candidate_1,candidate_3,3,0.0033333333333333335
6664,candidate_2,candidate_1,candidate_3,3,0.0033333333333333335
6665,candidate_2,candidate_1,candidate_3,3,0.0033333333333333335
6666,candidate_2,candidate_1,candidate_3,3,0.0033333333333333335
6667,candidate_2,candidate_1,candidate_3,3,0.0033333333333333335
6668,candidate_2,candidate_1,candidate_3,3,0.0033333333333333335
6669,candidate_2,candidate_1,candidate_3,3,0.0033333333333333335
6670,candidate_2,candidate_1,candidate_3,3,0.0033333333333333335
6671,candidate_2,candidate_1,candidate_3,3,0.0033333333333333335
6672,candidate_2,candidate_1,candidate_3,3,0.0033333333333333335
6673,candidate_2,candidate_1,candidate_3,3,0.0033333333333333335
6674,candidate_2,candidate_1,candidate_3,3,0.0033333333333333335
6675,candidate_2,candidate_1,candidate_3,3,0.0033333333333333335
6676,candidate_2,candidate_1,candidate_3,3,0.0033333333333333335
6677,candidate_2,candidate_1,candidate_3,3,0.0033333333333333335
6678,candidate_2,candidate_1,candidate_3,3,0.0033333333333333335
6679,candidate_2,candidate_1,candidate_3,3,0.0033333333333333335
6680,candidate_2,candidate_1,candidate_3,3,0.0033333333333333335
6681,candidate_2,candidate_1,candidate_3,3,0.0033333333333333335
6682,candidate_2,candidate_1,candidate_3,3,0.0033333333333333335
6683,candidate_2,candidate_1,candidate_3,3,0.0033333333333333335
6684,candidate_2,candidate_1,candidate_3,3,0.0033333333333333335
6685,candidate_2,candidate_1,candidate_3,3,0.0033333333333333335
6686,candidate_2,candidate_1,candidate_3,3,0.0033333333333333335
6687,candidate_2,candidate_1,candidate_3,3,0.0033333333333333335
6688,candidate_2,candidate_1,candidate_3,3,0.0033333333333333335
6689,candidate_2,candidate_1,candidate_3,3,0.0033333333333333335
6690,candidate_2,candidate_1,candidate_3,3,0.0033333333333333335
6691,candidate_2,candidate_1,candidate_3,3,0.0033333333333333335
6692,candidate_2,candidate_1,candidate_3,3,0.0033333333333333335
6693,candidate_2,candidate_1,candidate_3,3,0.0033333333333333335
6694,candidate_2,candidate_1,candidate_3,3,0.0033333333333333335
6695,candidate_2,candidate_1,candidate_3,3,0.0033333333333333335
6696,candidate_2,candidate_1,candidate_3,3,0.0033333333333333335
6697,candidate_2,candidate_1,candidate_3,3,0.0033333333333333335
6698,candidate_2,candidate_1,candidate_3,3,0.0033333333333333335
6699,candidate_2,candidate_1,candidate_3,3,0.0033333333333333335
6700,candidate_2,candidate_1,candidate_3,3,0.0033333333333333335
6701,candidate_2,candidate_1,candidate_3,3,0.0033333333333333335
6702,candidate_2,candidate_1,candidate_3,3,0.0033333333333333335
6703,candidate_2,candidate_1,candidate_3,3,0.0033333333333333335
6704,candidate_2,candidate_1,candidate_3,3,0.0033333333333333335
6705,candidate_2,candidate_1,candidate_3,3,0.0033333333333333335
6706,candidate_2,candidate_1,candidate_3,3,0.0033333333333333335
6707,candidate_2,candidate_1,candidate_3,3,0.0033333333333333335
6708,candidate_2,candidate_1,candidate_3,3,0.0033333333333333335
6709,candidate_2,candidate_1,candidate_3,3,0.0033333333333333335
6710,candidate_2,candidate_1,candidate_3,3,0.0033333333333333335
6711,candidate_2,candidate_1,candidate_3,3,0.0033333333333333335
6712,candidate_2,candidate_1,candidate_3,3,0.0033333333333333335
6713,candidate_2,candidate_1,candidate_3,3,0.0033333333333333335
6714,candidate_2,candidate_1,candidate_3,3,0.0033333333333333335
6715,candidate_2,candidate_1,candidate_3,3,0.0033333333333333335
6716,candidate_2,candidate_1,candidate_3,3,0.0033333333333333335
6717,candidate_2,candidate_1,candidate_3,3,0.0033333333333333335
6718,candidate_2,candidate_1,candidate_3,3,0.0033333333333333335
6719,candidate_2,candidate_1,candidate_3,3,0.0033333333333333335
6720,candidate_2,candidate_1,candidate_3,3,0.0033333333333333335
6721,candidate_2,candidate_1,candidate_3,3,0.0033333333333333335
6722,candidate_2,candidate_1,candidate_3,3,0.0033333333333333335
6723,candidate_2,candidate_1,candidate_3,3,0.0033333333333333335
6724,candidate_2,candidate_1,candidate_3,3,0.0033333333333333335
6725,candidate_2,0,candidate_3,3,0.0033333333333333335
6726,candidate_2,candidate_1,candidate_3,3,0.0033333333333333335
6727,candidate_2,candidate_1,candidate_3,3,0.0033333333333333335
6728,candidate_2,candidate_1,candidate_3,3,0.0033333333333333335
6729,candidate_2,candidate_1,candidate_3,3,0.0033333333333333335
6730,candidate_2,candidate_1,candidate_3,3,0.0033333333333333335
6731,candidate_2,candidate_1,candidate_3,3,0.0033333333333333335
6732,candidate_2,candidate_1,candidate_3,3,0.0033333333333333335
6733,candidate_2,candidate_1,candidate_3,3,0.0033333333333333335
6734,candidate_2,candidate_1,candidate_3,3,0.0033333333333333335
6735,candidate_2,candidate_1,candidate_3,3,0.0033333333333333335
6736,candidate_2,candidate_1,candidate_3,3,0.0033333333333333335
6737,candidate_2,candidate_1,candidate_3,3,0.0033333333333333335
6738,candidate_2,candidate_1,0,3,0.0033333333333333335
6739,candidate_2,candidate_1,candidate_3,3,0.0033333333333333335
6740,candidate_2,candidate_1,candidate_3,3,0.0033333333333333335
6741,candidate_2,candidate_1,candidate_3,3,0.0033333333333333335
6742,candidate_2,candidate_1,candidate_3,3,0.0033333333333333335
6743,candidate_2,candidate_1,candidate_3,3,0.0033333333333333335
6744,candidate_2,candidate_1,candidate_3,3,0.0033333333333333335
6745,candidate_2,candidate_1,candidate_3,3,0.0033333333333333335
6746,candidate_2,candidate_1,candidate_3,3,0.0033333333333333335
6747,candidate_2,candidate_1,candidate_3,3,0.0033333333333333335
6748,candidate_2,0,candidate_3,3,0.0033333333333333335
6749,candidate_2,candidate_1,candidate_3,3,0.0033333333333333335
6750,candidate_2,candidate_1,candidate_3,3,0.0033333333333333335
6751,candidate_2,candidate_1,candidate_3,3,0.0033333333333333335
6752,candidate_2,candidate_1,candidate_3,3,0.0033333333333333335
6753,candidate_2,candidate_1,candidate_3,3,0.0033333333333333335
6754,candidate_2,candidate_1,candidate_3,3,0.0033333333333333335
6755,candidate_2,candidate_1,candidate_3,3,0.0033333333333333335
6756,candidate_2,candidate_1,candidate_3,3,0.0033333333333333335
6757,candidate_2,candidate_1,candidate_3,3,0.0033333333333333335
6758,candidate_2,candidate_1,candidate_3,3,0.0033333333333333335
6759,candidate_2,candidate_1,candidate_3,3,0.0033333333333333335
6760,candidate_2,candidate_1,candidate_3,3,0.0033333333333333335
6761,candidate_2,candidate_1,candidate_3,3,0.0033333333333333335
6762,candidate_2,candidate_1,candidate_3,3,0.0033333333333333335
6763,candidate_2,candidate_1,candidate_3,3,0.0033333333333333335
6764,candidate_2,candidate_1,candidate_3,3,0.0033333333333333335
6765,candidate_2,candidate_1,candidate_3,3,0.0033333333333333335
6766,candidate_2,candidate_1,candidate_3,3,0.0033333333333333335
6767,candidate_2,candidate_1,candidate_3,3,0.0033333333333333335
6768,candidate_2,candidate_1,candidate_3,3,0.0033333333333333335
6769,candidate_2,candidate_1,candidate_3,3,0.0033333333333333335
6770,candidate_2,candidate_1,candidate_3,3,0.0033333333333333335
6771,candidate_2,candidate_1,candidate_3,3,0.0033333333333333335
6772,candidate_2,candidate_1,candidate_3,3,0.0033333333333333335
6773,candidate_2,candidate_1,candidate_3,3,0.0033333333333333335
6774,candidate_2,candidate_1,candidate_3,3,0.0033333333333333335
6775,candidate_2,candidate_1,candidate_3,3,0.0033333333333333335
6776,candidate_2,candidate_1,candidate_3,3,0.0033333333333333335
6777,candidate_2,candidate_1,candidate_3,3,0.0033333333333333335
6778,candidate_2,candidate_1,candidate_3,3,0.0033333333333333335
6779,candidate_2,candidate_1,candidate_3,3,0.0033333333333333335
6780,candidate_2,candidate_1,candidate_3,3,0.0033333333333333335
6781,candidate_2,candidate_1,candidate_3,3,0.0033333333333333335
6782,candidate_2,candidate_1,candidate_3,3,0.0033333333333333335
6783,candidate_2,candidate_1,candidate_3,3,0.0033333333333333335
6784,candidate_2,candidate_1,candidate_3,3,0.0033333333333333335
6785,candidate_2,candidate_1,candidate_3,3,0.0033333333333333335
6786,candidate_2,candidate_1,candidate_3,3,0.0033333333333333335
6787,candidate_2,candidate_1,candidate_3,3,0.0033333333333333335
6788,candidate_2,candidate_1,candidate_3,3,0.0033333333333333335
6789,candidate_2,candidate_1,candidate_3,3,0.0033333333333333335
6790,candidate_2,candidate_1,candidate_3,3,0.0033333333333333335
6791,candidate_2,candidate_1,candidate_3,3,0.0033333333333333335
6792,candidate_2,candidate_1,candidate_3,3,0.0033333333333333335
6793,candidate_2,candidate_1,candidate_3,3,0.0033333333333333335
6794,candidate_2,candidate_1,candidate_3,3,0.0033333333333333335
6795,candidate_2,candidate_1,candidate_3,3,0.0033333333333333335
6796,candidate_2,candidate_1,candidate_3,3,0.0033333333333333335
6797,candidate_2,candidate_1,candidate_3,3,0.0033333333333333335
6798,candidate_2,candidate_1,candidate_3,3,0.0033333333333333335
6799,candidate_2,candidate_1,candidate_3,3,0.0033333333333333335
6800,candidate_2,candidate_1,candidate_3,3,0.0033333333333333335
6801,candidate_2,candidate_1,candidate_3,3,0.0033333333333333335
6802,candidate_2,candidate_1,candidate_3,3,0.0033333333333333335
6803,candidate_2,candidate_1,candidate_3,3,0.0033333333333333335
6804,candidate_2,candidate_1,candidate_3,3,0.0033333333333333335
6805,candidate_2,candidate_1,candidate_3,3,0.0033333333333333335
6806,candidate_2,candidate_1,candidate_3,3,0.0033333333333333335
6807,candidate_2,candidate_1,candidate_3,3,0.0033333333333333335
6808,candidate_2,candidate_1,candidate_3,3,0.0033333333333333335
6809,candidate_2,candidate_1,candidate_3,3,0.0033333333333333335
6810,candidate_2,candidate_1,candidate_3,3,0.0033333333333333335
6811,candidate_2,candidate_1,candidate_3,3,0.0033333333333333335
6812,candidate_2,candidate_1,candidate_3,3,0.0033333333333333335
6813,candidate_2,candidate_1,candidate_3,3,0.0033333333333333335
6814,candidate_2,candidate_1,candidate_3,3,0.0033333333333333335
6815,candidate_2,candidate_1,candidate_3,3,0.0033333333333333335
6816,candidate_2,candidate_1,candidate_3,3,0.0033333333333333335
6817,candidate_2,candidate_1,candidate_3,3,0.0033333333333333335
6818,candidate_2,candidate_1,candidate_3,3,0.0033333333333333335
6819,candidate_2,candidate_1,candidate_3,3,0.0033333333333333335
6820,candidate_2,candidate_1,candidate_3,3,0.0033333333333333335
6821,candidate_2,candidate_1,candidate_3,3,0.0033333333333333335
6822,candidate_2,candidate_1,candidate_3,3,0.0033333333333333335
6823,candidate_2,candidate_1,candidate_3,3,0.0033333333333333335
6824,candidate_2,candidate_1,candidate_3,3,0.0033333333333333335
6825,candidate_2,candidate_1,candidate_3,3,0.0033333333333333335
6826,candidate_2,candidate_1,candidate_3,3,0.0033333333333333335
6827,candidate_2,candidate_1,candidate_3,3,0.0033333333333333335
6828,candidate_2,candidate_1,candidate_3,3,0.0033333333333333335
6829,candidate_2,candidate_1,candidate_3,3,0.0033333333333333335
6830,candidate_2,candidate_1,candidate_3,3,0.0033333333333333335
6831,candidate_2,candidate_1,candidate_3,3,0.0033333333333333335
6832,candidate_2,candidate_1,candidate_3,3,0.0033333333333333335
6833,candidate_2,candidate_1,candidate_3,3,0.0033333333333333335
6834,candidate_2,candidate_1,candidate_3,3,0.0033333333333333335
6835,candidate_2,candidate_1,candidate_3,3,0.0033333333333333335
6836,candidate_2,candidate_1,candidate_3,3,0.0033333333333333335
6837,candidate_2,candidate_1,candidate_3,3,0.0033333333333333335
6838,candidate_2,candidate_1,candidate_3,3,0.0033333333333333335
6839,candidate_2,candidate_1,candidate_3,3,0.0033333333333333335
6840,candidate_2,candidate_1,candidate_3,3,0.0033333333333333335
6841,candidate_2,candidate_1,candidate_3,3,0.0033333333333333335
6842,candidate_2,candidate_1,candidate_3,3,0.0033333333333333335
6843,candidate_2,candidate_1,candidate_3,3,0.0033333333333333335
6844,candidate_2,candidate_1,candidate_3,3,0.0033333333333333335
6845,candidate_2,candidate_1,candidate_3,3,0.0033333333333333335
6846,candidate_2,candidate_1,candidate_3,3,0.0033333333333333335
6847,candidate_2,candidate_1,candidate_3,3,0.0033333333333333335
6848,candidate_2,candidate_1,candidate_3,3,0.0033333333333333335
6849,candidate_2,candidate_1,candidate_3,3,0.0033333333333333335
6850,candidate_2,candidate_1,candidate_3,3,0.0033333333333333335
6851,candidate_2,candidate_1,candidate_3,3,0.0033333333333333335
6852,candidate_2,candidate_1,candidate_3,3,0.0033333333333333335
6853,candidate_2,candidate_1,candidate_3,3,0.0033333333333333335
6854,candidate_2,candidate_1,candidate_3,3,0.0033333333333333335
6855,candidate_2,candidate_1,candidate_3,3,0.0033333333333333335
6856,candidate_2,candidate_1,candidate_3,3,0.0033333333333333335
6857,candidate_2,candidate_1,candidate_3,3,0.0033333333333333335
6858,candidate_2,candidate_1,candidate_3,3,0.0033333333333333335
6859,candidate_2,candidate_1,candidate_3,3,0.0033333333333333335
6860,candidate_2,candidate_1,candidate_3,3,0.0033333333333333335
6861,candidate_2,candidate_1,candidate_3,3,0.0033333333333333335
6862,candidate_2,candidate_1,candidate_3,3,0.0033333333333333335
6863,candidate_2,candidate_1,candidate_3,3,0.0033333333333333335
6864,candidate_2,candidate_1,candidate_3,3,0.0033333333333333335
6865,candidate_2,candidate_1,candidate_3,3,0.0033333333333333335
6866,candidate_2,candidate_1,candidate_3,3,0.0033333333333333335
6867,candidate_2,candidate_1,candidate_3,3,0.0033333333333333335
6868,candidate_2,candidate_1,candidate_3,3,0.0033333333333333335
6869,candidate_2,candidate_1,candidate_3,3,0.0033333333333333335
6870,candidate_2,candidate_1,candidate_3,3,0.0033333333333333335
6871,candidate_2,candidate_1,candidate_3,3,0.0033333333333333335
6872,candidate_2,candidate_1,candidate_3,3,0.0033333333333333335
6873,candidate_2,candidate_1,candidate_3,3,0.0033333333333333335
6874,candidate_2,candidate_1,candidate_3,3,0.0033333333333333335
6875,candidate_2,candidate_1,candidate_3,3,0.0033333333333333335
6876,candidate_2,candidate_1,candidate_3,3,0.0033333333333333335
6877,candidate_2,candidate_1,candidate_3,3,0.0033333333333333335
6878,candidate_2,candidate_1,candidate_3,3,0.0033333333333333335
6879,candidate_2,candidate_1,candidate_3,3,0.0033333333333333335
6880,candidate_2,candidate_1,candidate_3,3,0.0033333333333333335
6881,candidate_2,candidate_1,candidate_3,3,0.0033333333333333335
6882,candidate_2,candidate_1,candidate_3,3,0.0033333333333333335
6883,candidate_2,candidate_1,candidate_3,3,0.0033333333333333335
6884,candidate_2,candidate_1,candidate_3,3,0.0033333333333333335
6885,candidate_2,candidate_1,candidate_3,3,0.0033333333333333335
6886,candidate_2,candidate_1,candidate_3,3,0.0033333333333333335
6887,candidate_2,candidate_1,candidate_3,3,0.0033333333333333335
6888,candidate_2,candidate_1,candidate_3,3,0.0033333333333333335
6889,candidate_2,candidate_1,candidate_3,3,0.0033333333333333335
6890,candidate_2,candidate_1,candidate_3,3,0.0033333333333333335
6891,candidate_2,candidate_1,candidate_3,3,0.0033333333333333335
6892,candidate_2,candidate_1,candidate_3,3,0.0033333333333333335
6893,candidate_2,candidate_1,candidate_3,3,0.0033333333333333335
6894,candidate_2,candidate_1,candidate_3,3,0.0033333333333333335
6895,candidate_2,candidate_1,candidate_3,3,0.0033333333333333335
6896,candidate_2,candidate_1,candidate_3,3,0.0033333333333333335
6897,candidate_2,candidate_1,candidate_3,3,0.0033333333333333335
6898,candidate_2,candidate_1,candidate_3,3,0.0033333333333333335
6899,candidate_2,candidate_1,candidate_3,3,0.0033333333333333335
6900,candidate_2,candidate_1,candidate_3,3,0.0033333333333333335
6901,candidate_2,candidate_1,candidate_3,3,0.0033333333333333335
6902,candidate_2,candidate_1,candidate_3,3,0.0033333333333333335
6903,candidate_2,candidate_1,candidate_3,3,0.0033333333333333335
6904,candidate_2,candidate_1,candidate_3,3,0.0033333333333333335
6905,candidate_2,candidate_1,candidate_3,3,0.0033333333333333335
6906,candidate_2,candidate_1,candidate_3,3,0.0033333333333333335
6907,candidate_2,candidate_1,candidate_3,3,0.0033333333333333335
6908,candidate_2,candidate_1,candidate_3,3,0.0033333333333333335
6909,candidate_2,candidate_1,candidate_3,3,0.0033333333333333335
6910,candidate_2,candidate_1,candidate_3,3,0.0033333333333333335
6911,candidate_2,candidate_1,candidate_3,3,0.0033333333333333335
6912,candidate_2,candidate_1,candidate_3,3,0.0033333333333333335
6913,candidate_2,candidate_1,candidate_3,3,0.0033333333333333335
6914,candidate_2,candidate_1,candidate_3,3,0.0033333333333333335
6915,candidate_2,candidate_1,candidate_3,3,0.0033333333333333335
6916,candidate_2,candidate_1,candidate_3,3,0.0033333333333333335
6917,candidate_2,candidate_1,candidate_3,3,0.0033333333333333335
6918,candidate_2,candidate_1,candidate_3,3,0.0033333333333333335
6919,candidate_2,candidate_1,candidate_3,3,0.0033333333333333335
6920,candidate_2,candidate_1,candidate_3,3,0.0033333333333333335
6921,candidate_2,candidate_1,candidate_3,3,0.0033333333333333335
6922,candidate_2,candidate_1,candidate_3,3,0.0033333333333333335
6923,candidate_2,candidate_1,candidate_3,3,0.0033333333333333335
6924,candidate_2,candidate_1,candidate_3,3,0.0033333333333333335
6925,candidate_2,candidate_1,candidate_3,3,0.0033333333333333335
6926,candidate_2,candidate_1,candidate_3,3,0.0033333333333333335
6927,candidate_2,candidate_1,candidate_3,3,0.0033333333333333335
6928,candidate_2,candidate_1,candidate_3,3,0.0033333333333333335
6929,candidate_2,candidate_1,candidate_3,3,0.0033333333333333335
6930,candidate_2,candidate_1,candidate_3,3,0.0033333333333333335
6931,candidate_2,candidate_1,candidate_3,3,0.0033333333333333335
6932,candidate_2,candidate_1,candidate_3,3,0.0033333333333333335
6933,candidate_2,candidate_1,candidate_3,3,0.0033333333333333335
6934,candidate_2,candidate_1,candidate_3,3,0.0033333333333333335
6935,candidate_2,candidate_1,candidate_3,3,0.0033333333333333335
6936,candidate_2,candidate_1,candidate_3,3,0.0033333333333333335
6937,candidate_2,candidate_1,candidate_3,3,0.0033333333333333335
6938,candidate_2,candidate_1,candidate_3,3,0.0033333333333333335
6939,candidate_2,candidate_1,candidate_3,3,0.0033333333333333335
6940,candidate_2,candidate_1,candidate_3,3,0.0033333333333333335
6941,candidate_2,candidate_1,candidate_3,3,0.0033333333333333335
6942,candidate_2,candidate_1,candidate_3,3,0.0033333333333333335
6943,candidate_2,candidate_1,candidate_3,3,0.0033333333333333335
6944,candidate_2,candidate_1,candidate_3,3,0.0033333333333333335
6945,candidate_2,candidate_1,candidate_3,3,0.0033333333333333335
6946,candidate_2,candidate_1,candidate_3,3,0.0033333333333333335
6947,candidate_2,candidate_1,candidate_3,3,0.0033333333333333335
6948,candidate_2,candidate_1,candidate_3,3,0.0033333333333333335
6949,candidate_2,candidate_1,candidate_3,3,0.0033333333333333335
6950,candidate_2,candidate_1,candidate_3,3,0.0033333333333333335
6951,candidate_2,candidate_1,candidate_3,3,0.0033333333333333335
6952,candidate_2,candidate_1,candidate_3,3,0.0033333333333333335
6953,candidate_2,candidate_1,candidate_3,3,0.0033333333333333335
6954,candidate_2,candidate_1,candidate_3,3,0.0033333333333333335
6955,candidate_2,candidate_1,candidate_3,3,0.0033333333333333335
6956,candidate_2,candidate_1,candidate_3,3,0.0033333333333333335
6957,candidate_2,0,candidate_3,3,0.0033333333333333335
6958,candidate_2,candidate_1,candidate_3,3,0.0033333333333333335
6959,candidate_2,candidate_1,candidate_3,3,0.0033333333333333335
6960,candidate_2,candidate_1,candidate_3,3,0.0033333333333333335
6961,candidate_2,candidate_1,candidate_3,3,0.0033333333333333335
6962,candidate_2,candidate_1,candidate_3,3,0.0033333333333333335
6963,candidate_2,candidate_1,candidate_3,3,0.0033333333333333335
6964,candidate_2,candidate_1,candidate_3,3,0.0033333333333333335
6965,candidate_2,candidate_1,candidate_3,3,0.0033333333333333335
6966,candidate_2,candidate_1,candidate_3,3,0.0033333333333333335
6967,candidate_2,candidate_1,candidate_3,3,0.0033333333333333335
6968,candidate_2,candidate_1,candidate_3,3,0.0033333333333333335
6969,candidate_2,candidate_1,candidate_3,3,0.0033333333333333335
6970,candidate_2,candidate_1,candidate_3,3,0.0033333333333333335
6971,candidate_2,candidate_1,candidate_3,3,0.0033333333333333335
6972,candidate_2,candidate_1,candidate_3,3,0.0033333333333333335
6973,0,candidate_1,candidate_3,3,0.0033333333333333335
6974,candidate_2,candidate_1,candidate_3,3,0.0033333333333333335
6975,candidate_2,candidate_1,candidate_3,3,0.0033333333333333335
6976,candidate_2,candidate_1,candidate_3,3,0.0033333333333333335
6977,candidate_2,candidate_1,candidate_3,3,0.0033333333333333335
6978,candidate_2,candidate_1,candidate_3,3,0.0033333333333333335
6979,candidate_2,candidate_1,candidate_3,3,0.0033333333333333335
6980,candidate_2,candidate_1,candidate_3,3,0.0033333333333333335
6981,candidate_2,candidate_1,candidate_3,3,0.0033333333333333335
6982,candidate_2,candidate_1,candidate_3,3,0.0033333333333333335
6983,candidate_2,candidate_1,candidate_3,3,0.0033333333333333335
6984,candidate_2,candidate_1,candidate_3,3,0.0033333333333333335
6985,candidate_2,candidate_1,candidate_3,3,0.0033333333333333335
6986,candidate_2,candidate_1,candidate_3,3,0.0033333333333333335
6987,candidate_2,candidate_1,candidate_3,3,0.0033333333333333335
6988,candidate_2,candidate_1,candidate_3,3,0.0033333333333333335
6989,candidate_2,candidate_1,candidate_3,3,0.0033333333333333335
6990,candidate_2,candidate_1,candidate_3,3,0.0033333333333333335
6991,candidate_2,candidate_1,candidate_3,3,0.0033333333333333335
6992,candidate_2,candidate_1,candidate_3,3,0.0033333333333333335
6993,candidate_2,candidate_1,candidate_3,3,0.0033333333333333335
6994,candidate_2,candidate_1,candidate_3,3,0.0033333333333333335
6995,candidate_2,candidate_1,candidate_3,3,0.0033333333333333335
6996,candidate_2,candidate_1,candidate_3,3,0.0033333333333333335
6997,candidate_2,candidate_1,candidate_3,3,0.0033333333333333335
6998,candidate_2,candidate_1,candidate_3,3,0.0033333333333333335
6999,candidate_2,candidate_1,candidate_3,3,0.0033333333333333335
7000,candidate_2,candidate_1,candidate_3,3,0.0033333333333333335
7001,candidate_2,candidate_1,candidate_3,3,0.0033333333333333335
7002,candidate_2,candidate_1,candidate_3,3,0.0033333333333333335
7003,candidate_2,candidate_1,candidate_3,3,0.0033333333333333335
7004,candidate_2,candidate_1,candidate_3,3,0.0033333333333333335
7005,candidate_2,candidate_1,candidate_3,3,0.0033333333333333335
7006,candidate_2,candidate_1,candidate_3,3,0.0033333333333333335
7007,candidate_2,candidate_1,candidate_3,3,0.0033333333333333335
7008,candidate_2,candidate_1,candidate_3,3,0.0033333333333333335
7009,candidate_2,candidate_1,candidate_3,3,0.0033333333333333335
7010,candidate_2,candidate_1,candidate_3,3,0.0033333333333333335
7011,candidate_2,candidate_1,candidate_3,3,0.0033333333333333335
7012,candidate_2,candidate_1,candidate_3,3,0.0033333333333333335
7013,candidate_2,candidate_1,candidate_3,3,0.0033333333333333335
7014,candidate_2,candidate_1,candidate_3,3,0.0033333333333333335
7015,candidate_2,candidate_1,candidate_3,3,0.0033333333333333335
7016,candidate_2,candidate_1,candidate_3,3,0.0033333333333333335
7017,candidate_2,candidate_1,candidate_3,3,0.0033333333333333335
7018,candidate_2,candidate_1,candidate_3,3,0.0033333333333333335
7019,candidate_2,candidate_1,candidate_3,3,0.0033333333333333335
7020,candidate_2,candidate_1,candidate_3,3,0.0033333333333333335
7021,candidate_2,candidate_1,candidate_3,3,0.0033333333333333335
7022,candidate_2,candidate_1,candidate_3,3,0.0033333333333333335
7023,candidate_2,candidate_1,candidate_3,3,0.0033333333333333335
7024,candidate_2,candidate_1,candidate_3,3,0.0033333333333333335
7025,candidate_2,candidate_1,candidate_3,3,0.0033333333333333335
7026,candidate_2,candidate_1,candidate_3,3,0.0033333333333333335
7027,candidate_2,candidate_1,candidate_3,3,0.0033333333333333335
7028,candidate_2,candidate_1,candidate_3,3,0.0033333333333333335
7029,candidate_2,candidate_1,candidate_3,3,0.0033333333333333335
7030,candidate_2,candidate_1,candidate_3,3,0.0033333333333333335
7031,candidate_2,candidate_1,candidate_3,3,0.0033333333333333335
7032,candidate_2,candidate_1,candidate_3,3,0.0033333333333333335
7033,candidate_2,candidate_1,candidate_3,3,0.0033333333333333335
7034,candidate_2,candidate_1,candidate_3,3,0.0033333333333333335
7035,candidate_2,candidate_1,candidate_3,3,0.0033333333333333335
7036,candidate_2,candidate_1,candidate_3,3,0.0033333333333333335
7037,candidate_2,candidate_1,candidate_3,3,0.0033333333333333335
7038,candidate_2,candidate_1,candidate_3,3,0.0033333333333333335
7039,candidate_2,candidate_1,candidate_3,3,0.0033333333333333335
7040,candidate_2,candidate_1,candidate_3,3,0.0033333333333333335
7041,candidate_2,candidate_1,candidate_3,3,0.0033333333333333335
7042,candidate_2,candidate_1,candidate_3,3,0.0033333333333333335
7043,candidate_2,candidate_1,candidate_3,3,0.0033333333333333335
7044,candidate_2,candidate_1,candidate_3,3,0.0033333333333333335
7045,candidate_2,candidate_1,candidate_3,3,0.0033333333333333335
7046,candidate_2,candidate_1,candidate_3,3,0.0033333333333333335
7047,candidate_2,candidate_1,candidate_3,3,0.0033333333333333335
7048,candidate_2,candidate_1,candidate_3,3,0.0033333333333333335
7049,candidate_2,candidate_1,candidate_3,3,0.0033333333333333335
7050,candidate_2,candidate_1,candidate_3,3,0.0033333333333333335
7051,candidate_2,candidate_1,candidate_3,3,0.0033333333333333335
7052,candidate_2,candidate_1,candidate_3,3,0.0033333333333333335
7053,candidate_2,candidate_1,candidate_3,3,0.0033333333333333335
7054,candidate_2,candidate_1,candidate_3,3,0.0033333333333333335
7055,candidate_2,candidate_1,candidate_3,3,0.0033333333333333335
7056,candidate_2,candidate_1,candidate_3,3,0.0033333333333333335
7057,candidate_2,candidate_1,candidate_3,3,0.0033333333333333335
7058,candidate_2,candidate_1,candidate_3,3,0.0033333333333333335
7059,candidate_2,candidate_1,candidate_3,3,0.0033333333333333335
7060,candidate_2,candidate_1,candidate_3,3,0.0033333333333333335
7061,candidate_2,candidate_1,candidate_3,3,0.0033333333333333335
7062,candidate_2,candidate_1,candidate_3,3,0.0033333333333333335
7063,candidate_2,candidate_1,candidate_3,3,0.0033333333333333335
7064,candidate_2,candidate_1,candidate_3,3,0.0033333333333333335
7065,candidate_2,candidate_1,candidate_3,3,0.0033333333333333335
7066,candidate_2,candidate_1,candidate_3,3,0.0033333333333333335
7067,candidate_2,candidate_1,candidate_3,3,0.0033333333333333335
7068,candidate_2,candidate_1,candidate_3,3,0.0033333333333333335
7069,candidate_2,candidate_1,candidate_3,3,0.0033333333333333335
7070,candidate_2,candidate_1,candidate_3,3,0.0033333333333333335
7071,candidate_2,candidate_1,candidate_3,3,0.0033333333333333335
7072,candidate_2,candidate_1,candidate_3,3,0.0033333333333333335
7073,candidate_2,candidate_1,candidate_3,3,0.0033333333333333335
7074,candidate_2,candidate_1,candidate_3,3,0.0033333333333333335
7075,candidate_2,candidate_1,candidate_3,3,0.0033333333333333335
7076,candidate_2,candidate_1,candidate_3,3,0.0033333333333333335
7077,candidate_2,candidate_1,candidate_3,3,0.0033333333333333335
7078,candidate_2,candidate_1,candidate_3,3,0.0033333333333333335
7079,candidate_2,candidate_1,candidate_3,3,0.0033333333333333335
7080,candidate_2,candidate_1,candidate_3,3,0.0033333333333333335
7081,candidate_2,candidate_1,candidate_3,3,0.0033333333333333335
7082,candidate_2,candidate_1,candidate_3,3,0.0033333333333333335
7083,candidate_2,candidate_1,candidate_3,3,0.0033333333333333335
7084,candidate_2,candidate_1,candidate_3,3,0.0033333333333333335
7085,candidate_2,candidate_1,candidate_3,3,0.0033333333333333335
7086,candidate_2,candidate_1,candidate_3,3,0.0033333333333333335
7087,candidate_2,candidate_1,candidate_3,3,0.0033333333333333335
7088,candidate_2,candidate_1,candidate_3,3,0.0033333333333333335
7089,candidate_2,candidate_1,candidate_3,3,0.0033333333333333335
7090,candidate_2,candidate_1,candidate_3,3,0.0033333333333333335
7091,candidate_2,candidate_1,candidate_3,3,0.0033333333333333335
7092,candidate_2,candidate_1,candidate_3,3,0.0033333333333333335
7093,candidate_2,candidate_1,candidate_3,3,0.0033333333333333335
7094,candidate_2,candidate_1,candidate_3,3,0.0033333333333333335
7095,candidate_2,candidate_1,candidate_3,3,0.0033333333333333335
7096,candidate_2,candidate_1,candidate_3,3,0.0033333333333333335
7097,candidate_2,candidate_1,candidate_3,3,0.0033333333333333335
7098,candidate_2,candidate_1,candidate_3,3,0.0033333333333333335
7099,candidate_2,candidate_1,candidate_3,3,0.0033333333333333335
7100,candidate_2,candidate_1,candidate_3,3,0.0033333333333333335
7101,candidate_2,candidate_1,candidate_3,3,0.0033333333333333335
7102,candidate_2,candidate_1,candidate_3,3,0.0033333333333333335
7103,candidate_2,candidate_1,candidate_3,3,0.0033333333333333335
7104,candidate_2,candidate_1,candidate_3,3,0.0033333333333333335
7105,candidate_2,candidate_1,candidate_3,3,0.0033333333333333335
7106,candidate_2,candidate_1,candidate_3,3,0.0033333333333333335
7107,candidate_2,candidate_1,candidate_3,3,0.0033333333333333335
7108,candidate_2,candidate_1,candidate_3,3,0.0033333333333333335
7109,candidate_2,candidate_1,candidate_3,3,0.0033333333333333335
7110,candidate_2,candidate_1,candidate_3,3,0.0033333333333333335
7111,candidate_2,candidate_1,candidate_3,3,0.0033333333333333335
7112,candidate_2,candidate_1,candidate_3,3,0.0033333333333333335
7113,candidate_2,candidate_1,candidate_3,3,0.0033333333333333335
7114,candidate_2,candidate_1,candidate_3,3,0.0033333333333333335
7115,candidate_2,candidate_1,candidate_3,3,0.0033333333333333335
7116,candidate_2,candidate_1,candidate_3,3,0.0033333333333333335
7117,candidate_2,candidate_1,candidate_3,3,0.0033333333333333335
7118,candidate_2,candidate_1,candidate_3,3,0.0033333333333333335
7119,candidate_2,candidate_1,candidate_3,3,0.0033333333333333335
7120,candidate_2,candidate_1,candidate_3,3,0.0033333333333333335
7121,candidate_2,candidate_1,candidate_3,3,0.0033333333333333335
7122,candidate_2,candidate_1,candidate_3,3,0.0033333333333333335
7123,candidate_2,candidate_1,candidate_3,3,0.0033333333333333335
7124,candidate_2,candidate_1,candidate_3,3,0.0033333333333333335
7125,candidate_2,candidate_1,candidate_3,3,0.0033333333333333335
7126,candidate_2,candidate_1,candidate_3,3,0.0033333333333333335
7127,candidate_2,candidate_1,candidate_3,3,0.0033333333333333335
7128,candidate_2,candidate_1,candidate_3,3,0.0033333333333333335
7129,candidate_2,candidate_1,candidate_3,3,0.0033333333333333335
7130,candidate_2,candidate_1,candidate_3,3,0.0033333333333333335
7131,candidate_2,candidate_1,candidate_3,3,0.0033333333333333335
7132,candidate_2,candidate_1,candidate_3,3,0.0033333333333333335
7133,candidate_2,candidate_1,candidate_3,3,0.0033333333333333335
7134,candidate_2,candidate_1,candidate_3,3,0.0033333333333333335
7135,candidate_2,candidate_1,candidate_3,3,0.0033333333333333335
7136,candidate_2,candidate_1,candidate_3,3,0.0033333333333333335
7137,candidate_2,candidate_1,candidate_3,3,0.0033333333333333335
7138,candidate_2,candidate_1,candidate_3,3,0.0033333333333333335
7139,candidate_2,candidate_1,candidate_3,3,0.0033333333333333335
7140,candidate_2,candidate_1,candidate_3,3,0.0033333333333333335
7141,candidate_2,candidate_1,candidate_3,3,0.0033333333333333335
7142,candidate_2,candidate_1,candidate_3,3,0.0033333333333333335
7143,candidate_2,candidate_1,candidate_3,3,0.0033333333333333335
7144,candidate_2,candidate_1,candidate_3,3,0.0033333333333333335
7145,candidate_2,candidate_1,candidate_3,3,0.0033333333333333335
7146,candidate_2,candidate_1,candidate_3,3,0.0033333333333333335
7147,candidate_2,candidate_1,candidate_3,3,0.0033333333333333335
7148,candidate_2,candidate_1,candidate_3,3,0.0033333333333333335
7149,candidate_2,candidate_1,candidate_3,3,0.0033333333333333335
7150,candidate_2,candidate_1,candidate_3,3,0.0033333333333333335
7151,candidate_2,candidate_1,candidate_3,3,0.0033333333333333335
7152,candidate_2,candidate_1,candidate_3,3,0.0033333333333333335
7153,candidate_2,candidate_1,candidate_3,3,0.0033333333333333335
7154,candidate_2,candidate_1,candidate_3,3,0.0033333333333333335
7155,candidate_2,candidate_1,candidate_3,3,0.0033333333333333335
7156,candidate_2,candidate_1,candidate_3,3,0.0033333333333333335
7157,candidate_2,candidate_1,candidate_3,3,0.0033333333333333335
7158,candidate_2,candidate_1,candidate_3,3,0.0033333333333333335
7159,candidate_2,candidate_1,candidate_3,3,0.0033333333333333335
7160,candidate_2,candidate_1,candidate_3,3,0.0033333333333333335
7161,candidate_2,candidate_1,candidate_3,3,0.0033333333333333335
7162,candidate_2,candidate_1,candidate_3,3,0.0033333333333333335
7163,candidate_2,candidate_1,candidate_3,3,0.0033333333333333335
7164,candidate_2,candidate_1,candidate_3,3,0.0033333333333333335
7165,candidate_2,candidate_1,candidate_3,3,0.0033333333333333335
7166,candidate_2,candidate_1,candidate_3,3,0.0033333333333333335
7167,candidate_2,candidate_1,candidate_3,3,0.0033333333333333335
7168,candidate_2,candidate_1,candidate_3,3,0.0033333333333333335
7169,candidate_2,candidate_1,candidate_3,3,0.0033333333333333335
7170,candidate_2,candidate_1,candidate_3,3,0.0033333333333333335
7171,candidate_2,candidate_1,candidate_3,3,0.0033333333333333335
7172,candidate_2,candidate_1,candidate_3,3,0.0033333333333333335
7173,candidate_2,candidate_1,candidate_3,3,0.0033333333333333335
7174,candidate_2,candidate_1,candidate_3,3,0.0033333333333333335
7175,candidate_2,candidate_1,candidate_3,3,0.0033333333333333335
7176,candidate_2,candidate_1,candidate_3,3,0.0033333333333333335
7177,candidate_2,candidate_1,candidate_3,3,0.0033333333333333335
7178,candidate_2,candidate_1,candidate_3,3,0.0033333333333333335
7179,candidate_2,candidate_1,candidate_3,3,0.0033333333333333335
7180,candidate_2,candidate_1,candidate_3,3,0.0033333333333333335
7181,candidate_2,candidate_1,candidate_3,3,0.0033333333333333335
7182,candidate_2,candidate_1,candidate_3,3,0.0033333333333333335
7183,candidate_2,candidate_1,candidate_3,3,0.0033333333333333335
7184,candidate_2,candidate_1,candidate_3,3,0.0033333333333333335
7185,candidate_2,candidate_1,candidate_3,3,0.0033333333333333335
7186,candidate_2,candidate_1,candidate_3,3,0.0033333333333333335
7187,candidate_2,candidate_1,candidate_3,3,0.0033333333333333335
7188,candidate_2,candidate_1,candidate_3,3,0.0033333333333333335
7189,candidate_2,candidate_1,candidate_3,3,0.0033333333333333335
7190,candidate_2,candidate_1,candidate_3,3,0.0033333333333333335
7191,candidate_2,candidate_1,candidate_3,3,0.0033333333333333335
7192,candidate_2,candidate_1,candidate_3,3,0.0033333333333333335
7193,candidate_2,candidate_1,candidate_3,3,0.0033333333333333335
7194,candidate_2,candidate_1,candidate_3,3,0.0033333333333333335
7195,candidate_2,candidate_1,candidate_3,3,0.0033333333333333335
7196,candidate_2,candidate_1,candidate_3,3,0.0033333333333333335
7197,candidate_2,candidate_1,candidate_3,3,0.0033333333333333335
7198,candidate_2,candidate_1,candidate_3,3,0.0033333333333333335
7199,candidate_2,candidate_1,candidate_3,3,0.0033333333333333335
7200,candidate_2,candidate_1,candidate_3,3,0.0033333333333333335
7201,candidate_2,candidate_1,candidate_3,3,0.0033333333333333335
7202,candidate_2,candidate_1,candidate_3,3,0.0033333333333333335
7203,candidate_2,candidate_1,candidate_3,3,0.0033333333333333335
7204,candidate_2,candidate_1,candidate_3,3,0.0033333333333333335
7205,candidate_2,candidate_1,candidate_3,3,0.0033333333333333335
7206,candidate_2,candidate_1,candidate_3,3,0.0033333333333333335
7207,candidate_2,candidate_1,candidate_3,3,0.0033333333333333335
7208,candidate_2,candidate_1,candidate_3,3,0.0033333333333333335
7209,candidate_2,candidate_1,candidate_3,3,0.0033333333333333335
7210,candidate_2,candidate_1,candidate_3,3,0.0033333333333333335
7211,candidate_2,candidate_1,candidate_3,3,0.0033333333333333335
7212,candidate_2,candidate_1,candidate_3,3,0.0033333333333333335
7213,candidate_2,candidate_1,candidate_3,3,0.0033333333333333335
7214,candidate_2,candidate_1,candidate_3,3,0.0033333333333333335
7215,candidate_2,candidate_1,candidate_3,3,0.0033333333333333335
7216,candidate_2,candidate_1,candidate_3,3,0.0033333333333333335
7217,candidate_2,candidate_1,candidate_3,3,0.0033333333333333335
7218,candidate_2,candidate_1,candidate_3,3,0.0033333333333333335
7219,candidate_2,candidate_1,candidate_3,3,0.0033333333333333335
7220,candidate_2,candidate_1,candidate_3,3,0.0033333333333333335
7221,candidate_2,candidate_1,candidate_3,3,0.0033333333333333335
7222,candidate_2,candidate_1,candidate_3,3,0.0033333333333333335
7223,candidate_2,candidate_1,candidate_3,3,0.0033333333333333335
7224,candidate_2,candidate_1,candidate_3,3,0.0033333333333333335
7225,candidate_2,candidate_1,candidate_3,3,0.0033333333333333335
7226,candidate_2,candidate_1,candidate_3,3,0.0033333333333333335
7227,candidate_2,candidate_1,candidate_3,3,0.0033333333333333335
7228,candidate_2,candidate_1,candidate_3,3,0.0033333333333333335
7229,candidate_2,candidate_1,candidate_3,3,0.0033333333333333335
7230,candidate_2,candidate_1,candidate_3,3,0.0033333333333333335
7231,candidate_2,candidate_1,candidate_3,3,0.0033333333333333335
7232,candidate_2,candidate_1,candidate_3,3,0.0033333333333333335
7233,candidate_2,candidate_1,candidate_3,3,0.0033333333333333335
7234,candidate_2,candidate_1,candidate_3,3,0.0033333333333333335
7235,candidate_2,candidate_1,candidate_3,3,0.0033333333333333335
7236,candidate_2,candidate_1,candidate_3,3,0.0033333333333333335
7237,candidate_2,candidate_1,candidate_3,3,0.0033333333333333335
7238,candidate_2,candidate_1,candidate_3,3,0.0033333333333333335
7239,candidate_2,candidate_1,candidate_3,3,0.0033333333333333335
7240,candidate_2,candidate_1,candidate_3,3,0.0033333333333333335
7241,candidate_2,candidate_1,candidate_3,3,0.0033333333333333335
7242,candidate_2,candidate_1,candidate_3,3,0.0033333333333333335
7243,candidate_2,candidate_1,candidate_3,3,0.0033333333333333335
7244,candidate_2,candidate_1,candidate_3,3,0.0033333333333333335
7245,candidate_2,candidate_1,candidate_3,3,0.0033333333333333335
7246,candidate_2,candidate_1,candidate_3,3,0.0033333333333333335
7247,candidate_2,candidate_1,candidate_3,3,0.0033333333333333335
7248,candidate_2,candidate_1,candidate_3,3,0.0033333333333333335
7249,candidate_2,candidate_1,candidate_3,3,0.0033333333333333335
7250,candidate_2,candidate_1,candidate_3,3,0.0033333333333333335
7251,candidate_2,candidate_1,candidate_3,3,0.0033333333333333335
7252,candidate_2,candidate_1,candidate_3,3,0.0033333333333333335
7253,candidate_2,candidate_1,candidate_3,3,0.0033333333333333335
7254,candidate_2,candidate_1,candidate_3,3,0.0033333333333333335
7255,candidate_2,candidate_1,candidate_3,3,0.0033333333333333335
7256,candidate_2,candidate_1,candidate_3,3,0.0033333333333333335
7257,candidate_2,candidate_1,candidate_3,3,0.0033333333333333335
7258,candidate_2,candidate_1,candidate_3,3,0.0033333333333333335
7259,candidate_2,candidate_1,candidate_3,3,0.0033333333333333335
7260,candidate_2,candidate_1,candidate_3,3,0.0033333333333333335
7261,candidate_2,candidate_1,candidate_3,3,0.0033333333333333335
7262,candidate_2,candidate_1,candidate_3,3,0.0033333333333333335
7263,candidate_2,candidate_1,candidate_3,3,0.0033333333333333335
7264,candidate_2,candidate_1,candidate_3,3,0.0033333333333333335
7265,candidate_2,candidate_1,candidate_3,3,0.0033333333333333335
7266,candidate_2,candidate_1,candidate_3,3,0.0033333333333333335
7267,candidate_2,candidate_1,candidate_3,3,0.0033333333333333335
7268,candidate_2,candidate_1,candidate_3,3,0.0033333333333333335
7269,candidate_2,candidate_1,candidate_3,3,0.0033333333333333335
7270,candidate_2,candidate_1,candidate_3,3,0.0033333333333333335
7271,candidate_2,candidate_1,candidate_3,3,0.0033333333333333335
7272,candidate_2,candidate_1,candidate_3,3,0.0033333333333333335
7273,candidate_2,candidate_1,candidate_3,3,0.0033333333333333335
7274,candidate_2,candidate_1,candidate_3,3,0.0033333333333333335
7275,candidate_2,candidate_1,candidate_3,3,0.0033333333333333335
7276,candidate_2,candidate_1,candidate_3,3,0.0033333333333333335
7277,candidate_2,candidate_1,candidate_3,3,0.0033333333333333335
7278,candidate_2,candidate_1,candidate_3,3,0.0033333333333333335
7279,candidate_2,candidate_1,candidate_3,3,0.0033333333333333335
7280,candidate_2,candidate_1,candidate_3,3,0.0033333333333333335
7281,candidate_2,candidate_1,candidate_3,3,0.0033333333333333335
7282,candidate_2,candidate_1,candidate_3,3,0.0033333333333333335
7283,candidate_2,candidate_1,candidate_3,3,0.0033333333333333335
7284,candidate_2,candidate_1,candidate_3,3,0.0033333333333333335
7285,candidate_2,candidate_1,candidate_3,3,0.0033333333333333335
7286,candidate_2,candidate_1,candidate_3,3,0.0033333333333333335
7287,candidate_2,candidate_1,candidate_3,3,0.0033333333333333335
7288,candidate_2,candidate_1,candidate_3,3,0.0033333333333333335
7289,candidate_2,candidate_1,candidate_3,3,0.0033333333333333335
7290,candidate_2,candidate_1,candidate_3,3,0.0033333333333333335
7291,candidate_2,candidate_1,candidate_3,3,0.0033333333333333335
7292,candidate_2,candidate_1,candidate_3,3,0.0033333333333333335
7293,candidate_2,candidate_1,candidate_3,3,0.0033333333333333335
7294,candidate_2,candidate_1,candidate_3,3,0.0033333333333333335
7295,candidate_2,candidate_1,candidate_3,3,0.0033333333333333335
7296,candidate_2,candidate_1,candidate_3,3,0.0033333333333333335
7297,candidate_2,candidate_1,candidate_3,3,0.0033333333333333335
7298,candidate_2,candidate_1,candidate_3,3,0.0033333333333333335
7299,candidate_2,candidate_1,candidate_3,3,0.0033333333333333335
7300,candidate_2,candidate_1,candidate_3,3,0.0033333333333333335
7301,candidate_2,candidate_1,candidate_3,3,0.0033333333333333335
7302,candidate_2,candidate_1,candidate_3,3,0.0033333333333333335
7303,candidate_2,candidate_1,candidate_3,3,0.0033333333333333335
7304,candidate_2,candidate_1,candidate_3,3,0.0033333333333333335
7305,candidate_2,candidate_1,candidate_3,3,0.0033333333333333335
7306,candidate_2,candidate_1,candidate_3,3,0.0033333333333333335
7307,candidate_2,candidate_1,candidate_3,3,0.0033333333333333335
7308,candidate_2,candidate_1,candidate_3,3,0.0033333333333333335
7309,candidate_2,candidate_1,candidate_3,3,0.0033333333333333335
7310,candidate_2,candidate_1,candidate_3,3,0.0033333333333333335
7311,candidate_2,candidate_1,candidate_3,3,0.0033333333333333335
7312,candidate_2,candidate_1,candidate_3,3,0.0033333333333333335
7313,candidate_2,candidate_1,candidate_3,3,0.0033333333333333335
7314,candidate_2,candidate_1,candidate_3,3,0.0033333333333333335
7315,candidate_2,candidate_1,candidate_3,3,0.0033333333333333335
7316,candidate_2,candidate_1,candidate_3,3,0.0033333333333333335
7317,candidate_2,candidate_1,candidate_3,3,0.0033333333333333335
7318,candidate_2,candidate_1,candidate_3,3,0.0033333333333333335
7319,candidate_2,candidate_1,candidate_3,3,0.0033333333333333335
7320,candidate_2,candidate_1,candidate_3,3,0.0033333333333333335
7321,candidate_2,candidate_1,candidate_3,3,0.0033333333333333335
7322,candidate_2,candidate_1,candidate_3,3,0.0033333333333333335
7323,candidate_2,candidate_1,candidate_3,3,0.0033333333333333335
7324,candidate_2,candidate_1,candidate_3,3,0.0033333333333333335
7325,candidate_2,candidate_1,candidate_3,3,0.0033333333333333335
7326,candidate_2,candidate_1,candidate_3,3,0.0033333333333333335
7327,candidate_2,candidate_1,candidate_3,3,0.0033333333333333335
7328,candidate_2,candidate_1,candidate_3,3,0.0033333333333333335
7329,candidate_2,candidate_1,candidate_3,3,0.0033333333333333335
7330,candidate_2,candidate_1,candidate_3,3,0.0033333333333333335
7331,candidate_2,candidate_1,0,3,0.0033333333333333335
7332,candidate_2,candidate_1,candidate_3,3,0.0033333333333333335
7333,candidate_2,candidate_1,candidate_3,3,0.0033333333333333335
7334,candidate_2,candidate_1,candidate_3,3,0.0033333333333333335
7335,candidate_2,candidate_1,candidate_3,3,0.0033333333333333335
7336,candidate_2,candidate_1,candidate_3,3,0.0033333333333333335
7337,candidate_2,candidate_1,candidate_3,3,0.0033333333333333335
7338,candidate_2,candidate_1,candidate_3,3,0.0033333333333333335
7339,candidate_2,candidate_1,candidate_3,3,0.0033333333333333335
7340,candidate_2,candidate_1,candidate_3,3,0.0033333333333333335
7341,candidate_2,candidate_1,candidate_3,3,0.0033333333333333335
7342,candidate_2,candidate_1,candidate_3,3,0.0033333333333333335
7343,candidate_2,candidate_1,candidate_3,3,0.0033333333333333335
7344,candidate_2,candidate_1,candidate_3,3,0.0033333333333333335
7345,candidate_2,candidate_1,candidate_3,3,0.0033333333333333335
7346,candidate_2,candidate_1,candidate_3,3,0.0033333333333333335
7347,candidate_2,candidate_1,candidate_3,3,0.0033333333333333335
7348,candidate_2,candidate_1,candidate_3,3,0.0033333333333333335
7349,candidate_2,candidate_1,candidate_3,3,0.0033333333333333335
7350,candidate_2,candidate_1,candidate_3,3,0.0033333333333333335
7351,candidate_2,candidate_1,candidate_3,3,0.0033333333333333335
7352,candidate_2,candidate_1,candidate_3,3,0.0033333333333333335
7353,candidate_2,candidate_1,candidate_3,3,0.0033333333333333335
7354,candidate_2,candidate_1,candidate_3,3,0.0033333333333333335
7355,candidate_2,candidate_1,candidate_3,3,0.0033333333333333335
7356,candidate_2,candidate_1,candidate_3,3,0.0033333333333333335
7357,candidate_2,candidate_1,candidate_3,3,0.0033333333333333335
7358,candidate_2,candidate_1,candidate_3,3,0.0033333333333333335
7359,candidate_2,candidate_1,candidate_3,3,0.0033333333333333335
7360,candidate_2,candidate_1,candidate_3,3,0.0033333333333333335
7361,candidate_2,candidate_1,candidate_3,3,0.0033333333333333335
7362,candidate_2,candidate_1,candidate_3,3,0.0033333333333333335
7363,candidate_2,candidate_1,candidate_3,3,0.0033333333333333335
7364,candidate_2,candidate_1,candidate_3,3,0.0033333333333333335
7365,candidate_2,candidate_1,candidate_3,3,0.0033333333333333335
7366,candidate_2,candidate_1,candidate_3,3,0.0033333333333333335
7367,candidate_2,candidate_1,candidate_3,3,0.0033333333333333335
7368,candidate_2,candidate_1,candidate_3,3,0.0033333333333333335
7369,candidate_2,candidate_1,candidate_3,3,0.0033333333333333335
7370,candidate_2,candidate_1,candidate_3,3,0.0033333333333333335
7371,candidate_2,candidate_1,candidate_3,3,0.0033333333333333335
7372,candidate_2,candidate_1,candidate_3,3,0.0033333333333333335
7373,candidate_2,candidate_1,candidate_3,3,0.0033333333333333335
7374,candidate_2,candidate_1,candidate_3,3,0.0033333333333333335
7375,candidate_2,candidate_1,candidate_3,3,0.0033333333333333335
7376,candidate_2,candidate_1,candidate_3,3,0.0033333333333333335
7377,candidate_2,candidate_1,candidate_3,3,0.0033333333333333335
7378,candidate_2,candidate_1,candidate_3,3,0.0033333333333333335
7379,candidate_2,candidate_1,candidate_3,3,0.0033333333333333335
7380,candidate_2,candidate_1,candidate_3,3,0.0033333333333333335
7381,candidate_2,candidate_1,candidate_3,3,0.0033333333333333335
7382,candidate_2,candidate_1,candidate_3,3,0.0033333333333333335
7383,candidate_2,candidate_1,0,3,0.0033333333333333335
7384,candidate_2,candidate_1,candidate_3,3,0.0033333333333333335
7385,candidate_2,candidate_1,candidate_3,3,0.0033333333333333335
7386,candidate_2,candidate_1,candidate_3,3,0.0033333333333333335
7387,candidate_2,candidate_1,candidate_3,3,0.0033333333333333335
7388,candidate_2,candidate_1,candidate_3,3,0.0033333333333333335
7389,candidate_2,candidate_1,candidate_3,3,0.0033333333333333335
7390,candidate_2,candidate_1,candidate_3,3,0.0033333333333333335
7391,candidate_2,candidate_1,candidate_3,3,0.0033333333333333335
7392,candidate_2,candidate_1,candidate_3,3,0.0033333333333333335
7393,candidate_2,candidate_1,candidate_3,3,0.0033333333333333335
7394,candidate_2,candidate_1,candidate_3,3,0.0033333333333333335
7395,candidate_2,candidate_1,candidate_3,3,0.0033333333333333335
7396,candidate_2,candidate_1,candidate_3,3,0.0033333333333333335
7397,candidate_2,candidate_1,candidate_3,3,0.0033333333333333335
7398,candidate_2,candidate_1,candidate_3,3,0.0033333333333333335
7399,candidate_2,candidate_1,candidate_3,3,0.0033333333333333335
7400,candidate_2,candidate_1,candidate_3,3,0.0033333333333333335
7401,candidate_2,candidate_1,candidate_3,3,0.0033333333333333335
7402,candidate_2,candidate_1,candidate_3,3,0.0033333333333333335
7403,candidate_2,candidate_1,candidate_3,3,0.0033333333333333335
7404,candidate_2,candidate_1,candidate_3,3,0.0033333333333333335
7405,candidate_2,candidate_1,candidate_3,3,0.0033333333333333335
7406,candidate_2,candidate_1,candidate_3,3,0.0033333333333333335
7407,candidate_2,candidate_1,candidate_3,3,0.0033333333333333335
7408,candidate_2,candidate_1,candidate_3,3,0.0033333333333333335
7409,candidate_2,candidate_1,candidate_3,3,0.0033333333333333335
7410,candidate_2,candidate_1,candidate_3,3,0.0033333333333333335
7411,candidate_2,candidate_1,candidate_3,3,0.0033333333333333335
7412,candidate_2,candidate_1,candidate_3,3,0.0033333333333333335
7413,candidate_2,candidate_1,candidate_3,3,0.0033333333333333335
7414,candidate_2,candidate_1,candidate_3,3,0.0033333333333333335
7415,candidate_2,candidate_1,candidate_3,3,0.0033333333333333335
7416,candidate_2,candidate_1,candidate_3,3,0.0033333333333333335
7417,candidate_2,candidate_1,candidate_3,3,0.0033333333333333335
7418,candidate_2,candidate_1,candidate_3,3,0.0033333333333333335
7419,candidate_2,candidate_1,candidate_3,3,0.0033333333333333335
7420,candidate_2,candidate_1,candidate_3,3,0.0033333333333333335
7421,candidate_2,candidate_1,candidate_3,3,0.0033333333333333335
7422,candidate_2,candidate_1,candidate_3,3,0.0033333333333333335
7423,candidate_2,candidate_1,candidate_3,3,0.0033333333333333335
7424,candidate_2,candidate_1,candidate_3,3,0.0033333333333333335
7425,candidate_2,candidate_1,candidate_3,3,0.0033333333333333335
7426,candidate_2,candidate_1,candidate_3,3,0.0033333333333333335
7427,candidate_2,candidate_1,candidate_3,3,0.0033333333333333335
7428,candidate_2,candidate_1,candidate_3,3,0.0033333333333333335
7429,candidate_2,candidate_1,candidate_3,3,0.0033333333333333335
7430,candidate_2,candidate_1,candidate_3,3,0.0033333333333333335
7431,candidate_2,candidate_1,candidate_3,3,0.0033333333333333335
7432,candidate_2,candidate_1,candidate_3,3,0.0033333333333333335
7433,candidate_2,candidate_1,candidate_3,3,0.0033333333333333335
7434,candidate_2,candidate_1,candidate_3,3,0.0033333333333333335
7435,candidate_2,candidate_1,candidate_3,3,0.0033333333333333335
7436,candidate_2,candidate_1,candidate_3,3,0.0033333333333333335
7437,candidate_2,candidate_1,candidate_3,3,0.0033333333333333335
7438,candidate_2,candidate_1,candidate_3,3,0.0033333333333333335
7439,candidate_2,candidate_1,candidate_3,3,0.0033333333333333335
7440,candidate_2,candidate_1,candidate_3,3,0.0033333333333333335
7441,candidate_2,candidate_1,candidate_3,3,0.0033333333333333335
7442,candidate_2,candidate_1,candidate_3,3,0.0033333333333333335
7443,candidate_2,candidate_1,candidate_3,3,0.0033333333333333335
7444,candidate_2,candidate_1,candidate_3,3,0.0033333333333333335
7445,candidate_2,candidate_1,candidate_3,3,0.0033333333333333335
7446,candidate_2,candidate_1,candidate_3,3,0.0033333333333333335
7447,candidate_2,candidate_1,candidate_3,3,0.0033333333333333335
7448,candidate_2,candidate_1,candidate_3,3,0.0033333333333333335
7449,candidate_2,candidate_1,candidate_3,3,0.0033333333333333335
7450,candidate_2,candidate_1,candidate_3,3,0.0033333333333333335
7451,candidate_2,candidate_1,candidate_3,3,0.0033333333333333335
7452,candidate_2,candidate_1,candidate_3,3,0.0033333333333333335
7453,candidate_2,candidate_1,candidate_3,3,0.0033333333333333335
7454,candidate_2,candidate_1,candidate_3,3,0.0033333333333333335
7455,candidate_2,0,candidate_3,3,0.0033333333333333335
7456,candidate_2,candidate_1,candidate_3,3,0.0033333333333333335
7457,candidate_2,candidate_1,candidate_3,3,0.0033333333333333335
7458,candidate_2,candidate_1,candidate_3,3,0.0033333333333333335
7459,candidate_2,candidate_1,candidate_3,3,0.0033333333333333335
7460,candidate_2,candidate_1,candidate_3,3,0.0033333333333333335
7461,candidate_2,candidate_1,candidate_3,3,0.0033333333333333335
7462,candidate_2,candidate_1,candidate_3,3,0.0033333333333333335
7463,candidate_2,candidate_1,candidate_3,3,0.0033333333333333335
7464,candidate_2,candidate_1,candidate_3,3,0.0033333333333333335
7465,candidate_2,candidate_1,candidate_3,3,0.0033333333333333335
7466,candidate_2,candidate_1,candidate_3,3,0.0033333333333333335
7467,candidate_2,candidate_1,candidate_3,3,0.0033333333333333335
7468,candidate_2,candidate_1,candidate_3,3,0.0033333333333333335
7469,candidate_2,candidate_1,candidate_3,3,0.0033333333333333335
7470,candidate_2,candidate_1,candidate_3,3,0.0033333333333333335
7471,candidate_2,candidate_1,candidate_3,3,0.0033333333333333335
7472,candidate_2,candidate_1,candidate_3,3,0.0033333333333333335
7473,candidate_2,candidate_1,candidate_3,3,0.0033333333333333335
7474,candidate_2,candidate_1,candidate_3,3,0.0033333333333333335
7475,candidate_2,candidate_1,candidate_3,3,0.0033333333333333335
7476,candidate_2,candidate_1,candidate_3,3,0.0033333333333333335
7477,candidate_2,candidate_1,candidate_3,3,0.0033333333333333335
7478,candidate_2,candidate_1,candidate_3,3,0.0033333333333333335
7479,candidate_2,candidate_1,candidate_3,3,0.0033333333333333335
7480,candidate_2,candidate_1,candidate_3,3,0.0033333333333333335
7481,candidate_2,candidate_1,candidate_3,3,0.0033333333333333335
7482,candidate_2,candidate_1,candidate_3,3,0.0033333333333333335
7483,candidate_2,candidate_1,candidate_3,3,0.0033333333333333335
7484,candidate_2,candidate_1,candidate_3,3,0.0033333333333333335
7485,candidate_2,candidate_1,candidate_3,3,0.0033333333333333335
7486,candidate_2,candidate_1,candidate_3,3,0.0033333333333333335
7487,candidate_2,candidate_1,candidate_3,3,0.0033333333333333335
7488,candidate_2,candidate_1,candidate_3,3,0.0033333333333333335
7489,candidate_2,candidate_1,candidate_3,3,0.0033333333333333335
7490,candidate_2,candidate_1,candidate_3,3,0.0033333333333333335
7491,candidate_2,candidate_1,candidate_3,3,0.0033333333333333335
7492,candidate_2,candidate_1,candidate_3,3,0.0033333333333333335
7493,candidate_2,candidate_1,candidate_3,3,0.0033333333333333335
7494,candidate_2,candidate_1,candidate_3,3,0.0033333333333333335
7495,candidate_2,candidate_1,candidate_3,3,0.0033333333333333335
7496,candidate_2,candidate_1,candidate_3,3,0.0033333333333333335
7497,candidate_2,candidate_1,candidate_3,3,0.0033333333333333335
7498,candidate_2,candidate_1,candidate_3,3,0.0033333333333333335
7499,candidate_2,candidate_1,candidate_3,3,0.0033333333333333335
7500,candidate_2,candidate_1,candidate_3,3,0.0033333333333333335
7501,candidate_2,candidate_1,candidate_3,3,0.0033333333333333335
7502,candidate_2,candidate_1,candidate_3,3,0.0033333333333333335
7503,candidate_2,candidate_1,candidate_3,3,0.0033333333333333335
7504,candidate_2,candidate_1,candidate_3,3,0.0033333333333333335
7505,candidate_2,candidate_1,candidate_3,3,0.0033333333333333335
7506,candidate_2,candidate_1,candidate_3,3,0.0033333333333333335
7507,candidate_2,candidate_1,candidate_3,3,0.0033333333333333335
7508,candidate_2,candidate_1,candidate_3,3,0.0033333333333333335
7509,candidate_2,candidate_1,candidate_3,3,0.0033333333333333335
7510,candidate_2,candidate_1,candidate_3,3,0.0033333333333333335
7511,candidate_2,candidate_1,candidate_3,3,0.0033333333333333335
7512,candidate_2,candidate_1,candidate_3,3,0.0033333333333333335
7513,candidate_2,candidate_1,candidate_3,3,0.0033333333333333335
7514,candidate_2,candidate_1,candidate_3,3,0.0033333333333333335
7515,candidate_2,candidate_1,candidate_3,3,0.0033333333333333335
7516,candidate_2,candidate_1,candidate_3,3,0.0033333333333333335
7517,candidate_2,candidate_1,candidate_3,3,0.0033333333333333335
7518,candidate_2,candidate_1,candidate_3,3,0.0033333333333333335
7519,candidate_2,candidate_1,candidate_3,3,0.0033333333333333335
7520,candidate_2,candidate_1,candidate_3,3,0.0033333333333333335
7521,candidate_2,candidate_1,candidate_3,3,0.0033333333333333335
7522,candidate_2,candidate_1,candidate_3,3,0.0033333333333333335
7523,candidate_2,candidate_1,candidate_3,3,0.0033333333333333335
7524,candidate_2,candidate_1,candidate_3,3,0.0033333333333333335
7525,candidate_2,candidate_1,candidate_3,3,0.0033333333333333335
7526,candidate_2,candidate_1,candidate_3,3,0.0033333333333333335
7527,candidate_2,candidate_1,candidate_3,3,0.0033333333333333335
7528,candidate_2,candidate_1,candidate_3,3,0.0033333333333333335
7529,candidate_2,candidate_1,candidate_3,3,0.0033333333333333335
7530,candidate_2,candidate_1,candidate_3,3,0.0033333333333333335
7531,candidate_2,candidate_1,candidate_3,3,0.0033333333333333335
7532,candidate_2,candidate_1,candidate_3,3,0.0033333333333333335
7533,candidate_2,candidate_1,candidate_3,3,0.0033333333333333335
7534,candidate_2,candidate_1,candidate_3,3,0.0033333333333333335
7535,candidate_2,candidate_1,candidate_3,3,0.0033333333333333335
7536,candidate_2,candidate_1,candidate_3,3,0.0033333333333333335
7537,candidate_2,candidate_1,candidate_3,3,0.0033333333333333335
7538,candidate_2,candidate_1,candidate_3,3,0.0033333333333333335
7539,candidate_2,candidate_1,candidate_3,3,0.0033333333333333335
7540,candidate_2,candidate_1,candidate_3,3,0.0033333333333333335
7541,0,candidate_1,candidate_3,3,0.0033333333333333335
7542,candidate_2,candidate_1,candidate_3,3,0.0033333333333333335
7543,candidate_2,candidate_1,candidate_3,3,0.0033333333333333335
7544,candidate_2,candidate_1,candidate_3,3,0.0033333333333333335
7545,candidate_2,candidate_1,candidate_3,3,0.0033333333333333335
7546,candidate_2,candidate_1,candidate_3,3,0.0033333333333333335
7547,candidate_2,candidate_1,candidate_3,3,0.0033333333333333335
7548,candidate_2,candidate_1,candidate_3,3,0.0033333333333333335
7549,candidate_2,candidate_1,candidate_3,3,0.0033333333333333335
7550,candidate_2,candidate_1,candidate_3,3,0.0033333333333333335
7551,candidate_2,candidate_1,candidate_3,3,0.0033333333333333335
7552,candidate_2,candidate_1,candidate_3,3,0.0033333333333333335
7553,candidate_2,candidate_1,candidate_3,3,0.0033333333333333335
7554,candidate_2,candidate_1,candidate_3,3,0.0033333333333333335
7555,candidate_2,candidate_1,candidate_3,3,0.0033333333333333335
7556,candidate_2,candidate_1,candidate_3,3,0.0033333333333333335
7557,candidate_2,candidate_1,candidate_3,3,0.0033333333333333335
7558,candidate_2,candidate_1,candidate_3,3,0.0033333333333333335
7559,candidate_2,candidate_1,candidate_3,3,0.0033333333333333335
7560,candidate_2,candidate_1,candidate_3,3,0.0033333333333333335
7561,candidate_2,candidate_1,candidate_3,3,0.0033333333333333335
7562,candidate_2,candidate_1,candidate_3,3,0.0033333333333333335
7563,candidate_2,candidate_1,candidate_3,3,0.0033333333333333335
7564,candidate_2,candidate_1,candidate_3,3,0.0033333333333333335
7565,candidate_2,candidate_1,candidate_3,3,0.0033333333333333335
7566,candidate_2,candidate_1,candidate_3,3,0.0033333333333333335
7567,candidate_2,candidate_1,candidate_3,3,0.0033333333333333335
7568,candidate_2,candidate_1,candidate_3,3,0.0033333333333333335
7569,candidate_2,candidate_1,candidate_3,3,0.0033333333333333335
7570,candidate_2,candidate_1,candidate_3,3,0.0033333333333333335
7571,candidate_2,candidate_1,candidate_3,3,0.0033333333333333335
7572,candidate_2,candidate_1,candidate_3,3,0.0033333333333333335
7573,candidate_2,candidate_1,candidate_3,3,0.0033333333333333335
7574,candidate_2,candidate_1,candidate_3,3,0.0033333333333333335
7575,candidate_2,candidate_1,candidate_3,3,0.0033333333333333335
7576,candidate_2,candidate_1,candidate_3,3,0.0033333333333333335
7577,candidate_2,candidate_1,candidate_3,3,0.0033333333333333335
7578,candidate_2,candidate_1,candidate_3,3,0.0033333333333333335
7579,candidate_2,candidate_1,candidate_3,3,0.0033333333333333335
7580,candidate_2,candidate_1,candidate_3,3,0.0033333333333333335
7581,candidate_2,candidate_1,candidate_3,3,0.0033333333333333335
7582,candidate_2,candidate_1,candidate_3,3,0.0033333333333333335
7583,candidate_2,candidate_1,candidate_3,3,0.0033333333333333335
7584,candidate_2,candidate_1,candidate_3,3,0.0033333333333333335
7585,candidate_2,candidate_1,candidate_3,3,0.0033333333333333335
7586,candidate_2,candidate_1,candidate_3,3,0.0033333333333333335
7587,candidate_2,candidate_1,candidate_3,3,0.0033333333333333335
7588,candidate_2,candidate_1,candidate_3,3,0.0033333333333333335
7589,candidate_2,candidate_1,candidate_3,3,0.0033333333333333335
7590,candidate_2,candidate_1,candidate_3,3,0.0033333333333333335
7591,candidate_2,candidate_1,candidate_3,3,0.0033333333333333335
7592,candidate_2,candidate_1,candidate_3,3,0.0033333333333333335
7593,candidate_2,candidate_1,candidate_3,3,0.0033333333333333335
7594,candidate_2,candidate_1,candidate_3,3,0.0033333333333333335
7595,candidate_2,candidate_1,candidate_3,3,0.0033333333333333335
7596,candidate_2,candidate_1,candidate_3,3,0.0033333333333333335
7597,candidate_2,candidate_1,0,3,0.0033333333333333335
7598,candidate_2,candidate_1,candidate_3,3,0.0033333333333333335
7599,candidate_2,candidate_1,candidate_3,3,0.0033333333333333335
7600,candidate_2,candidate_1,candidate_3,3,0.0033333333333333335
7601,candidate_2,candidate_1,candidate_3,3,0.0033333333333333335
7602,candidate_2,candidate_1,candidate_3,3,0.0033333333333333335
7603,candidate_2,candidate_1,candidate_3,3,0.0033333333333333335
7604,candidate_2,candidate_1,candidate_3,3,0.0033333333333333335
7605,candidate_2,candidate_1,candidate_3,3,0.0033333333333333335
7606,candidate_2,candidate_1,candidate_3,3,0.0033333333333333335
7607,candidate_2,candidate_1,candidate_3,3,0.0033333333333333335
7608,candidate_2,candidate_1,candidate_3,3,0.0033333333333333335
7609,candidate_2,candidate_1,candidate_3,3,0.0033333333333333335
7610,candidate_2,candidate_1,candidate_3,3,0.0033333333333333335
7611,candidate_2,candidate_1,candidate_3,3,0.0033333333333333335
7612,candidate_2,candidate_1,candidate_3,3,0.0033333333333333335
7613,candidate_2,candidate_1,candidate_3,3,0.0033333333333333335
7614,candidate_2,candidate_1,candidate_3,3,0.0033333333333333335
7615,candidate_2,candidate_1,candidate_3,3,0.0033333333333333335
7616,candidate_2,candidate_1,candidate_3,3,0.0033333333333333335
7617,candidate_2,candidate_1,candidate_3,3,0.0033333333333333335
7618,candidate_2,candidate_1,candidate_3,3,0.0033333333333333335
7619,candidate_2,candidate_1,candidate_3,3,0.0033333333333333335
7620,candidate_2,candidate_1,candidate_3,3,0.0033333333333333335
7621,0,candidate_1,candidate_3,3,0.0033333333333333335
7622,candidate_2,candidate_1,candidate_3,3,0.0033333333333333335
7623,candidate_2,candidate_1,candidate_3,3,0.0033333333333333335
7624,candidate_2,candidate_1,candidate_3,3,0.0033333333333333335
7625,candidate_2,candidate_1,candidate_3,3,0.0033333333333333335
7626,candidate_2,candidate_1,candidate_3,3,0.0033333333333333335
7627,candidate_2,candidate_1,candidate_3,3,0.0033333333333333335
7628,candidate_2,candidate_1,candidate_3,3,0.0033333333333333335
7629,candidate_2,candidate_1,candidate_3,3,0.0033333333333333335
7630,candidate_2,candidate_1,candidate_3,3,0.0033333333333333335
7631,candidate_2,candidate_1,candidate_3,3,0.0033333333333333335
7632,candidate_2,candidate_1,candidate_3,3,0.0033333333333333335
7633,candidate_2,candidate_1,candidate_3,3,0.0033333333333333335
7634,candidate_2,candidate_1,candidate_3,3,0.0033333333333333335
7635,candidate_2,candidate_1,candidate_3,3,0.0033333333333333335
7636,candidate_2,candidate_1,candidate_3,3,0.0033333333333333335
7637,candidate_2,candidate_1,candidate_3,3,0.0033333333333333335
7638,candidate_2,candidate_1,candidate_3,3,0.0033333333333333335
7639,candidate_2,candidate_1,candidate_3,3,0.0033333333333333335
7640,candidate_2,candidate_1,candidate_3,3,0.0033333333333333335
7641,candidate_2,candidate_1,candidate_3,3,0.0033333333333333335
7642,candidate_2,candidate_1,candidate_3,3,0.0033333333333333335
7643,candidate_2,candidate_1,candidate_3,3,0.0033333333333333335
7644,candidate_2,candidate_1,candidate_3,3,0.0033333333333333335
7645,candidate_2,candidate_1,candidate_3,3,0.0033333333333333335
7646,candidate_2,candidate_1,candidate_3,3,0.0033333333333333335
7647,candidate_2,candidate_1,candidate_3,3,0.0033333333333333335
7648,candidate_2,candidate_1,candidate_3,3,0.0033333333333333335
7649,candidate_2,candidate_1,candidate_3,3,0.0033333333333333335
7650,candidate_2,candidate_1,candidate_3,3,0.0033333333333333335
7651,candidate_2,candidate_1,candidate_3,3,0.0033333333333333335
7652,candidate_2,candidate_1,candidate_3,3,0.0033333333333333335
7653,candidate_2,candidate_1,candidate_3,3,0.0033333333333333335
7654,candidate_2,candidate_1,candidate_3,3,0.0033333333333333335
7655,candidate_2,candidate_1,candidate_3,3,0.0033333333333333335
7656,candidate_2,candidate_1,candidate_3,3,0.0033333333333333335
7657,candidate_2,candidate_1,candidate_3,3,0.0033333333333333335
7658,candidate_2,candidate_1,candidate_3,3,0.0033333333333333335
7659,candidate_2,candidate_1,candidate_3,3,0.0033333333333333335
7660,candidate_2,candidate_1,candidate_3,3,0.0033333333333333335
7661,candidate_2,candidate_1,candidate_3,3,0.0033333333333333335
7662,candidate_2,candidate_1,candidate_3,3,0.0033333333333333335
7663,candidate_2,candidate_1,candidate_3,3,0.0033333333333333335
7664,candidate_2,candidate_1,candidate_3,3,0.0033333333333333335
7665,candidate_2,candidate_1,candidate_3,3,0.0033333333333333335
7666,candidate_2,candidate_1,candidate_3,3,0.0033333333333333335
7667,candidate_2,candidate_1,candidate_3,3,0.0033333333333333335
7668,candidate_2,candidate_1,candidate_3,3,0.0033333333333333335
7669,candidate_2,candidate_1,candidate_3,3,0.0033333333333333335
7670,candidate_2,candidate_1,candidate_3,3,0.0033333333333333335
7671,candidate_2,candidate_1,candidate_3,3,0.0033333333333333335
7672,candidate_2,candidate_1,candidate_3,3,0.0033333333333333335
7673,candidate_2,candidate_1,candidate_3,3,0.0033333333333333335
7674,candidate_2,candidate_1,candidate_3,3,0.0033333333333333335
7675,candidate_2,candidate_1,candidate_3,3,0.0033333333333333335
7676,candidate_2,candidate_1,candidate_3,3,0.0033333333333333335
7677,candidate_2,candidate_1,candidate_3,3,0.0033333333333333335
7678,candidate_2,candidate_1,candidate_3,3,0.0033333333333333335
7679,candidate_2,candidate_1,candidate_3,3,0.0033333333333333335
7680,candidate_2,candidate_1,candidate_3,3,0.0033333333333333335
7681,candidate_2,candidate_1,candidate_3,3,0.0033333333333333335
7682,candidate_2,candidate_1,candidate_3,3,0.0033333333333333335
7683,candidate_2,candidate_1,candidate_3,3,0.0033333333333333335
7684,candidate_2,candidate_1,candidate_3,3,0.0033333333333333335
7685,candidate_2,candidate_1,candidate_3,3,0.0033333333333333335
7686,candidate_2,candidate_1,candidate_3,3,0.0033333333333333335
7687,candidate_2,candidate_1,candidate_3,3,0.0033333333333333335
7688,candidate_2,candidate_1,candidate_3,3,0.0033333333333333335
7689,candidate_2,candidate_1,candidate_3,3,0.0033333333333333335
7690,candidate_2,candidate_1,candidate_3,3,0.0033333333333333335
7691,candidate_2,candidate_1,candidate_3,3,0.0033333333333333335
7692,candidate_2,candidate_1,candidate_3,3,0.0033333333333333335
7693,candidate_2,candidate_1,candidate_3,3,0.0033333333333333335
7694,candidate_2,candidate_1,candidate_3,3,0.0033333333333333335
7695,candidate_2,candidate_1,candidate_3,3,0.0033333333333333335
7696,candidate_2,candidate_1,candidate_3,3,0.0033333333333333335
7697,candidate_2,candidate_1,candidate_3,3,0.0033333333333333335
7698,candidate_2,candidate_1,candidate_3,3,0.0033333333333333335
7699,candidate_2,candidate_1,candidate_3,3,0.0033333333333333335
7700,candidate_2,candidate_1,candidate_3,3,0.0033333333333333335
7701,candidate_2,candidate_1,candidate_3,3,0.0033333333333333335
7702,candidate_2,candidate_1,candidate_3,3,0.0033333333333333335
7703,candidate_2,candidate_1,candidate_3,3,0.0033333333333333335
7704,candidate_2,candidate_1,candidate_3,3,0.0033333333333333335
7705,candidate_2,candidate_1,candidate_3,3,0.0033333333333333335
7706,candidate_2,candidate_1,candidate_3,3,0.0033333333333333335
7707,candidate_2,candidate_1,candidate_3,3,0.0033333333333333335
7708,candidate_2,candidate_1,candidate_3,3,0.0033333333333333335
7709,candidate_2,candidate_1,candidate_3,3,0.0033333333333333335
7710,candidate_2,candidate_1,candidate_3,3,0.0033333333333333335
7711,candidate_2,candidate_1,candidate_3,3,0.0033333333333333335
7712,candidate_2,candidate_1,candidate_3,3,0.0033333333333333335
7713,candidate_2,candidate_1,candidate_3,3,0.0033333333333333335
7714,candidate_2,candidate_1,candidate_3,3,0.0033333333333333335
7715,candidate_2,candidate_1,candidate_3,3,0.0033333333333333335
7716,candidate_2,candidate_1,candidate_3,3,0.0033333333333333335
7717,candidate_2,candidate_1,candidate_3,3,0.0033333333333333335
7718,candidate_2,candidate_1,candidate_3,3,0.0033333333333333335
7719,candidate_2,candidate_1,candidate_3,3,0.0033333333333333335
7720,candidate_2,candidate_1,candidate_3,3,0.0033333333333333335
7721,candidate_2,candidate_1,candidate_3,3,0.0033333333333333335
7722,candidate_2,candidate_1,candidate_3,3,0.0033333333333333335
7723,candidate_2,candidate_1,candidate_3,3,0.0033333333333333335
7724,candidate_2,candidate_1,candidate_3,3,0.0033333333333333335
7725,candidate_2,candidate_1,candidate_3,3,0.0033333333333333335
7726,candidate_2,candidate_1,candidate_3,3,0.0033333333333333335
7727,candidate_2,candidate_1,candidate_3,3,0.0033333333333333335
7728,candidate_2,candidate_1,candidate_3,3,0.0033333333333333335
7729,candidate_2,candidate_1,candidate_3,3,0.0033333333333333335
7730,candidate_2,candidate_1,candidate_3,3,0.0033333333333333335
7731,candidate_2,0,candidate_3,3,0.0033333333333333335
7732,candidate_2,candidate_1,candidate_3,3,0.0033333333333333335
7733,candidate_2,candidate_1,candidate_3,3,0.0033333333333333335
7734,candidate_2,candidate_1,candidate_3,3,0.0033333333333333335
7735,candidate_2,candidate_1,candidate_3,3,0.0033333333333333335
7736,candidate_2,candidate_1,candidate_3,3,0.0033333333333333335
7737,candidate_2,candidate_1,candidate_3,3,0.0033333333333333335
7738,candidate_2,candidate_1,candidate_3,3,0.0033333333333333335
7739,candidate_2,candidate_1,candidate_3,3,0.0033333333333333335
7740,candidate_2,candidate_1,0,3,0.0033333333333333335
7741,candidate_2,candidate_1,candidate_3,3,0.0033333333333333335
7742,candidate_2,candidate_1,candidate_3,3,0.0033333333333333335
7743,candidate_2,candidate_1,candidate_3,3,0.0033333333333333335
7744,candidate_2,candidate_1,candidate_3,3,0.0033333333333333335
7745,candidate_2,candidate_1,candidate_3,3,0.0033333333333333335
7746,candidate_2,candidate_1,candidate_3,3,0.0033333333333333335
7747,candidate_2,candidate_1,candidate_3,3,0.0033333333333333335
7748,candidate_2,candidate_1,candidate_3,3,0.0033333333333333335
7749,candidate_2,candidate_1,candidate_3,3,0.0033333333333333335
7750,candidate_2,candidate_1,candidate_3,3,0.0033333333333333335
7751,candidate_2,candidate_1,candidate_3,3,0.0033333333333333335
7752,candidate_2,candidate_1,candidate_3,3,0.0033333333333333335
7753,candidate_2,candidate_1,candidate_3,3,0.0033333333333333335
7754,candidate_2,candidate_1,candidate_3,3,0.0033333333333333335
7755,candidate_2,candidate_1,candidate_3,3,0.0033333333333333335
7756,candidate_2,candidate_1,candidate_3,3,0.0033333333333333335
7757,candidate_2,candidate_1,candidate_3,3,0.0033333333333333335
7758,candidate_2,candidate_1,candidate_3,3,0.0033333333333333335
7759,candidate_2,candidate_1,candidate_3,3,0.0033333333333333335
7760,candidate_2,candidate_1,candidate_3,3,0.0033333333333333335
7761,candidate_2,candidate_1,candidate_3,3,0.0033333333333333335
7762,candidate_2,candidate_1,candidate_3,3,0.0033333333333333335
7763,candidate_2,candidate_1,candidate_3,3,0.0033333333333333335
7764,candidate_2,candidate_1,candidate_3,3,0.0033333333333333335
7765,candidate_2,candidate_1,candidate_3,3,0.0033333333333333335
7766,candidate_2,candidate_1,candidate_3,3,0.0033333333333333335
7767,candidate_2,candidate_1,candidate_3,3,0.0033333333333333335
7768,candidate_2,candidate_1,candidate_3,3,0.0033333333333333335
7769,candidate_2,candidate_1,candidate_3,3,0.0033333333333333335
7770,candidate_2,candidate_1,candidate_3,3,0.0033333333333333335
7771,candidate_2,candidate_1,candidate_3,3,0.0033333333333333335
7772,candidate_2,candidate_1,candidate_3,3,0.0033333333333333335
7773,candidate_2,candidate_1,candidate_3,3,0.0033333333333333335
7774,candidate_2,candidate_1,candidate_3,3,0.0033333333333333335
7775,candidate_2,candidate_1,candidate_3,3,0.0033333333333333335
7776,candidate_2,candidate_1,candidate_3,3,0.0033333333333333335
7777,candidate_2,candidate_1,candidate_3,3,0.0033333333333333335
7778,candidate_2,candidate_1,candidate_3,3,0.0033333333333333335
7779,candidate_2,candidate_1,candidate_3,3,0.0033333333333333335
7780,candidate_2,candidate_1,candidate_3,3,0.0033333333333333335
7781,candidate_2,candidate_1,candidate_3,3,0.0033333333333333335
7782,candidate_2,candidate_1,candidate_3,3,0.0033333333333333335
7783,candidate_2,candidate_1,candidate_3,3,0.0033333333333333335
7784,candidate_2,candidate_1,candidate_3,3,0.0033333333333333335
7785,candidate_2,candidate_1,candidate_3,3,0.0033333333333333335
7786,candidate_2,candidate_1,candidate_3,3,0.0033333333333333335
7787,candidate_2,candidate_1,candidate_3,3,0.0033333333333333335
7788,candidate_2,candidate_1,candidate_3,3,0.0033333333333333335
7789,0,candidate_1,candidate_3,3,0.0033333333333333335
7790,candidate_2,candidate_1,candidate_3,3,0.0033333333333333335
7791,candidate_2,candidate_1,candidate_3,3,0.0033333333333333335
7792,candidate_2,candidate_1,candidate_3,3,0.0033333333333333335
7793,candidate_2,candidate_1,candidate_3,3,0.0033333333333333335
7794,candidate_2,candidate_1,candidate_3,3,0.0033333333333333335
7795,candidate_2,candidate_1,candidate_3,3,0.0033333333333333335
7796,candidate_2,candidate_1,candidate_3,3,0.0033333333333333335
7797,candidate_2,candidate_1,candidate_3,3,0.0033333333333333335
7798,candidate_2,candidate_1,0,3,0.0033333333333333335
7799,candidate_2,candidate_1,candidate_3,3,0.0033333333333333335
7800,candidate_2,candidate_1,candidate_3,3,0.0033333333333333335
7801,candidate_2,candidate_1,candidate_3,3,0.0033333333333333335
7802,candidate_2,candidate_1,candidate_3,3,0.0033333333333333335
7803,candidate_2,candidate_1,candidate_3,3,0.0033333333333333335
7804,candidate_2,candidate_1,candidate_3,3,0.0033333333333333335
7805,candidate_2,candidate_1,candidate_3,3,0.0033333333333333335
7806,candidate_2,candidate_1,candidate_3,3,0.0033333333333333335
7807,candidate_2,candidate_1,candidate_3,3,0.0033333333333333335
7808,candidate_2,candidate_1,candidate_3,3,0.0033333333333333335
7809,candidate_2,candidate_1,candidate_3,3,0.0033333333333333335
7810,candidate_2,candidate_1,candidate_3,3,0.0033333333333333335
7811,candidate_2,candidate_1,candidate_3,3,0.0033333333333333335
7812,candidate_2,candidate_1,candidate_3,3,0.0033333333333333335
7813,candidate_2,candidate_1,candidate_3,3,0.0033333333333333335
7814,candidate_2,candidate_1,candidate_3,3,0.0033333333333333335
7815,candidate_2,candidate_1,candidate_3,3,0.0033333333333333335
7816,candidate_2,candidate_1,candidate_3,3,0.0033333333333333335
7817,candidate_2,candidate_1,candidate_3,3,0.0033333333333333335
7818,candidate_2,candidate_1,candidate_3,3,0.0033333333333333335
7819,candidate_2,candidate_1,candidate_3,3,0.0033333333333333335
7820,candidate_2,candidate_1,candidate_3,3,0.0033333333333333335
7821,candidate_2,candidate_1,candidate_3,3,0.0033333333333333335
7822,candidate_2,candidate_1,candidate_3,3,0.0033333333333333335
7823,candidate_2,candidate_1,candidate_3,3,0.0033333333333333335
7824,candidate_2,candidate_1,candidate_3,3,0.0033333333333333335
7825,candidate_2,candidate_1,candidate_3,3,0.0033333333333333335
7826,candidate_2,candidate_1,candidate_3,3,0.0033333333333333335
7827,candidate_2,candidate_1,candidate_3,3,0.0033333333333333335
7828,candidate_2,candidate_1,candidate_3,3,0.0033333333333333335
7829,candidate_2,candidate_1,candidate_3,3,0.0033333333333333335
7830,candidate_2,candidate_1,candidate_3,3,0.0033333333333333335
7831,candidate_2,candidate_1,candidate_3,3,0.0033333333333333335
7832,candidate_2,candidate_1,candidate_3,3,0.0033333333333333335
7833,candidate_2,candidate_1,candidate_3,3,0.0033333333333333335
7834,candidate_2,candidate_1,candidate_3,3,0.0033333333333333335
7835,candidate_2,candidate_1,candidate_3,3,0.0033333333333333335
7836,candidate_2,candidate_1,candidate_3,3,0.0033333333333333335
7837,candidate_2,candidate_1,candidate_3,3,0.0033333333333333335
7838,candidate_2,candidate_1,candidate_3,3,0.0033333333333333335
7839,candidate_2,candidate_1,candidate_3,3,0.0033333333333333335
7840,candidate_2,candidate_1,candidate_3,3,0.0033333333333333335
7841,candidate_2,candidate_1,candidate_3,3,0.0033333333333333335
7842,candidate_2,candidate_1,candidate_3,3,0.0033333333333333335
7843,candidate_2,candidate_1,candidate_3,3,0.0033333333333333335
7844,candidate_2,candidate_1,candidate_3,3,0.0033333333333333335
7845,candidate_2,candidate_1,candidate_3,3,0.0033333333333333335
7846,candidate_2,candidate_1,candidate_3,3,0.0033333333333333335
7847,candidate_2,candidate_1,candidate_3,3,0.0033333333333333335
7848,candidate_2,candidate_1,candidate_3,3,0.0033333333333333335
7849,candidate_2,candidate_1,candidate_3,3,0.0033333333333333335
7850,candidate_2,candidate_1,candidate_3,3,0.0033333333333333335
7851,candidate_2,candidate_1,candidate_3,3,0.0033333333333333335
7852,candidate_2,candidate_1,candidate_3,3,0.0033333333333333335
7853,candidate_2,candidate_1,candidate_3,3,0.0033333333333333335
7854,candidate_2,candidate_1,candidate_3,3,0.0033333333333333335
7855,candidate_2,candidate_1,candidate_3,3,0.0033333333333333335
7856,candidate_2,candidate_1,candidate_3,3,0.0033333333333333335
7857,candidate_2,candidate_1,candidate_3,3,0.0033333333333333335
7858,candidate_2,candidate_1,candidate_3,3,0.0033333333333333335
7859,candidate_2,candidate_1,candidate_3,3,0.0033333333333333335
7860,candidate_2,candidate_1,candidate_3,3,0.0033333333333333335
7861,candidate_2,candidate_1,candidate_3,3,0.0033333333333333335
7862,candidate_2,candidate_1,candidate_3,3,0.0033333333333333335
7863,candidate_2,candidate_1,candidate_3,3,0.0033333333333333335
7864,candidate_2,candidate_1,candidate_3,3,0.0033333333333333335
7865,candidate_2,candidate_1,candidate_3,3,0.0033333333333333335
7866,candidate_2,candidate_1,candidate_3,3,0.0033333333333333335
7867,candidate_2,candidate_1,candidate_3,3,0.0033333333333333335
7868,candidate_2,candidate_1,candidate_3,3,0.0033333333333333335
7869,candidate_2,candidate_1,candidate_3,3,0.0033333333333333335
7870,candidate_2,candidate_1,candidate_3,3,0.0033333333333333335
7871,candidate_2,candidate_1,candidate_3,3,0.0033333333333333335
7872,candidate_2,candidate_1,candidate_3,3,0.0033333333333333335
7873,candidate_2,candidate_1,candidate_3,3,0.0033333333333333335
7874,candidate_2,candidate_1,candidate_3,3,0.0033333333333333335
7875,candidate_2,candidate_1,candidate_3,3,0.0033333333333333335
7876,candidate_2,candidate_1,candidate_3,3,0.0033333333333333335
7877,candidate_2,candidate_1,candidate_3,3,0.0033333333333333335
7878,candidate_2,candidate_1,candidate_3,3,0.0033333333333333335
7879,candidate_2,candidate_1,candidate_3,3,0.0033333333333333335
7880,candidate_2,candidate_1,candidate_3,3,0.0033333333333333335
7881,candidate_2,candidate_1,candidate_3,3,0.0033333333333333335
7882,candidate_2,candidate_1,candidate_3,3,0.0033333333333333335
7883,candidate_2,candidate_1,candidate_3,3,0.0033333333333333335
7884,candidate_2,candidate_1,candidate_3,3,0.0033333333333333335
7885,candidate_2,candidate_1,candidate_3,3,0.0033333333333333335
7886,candidate_2,candidate_1,candidate_3,3,0.0033333333333333335
7887,candidate_2,candidate_1,candidate_3,3,0.0033333333333333335
7888,candidate_2,candidate_1,candidate_3,3,0.0033333333333333335
7889,candidate_2,candidate_1,candidate_3,3,0.0033333333333333335
7890,candidate_2,candidate_1,candidate_3,3,0.0033333333333333335
7891,candidate_2,candidate_1,candidate_3,3,0.0033333333333333335
7892,candidate_2,candidate_1,candidate_3,3,0.0033333333333333335
7893,candidate_2,candidate_1,candidate_3,3,0.0033333333333333335
7894,candidate_2,candidate_1,candidate_3,3,0.0033333333333333335
7895,candidate_2,candidate_1,candidate_3,3,0.0033333333333333335
7896,candidate_2,candidate_1,candidate_3,3,0.0033333333333333335
7897,candidate_2,candidate_1,candidate_3,3,0.0033333333333333335
7898,candidate_2,candidate_1,candidate_3,3,0.0033333333333333335
7899,candidate_2,candidate_1,candidate_3,3,0.0033333333333333335
7900,candidate_2,candidate_1,candidate_3,3,0.0033333333333333335
7901,candidate_2,candidate_1,candidate_3,3,0.0033333333333333335
7902,candidate_2,candidate_1,candidate_3,3,0.0033333333333333335
7903,candidate_2,candidate_1,candidate_3,3,0.0033333333333333335
7904,candidate_2,candidate_1,candidate_3,3,0.0033333333333333335
7905,candidate_2,candidate_1,candidate_3,3,0.0033333333333333335
7906,candidate_2,candidate_1,candidate_3,3,0.0033333333333333335
7907,candidate_2,candidate_1,candidate_3,3,0.0033333333333333335
7908,candidate_2,candidate_1,candidate_3,3,0.0033333333333333335
7909,candidate_2,candidate_1,candidate_3,3,0.0033333333333333335
7910,candidate_2,candidate_1,candidate_3,3,0.0033333333333333335
7911,candidate_2,candidate_1,candidate_3,3,0.0033333333333333335
7912,candidate_2,candidate_1,candidate_3,3,0.0033333333333333335
7913,candidate_2,candidate_1,candidate_3,3,0.0033333333333333335
7914,candidate_2,candidate_1,candidate_3,3,0.0033333333333333335
7915,candidate_2,candidate_1,candidate_3,3,0.0033333333333333335
7916,candidate_2,candidate_1,candidate_3,3,0.0033333333333333335
7917,candidate_2,candidate_1,candidate_3,3,0.0033333333333333335
7918,candidate_2,candidate_1,candidate_3,3,0.0033333333333333335
7919,candidate_2,candidate_1,candidate_3,3,0.0033333333333333335
7920,candidate_2,candidate_1,candidate_3,3,0.0033333333333333335
7921,candidate_2,candidate_1,candidate_3,3,0.0033333333333333335
7922,candidate_2,candidate_1,candidate_3,3,0.0033333333333333335
7923,candidate_2,candidate_1,candidate_3,3,0.0033333333333333335
7924,candidate_2,candidate_1,candidate_3,3,0.0033333333333333335
7925,candidate_2,candidate_1,candidate_3,3,0.0033333333333333335
7926,candidate_2,candidate_1,candidate_3,3,0.0033333333333333335
7927,candidate_2,candidate_1,0,3,0.0033333333333333335
7928,candidate_2,candidate_1,candidate_3,3,0.0033333333333333335
7929,candidate_2,candidate_1,candidate_3,3,0.0033333333333333335
7930,candidate_2,candidate_1,candidate_3,3,0.0033333333333333335
7931,candidate_2,candidate_1,candidate_3,3,0.0033333333333333335
7932,candidate_2,candidate_1,candidate_3,3,0.0033333333333333335
7933,candidate_2,candidate_1,candidate_3,3,0.0033333333333333335
7934,candidate_2,candidate_1,candidate_3,3,0.0033333333333333335
7935,candidate_2,candidate_1,candidate_3,3,0.0033333333333333335
7936,candidate_2,candidate_1,candidate_3,3,0.0033333333333333335
7937,candidate_2,candidate_1,candidate_3,3,0.0033333333333333335
7938,candidate_2,candidate_1,candidate_3,3,0.0033333333333333335
7939,candidate_2,candidate_1,candidate_3,3,0.0033333333333333335
7940,candidate_2,candidate_1,candidate_3,3,0.0033333333333333335
7941,candidate_2,candidate_1,candidate_3,3,0.0033333333333333335
7942,candidate_2,candidate_1,candidate_3,3,0.0033333333333333335
7943,candidate_2,candidate_1,candidate_3,3,0.0033333333333333335
7944,candidate_2,candidate_1,candidate_3,3,0.0033333333333333335
7945,candidate_2,candidate_1,candidate_3,3,0.0033333333333333335
7946,candidate_2,candidate_1,candidate_3,3,0.0033333333333333335
7947,candidate_2,candidate_1,candidate_3,3,0.0033333333333333335
7948,candidate_2,candidate_1,candidate_3,3,0.0033333333333333335
7949,candidate_2,candidate_1,candidate_3,3,0.0033333333333333335
7950,candidate_2,candidate_1,candidate_3,3,0.0033333333333333335
7951,candidate_2,candidate_1,candidate_3,3,0.0033333333333333335
7952,candidate_2,candidate_1,candidate_3,3,0.0033333333333333335
7953,candidate_2,candidate_1,candidate_3,3,0.0033333333333333335
7954,candidate_2,candidate_1,candidate_3,3,0.0033333333333333335
7955,candidate_2,candidate_1,candidate_3,3,0.0033333333333333335
7956,candidate_2,candidate_1,candidate_3,3,0.0033333333333333335
7957,candidate_2,candidate_1,candidate_3,3,0.0033333333333333335
7958,candidate_2,candidate_1,candidate_3,3,0.0033333333333333335
7959,candidate_2,candidate_1,candidate_3,3,0.0033333333333333335
7960,candidate_2,candidate_1,candidate_3,3,0.0033333333333333335
7961,candidate_2,candidate_1,candidate_3,3,0.0033333333333333335
7962,candidate_2,candidate_1,candidate_3,3,0.0033333333333333335
7963,candidate_2,candidate_1,candidate_3,3,0.0033333333333333335
7964,candidate_2,candidate_1,candidate_3,3,0.0033333333333333335
7965,candidate_2,candidate_1,candidate_3,3,0.0033333333333333335
7966,candidate_2,candidate_1,candidate_3,3,0.0033333333333333335
7967,candidate_2,candidate_1,candidate_3,3,0.0033333333333333335
7968,candidate_2,candidate_1,candidate_3,3,0.0033333333333333335
7969,candidate_2,candidate_1,candidate_3,3,0.0033333333333333335
7970,candidate_2,candidate_1,candidate_3,3,0.0033333333333333335
7971,candidate_2,candidate_1,candidate_3,3,0.0033333333333333335
7972,candidate_2,candidate_1,candidate_3,3,0.0033333333333333335
7973,candidate_2,candidate_1,candidate_3,3,0.0033333333333333335
7974,candidate_2,candidate_1,candidate_3,3,0.0033333333333333335
7975,candidate_2,candidate_1,candidate_3,3,0.0033333333333333335
7976,candidate_2,candidate_1,candidate_3,3,0.0033333333333333335
7977,candidate_2,candidate_1,candidate_3,3,0.0033333333333333335
7978,candidate_2,candidate_1,candidate_3,3,0.0033333333333333335
7979,candidate_2,candidate_1,candidate_3,3,0.0033333333333333335
7980,candidate_2,candidate_1,candidate_3,3,0.0033333333333333335
7981,candidate_2,candidate_1,candidate_3,3,0.0033333333333333335
7982,candidate_2,candidate_1,candidate_3,3,0.0033333333333333335
7983,candidate_2,candidate_1,candidate_3,3,0.0033333333333333335
7984,candidate_2,candidate_1,candidate_3,3,0.0033333333333333335
7985,candidate_2,candidate_1,candidate_3,3,0.0033333333333333335
7986,candidate_2,candidate_1,candidate_3,3,0.0033333333333333335
7987,candidate_2,candidate_1,candidate_3,3,0.0033333333333333335
7988,candidate_2,candidate_1,candidate_3,3,0.0033333333333333335
7989,candidate_2,candidate_1,candidate_3,3,0.0033333333333333335
7990,candidate_2,candidate_1,candidate_3,3,0.0033333333333333335
7991,candidate_2,candidate_1,candidate_3,3,0.0033333333333333335
7992,candidate_2,candidate_1,candidate_3,3,0.0033333333333333335
7993,candidate_2,candidate_1,candidate_3,3,0.0033333333333333335
7994,candidate_2,candidate_1,candidate_3,3,0.0033333333333333335
7995,candidate_2,candidate_1,candidate_3,3,0.0033333333333333335
7996,candidate_2,candidate_1,candidate_3,3,0.0033333333333333335
7997,candidate_2,candidate_1,candidate_3,3,0.0033333333333333335
7998,candidate_2,candidate_1,candidate_3,3,0.0033333333333333335
7999,candidate_2,candidate_1,candidate_3,3,0.0033333333333333335
8000,candidate_2,candidate_1,candidate_3,3,0.0033333333333333335
8001,candidate_2,candidate_1,candidate_3,3,0.0033333333333333335
8002,candidate_2,candidate_1,candidate_3,3,0.0033333333333333335
8003,candidate_2,candidate_1,candidate_3,3,0.0033333333333333335
8004,candidate_2,candidate_1,candidate_3,3,0.0033333333333333335
8005,candidate_2,candidate_1,candidate_3,3,0.0033333333333333335
8006,candidate_2,candidate_1,candidate_3,3,0.0033333333333333335
8007,candidate_2,candidate_1,0,3,0.0033333333333333335
8008,candidate_2,candidate_1,candidate_3,3,0.0033333333333333335
8009,candidate_2,candidate_1,candidate_3,3,0.0033333333333333335
8010,candidate_2,candidate_1,candidate_3,3,0.0033333333333333335
8011,candidate_2,candidate_1,candidate_3,3,0.0033333333333333335
8012,candidate_2,candidate_1,candidate_3,3,0.0033333333333333335
8013,candidate_2,candidate_1,candidate_3,3,0.0033333333333333335
8014,candidate_2,candidate_1,candidate_3,3,0.0033333333333333335
8015,candidate_2,candidate_1,candidate_3,3,0.0033333333333333335
8016,candidate_2,candidate_1,candidate_3,3,0.0033333333333333335
8017,candidate_2,candidate_1,candidate_3,3,0.0033333333333333335
8018,candidate_2,candidate_1,candidate_3,3,0.0033333333333333335
8019,candidate_2,candidate_1,candidate_3,3,0.0033333333333333335
8020,candidate_2,candidate_1,candidate_3,3,0.0033333333333333335
8021,candidate_2,candidate_1,candidate_3,3,0.0033333333333333335
8022,candidate_2,candidate_1,candidate_3,3,0.0033333333333333335
8023,candidate_2,candidate_1,candidate_3,3,0.0033333333333333335
8024,candidate_2,candidate_1,candidate_3,3,0.0033333333333333335
8025,candidate_2,candidate_1,candidate_3,3,0.0033333333333333335
8026,candidate_2,candidate_1,candidate_3,3,0.0033333333333333335
8027,candidate_2,candidate_1,candidate_3,3,0.0033333333333333335
8028,candidate_2,candidate_1,candidate_3,3,0.0033333333333333335
8029,candidate_2,candidate_1,candidate_3,3,0.0033333333333333335
8030,candidate_2,candidate_1,candidate_3,3,0.0033333333333333335
8031,candidate_2,candidate_1,candidate_3,3,0.0033333333333333335
8032,candidate_2,candidate_1,candidate_3,3,0.0033333333333333335
8033,candidate_2,candidate_1,candidate_3,3,0.0033333333333333335
8034,candidate_2,candidate_1,candidate_3,3,0.0033333333333333335
8035,candidate_2,candidate_1,candidate_3,3,0.0033333333333333335
8036,candidate_2,candidate_1,candidate_3,3,0.0033333333333333335
8037,candidate_2,candidate_1,candidate_3,3,0.0033333333333333335
8038,candidate_2,candidate_1,candidate_3,3,0.0033333333333333335
8039,candidate_2,candidate_1,candidate_3,3,0.0033333333333333335
8040,candidate_2,candidate_1,candidate_3,3,0.0033333333333333335
8041,candidate_2,candidate_1,candidate_3,3,0.0033333333333333335
8042,candidate_2,candidate_1,candidate_3,3,0.0033333333333333335
8043,candidate_2,candidate_1,candidate_3,3,0.0033333333333333335
8044,candidate_2,candidate_1,candidate_3,3,0.0033333333333333335
8045,candidate_2,candidate_1,candidate_3,3,0.0033333333333333335
8046,candidate_2,candidate_1,candidate_3,3,0.0033333333333333335
8047,candidate_2,0,candidate_3,3,0.0033333333333333335
8048,candidate_2,candidate_1,candidate_3,3,0.0033333333333333335
8049,candidate_2,candidate_1,candidate_3,3,0.0033333333333333335
8050,candidate_2,candidate_1,candidate_3,3,0.0033333333333333335
8051,candidate_2,candidate_1,candidate_3,3,0.0033333333333333335
8052,candidate_2,candidate_1,candidate_3,3,0.0033333333333333335
8053,candidate_2,candidate_1,candidate_3,3,0.0033333333333333335
8054,candidate_2,candidate_1,candidate_3,3,0.0033333333333333335
8055,candidate_2,candidate_1,candidate_3,3,0.0033333333333333335
8056,candidate_2,candidate_1,candidate_3,3,0.0033333333333333335
8057,candidate_2,candidate_1,candidate_3,3,0.0033333333333333335
8058,candidate_2,candidate_1,candidate_3,3,0.0033333333333333335
8059,candidate_2,candidate_1,candidate_3,3,0.0033333333333333335
8060,candidate_2,candidate_1,candidate_3,3,0.0033333333333333335
8061,candidate_2,candidate_1,candidate_3,3,0.0033333333333333335
8062,candidate_2,candidate_1,candidate_3,3,0.0033333333333333335
8063,candidate_2,candidate_1,candidate_3,3,0.0033333333333333335
8064,candidate_2,candidate_1,candidate_3,3,0.0033333333333333335
8065,candidate_2,candidate_1,candidate_3,3,0.0033333333333333335
8066,candidate_2,candidate_1,candidate_3,3,0.0033333333333333335
8067,candidate_2,candidate_1,candidate_3,3,0.0033333333333333335
8068,candidate_2,candidate_1,candidate_3,3,0.0033333333333333335
8069,candidate_2,candidate_1,candidate_3,3,0.0033333333333333335
8070,candidate_2,candidate_1,candidate_3,3,0.0033333333333333335
8071,candidate_2,candidate_1,candidate_3,3,0.0033333333333333335
8072,candidate_2,0,candidate_3,3,0.0033333333333333335
8073,candidate_2,candidate_1,candidate_3,3,0.0033333333333333335
8074,candidate_2,0,candidate_3,3,0.0033333333333333335
8075,candidate_2,candidate_1,candidate_3,3,0.0033333333333333335
8076,candidate_2,candidate_1,candidate_3,3,0.0033333333333333335
8077,candidate_2,candidate_1,candidate_3,3,0.0033333333333333335
8078,candidate_2,candidate_1,candidate_3,3,0.0033333333333333335
8079,candidate_2,candidate_1,candidate_3,3,0.0033333333333333335
8080,candidate_2,candidate_1,candidate_3,3,0.0033333333333333335
8081,candidate_2,candidate_1,candidate_3,3,0.0033333333333333335
8082,candidate_2,candidate_1,candidate_3,3,0.0033333333333333335
8083,candidate_2,candidate_1,candidate_3,3,0.0033333333333333335
8084,candidate_2,candidate_1,candidate_3,3,0.0033333333333333335
8085,candidate_2,candidate_1,candidate_3,3,0.0033333333333333335
8086,candidate_2,candidate_1,candidate_3,3,0.0033333333333333335
8087,candidate_2,candidate_1,candidate_3,3,0.0033333333333333335
8088,candidate_2,candidate_1,candidate_3,3,0.0033333333333333335
8089,candidate_2,candidate_1,candidate_3,3,0.0033333333333333335
8090,candidate_2,candidate_1,candidate_3,3,0.0033333333333333335
8091,candidate_2,candidate_1,candidate_3,3,0.0033333333333333335
8092,candidate_2,candidate_1,candidate_3,3,0.0033333333333333335
8093,candidate_2,candidate_1,candidate_3,3,0.0033333333333333335
8094,candidate_2,candidate_1,candidate_3,3,0.0033333333333333335
8095,candidate_2,candidate_1,candidate_3,3,0.0033333333333333335
8096,candidate_2,candidate_1,candidate_3,3,0.0033333333333333335
8097,candidate_2,candidate_1,candidate_3,3,0.0033333333333333335
8098,candidate_2,candidate_1,candidate_3,3,0.0033333333333333335
8099,candidate_2,candidate_1,candidate_3,3,0.0033333333333333335
8100,candidate_2,candidate_1,candidate_3,3,0.0033333333333333335
8101,candidate_2,candidate_1,candidate_3,3,0.0033333333333333335
8102,candidate_2,candidate_1,candidate_3,3,0.0033333333333333335
8103,candidate_2,candidate_1,candidate_3,3,0.0033333333333333335
8104,candidate_2,candidate_1,candidate_3,3,0.0033333333333333335
8105,candidate_2,candidate_1,candidate_3,3,0.0033333333333333335
8106,candidate_2,candidate_1,candidate_3,3,0.0033333333333333335
8107,candidate_2,candidate_1,candidate_3,3,0.0033333333333333335
8108,candidate_2,candidate_1,candidate_3,3,0.0033333333333333335
8109,candidate_2,candidate_1,candidate_3,3,0.0033333333333333335
8110,candidate_2,candidate_1,candidate_3,3,0.0033333333333333335
8111,candidate_2,candidate_1,candidate_3,3,0.0033333333333333335
8112,candidate_2,candidate_1,candidate_3,3,0.0033333333333333335
8113,candidate_2,candidate_1,candidate_3,3,0.0033333333333333335
8114,candidate_2,candidate_1,candidate_3,3,0.0033333333333333335
8115,candidate_2,candidate_1,candidate_3,3,0.0033333333333333335
8116,candidate_2,candidate_1,candidate_3,3,0.0033333333333333335
8117,candidate_2,candidate_1,candidate_3,3,0.0033333333333333335
8118,candidate_2,candidate_1,candidate_3,3,0.0033333333333333335
8119,candidate_2,candidate_1,candidate_3,3,0.0033333333333333335
8120,candidate_2,candidate_1,candidate_3,3,0.0033333333333333335
8121,candidate_2,candidate_1,candidate_3,3,0.0033333333333333335
8122,candidate_2,candidate_1,candidate_3,3,0.0033333333333333335
8123,candidate_2,candidate_1,candidate_3,3,0.0033333333333333335
8124,candidate_2,candidate_1,candidate_3,3,0.0033333333333333335
8125,candidate_2,candidate_1,candidate_3,3,0.0033333333333333335
8126,candidate_2,candidate_1,candidate_3,3,0.0033333333333333335
8127,candidate_2,candidate_1,candidate_3,3,0.0033333333333333335
8128,candidate_2,candidate_1,candidate_3,3,0.0033333333333333335
8129,candidate_2,candidate_1,candidate_3,3,0.0033333333333333335
8130,candidate_2,candidate_1,candidate_3,3,0.0033333333333333335
8131,candidate_2,candidate_1,candidate_3,3,0.0033333333333333335
8132,candidate_2,candidate_1,candidate_3,3,0.0033333333333333335
8133,candidate_2,candidate_1,candidate_3,3,0.0033333333333333335
8134,candidate_2,candidate_1,candidate_3,3,0.0033333333333333335
8135,candidate_2,candidate_1,candidate_3,3,0.0033333333333333335
8136,candidate_2,candidate_1,candidate_3,3,0.0033333333333333335
8137,candidate_2,candidate_1,candidate_3,3,0.0033333333333333335
8138,candidate_2,candidate_1,0,3,0.0033333333333333335
8139,candidate_2,candidate_1,candidate_3,3,0.0033333333333333335
8140,candidate_2,candidate_1,candidate_3,3,0.0033333333333333335
8141,candidate_2,candidate_1,candidate_3,3,0.0033333333333333335
8142,candidate_2,candidate_1,candidate_3,3,0.0033333333333333335
8143,candidate_2,candidate_1,0,3,0.0033333333333333335
8144,candidate_2,candidate_1,candidate_3,3,0.0033333333333333335
8145,candidate_2,candidate_1,candidate_3,3,0.0033333333333333335
8146,candidate_2,candidate_1,candidate_3,3,0.0033333333333333335
8147,candidate_2,candidate_1,candidate_3,3,0.0033333333333333335
8148,candidate_2,candidate_1,candidate_3,3,0.0033333333333333335
8149,candidate_2,candidate_1,candidate_3,3,0.0033333333333333335
8150,candidate_2,candidate_1,candidate_3,3,0.0033333333333333335
8151,candidate_2,candidate_1,candidate_3,3,0.0033333333333333335
8152,candidate_2,candidate_1,candidate_3,3,0.0033333333333333335
8153,candidate_2,candidate_1,candidate_3,3,0.0033333333333333335
8154,candidate_2,candidate_1,candidate_3,3,0.0033333333333333335
8155,candidate_2,candidate_1,candidate_3,3,0.0033333333333333335
8156,candidate_2,candidate_1,candidate_3,3,0.0033333333333333335
8157,candidate_2,candidate_1,candidate_3,3,0.0033333333333333335
8158,candidate_2,candidate_1,candidate_3,3,0.0033333333333333335
8159,candidate_2,candidate_1,candidate_3,3,0.0033333333333333335
8160,candidate_2,candidate_1,candidate_3,3,0.0033333333333333335
8161,candidate_2,candidate_1,candidate_3,3,0.0033333333333333335
8162,candidate_2,candidate_1,candidate_3,3,0.0033333333333333335
8163,candidate_2,0,candidate_3,3,0.0033333333333333335
8164,candidate_2,candidate_1,candidate_3,3,0.0033333333333333335
8165,candidate_2,candidate_1,candidate_3,3,0.0033333333333333335
8166,candidate_2,candidate_1,candidate_3,3,0.0033333333333333335
8167,candidate_2,candidate_1,candidate_3,3,0.0033333333333333335
8168,candidate_2,candidate_1,candidate_3,3,0.0033333333333333335
8169,candidate_2,candidate_1,candidate_3,3,0.0033333333333333335
8170,candidate_2,candidate_1,candidate_3,3,0.0033333333333333335
8171,candidate_2,candidate_1,candidate_3,3,0.0033333333333333335
8172,candidate_2,candidate_1,candidate_3,3,0.0033333333333333335
8173,candidate_2,candidate_1,candidate_3,3,0.0033333333333333335
8174,candidate_2,candidate_1,candidate_3,3,0.0033333333333333335
8175,candidate_2,candidate_1,candidate_3,3,0.0033333333333333335
8176,candidate_2,candidate_1,candidate_3,3,0.0033333333333333335
8177,candidate_2,candidate_1,candidate_3,3,0.0033333333333333335
8178,candidate_2,candidate_1,candidate_3,3,0.0033333333333333335
8179,candidate_2,candidate_1,candidate_3,3,0.0033333333333333335
8180,candidate_2,candidate_1,candidate_3,3,0.0033333333333333335
8181,candidate_2,candidate_1,candidate_3,3,0.0033333333333333335
8182,candidate_2,candidate_1,candidate_3,3,0.0033333333333333335
8183,candidate_2,candidate_1,candidate_3,3,0.0033333333333333335
8184,candidate_2,candidate_1,candidate_3,3,0.0033333333333333335
8185,candidate_2,candidate_1,candidate_3,3,0.0033333333333333335
8186,candidate_2,candidate_1,candidate_3,3,0.0033333333333333335
8187,candidate_2,candidate_1,candidate_3,3,0.0033333333333333335
8188,candidate_2,candidate_1,candidate_3,3,0.0033333333333333335
8189,candidate_2,candidate_1,candidate_3,3,0.0033333333333333335
8190,candidate_2,candidate_1,candidate_3,3,0.0033333333333333335
8191,candidate_2,candidate_1,candidate_3,3,0.0033333333333333335
8192,candidate_2,candidate_1,candidate_3,3,0.0033333333333333335
8193,candidate_2,candidate_1,candidate_3,3,0.0033333333333333335
8194,candidate_2,candidate_1,candidate_3,3,0.0033333333333333335
8195,candidate_2,candidate_1,candidate_3,3,0.0033333333333333335
8196,candidate_2,candidate_1,candidate_3,3,0.0033333333333333335
8197,candidate_2,candidate_1,candidate_3,3,0.0033333333333333335
8198,candidate_2,candidate_1,candidate_3,3,0.0033333333333333335
8199,candidate_2,candidate_1,candidate_3,3,0.0033333333333333335
8200,candidate_2,candidate_1,candidate_3,3,0.0033333333333333335
8201,candidate_2,candidate_1,candidate_3,3,0.0033333333333333335
8202,candidate_2,candidate_1,candidate_3,3,0.0033333333333333335
8203,candidate_2,candidate_1,candidate_3,3,0.0033333333333333335
8204,candidate_2,candidate_1,candidate_3,3,0.0033333333333333335
8205,candidate_2,candidate_1,candidate_3,3,0.0033333333333333335
8206,candidate_2,candidate_1,candidate_3,3,0.0033333333333333335
8207,candidate_2,candidate_1,candidate_3,3,0.0033333333333333335
8208,candidate_2,candidate_1,candidate_3,3,0.0033333333333333335
8209,candidate_2,candidate_1,candidate_3,3,0.0033333333333333335
8210,candidate_2,candidate_1,candidate_3,3,0.0033333333333333335
8211,candidate_2,candidate_1,candidate_3,3,0.0033333333333333335
8212,candidate_2,candidate_1,candidate_3,3,0.0033333333333333335
8213,candidate_2,candidate_1,candidate_3,3,0.0033333333333333335
8214,candidate_2,candidate_1,candidate_3,3,0.0033333333333333335
8215,candidate_2,candidate_1,candidate_3,3,0.0033333333333333335
8216,0,candidate_1,candidate_3,3,0.0033333333333333335
8217,candidate_2,candidate_1,candidate_3,3,0.0033333333333333335
8218,candidate_2,candidate_1,candidate_3,3,0.0033333333333333335
8219,candidate_2,candidate_1,candidate_3,3,0.0033333333333333335
8220,candidate_2,candidate_1,candidate_3,3,0.0033333333333333335
8221,candidate_2,candidate_1,candidate_3,3,0.0033333333333333335
8222,candidate_2,candidate_1,candidate_3,3,0.0033333333333333335
8223,candidate_2,candidate_1,candidate_3,3,0.0033333333333333335
8224,candidate_2,candidate_1,candidate_3,3,0.0033333333333333335
8225,candidate_2,candidate_1,candidate_3,3,0.0033333333333333335
8226,candidate_2,candidate_1,candidate_3,3,0.0033333333333333335
8227,candidate_2,candidate_1,candidate_3,3,0.0033333333333333335
8228,candidate_2,candidate_1,candidate_3,3,0.0033333333333333335
8229,candidate_2,candidate_1,candidate_3,3,0.0033333333333333335
8230,candidate_2,candidate_1,candidate_3,3,0.0033333333333333335
8231,candidate_2,candidate_1,candidate_3,3,0.0033333333333333335
8232,candidate_2,candidate_1,candidate_3,3,0.0033333333333333335
8233,candidate_2,candidate_1,candidate_3,3,0.0033333333333333335
8234,candidate_2,candidate_1,candidate_3,3,0.0033333333333333335
8235,candidate_2,candidate_1,candidate_3,3,0.0033333333333333335
8236,candidate_2,candidate_1,candidate_3,3,0.0033333333333333335
8237,candidate_2,candidate_1,candidate_3,3,0.0033333333333333335
8238,candidate_2,candidate_1,candidate_3,3,0.0033333333333333335
8239,candidate_2,candidate_1,candidate_3,3,0.0033333333333333335
8240,candidate_2,candidate_1,0,3,0.0033333333333333335
8241,candidate_2,candidate_1,candidate_3,3,0.0033333333333333335
8242,candidate_2,candidate_1,candidate_3,3,0.0033333333333333335
8243,candidate_2,candidate_1,candidate_3,3,0.0033333333333333335
8244,candidate_2,candidate_1,candidate_3,3,0.0033333333333333335
8245,candidate_2,candidate_1,candidate_3,3,0.0033333333333333335
8246,candidate_2,candidate_1,candidate_3,3,0.0033333333333333335
8247,candidate_2,candidate_1,candidate_3,3,0.0033333333333333335
8248,candidate_2,candidate_1,candidate_3,3,0.0033333333333333335
8249,candidate_2,candidate_1,candidate_3,3,0.0033333333333333335
8250,candidate_2,candidate_1,candidate_3,3,0.0033333333333333335
8251,candidate_2,candidate_1,candidate_3,3,0.0033333333333333335
8252,candidate_2,candidate_1,candidate_3,3,0.0033333333333333335
8253,candidate_2,candidate_1,candidate_3,3,0.0033333333333333335
8254,candidate_2,candidate_1,candidate_3,3,0.0033333333333333335
8255,candidate_2,candidate_1,candidate_3,3,0.0033333333333333335
8256,candidate_2,candidate_1,candidate_3,3,0.0033333333333333335
8257,candidate_2,candidate_1,candidate_3,3,0.0033333333333333335
8258,candidate_2,candidate_1,candidate_3,3,0.0033333333333333335
8259,candidate_2,candidate_1,candidate_3,3,0.0033333333333333335
8260,candidate_2,candidate_1,candidate_3,3,0.0033333333333333335
8261,candidate_2,candidate_1,candidate_3,3,0.0033333333333333335
8262,candidate_2,candidate_1,candidate_3,3,0.0033333333333333335
8263,candidate_2,candidate_1,candidate_3,3,0.0033333333333333335
8264,candidate_2,candidate_1,candidate_3,3,0.0033333333333333335
8265,candidate_2,candidate_1,candidate_3,3,0.0033333333333333335
8266,candidate_2,candidate_1,candidate_3,3,0.0033333333333333335
8267,candidate_2,candidate_1,candidate_3,3,0.0033333333333333335
8268,candidate_2,candidate_1,candidate_3,3,0.0033333333333333335
8269,candidate_2,candidate_1,candidate_3,3,0.0033333333333333335
8270,candidate_2,candidate_1,candidate_3,3,0.0033333333333333335
8271,candidate_2,candidate_1,candidate_3,3,0.0033333333333333335
8272,candidate_2,candidate_1,candidate_3,3,0.0033333333333333335
8273,candidate_2,candidate_1,candidate_3,3,0.0033333333333333335
8274,candidate_2,candidate_1,candidate_3,3,0.0033333333333333335
8275,candidate_2,candidate_1,candidate_3,3,0.0033333333333333335
8276,candidate_2,candidate_1,candidate_3,3,0.0033333333333333335
8277,candidate_2,candidate_1,candidate_3,3,0.0033333333333333335
8278,candidate_2,candidate_1,candidate_3,3,0.0033333333333333335
8279,candidate_2,candidate_1,candidate_3,3,0.0033333333333333335
8280,candidate_2,candidate_1,candidate_3,3,0.0033333333333333335
8281,candidate_2,candidate_1,candidate_3,3,0.0033333333333333335
8282,candidate_2,candidate_1,candidate_3,3,0.0033333333333333335
8283,candidate_2,candidate_1,candidate_3,3,0.0033333333333333335
8284,candidate_2,candidate_1,candidate_3,3,0.0033333333333333335
8285,0,candidate_1,candidate_3,3,0.0033333333333333335
8286,candidate_2,candidate_1,candidate_3,3,0.0033333333333333335
8287,candidate_2,candidate_1,candidate_3,3,0.0033333333333333335
8288,candidate_2,candidate_1,candidate_3,3,0.0033333333333333335
8289,candidate_2,candidate_1,candidate_3,3,0.0033333333333333335
8290,candidate_2,candidate_1,candidate_3,3,0.0033333333333333335
8291,candidate_2,candidate_1,candidate_3,3,0.0033333333333333335
8292,candidate_2,candidate_1,candidate_3,3,0.0033333333333333335
8293,candidate_2,candidate_1,candidate_3,3,0.0033333333333333335
8294,candidate_2,candidate_1,candidate_3,3,0.0033333333333333335
8295,candidate_2,candidate_1,candidate_3,3,0.0033333333333333335
8296,candidate_2,candidate_1,candidate_3,3,0.0033333333333333335
8297,candidate_2,candidate_1,candidate_3,3,0.0033333333333333335
8298,candidate_2,candidate_1,candidate_3,3,0.0033333333333333335
8299,candidate_2,candidate_1,candidate_3,3,0.0033333333333333335
8300,candidate_2,candidate_1,candidate_3,3,0.0033333333333333335
8301,candidate_2,candidate_1,candidate_3,3,0.0033333333333333335
8302,candidate_2,candidate_1,candidate_3,3,0.0033333333333333335
8303,candidate_2,candidate_1,candidate_3,3,0.0033333333333333335
8304,candidate_2,candidate_1,candidate_3,3,0.0033333333333333335
8305,candidate_2,candidate_1,candidate_3,3,0.0033333333333333335
8306,candidate_2,candidate_1,candidate_3,3,0.0033333333333333335
8307,candidate_2,candidate_1,candidate_3,3,0.0033333333333333335
8308,candidate_2,candidate_1,candidate_3,3,0.0033333333333333335
8309,candidate_2,candidate_1,candidate_3,3,0.0033333333333333335
8310,candidate_2,candidate_1,candidate_3,3,0.0033333333333333335
8311,candidate_2,candidate_1,candidate_3,3,0.0033333333333333335
8312,candidate_2,candidate_1,candidate_3,3,0.0033333333333333335
8313,candidate_2,candidate_1,candidate_3,3,0.0033333333333333335
8314,candidate_2,candidate_1,candidate_3,3,0.0033333333333333335
8315,candidate_2,candidate_1,candidate_3,3,0.0033333333333333335
8316,candidate_2,candidate_1,candidate_3,3,0.0033333333333333335
8317,candidate_2,candidate_1,candidate_3,3,0.0033333333333333335
8318,candidate_2,candidate_1,candidate_3,3,0.0033333333333333335
8319,candidate_2,candidate_1,candidate_3,3,0.0033333333333333335
8320,candidate_2,candidate_1,candidate_3,3,0.0033333333333333335
8321,candidate_2,candidate_1,0,3,0.0033333333333333335
8322,candidate_2,candidate_1,candidate_3,3,0.0033333333333333335
8323,candidate_2,candidate_1,candidate_3,3,0.0033333333333333335
8324,candidate_2,candidate_1,candidate_3,3,0.0033333333333333335
8325,candidate_2,candidate_1,candidate_3,3,0.0033333333333333335
8326,candidate_2,candidate_1,candidate_3,3,0.0033333333333333335
8327,candidate_2,candidate_1,candidate_3,3,0.0033333333333333335
8328,candidate_2,candidate_1,candidate_3,3,0.0033333333333333335
8329,candidate_2,candidate_1,candidate_3,3,0.0033333333333333335
8330,candidate_2,candidate_1,candidate_3,3,0.0033333333333333335
8331,candidate_2,candidate_1,candidate_3,3,0.0033333333333333335
8332,candidate_2,candidate_1,candidate_3,3,0.0033333333333333335
8333,candidate_2,candidate_1,candidate_3,3,0.0033333333333333335
8334,candidate_2,candidate_1,candidate_3,3,0.0033333333333333335
8335,candidate_2,candidate_1,candidate_3,3,0.0033333333333333335
8336,candidate_2,candidate_1,candidate_3,3,0.0033333333333333335
8337,candidate_2,candidate_1,candidate_3,3,0.0033333333333333335
8338,candidate_2,candidate_1,candidate_3,3,0.0033333333333333335
8339,candidate_2,candidate_1,candidate_3,3,0.0033333333333333335
8340,candidate_2,candidate_1,candidate_3,3,0.0033333333333333335
8341,candidate_2,candidate_1,candidate_3,3,0.0033333333333333335
8342,candidate_2,candidate_1,candidate_3,3,0.0033333333333333335
8343,candidate_2,candidate_1,candidate_3,3,0.0033333333333333335
8344,candidate_2,candidate_1,candidate_3,3,0.0033333333333333335
8345,candidate_2,candidate_1,candidate_3,3,0.0033333333333333335
8346,candidate_2,candidate_1,candidate_3,3,0.0033333333333333335
8347,candidate_2,candidate_1,candidate_3,3,0.0033333333333333335
8348,candidate_2,candidate_1,candidate_3,3,0.0033333333333333335
8349,candidate_2,candidate_1,candidate_3,3,0.0033333333333333335
8350,candidate_2,candidate_1,candidate_3,3,0.0033333333333333335
8351,candidate_2,candidate_1,candidate_3,3,0.0033333333333333335
8352,candidate_2,candidate_1,candidate_3,3,0.0033333333333333335
8353,candidate_2,candidate_1,candidate_3,3,0.0033333333333333335
8354,candidate_2,candidate_1,candidate_3,3,0.0033333333333333335
8355,candidate_2,candidate_1,candidate_3,3,0.0033333333333333335
8356,candidate_2,candidate_1,candidate_3,3,0.0033333333333333335
8357,candidate_2,candidate_1,candidate_3,3,0.0033333333333333335
8358,candidate_2,candidate_1,candidate_3,3,0.0033333333333333335
8359,candidate_2,candidate_1,candidate_3,3,0.0033333333333333335
8360,candidate_2,candidate_1,candidate_3,3,0.0033333333333333335
8361,candidate_2,candidate_1,candidate_3,3,0.0033333333333333335
8362,candidate_2,candidate_1,candidate_3,3,0.0033333333333333335
8363,candidate_2,candidate_1,candidate_3,3,0.0033333333333333335
8364,candidate_2,candidate_1,candidate_3,3,0.0033333333333333335
8365,candidate_2,candidate_1,candidate_3,3,0.0033333333333333335
8366,candidate_2,candidate_1,candidate_3,3,0.0033333333333333335
8367,candidate_2,candidate_1,candidate_3,3,0.0033333333333333335
8368,candidate_2,candidate_1,candidate_3,3,0.0033333333333333335
8369,candidate_2,candidate_1,candidate_3,3,0.0033333333333333335
8370,candidate_2,candidate_1,candidate_3,3,0.0033333333333333335
8371,candidate_2,candidate_1,candidate_3,3,0.0033333333333333335
8372,candidate_2,candidate_1,candidate_3,3,0.0033333333333333335
8373,candidate_2,candidate_1,candidate_3,3,0.0033333333333333335
8374,candidate_2,candidate_1,candidate_3,3,0.0033333333333333335
8375,candidate_2,candidate_1,candidate_3,3,0.0033333333333333335
8376,candidate_2,candidate_1,candidate_3,3,0.0033333333333333335
8377,candidate_2,candidate_1,candidate_3,3,0.0033333333333333335
8378,candidate_2,candidate_1,candidate_3,3,0.0033333333333333335
8379,candidate_2,candidate_1,candidate_3,3,0.0033333333333333335
8380,candidate_2,candidate_1,candidate_3,3,0.0033333333333333335
8381,candidate_2,candidate_1,candidate_3,3,0.0033333333333333335
8382,candidate_2,candidate_1,candidate_3,3,0.0033333333333333335
8383,candidate_2,candidate_1,candidate_3,3,0.0033333333333333335
8384,candidate_2,candidate_1,candidate_3,3,0.0033333333333333335
8385,candidate_2,candidate_1,candidate_3,3,0.0033333333333333335
8386,candidate_2,candidate_1,candidate_3,3,0.0033333333333333335
8387,candidate_2,candidate_1,candidate_3,3,0.0033333333333333335
8388,candidate_2,candidate_1,candidate_3,3,0.0033333333333333335
8389,candidate_2,candidate_1,candidate_3,3,0.0033333333333333335
8390,candidate_2,candidate_1,candidate_3,3,0.0033333333333333335
8391,candidate_2,candidate_1,candidate_3,3,0.0033333333333333335
8392,candidate_2,candidate_1,candidate_3,3,0.0033333333333333335
8393,candidate_2,candidate_1,candidate_3,3,0.0033333333333333335
8394,candidate_2,candidate_1,candidate_3,3,0.0033333333333333335
8395,candidate_2,candidate_1,candidate_3,3,0.0033333333333333335
8396,candidate_2,candidate_1,candidate_3,3,0.0033333333333333335
8397,candidate_2,candidate_1,candidate_3,3,0.0033333333333333335
8398,candidate_2,candidate_1,candidate_3,3,0.0033333333333333335
8399,candidate_2,candidate_1,candidate_3,3,0.0033333333333333335
8400,candidate_2,candidate_1,candidate_3,3,0.0033333333333333335
8401,candidate_2,candidate_1,candidate_3,3,0.0033333333333333335
8402,candidate_2,candidate_1,candidate_3,3,0.0033333333333333335
8403,candidate_2,candidate_1,candidate_3,3,0.0033333333333333335
8404,candidate_2,candidate_1,candidate_3,3,0.0033333333333333335
8405,candidate_2,candidate_1,candidate_3,3,0.0033333333333333335
8406,candidate_2,candidate_1,candidate_3,3,0.0033333333333333335
8407,candidate_2,candidate_1,candidate_3,3,0.0033333333333333335
8408,candidate_2,candidate_1,candidate_3,3,0.0033333333333333335
8409,candidate_2,candidate_1,candidate_3,3,0.0033333333333333335
8410,candidate_2,candidate_1,candidate_3,3,0.0033333333333333335
8411,candidate_2,candidate_1,candidate_3,3,0.0033333333333333335
8412,candidate_2,candidate_1,candidate_3,3,0.0033333333333333335
8413,candidate_2,candidate_1,candidate_3,3,0.0033333333333333335
8414,candidate_2,candidate_1,candidate_3,3,0.0033333333333333335
8415,candidate_2,candidate_1,candidate_3,3,0.0033333333333333335
8416,candidate_2,candidate_1,candidate_3,3,0.0033333333333333335
8417,candidate_2,candidate_1,candidate_3,3,0.0033333333333333335
8418,candidate_2,candidate_1,candidate_3,3,0.0033333333333333335
8419,candidate_2,candidate_1,candidate_3,3,0.0033333333333333335
8420,candidate_2,candidate_1,candidate_3,3,0.0033333333333333335
8421,candidate_2,candidate_1,candidate_3,3,0.0033333333333333335
8422,candidate_2,candidate_1,candidate_3,3,0.0033333333333333335
8423,candidate_2,candidate_1,candidate_3,3,0.0033333333333333335
8424,candidate_2,candidate_1,candidate_3,3,0.0033333333333333335
8425,candidate_2,candidate_1,candidate_3,3,0.0033333333333333335
8426,candidate_2,candidate_1,candidate_3,3,0.0033333333333333335
8427,candidate_2,candidate_1,candidate_3,3,0.0033333333333333335
8428,candidate_2,candidate_1,candidate_3,3,0.0033333333333333335
8429,candidate_2,candidate_1,candidate_3,3,0.0033333333333333335
8430,candidate_2,candidate_1,candidate_3,3,0.0033333333333333335
8431,candidate_2,candidate_1,candidate_3,3,0.0033333333333333335
8432,candidate_2,candidate_1,candidate_3,3,0.0033333333333333335
8433,candidate_2,candidate_1,candidate_3,3,0.0033333333333333335
8434,candidate_2,candidate_1,candidate_3,3,0.0033333333333333335
8435,candidate_2,candidate_1,candidate_3,3,0.0033333333333333335
8436,candidate_2,candidate_1,candidate_3,3,0.0033333333333333335
8437,candidate_2,candidate_1,candidate_3,3,0.0033333333333333335
8438,candidate_2,candidate_1,candidate_3,3,0.0033333333333333335
8439,candidate_2,candidate_1,candidate_3,3,0.0033333333333333335
8440,candidate_2,candidate_1,candidate_3,3,0.0033333333333333335
8441,candidate_2,candidate_1,candidate_3,3,0.0033333333333333335
8442,candidate_2,candidate_1,candidate_3,3,0.0033333333333333335
8443,candidate_2,candidate_1,candidate_3,3,0.0033333333333333335
8444,candidate_2,candidate_1,candidate_3,3,0.0033333333333333335
8445,candidate_2,candidate_1,candidate_3,3,0.0033333333333333335
8446,candidate_2,candidate_1,candidate_3,3,0.0033333333333333335
8447,candidate_2,candidate_1,candidate_3,3,0.0033333333333333335
8448,candidate_2,candidate_1,candidate_3,3,0.0033333333333333335
8449,candidate_2,candidate_1,candidate_3,3,0.0033333333333333335
8450,candidate_2,candidate_1,candidate_3,3,0.0033333333333333335
8451,candidate_2,candidate_1,candidate_3,3,0.0033333333333333335
8452,candidate_2,candidate_1,candidate_3,3,0.0033333333333333335
8453,candidate_2,candidate_1,candidate_3,3,0.0033333333333333335
8454,candidate_2,candidate_1,candidate_3,3,0.0033333333333333335
8455,candidate_2,candidate_1,candidate_3,3,0.0033333333333333335
8456,candidate_2,candidate_1,candidate_3,3,0.0033333333333333335
8457,candidate_2,candidate_1,candidate_3,3,0.0033333333333333335
8458,candidate_2,candidate_1,candidate_3,3,0.0033333333333333335
8459,candidate_2,candidate_1,candidate_3,3,0.0033333333333333335
8460,candidate_2,candidate_1,candidate_3,3,0.0033333333333333335
8461,candidate_2,candidate_1,candidate_3,3,0.0033333333333333335
8462,candidate_2,candidate_1,candidate_3,3,0.0033333333333333335
8463,candidate_2,candidate_1,candidate_3,3,0.0033333333333333335
8464,candidate_2,candidate_1,candidate_3,3,0.0033333333333333335
8465,candidate_2,candidate_1,candidate_3,3,0.0033333333333333335
8466,candidate_2,candidate_1,candidate_3,3,0.0033333333333333335
8467,candidate_2,candidate_1,candidate_3,3,0.0033333333333333335
8468,candidate_2,candidate_1,candidate_3,3,0.0033333333333333335
8469,candidate_2,candidate_1,candidate_3,3,0.0033333333333333335
8470,candidate_2,candidate_1,candidate_3,3,0.0033333333333333335
8471,candidate_2,candidate_1,candidate_3,3,0.0033333333333333335
8472,candidate_2,candidate_1,candidate_3,3,0.0033333333333333335
8473,candidate_2,candidate_1,candidate_3,3,0.0033333333333333335
8474,candidate_2,candidate_1,candidate_3,3,0.0033333333333333335
8475,candidate_2,candidate_1,candidate_3,3,0.0033333333333333335
8476,candidate_2,candidate_1,candidate_3,3,0.0033333333333333335
8477,candidate_2,candidate_1,candidate_3,3,0.0033333333333333335
8478,candidate_2,candidate_1,candidate_3,3,0.0033333333333333335
8479,candidate_2,candidate_1,candidate_3,3,0.0033333333333333335
8480,candidate_2,candidate_1,candidate_3,3,0.0033333333333333335
8481,candidate_2,candidate_1,candidate_3,3,0.0033333333333333335
8482,candidate_2,candidate_1,candidate_3,3,0.0033333333333333335
8483,candidate_2,candidate_1,candidate_3,3,0.0033333333333333335
8484,candidate_2,candidate_1,candidate_3,3,0.0033333333333333335
8485,candidate_2,candidate_1,candidate_3,3,0.0033333333333333335
0,candidate_2,candidate_3,candidate_1,3,0.0033333333333333335
1,candidate_2,candidate_3,candidate_1,3,0.0033333333333333335
2,candidate_2,candidate_3,candidate_1,3,0.0033333333333333335
3,candidate_2,candidate_3,candidate_1,3,0.0033333333333333335
4,0,candidate_3,candidate_1,3,0.0033333333333333335
5,candidate_2,candidate_3,candidate_1,3,0.0033333333333333335
6,candidate_2,candidate_3,candidate_1,3,0.0033333333333333335
7,candidate_2,candidate_3,candidate_1,3,0.0033333333333333335
8,candidate_2,candidate_3,candidate_1,3,0.0033333333333333335
9,candidate_2,candidate_3,candidate_1,3,0.0033333333333333335
10,candidate_2,candidate_3,candidate_1,3,0.0033333333333333335
11,candidate_2,candidate_3,candidate_1,3,0.0033333333333333335
12,candidate_2,candidate_3,candidate_1,3,0.0033333333333333335
13,candidate_2,candidate_3,candidate_1,3,0.0033333333333333335
14,candidate_2,candidate_3,candidate_1,3,0.0033333333333333335
15,candidate_2,candidate_3,candidate_1,3,0.0033333333333333335
16,candidate_2,candidate_3,candidate_1,3,0.0033333333333333335
17,candidate_2,candidate_3,candidate_1,3,0.0033333333333333335
18,candidate_2,candidate_3,candidate_1,3,0.0033333333333333335
19,candidate_2,candidate_3,candidate_1,3,0.0033333333333333335
20,candidate_2,candidate_3,candidate_1,3,0.0033333333333333335
21,candidate_2,candidate_3,candidate_1,3,0.0033333333333333335
22,candidate_2,candidate_3,candidate_1,3,0.0033333333333333335
23,candidate_2,candidate_3,candidate_1,3,0.0033333333333333335
24,candidate_2,candidate_3,candidate_1,3,0.0033333333333333335
25,candidate_2,candidate_3,candidate_1,3,0.0033333333333333335
26,candidate_2,candidate_3,candidate_1,3,0.0033333333333333335
27,candidate_2,candidate_3,candidate_1,3,0.0033333333333333335
28,candidate_2,candidate_3,candidate_1,3,0.0033333333333333335
29,candidate_2,candidate_3,candidate_1,3,0.0033333333333333335
30,candidate_2,candidate_3,candidate_1,3,0.0033333333333333335
31,candidate_2,candidate_3,candidate_1,3,0.0033333333333333335
32,candidate_2,candidate_3,candidate_1,3,0.0033333333333333335
33,candidate_2,candidate_3,candidate_1,3,0.0033333333333333335
34,candidate_2,candidate_3,candidate_1,3,0.0033333333333333335
35,candidate_2,candidate_3,candidate_1,3,0.0033333333333333335
36,candidate_2,candidate_3,candidate_1,3,0.0033333333333333335
37,candidate_2,candidate_3,candidate_1,3,0.0033333333333333335
38,candidate_2,candidate_3,candidate_1,3,0.0033333333333333335
39,candidate_2,candidate_3,candidate_1,3,0.0033333333333333335
40,candidate_2,candidate_3,candidate_1,3,0.0033333333333333335
41,candidate_2,candidate_3,candidate_1,3,0.0033333333333333335
42,candidate_2,candidate_3,candidate_1,3,0.0033333333333333335
43,candidate_2,candidate_3,candidate_1,3,0.0033333333333333335
44,candidate_2,candidate_3,candidate_1,3,0.0033333333333333335
45,candidate_2,candidate_3,candidate_1,3,0.0033333333333333335
46,candidate_2,candidate_3,candidate_1,3,0.0033333333333333335
47,candidate_2,candidate_3,candidate_1,3,0.0033333333333333335
48,candidate_2,candidate_3,candidate_1,3,0.0033333333333333335
49,candidate_2,candidate_3,candidate_1,3,0.0033333333333333335
50,candidate_2,candidate_3,candidate_1,3,0.0033333333333333335
51,candidate_2,candidate_3,candidate_1,3,0.0033333333333333335
52,candidate_2,candidate_3,candidate_1,3,0.0033333333333333335
53,candidate_2,candidate_3,candidate_1,3,0.0033333333333333335
54,candidate_2,candidate_3,candidate_1,3,0.0033333333333333335
55,candidate_2,candidate_3,candidate_1,3,0.0033333333333333335
56,candidate_2,candidate_3,candidate_1,3,0.0033333333333333335
57,candidate_2,candidate_3,candidate_1,3,0.0033333333333333335
58,candidate_2,candidate_3,candidate_1,3,0.0033333333333333335
59,candidate_2,candidate_3,candidate_1,3,0.0033333333333333335
60,candidate_2,candidate_3,candidate_1,3,0.0033333333333333335
61,candidate_2,candidate_3,candidate_1,3,0.0033333333333333335
62,candidate_2,candidate_3,candidate_1,3,0.0033333333333333335
63,candidate_2,candidate_3,candidate_1,3,0.0033333333333333335
64,candidate_2,candidate_3,candidate_1,3,0.0033333333333333335
65,candidate_2,candidate_3,candidate_1,3,0.0033333333333333335
66,candidate_2,candidate_3,candidate_1,3,0.0033333333333333335
67,candidate_2,candidate_3,candidate_1,3,0.0033333333333333335
68,candidate_2,candidate_3,candidate_1,3,0.0033333333333333335
69,candidate_2,candidate_3,candidate_1,3,0.0033333333333333335
70,candidate_2,candidate_3,candidate_1,3,0.0033333333333333335
71,candidate_2,candidate_3,candidate_1,3,0.0033333333333333335
72,candidate_2,candidate_3,candidate_1,3,0.0033333333333333335
73,candidate_2,candidate_3,candidate_1,3,0.0033333333333333335
74,candidate_2,candidate_3,candidate_1,3,0.0033333333333333335
75,candidate_2,candidate_3,candidate_1,3,0.0033333333333333335
76,candidate_2,candidate_3,candidate_1,3,0.0033333333333333335
77,candidate_2,candidate_3,candidate_1,3,0.0033333333333333335
78,candidate_2,candidate_3,candidate_1,3,0.0033333333333333335
79,candidate_2,candidate_3,candidate_1,3,0.0033333333333333335
80,candidate_2,candidate_3,candidate_1,3,0.0033333333333333335
81,candidate_2,candidate_3,candidate_1,3,0.0033333333333333335
82,candidate_2,candidate_3,candidate_1,3,0.0033333333333333335
83,candidate_2,candidate_3,candidate_1,3,0.0033333333333333335
84,candidate_2,candidate_3,candidate_1,3,0.0033333333333333335
85,candidate_2,candidate_3,candidate_1,3,0.0033333333333333335
86,candidate_2,candidate_3,candidate_1,3,0.0033333333333333335
87,candidate_2,candidate_3,candidate_1,3,0.0033333333333333335
88,candidate_2,candidate_3,candidate_1,3,0.0033333333333333335
89,candidate_2,candidate_3,candidate_1,3,0.0033333333333333335
90,candidate_2,candidate_3,candidate_1,3,0.0033333333333333335
91,candidate_2,candidate_3,candidate_1,3,0.0033333333333333335
92,candidate_2,candidate_3,candidate_1,3,0.0033333333333333335
93,candidate_2,candidate_3,candidate_1,3,0.0033333333333333335
94,candidate_2,candidate_3,candidate_1,3,0.0033333333333333335
95,candidate_2,candidate_3,candidate_1,3,0.0033333333333333335
96,candidate_2,candidate_3,candidate_1,3,0.0033333333333333335
97,candidate_2,candidate_3,candidate_1,3,0.0033333333333333335
98,candidate_2,candidate_3,candidate_1,3,0.0033333333333333335
99,candidate_2,candidate_3,candidate_1,3,0.0033333333333333335
100,candidate_2,candidate_3,candidate_1,3,0.0033333333333333335
101,candidate_2,candidate_3,candidate_1,3,0.0033333333333333335
102,candidate_2,candidate_3,candidate_1,3,0.0033333333333333335
103,candidate_2,candidate_3,candidate_1,3,0.0033333333333333335
104,candidate_2,candidate_3,candidate_1,3,0.0033333333333333335
105,candidate_2,candidate_3,candidate_1,3,0.0033333333333333335
106,candidate_2,candidate_3,candidate_1,3,0.0033333333333333335
107,candidate_2,candidate_3,candidate_1,3,0.0033333333333333335
108,candidate_2,candidate_3,candidate_1,3,0.0033333333333333335
109,candidate_2,candidate_3,candidate_1,3,0.0033333333333333335
110,candidate_2,candidate_3,candidate_1,3,0.0033333333333333335
111,candidate_2,candidate_3,candidate_1,3,0.0033333333333333335
112,candidate_2,candidate_3,candidate_1,3,0.0033333333333333335
113,candidate_2,candidate_3,candidate_1,3,0.0033333333333333335
114,candidate_2,candidate_3,candidate_1,3,0.0033333333333333335
115,candidate_2,candidate_3,0,3,0.0033333333333333335
116,candidate_2,candidate_3,candidate_1,3,0.0033333333333333335
117,candidate_2,candidate_3,candidate_1,3,0.0033333333333333335
118,candidate_2,candidate_3,candidate_1,3,0.0033333333333333335
119,candidate_2,candidate_3,candidate_1,3,0.0033333333333333335
120,candidate_2,candidate_3,candidate_1,3,0.0033333333333333335
121,candidate_2,candidate_3,candidate_1,3,0.0033333333333333335
122,candidate_2,candidate_3,candidate_1,3,0.0033333333333333335
123,candidate_2,candidate_3,candidate_1,3,0.0033333333333333335
124,candidate_2,candidate_3,candidate_1,3,0.0033333333333333335
125,candidate_2,candidate_3,candidate_1,3,0.0033333333333333335
126,candidate_2,candidate_3,candidate_1,3,0.0033333333333333335
127,candidate_2,candidate_3,candidate_1,3,0.0033333333333333335
128,candidate_2,candidate_3,candidate_1,3,0.0033333333333333335
129,candidate_2,candidate_3,candidate_1,3,0.0033333333333333335
130,candidate_2,candidate_3,candidate_1,3,0.0033333333333333335
131,candidate_2,candidate_3,candidate_1,3,0.0033333333333333335
132,candidate_2,candidate_3,candidate_1,3,0.0033333333333333335
133,candidate_2,candidate_3,candidate_1,3,0.0033333333333333335
134,candidate_2,candidate_3,candidate_1,3,0.0033333333333333335
135,candidate_2,candidate_3,candidate_1,3,0.0033333333333333335
136,candidate_2,candidate_3,candidate_1,3,0.0033333333333333335
137,candidate_2,candidate_3,candidate_1,3,0.0033333333333333335
138,candidate_2,candidate_3,candidate_1,3,0.0033333333333333335
139,candidate_2,candidate_3,candidate_1,3,0.0033333333333333335
140,candidate_2,candidate_3,candidate_1,3,0.0033333333333333335
141,candidate_2,candidate_3,candidate_1,3,0.0033333333333333335
142,candidate_2,candidate_3,candidate_1,3,0.0033333333333333335
143,candidate_2,candidate_3,candidate_1,3,0.0033333333333333335
144,candidate_2,candidate_3,candidate_1,3,0.0033333333333333335
145,candidate_2,candidate_3,candidate_1,3,0.0033333333333333335
146,candidate_2,candidate_3,candidate_1,3,0.0033333333333333335
147,candidate_2,candidate_3,candidate_1,3,0.0033333333333333335
148,candidate_2,candidate_3,candidate_1,3,0.0033333333333333335
149,candidate_2,candidate_3,candidate_1,3,0.0033333333333333335
150,candidate_2,candidate_3,candidate_1,3,0.0033333333333333335
151,candidate_2,candidate_3,candidate_1,3,0.0033333333333333335
152,candidate_2,candidate_3,candidate_1,3,0.0033333333333333335
153,candidate_2,candidate_3,candidate_1,3,0.0033333333333333335
154,0,candidate_3,candidate_1,3,0.0033333333333333335
155,candidate_2,candidate_3,candidate_1,3,0.0033333333333333335
156,candidate_2,candidate_3,candidate_1,3,0.0033333333333333335
157,candidate_2,candidate_3,candidate_1,3,0.0033333333333333335
158,candidate_2,candidate_3,candidate_1,3,0.0033333333333333335
159,candidate_2,candidate_3,candidate_1,3,0.0033333333333333335
160,candidate_2,candidate_3,candidate_1,3,0.0033333333333333335
161,candidate_2,candidate_3,candidate_1,3,0.0033333333333333335
162,candidate_2,candidate_3,candidate_1,3,0.0033333333333333335
163,candidate_2,candidate_3,candidate_1,3,0.0033333333333333335
164,candidate_2,candidate_3,candidate_1,3,0.0033333333333333335
165,candidate_2,candidate_3,candidate_1,3,0.0033333333333333335
166,candidate_2,candidate_3,candidate_1,3,0.0033333333333333335
167,candidate_2,candidate_3,candidate_1,3,0.0033333333333333335
168,candidate_2,candidate_3,candidate_1,3,0.0033333333333333335
169,candidate_2,candidate_3,candidate_1,3,0.0033333333333333335
170,candidate_2,candidate_3,candidate_1,3,0.0033333333333333335
171,candidate_2,candidate_3,candidate_1,3,0.0033333333333333335
172,candidate_2,candidate_3,candidate_1,3,0.0033333333333333335
173,candidate_2,candidate_3,candidate_1,3,0.0033333333333333335
174,candidate_2,candidate_3,candidate_1,3,0.0033333333333333335
175,candidate_2,candidate_3,candidate_1,3,0.0033333333333333335
176,candidate_2,candidate_3,candidate_1,3,0.0033333333333333335
177,candidate_2,candidate_3,candidate_1,3,0.0033333333333333335
178,candidate_2,candidate_3,candidate_1,3,0.0033333333333333335
179,candidate_2,candidate_3,candidate_1,3,0.0033333333333333335
180,candidate_2,candidate_3,candidate_1,3,0.0033333333333333335
181,candidate_2,candidate_3,candidate_1,3,0.0033333333333333335
182,candidate_2,candidate_3,candidate_1,3,0.0033333333333333335
183,candidate_2,candidate_3,candidate_1,3,0.0033333333333333335
184,candidate_2,candidate_3,candidate_1,3,0.0033333333333333335
185,candidate_2,candidate_3,candidate_1,3,0.0033333333333333335
186,candidate_2,candidate_3,candidate_1,3,0.0033333333333333335
187,candidate_2,candidate_3,candidate_1,3,0.0033333333333333335
188,candidate_2,candidate_3,candidate_1,3,0.0033333333333333335
189,candidate_2,candidate_3,candidate_1,3,0.0033333333333333335
190,candidate_2,candidate_3,candidate_1,3,0.0033333333333333335
191,candidate_2,candidate_3,candidate_1,3,0.0033333333333333335
192,candidate_2,candidate_3,candidate_1,3,0.0033333333333333335
193,candidate_2,candidate_3,candidate_1,3,0.0033333333333333335
194,candidate_2,candidate_3,candidate_1,3,0.0033333333333333335
195,candidate_2,candidate_3,candidate_1,3,0.0033333333333333335
196,candidate_2,candidate_3,candidate_1,3,0.0033333333333333335
197,candidate_2,candidate_3,candidate_1,3,0.0033333333333333335
198,candidate_2,candidate_3,candidate_1,3,0.0033333333333333335
199,candidate_2,candidate_3,candidate_1,3,0.0033333333333333335
200,candidate_2,candidate_3,candidate_1,3,0.0033333333333333335
201,candidate_2,candidate_3,candidate_1,3,0.0033333333333333335
202,candidate_2,0,candidate_1,3,0.0033333333333333335
203,candidate_2,candidate_3,candidate_1,3,0.0033333333333333335
204,candidate_2,candidate_3,candidate_1,3,0.0033333333333333335
205,candidate_2,candidate_3,candidate_1,3,0.0033333333333333335
206,candidate_2,candidate_3,candidate_1,3,0.0033333333333333335
207,candidate_2,candidate_3,candidate_1,3,0.0033333333333333335
208,candidate_2,candidate_3,candidate_1,3,0.0033333333333333335
209,candidate_2,candidate_3,candidate_1,3,0.0033333333333333335
210,candidate_2,candidate_3,candidate_1,3,0.0033333333333333335
211,candidate_2,candidate_3,candidate_1,3,0.0033333333333333335
212,candidate_2,candidate_3,candidate_1,3,0.0033333333333333335
213,candidate_2,candidate_3,candidate_1,3,0.0033333333333333335
214,candidate_2,candidate_3,candidate_1,3,0.0033333333333333335
215,candidate_2,candidate_3,candidate_1,3,0.0033333333333333335
216,candidate_2,candidate_3,candidate_1,3,0.0033333333333333335
217,candidate_2,candidate_3,candidate_1,3,0.0033333333333333335
218,candidate_2,candidate_3,candidate_1,3,0.0033333333333333335
219,candidate_2,candidate_3,candidate_1,3,0.0033333333333333335
220,candidate_2,candidate_3,candidate_1,3,0.0033333333333333335
221,candidate_2,candidate_3,candidate_1,3,0.0033333333333333335
222,candidate_2,candidate_3,candidate_1,3,0.0033333333333333335
223,candidate_2,candidate_3,candidate_1,3,0.0033333333333333335
224,candidate_2,candidate_3,candidate_1,3,0.0033333333333333335
225,candidate_2,candidate_3,candidate_1,3,0.0033333333333333335
226,candidate_2,candidate_3,candidate_1,3,0.0033333333333333335
227,candidate_2,candidate_3,candidate_1,3,0.0033333333333333335
228,candidate_2,candidate_3,candidate_1,3,0.0033333333333333335
229,candidate_2,candidate_3,candidate_1,3,0.0033333333333333335
230,candidate_2,candidate_3,candidate_1,3,0.0033333333333333335
231,candidate_2,candidate_3,candidate_1,3,0.0033333333333333335
232,candidate_2,candidate_3,candidate_1,3,0.0033333333333333335
233,candidate_2,candidate_3,candidate_1,3,0.0033333333333333335
234,candidate_2,candidate_3,candidate_1,3,0.0033333333333333335
235,candidate_2,candidate_3,candidate_1,3,0.0033333333333333335
236,candidate_2,candidate_3,candidate_1,3,0.0033333333333333335
237,candidate_2,candidate_3,candidate_1,3,0.0033333333333333335
238,candidate_2,candidate_3,candidate_1,3,0.0033333333333333335
239,candidate_2,candidate_3,candidate_1,3,0.0033333333333333335
240,candidate_2,candidate_3,candidate_1,3,0.0033333333333333335
241,candidate_2,0,candidate_1,3,0.0033333333333333335
242,candidate_2,candidate_3,candidate_1,3,0.0033333333333333335
243,candidate_2,candidate_3,candidate_1,3,0.0033333333333333335
244,candidate_2,candidate_3,candidate_1,3,0.0033333333333333335
245,candidate_2,candidate_3,candidate_1,3,0.0033333333333333335
246,candidate_2,candidate_3,candidate_1,3,0.0033333333333333335
247,candidate_2,candidate_3,candidate_1,3,0.0033333333333333335
248,candidate_2,candidate_3,candidate_1,3,0.0033333333333333335
249,candidate_2,candidate_3,candidate_1,3,0.0033333333333333335
250,candidate_2,candidate_3,candidate_1,3,0.0033333333333333335
251,candidate_2,candidate_3,candidate_1,3,0.0033333333333333335
252,candidate_2,candidate_3,candidate_1,3,0.0033333333333333335
253,candidate_2,candidate_3,candidate_1,3,0.0033333333333333335
254,candidate_2,candidate_3,candidate_1,3,0.0033333333333333335
255,candidate_2,candidate_3,candidate_1,3,0.0033333333333333335
256,candidate_2,candidate_3,candidate_1,3,0.0033333333333333335
257,candidate_2,candidate_3,candidate_1,3,0.0033333333333333335
258,candidate_2,candidate_3,candidate_1,3,0.0033333333333333335
259,candidate_2,candidate_3,candidate_1,3,0.0033333333333333335
260,candidate_2,candidate_3,candidate_1,3,0.0033333333333333335
261,candidate_2,candidate_3,candidate_1,3,0.0033333333333333335
262,candidate_2,candidate_3,candidate_1,3,0.0033333333333333335
263,candidate_2,candidate_3,candidate_1,3,0.0033333333333333335
264,candidate_2,candidate_3,candidate_1,3,0.0033333333333333335
265,candidate_2,candidate_3,candidate_1,3,0.0033333333333333335
266,candidate_2,candidate_3,candidate_1,3,0.0033333333333333335
267,candidate_2,candidate_3,candidate_1,3,0.0033333333333333335
268,candidate_2,candidate_3,candidate_1,3,0.0033333333333333335
269,candidate_2,candidate_3,candidate_1,3,0.0033333333333333335
270,candidate_2,candidate_3,candidate_1,3,0.0033333333333333335
271,candidate_2,candidate_3,candidate_1,3,0.0033333333333333335
272,candidate_2,candidate_3,candidate_1,3,0.0033333333333333335
273,candidate_2,candidate_3,candidate_1,3,0.0033333333333333335
274,candidate_2,candidate_3,candidate_1,3,0.0033333333333333335
275,candidate_2,candidate_3,candidate_1,3,0.0033333333333333335
276,candidate_2,candidate_3,candidate_1,3,0.0033333333333333335
277,candidate_2,candidate_3,candidate_1,3,0.0033333333333333335
278,candidate_2,candidate_3,candidate_1,3,0.0033333333333333335
279,candidate_2,candidate_3,candidate_1,3,0.0033333333333333335
280,candidate_2,candidate_3,candidate_1,3,0.0033333333333333335
281,candidate_2,candidate_3,candidate_1,3,0.0033333333333333335
282,candidate_2,candidate_3,candidate_1,3,0.0033333333333333335
283,candidate_2,candidate_3,candidate_1,3,0.0033333333333333335
284,candidate_2,candidate_3,candidate_1,3,0.0033333333333333335
285,candidate_2,candidate_3,candidate_1,3,0.0033333333333333335
286,candidate_2,candidate_3,candidate_1,3,0.0033333333333333335
287,candidate_2,candidate_3,candidate_1,3,0.0033333333333333335
288,candidate_2,candidate_3,candidate_1,3,0.0033333333333333335
289,candidate_2,candidate_3,candidate_1,3,0.0033333333333333335
290,candidate_2,candidate_3,candidate_1,3,0.0033333333333333335
291,candidate_2,candidate_3,candidate_1,3,0.0033333333333333335
292,candidate_2,candidate_3,candidate_1,3,0.0033333333333333335
293,candidate_2,candidate_3,candidate_1,3,0.0033333333333333335
294,candidate_2,candidate_3,candidate_1,3,0.0033333333333333335
295,candidate_2,candidate_3,candidate_1,3,0.0033333333333333335
296,candidate_2,candidate_3,candidate_1,3,0.0033333333333333335
297,candidate_2,candidate_3,candidate_1,3,0.0033333333333333335
298,candidate_2,candidate_3,candidate_1,3,0.0033333333333333335
299,candidate_2,candidate_3,candidate_1,3,0.0033333333333333335
300,candidate_2,candidate_3,candidate_1,3,0.0033333333333333335
301,candidate_2,candidate_3,candidate_1,3,0.0033333333333333335
302,candidate_2,candidate_3,candidate_1,3,0.0033333333333333335
303,candidate_2,candidate_3,candidate_1,3,0.0033333333333333335
304,candidate_2,candidate_3,candidate_1,3,0.0033333333333333335
305,candidate_2,candidate_3,candidate_1,3,0.0033333333333333335
306,candidate_2,candidate_3,candidate_1,3,0.0033333333333333335
307,candidate_2,candidate_3,candidate_1,3,0.0033333333333333335
308,candidate_2,candidate_3,candidate_1,3,0.0033333333333333335
309,candidate_2,candidate_3,candidate_1,3,0.0033333333333333335
310,candidate_2,candidate_3,candidate_1,3,0.0033333333333333335
311,candidate_2,candidate_3,candidate_1,3,0.0033333333333333335
312,candidate_2,candidate_3,candidate_1,3,0.0033333333333333335
313,candidate_2,candidate_3,candidate_1,3,0.0033333333333333335
314,candidate_2,candidate_3,candidate_1,3,0.0033333333333333335
315,candidate_2,candidate_3,candidate_1,3,0.0033333333333333335
316,candidate_2,candidate_3,candidate_1,3,0.0033333333333333335
317,candidate_2,candidate_3,candidate_1,3,0.0033333333333333335
318,candidate_2,candidate_3,candidate_1,3,0.0033333333333333335
319,candidate_2,candidate_3,candidate_1,3,0.0033333333333333335
320,candidate_2,candidate_3,candidate_1,3,0.0033333333333333335
321,candidate_2,candidate_3,candidate_1,3,0.0033333333333333335
322,candidate_2,candidate_3,candidate_1,3,0.0033333333333333335
323,candidate_2,candidate_3,candidate_1,3,0.0033333333333333335
324,candidate_2,candidate_3,candidate_1,3,0.0033333333333333335
325,candidate_2,candidate_3,candidate_1,3,0.0033333333333333335
326,candidate_2,candidate_3,candidate_1,3,0.0033333333333333335
327,candidate_2,candidate_3,candidate_1,3,0.0033333333333333335
328,candidate_2,candidate_3,candidate_1,3,0.0033333333333333335
329,candidate_2,candidate_3,candidate_1,3,0.0033333333333333335
330,candidate_2,candidate_3,candidate_1,3,0.0033333333333333335
331,candidate_2,candidate_3,candidate_1,3,0.0033333333333333335
332,candidate_2,candidate_3,candidate_1,3,0.0033333333333333335
333,candidate_2,candidate_3,candidate_1,3,0.0033333333333333335
334,candidate_2,candidate_3,candidate_1,3,0.0033333333333333335
335,candidate_2,candidate_3,candidate_1,3,0.0033333333333333335
336,candidate_2,candidate_3,candidate_1,3,0.0033333333333333335
337,candidate_2,candidate_3,candidate_1,3,0.0033333333333333335
338,candidate_2,candidate_3,candidate_1,3,0.0033333333333333335
339,candidate_2,candidate_3,candidate_1,3,0.0033333333333333335
340,candidate_2,candidate_3,candidate_1,3,0.0033333333333333335
341,candidate_2,candidate_3,candidate_1,3,0.0033333333333333335
342,candidate_2,candidate_3,candidate_1,3,0.0033333333333333335
343,candidate_2,candidate_3,candidate_1,3,0.0033333333333333335
344,candidate_2,candidate_3,candidate_1,3,0.0033333333333333335
345,candidate_2,candidate_3,candidate_1,3,0.0033333333333333335
346,candidate_2,candidate_3,candidate_1,3,0.0033333333333333335
347,candidate_2,candidate_3,candidate_1,3,0.0033333333333333335
348,candidate_2,candidate_3,candidate_1,3,0.0033333333333333335
349,candidate_2,candidate_3,candidate_1,3,0.0033333333333333335
350,candidate_2,candidate_3,candidate_1,3,0.0033333333333333335
351,candidate_2,candidate_3,candidate_1,3,0.0033333333333333335
352,candidate_2,candidate_3,candidate_1,3,0.0033333333333333335
353,candidate_2,candidate_3,candidate_1,3,0.0033333333333333335
354,candidate_2,candidate_3,candidate_1,3,0.0033333333333333335
355,candidate_2,candidate_3,candidate_1,3,0.0033333333333333335
356,candidate_2,candidate_3,candidate_1,3,0.0033333333333333335
357,candidate_2,candidate_3,candidate_1,3,0.0033333333333333335
358,candidate_2,candidate_3,candidate_1,3,0.0033333333333333335
359,candidate_2,candidate_3,candidate_1,3,0.0033333333333333335
360,candidate_2,candidate_3,candidate_1,3,0.0033333333333333335
361,candidate_2,candidate_3,candidate_1,3,0.0033333333333333335
362,candidate_2,candidate_3,candidate_1,3,0.0033333333333333335
363,candidate_2,candidate_3,candidate_1,3,0.0033333333333333335
364,candidate_2,candidate_3,candidate_1,3,0.0033333333333333335
365,candidate_2,candidate_3,candidate_1,3,0.0033333333333333335
366,candidate_2,candidate_3,candidate_1,3,0.0033333333333333335
367,candidate_2,candidate_3,candidate_1,3,0.0033333333333333335
368,candidate_2,candidate_3,candidate_1,3,0.0033333333333333335
369,candidate_2,candidate_3,candidate_1,3,0.0033333333333333335
370,candidate_2,candidate_3,candidate_1,3,0.0033333333333333335
371,candidate_2,candidate_3,candidate_1,3,0.0033333333333333335
372,candidate_2,candidate_3,candidate_1,3,0.0033333333333333335
373,candidate_2,candidate_3,candidate_1,3,0.0033333333333333335
374,candidate_2,candidate_3,candidate_1,3,0.0033333333333333335
375,candidate_2,candidate_3,candidate_1,3,0.0033333333333333335
376,candidate_2,candidate_3,candidate_1,3,0.0033333333333333335
377,candidate_2,candidate_3,candidate_1,3,0.0033333333333333335
378,candidate_2,candidate_3,candidate_1,3,0.0033333333333333335
379,candidate_2,candidate_3,candidate_1,3,0.0033333333333333335
380,candidate_2,candidate_3,candidate_1,3,0.0033333333333333335
381,candidate_2,candidate_3,candidate_1,3,0.0033333333333333335
382,candidate_2,candidate_3,candidate_1,3,0.0033333333333333335
383,candidate_2,candidate_3,candidate_1,3,0.0033333333333333335
384,candidate_2,candidate_3,candidate_1,3,0.0033333333333333335
385,candidate_2,candidate_3,candidate_1,3,0.0033333333333333335
386,candidate_2,candidate_3,candidate_1,3,0.0033333333333333335
387,candidate_2,candidate_3,candidate_1,3,0.0033333333333333335
388,candidate_2,candidate_3,candidate_1,3,0.0033333333333333335
389,candidate_2,candidate_3,candidate_1,3,0.0033333333333333335
390,candidate_2,candidate_3,candidate_1,3,0.0033333333333333335
391,candidate_2,candidate_3,candidate_1,3,0.0033333333333333335
392,candidate_2,candidate_3,candidate_1,3,0.0033333333333333335
393,candidate_2,candidate_3,candidate_1,3,0.0033333333333333335
394,candidate_2,candidate_3,candidate_1,3,0.0033333333333333335
395,candidate_2,candidate_3,candidate_1,3,0.0033333333333333335
396,candidate_2,candidate_3,candidate_1,3,0.0033333333333333335
397,candidate_2,candidate_3,candidate_1,3,0.0033333333333333335
398,candidate_2,candidate_3,candidate_1,3,0.0033333333333333335
399,candidate_2,candidate_3,candidate_1,3,0.0033333333333333335
400,candidate_2,candidate_3,candidate_1,3,0.0033333333333333335
401,candidate_2,candidate_3,candidate_1,3,0.0033333333333333335
402,candidate_2,candidate_3,candidate_1,3,0.0033333333333333335
403,candidate_2,candidate_3,candidate_1,3,0.0033333333333333335
404,candidate_2,candidate_3,candidate_1,3,0.0033333333333333335
405,candidate_2,candidate_3,candidate_1,3,0.0033333333333333335
406,candidate_2,candidate_3,candidate_1,3,0.0033333333333333335
407,candidate_2,candidate_3,candidate_1,3,0.0033333333333333335
408,candidate_2,candidate_3,candidate_1,3,0.0033333333333333335
409,candidate_2,candidate_3,candidate_1,3,0.0033333333333333335
410,candidate_2,candidate_3,candidate_1,3,0.0033333333333333335
411,candidate_2,candidate_3,candidate_1,3,0.0033333333333333335
412,candidate_2,candidate_3,candidate_1,3,0.0033333333333333335
413,candidate_2,candidate_3,candidate_1,3,0.0033333333333333335
414,candidate_2,candidate_3,candidate_1,3,0.0033333333333333335
415,candidate_2,candidate_3,candidate_1,3,0.0033333333333333335
416,candidate_2,candidate_3,candidate_1,3,0.0033333333333333335
417,candidate_2,candidate_3,candidate_1,3,0.0033333333333333335
418,candidate_2,candidate_3,candidate_1,3,0.0033333333333333335
419,candidate_2,candidate_3,candidate_1,3,0.0033333333333333335
420,candidate_2,candidate_3,candidate_1,3,0.0033333333333333335
421,candidate_2,candidate_3,candidate_1,3,0.0033333333333333335
422,candidate_2,candidate_3,candidate_1,3,0.0033333333333333335
423,candidate_2,candidate_3,candidate_1,3,0.0033333333333333335
424,candidate_2,candidate_3,candidate_1,3,0.0033333333333333335
425,candidate_2,candidate_3,candidate_1,3,0.0033333333333333335
426,candidate_2,candidate_3,candidate_1,3,0.0033333333333333335
427,candidate_2,candidate_3,candidate_1,3,0.0033333333333333335
428,candidate_2,candidate_3,candidate_1,3,0.0033333333333333335
429,candidate_2,candidate_3,candidate_1,3,0.0033333333333333335
430,candidate_2,candidate_3,candidate_1,3,0.0033333333333333335
431,candidate_2,candidate_3,candidate_1,3,0.0033333333333333335
432,candidate_2,candidate_3,candidate_1,3,0.0033333333333333335
433,candidate_2,candidate_3,candidate_1,3,0.0033333333333333335
434,candidate_2,candidate_3,candidate_1,3,0.0033333333333333335
435,candidate_2,candidate_3,candidate_1,3,0.0033333333333333335
436,candidate_2,candidate_3,candidate_1,3,0.0033333333333333335
437,candidate_2,candidate_3,candidate_1,3,0.0033333333333333335
438,candidate_2,candidate_3,candidate_1,3,0.0033333333333333335
439,candidate_2,candidate_3,candidate_1,3,0.0033333333333333335
440,candidate_2,candidate_3,candidate_1,3,0.0033333333333333335
441,candidate_2,candidate_3,candidate_1,3,0.0033333333333333335
442,candidate_2,candidate_3,candidate_1,3,0.0033333333333333335
443,candidate_2,candidate_3,candidate_1,3,0.0033333333333333335
444,candidate_2,candidate_3,candidate_1,3,0.0033333333333333335
445,candidate_2,candidate_3,candidate_1,3,0.0033333333333333335
446,candidate_2,candidate_3,candidate_1,3,0.0033333333333333335
447,candidate_2,candidate_3,candidate_1,3,0.0033333333333333335
448,candidate_2,candidate_3,candidate_1,3,0.0033333333333333335
449,candidate_2,candidate_3,candidate_1,3,0.0033333333333333335
450,candidate_2,candidate_3,candidate_1,3,0.0033333333333333335
451,candidate_2,candidate_3,candidate_1,3,0.0033333333333333335
452,candidate_2,candidate_3,candidate_1,3,0.0033333333333333335
453,candidate_2,candidate_3,candidate_1,3,0.0033333333333333335
454,candidate_2,candidate_3,candidate_1,3,0.0033333333333333335
455,candidate_2,candidate_3,candidate_1,3,0.0033333333333333335
456,candidate_2,candidate_3,candidate_1,3,0.0033333333333333335
457,candidate_2,candidate_3,candidate_1,3,0.0033333333333333335
458,candidate_2,candidate_3,candidate_1,3,0.0033333333333333335
459,candidate_2,candidate_3,candidate_1,3,0.0033333333333333335
460,candidate_2,candidate_3,candidate_1,3,0.0033333333333333335
461,candidate_2,candidate_3,candidate_1,3,0.0033333333333333335
462,candidate_2,candidate_3,candidate_1,3,0.0033333333333333335
463,candidate_2,candidate_3,candidate_1,3,0.0033333333333333335
464,candidate_2,candidate_3,candidate_1,3,0.0033333333333333335
465,candidate_2,candidate_3,candidate_1,3,0.0033333333333333335
466,candidate_2,0,candidate_1,3,0.0033333333333333335
467,candidate_2,candidate_3,candidate_1,3,0.0033333333333333335
468,candidate_2,candidate_3,candidate_1,3,0.0033333333333333335
469,candidate_2,candidate_3,candidate_1,3,0.0033333333333333335
470,candidate_2,candidate_3,candidate_1,3,0.0033333333333333335
471,candidate_2,candidate_3,candidate_1,3,0.0033333333333333335
472,candidate_2,candidate_3,candidate_1,3,0.0033333333333333335
473,candidate_2,candidate_3,candidate_1,3,0.0033333333333333335
474,candidate_2,candidate_3,candidate_1,3,0.0033333333333333335
475,candidate_2,candidate_3,candidate_1,3,0.0033333333333333335
476,candidate_2,candidate_3,0,3,0.0033333333333333335
477,candidate_2,candidate_3,candidate_1,3,0.0033333333333333335
478,candidate_2,candidate_3,candidate_1,3,0.0033333333333333335
479,candidate_2,candidate_3,candidate_1,3,0.0033333333333333335
480,candidate_2,candidate_3,candidate_1,3,0.0033333333333333335
481,candidate_2,candidate_3,candidate_1,3,0.0033333333333333335
482,candidate_2,candidate_3,candidate_1,3,0.0033333333333333335
483,candidate_2,candidate_3,candidate_1,3,0.0033333333333333335
484,candidate_2,candidate_3,candidate_1,3,0.0033333333333333335
485,candidate_2,candidate_3,candidate_1,3,0.0033333333333333335
486,candidate_2,candidate_3,candidate_1,3,0.0033333333333333335
487,candidate_2,candidate_3,candidate_1,3,0.0033333333333333335
488,candidate_2,candidate_3,candidate_1,3,0.0033333333333333335
489,candidate_2,candidate_3,candidate_1,3,0.0033333333333333335
490,candidate_2,candidate_3,candidate_1,3,0.0033333333333333335
491,candidate_2,candidate_3,candidate_1,3,0.0033333333333333335
492,candidate_2,candidate_3,candidate_1,3,0.0033333333333333335
493,candidate_2,candidate_3,candidate_1,3,0.0033333333333333335
494,candidate_2,candidate_3,candidate_1,3,0.0033333333333333335
495,candidate_2,candidate_3,candidate_1,3,0.0033333333333333335
496,candidate_2,candidate_3,candidate_1,3,0.0033333333333333335
497,candidate_2,candidate_3,candidate_1,3,0.0033333333333333335
498,candidate_2,candidate_3,candidate_1,3,0.0033333333333333335
499,candidate_2,candidate_3,candidate_1,3,0.0033333333333333335
500,candidate_2,candidate_3,candidate_1,3,0.0033333333333333335
501,candidate_2,candidate_3,candidate_1,3,0.0033333333333333335
502,candidate_2,candidate_3,candidate_1,3,0.0033333333333333335
503,candidate_2,candidate_3,candidate_1,3,0.0033333333333333335
504,candidate_2,candidate_3,candidate_1,3,0.0033333333333333335
505,candidate_2,candidate_3,candidate_1,3,0.0033333333333333335
506,candidate_2,candidate_3,candidate_1,3,0.0033333333333333335
507,candidate_2,candidate_3,candidate_1,3,0.0033333333333333335
508,candidate_2,candidate_3,candidate_1,3,0.0033333333333333335
509,candidate_2,candidate_3,candidate_1,3,0.0033333333333333335
510,candidate_2,candidate_3,candidate_1,3,0.0033333333333333335
511,candidate_2,candidate_3,candidate_1,3,0.0033333333333333335
512,candidate_2,candidate_3,candidate_1,3,0.0033333333333333335
513,candidate_2,candidate_3,candidate_1,3,0.0033333333333333335
514,candidate_2,candidate_3,candidate_1,3,0.0033333333333333335
515,candidate_2,candidate_3,candidate_1,3,0.0033333333333333335
516,candidate_2,candidate_3,candidate_1,3,0.0033333333333333335
517,candidate_2,candidate_3,candidate_1,3,0.0033333333333333335
518,candidate_2,candidate_3,candidate_1,3,0.0033333333333333335
519,candidate_2,candidate_3,candidate_1,3,0.0033333333333333335
520,candidate_2,candidate_3,candidate_1,3,0.0033333333333333335
521,candidate_2,candidate_3,candidate_1,3,0.0033333333333333335
522,candidate_2,candidate_3,candidate_1,3,0.0033333333333333335
523,candidate_2,candidate_3,candidate_1,3,0.0033333333333333335
524,candidate_2,candidate_3,candidate_1,3,0.0033333333333333335
525,candidate_2,candidate_3,candidate_1,3,0.0033333333333333335
526,candidate_2,candidate_3,candidate_1,3,0.0033333333333333335
527,candidate_2,candidate_3,candidate_1,3,0.0033333333333333335
528,candidate_2,candidate_3,candidate_1,3,0.0033333333333333335
529,candidate_2,candidate_3,candidate_1,3,0.0033333333333333335
530,candidate_2,candidate_3,candidate_1,3,0.0033333333333333335
531,candidate_2,candidate_3,candidate_1,3,0.0033333333333333335
532,candidate_2,candidate_3,candidate_1,3,0.0033333333333333335
533,candidate_2,candidate_3,candidate_1,3,0.0033333333333333335
534,candidate_2,candidate_3,candidate_1,3,0.0033333333333333335
535,candidate_2,candidate_3,candidate_1,3,0.0033333333333333335
536,candidate_2,candidate_3,candidate_1,3,0.0033333333333333335
537,candidate_2,candidate_3,candidate_1,3,0.0033333333333333335
538,candidate_2,candidate_3,candidate_1,3,0.0033333333333333335
539,candidate_2,candidate_3,candidate_1,3,0.0033333333333333335
540,candidate_2,candidate_3,candidate_1,3,0.0033333333333333335
541,candidate_2,candidate_3,candidate_1,3,0.0033333333333333335
542,candidate_2,candidate_3,candidate_1,3,0.0033333333333333335
543,candidate_2,candidate_3,candidate_1,3,0.0033333333333333335
544,candidate_2,candidate_3,candidate_1,3,0.0033333333333333335
545,candidate_2,candidate_3,candidate_1,3,0.0033333333333333335
546,candidate_2,candidate_3,candidate_1,3,0.0033333333333333335
547,candidate_2,candidate_3,candidate_1,3,0.0033333333333333335
548,candidate_2,candidate_3,candidate_1,3,0.0033333333333333335
549,candidate_2,candidate_3,candidate_1,3,0.0033333333333333335
550,candidate_2,candidate_3,candidate_1,3,0.0033333333333333335
551,candidate_2,candidate_3,candidate_1,3,0.0033333333333333335
552,candidate_2,candidate_3,candidate_1,3,0.0033333333333333335
553,candidate_2,candidate_3,candidate_1,3,0.0033333333333333335
554,candidate_2,candidate_3,candidate_1,3,0.0033333333333333335
555,candidate_2,candidate_3,candidate_1,3,0.0033333333333333335
556,candidate_2,candidate_3,candidate_1,3,0.0033333333333333335
557,candidate_2,candidate_3,candidate_1,3,0.0033333333333333335
558,candidate_2,candidate_3,candidate_1,3,0.0033333333333333335
559,candidate_2,candidate_3,candidate_1,3,0.0033333333333333335
560,candidate_2,candidate_3,candidate_1,3,0.0033333333333333335
561,candidate_2,candidate_3,candidate_1,3,0.0033333333333333335
562,candidate_2,candidate_3,candidate_1,3,0.0033333333333333335
563,candidate_2,candidate_3,candidate_1,3,0.0033333333333333335
564,candidate_2,candidate_3,candidate_1,3,0.0033333333333333335
565,candidate_2,candidate_3,candidate_1,3,0.0033333333333333335
566,candidate_2,candidate_3,candidate_1,3,0.0033333333333333335
567,candidate_2,candidate_3,candidate_1,3,0.0033333333333333335
568,candidate_2,candidate_3,candidate_1,3,0.0033333333333333335
569,candidate_2,candidate_3,candidate_1,3,0.0033333333333333335
570,candidate_2,candidate_3,candidate_1,3,0.0033333333333333335
571,candidate_2,candidate_3,candidate_1,3,0.0033333333333333335
572,candidate_2,candidate_3,candidate_1,3,0.0033333333333333335
573,candidate_2,candidate_3,candidate_1,3,0.0033333333333333335
574,candidate_2,candidate_3,candidate_1,3,0.0033333333333333335
575,candidate_2,candidate_3,candidate_1,3,0.0033333333333333335
576,candidate_2,candidate_3,candidate_1,3,0.0033333333333333335
577,candidate_2,candidate_3,candidate_1,3,0.0033333333333333335
578,candidate_2,candidate_3,candidate_1,3,0.0033333333333333335
579,candidate_2,candidate_3,candidate_1,3,0.0033333333333333335
580,candidate_2,candidate_3,candidate_1,3,0.0033333333333333335
581,candidate_2,candidate_3,candidate_1,3,0.0033333333333333335
582,candidate_2,candidate_3,candidate_1,3,0.0033333333333333335
583,candidate_2,candidate_3,candidate_1,3,0.0033333333333333335
584,candidate_2,candidate_3,candidate_1,3,0.0033333333333333335
585,candidate_2,candidate_3,candidate_1,3,0.0033333333333333335
586,candidate_2,candidate_3,candidate_1,3,0.0033333333333333335
587,candidate_2,candidate_3,candidate_1,3,0.0033333333333333335
588,candidate_2,candidate_3,candidate_1,3,0.0033333333333333335
589,candidate_2,candidate_3,candidate_1,3,0.0033333333333333335
590,candidate_2,candidate_3,candidate_1,3,0.0033333333333333335
591,candidate_2,candidate_3,candidate_1,3,0.0033333333333333335
592,candidate_2,candidate_3,candidate_1,3,0.0033333333333333335
593,candidate_2,candidate_3,candidate_1,3,0.0033333333333333335
594,candidate_2,candidate_3,candidate_1,3,0.0033333333333333335
595,candidate_2,candidate_3,candidate_1,3,0.0033333333333333335
596,candidate_2,candidate_3,candidate_1,3,0.0033333333333333335
597,candidate_2,candidate_3,candidate_1,3,0.0033333333333333335
598,candidate_2,candidate_3,candidate_1,3,0.0033333333333333335
599,candidate_2,candidate_3,candidate_1,3,0.0033333333333333335
600,candidate_2,candidate_3,candidate_1,3,0.0033333333333333335
601,candidate_2,candidate_3,candidate_1,3,0.0033333333333333335
602,candidate_2,candidate_3,candidate_1,3,0.0033333333333333335
603,candidate_2,candidate_3,candidate_1,3,0.0033333333333333335
604,candidate_2,candidate_3,candidate_1,3,0.0033333333333333335
605,candidate_2,candidate_3,candidate_1,3,0.0033333333333333335
606,candidate_2,candidate_3,candidate_1,3,0.0033333333333333335
607,candidate_2,candidate_3,candidate_1,3,0.0033333333333333335
608,candidate_2,candidate_3,candidate_1,3,0.0033333333333333335
609,candidate_2,candidate_3,candidate_1,3,0.0033333333333333335
610,candidate_2,candidate_3,candidate_1,3,0.0033333333333333335
611,candidate_2,candidate_3,candidate_1,3,0.0033333333333333335
612,candidate_2,candidate_3,candidate_1,3,0.0033333333333333335
613,candidate_2,candidate_3,candidate_1,3,0.0033333333333333335
614,candidate_2,candidate_3,candidate_1,3,0.0033333333333333335
615,candidate_2,candidate_3,candidate_1,3,0.0033333333333333335
616,candidate_2,candidate_3,candidate_1,3,0.0033333333333333335
617,candidate_2,candidate_3,candidate_1,3,0.0033333333333333335
618,candidate_2,candidate_3,candidate_1,3,0.0033333333333333335
619,candidate_2,candidate_3,candidate_1,3,0.0033333333333333335
620,candidate_2,candidate_3,candidate_1,3,0.0033333333333333335
621,candidate_2,0,candidate_1,3,0.0033333333333333335
622,candidate_2,candidate_3,candidate_1,3,0.0033333333333333335
623,candidate_2,candidate_3,candidate_1,3,0.0033333333333333335
624,candidate_2,candidate_3,candidate_1,3,0.0033333333333333335
625,candidate_2,candidate_3,candidate_1,3,0.0033333333333333335
626,candidate_2,candidate_3,candidate_1,3,0.0033333333333333335
627,candidate_2,candidate_3,candidate_1,3,0.0033333333333333335
628,candidate_2,candidate_3,candidate_1,3,0.0033333333333333335
629,candidate_2,candidate_3,candidate_1,3,0.0033333333333333335
630,candidate_2,candidate_3,candidate_1,3,0.0033333333333333335
631,candidate_2,candidate_3,candidate_1,3,0.0033333333333333335
632,candidate_2,candidate_3,candidate_1,3,0.0033333333333333335
633,candidate_2,candidate_3,candidate_1,3,0.0033333333333333335
634,candidate_2,candidate_3,candidate_1,3,0.0033333333333333335
635,candidate_2,candidate_3,candidate_1,3,0.0033333333333333335
636,candidate_2,candidate_3,candidate_1,3,0.0033333333333333335
637,candidate_2,candidate_3,candidate_1,3,0.0033333333333333335
638,candidate_2,candidate_3,candidate_1,3,0.0033333333333333335
639,candidate_2,candidate_3,candidate_1,3,0.0033333333333333335
640,candidate_2,candidate_3,candidate_1,3,0.0033333333333333335
641,candidate_2,candidate_3,candidate_1,3,0.0033333333333333335
642,candidate_2,candidate_3,candidate_1,3,0.0033333333333333335
643,candidate_2,candidate_3,candidate_1,3,0.0033333333333333335
644,candidate_2,candidate_3,candidate_1,3,0.0033333333333333335
645,candidate_2,candidate_3,candidate_1,3,0.0033333333333333335
646,candidate_2,candidate_3,candidate_1,3,0.0033333333333333335
647,candidate_2,candidate_3,candidate_1,3,0.0033333333333333335
648,candidate_2,candidate_3,candidate_1,3,0.0033333333333333335
649,candidate_2,candidate_3,candidate_1,3,0.0033333333333333335
650,candidate_2,candidate_3,candidate_1,3,0.0033333333333333335
651,candidate_2,candidate_3,candidate_1,3,0.0033333333333333335
652,candidate_2,candidate_3,candidate_1,3,0.0033333333333333335
653,candidate_2,candidate_3,candidate_1,3,0.0033333333333333335
654,candidate_2,candidate_3,candidate_1,3,0.0033333333333333335
655,candidate_2,candidate_3,candidate_1,3,0.0033333333333333335
656,candidate_2,candidate_3,candidate_1,3,0.0033333333333333335
657,candidate_2,candidate_3,candidate_1,3,0.0033333333333333335
658,candidate_2,candidate_3,candidate_1,3,0.0033333333333333335
659,candidate_2,candidate_3,candidate_1,3,0.0033333333333333335
660,candidate_2,candidate_3,candidate_1,3,0.0033333333333333335
661,candidate_2,candidate_3,candidate_1,3,0.0033333333333333335
662,candidate_2,candidate_3,candidate_1,3,0.0033333333333333335
663,candidate_2,candidate_3,candidate_1,3,0.0033333333333333335
664,candidate_2,candidate_3,candidate_1,3,0.0033333333333333335
665,candidate_2,candidate_3,candidate_1,3,0.0033333333333333335
666,candidate_2,candidate_3,candidate_1,3,0.0033333333333333335
667,candidate_2,candidate_3,candidate_1,3,0.0033333333333333335
668,candidate_2,candidate_3,candidate_1,3,0.0033333333333333335
669,candidate_2,candidate_3,candidate_1,3,0.0033333333333333335
670,candidate_2,candidate_3,candidate_1,3,0.0033333333333333335
671,candidate_2,candidate_3,candidate_1,3,0.0033333333333333335
672,candidate_2,candidate_3,candidate_1,3,0.0033333333333333335
673,candidate_2,candidate_3,candidate_1,3,0.0033333333333333335
674,candidate_2,candidate_3,candidate_1,3,0.0033333333333333335
675,candidate_2,candidate_3,candidate_1,3,0.0033333333333333335
676,candidate_2,candidate_3,candidate_1,3,0.0033333333333333335
677,candidate_2,candidate_3,candidate_1,3,0.0033333333333333335
678,candidate_2,candidate_3,candidate_1,3,0.0033333333333333335
679,candidate_2,candidate_3,candidate_1,3,0.0033333333333333335
680,candidate_2,candidate_3,candidate_1,3,0.0033333333333333335
681,candidate_2,candidate_3,candidate_1,3,0.0033333333333333335
682,candidate_2,candidate_3,candidate_1,3,0.0033333333333333335
683,candidate_2,candidate_3,candidate_1,3,0.0033333333333333335
684,candidate_2,candidate_3,candidate_1,3,0.0033333333333333335
685,candidate_2,candidate_3,candidate_1,3,0.0033333333333333335
686,candidate_2,candidate_3,candidate_1,3,0.0033333333333333335
687,candidate_2,candidate_3,candidate_1,3,0.0033333333333333335
688,candidate_2,candidate_3,candidate_1,3,0.0033333333333333335
689,candidate_2,candidate_3,candidate_1,3,0.0033333333333333335
690,candidate_2,candidate_3,candidate_1,3,0.0033333333333333335
691,candidate_2,candidate_3,candidate_1,3,0.0033333333333333335
692,candidate_2,candidate_3,candidate_1,3,0.0033333333333333335
693,candidate_2,candidate_3,candidate_1,3,0.0033333333333333335
694,candidate_2,candidate_3,candidate_1,3,0.0033333333333333335
695,candidate_2,candidate_3,candidate_1,3,0.0033333333333333335
696,candidate_2,candidate_3,candidate_1,3,0.0033333333333333335
697,candidate_2,candidate_3,candidate_1,3,0.0033333333333333335
698,candidate_2,candidate_3,candidate_1,3,0.0033333333333333335
699,candidate_2,candidate_3,candidate_1,3,0.0033333333333333335
700,candidate_2,candidate_3,candidate_1,3,0.0033333333333333335
701,candidate_2,candidate_3,candidate_1,3,0.0033333333333333335
702,candidate_2,candidate_3,candidate_1,3,0.0033333333333333335
703,candidate_2,candidate_3,candidate_1,3,0.0033333333333333335
704,candidate_2,candidate_3,candidate_1,3,0.0033333333333333335
705,candidate_2,candidate_3,candidate_1,3,0.0033333333333333335
706,candidate_2,candidate_3,candidate_1,3,0.0033333333333333335
707,candidate_2,candidate_3,candidate_1,3,0.0033333333333333335
708,candidate_2,candidate_3,candidate_1,3,0.0033333333333333335
709,candidate_2,candidate_3,candidate_1,3,0.0033333333333333335
710,candidate_2,candidate_3,candidate_1,3,0.0033333333333333335
711,candidate_2,candidate_3,candidate_1,3,0.0033333333333333335
712,candidate_2,candidate_3,candidate_1,3,0.0033333333333333335
713,candidate_2,candidate_3,candidate_1,3,0.0033333333333333335
714,candidate_2,candidate_3,candidate_1,3,0.0033333333333333335
715,candidate_2,candidate_3,candidate_1,3,0.0033333333333333335
716,candidate_2,candidate_3,candidate_1,3,0.0033333333333333335
717,candidate_2,candidate_3,candidate_1,3,0.0033333333333333335
718,candidate_2,candidate_3,candidate_1,3,0.0033333333333333335
719,candidate_2,candidate_3,candidate_1,3,0.0033333333333333335
720,candidate_2,candidate_3,candidate_1,3,0.0033333333333333335
721,candidate_2,candidate_3,candidate_1,3,0.0033333333333333335
722,candidate_2,candidate_3,candidate_1,3,0.0033333333333333335
723,candidate_2,candidate_3,candidate_1,3,0.0033333333333333335
724,candidate_2,candidate_3,candidate_1,3,0.0033333333333333335
725,candidate_2,candidate_3,candidate_1,3,0.0033333333333333335
726,candidate_2,candidate_3,candidate_1,3,0.0033333333333333335
727,candidate_2,candidate_3,candidate_1,3,0.0033333333333333335
728,candidate_2,candidate_3,candidate_1,3,0.0033333333333333335
729,candidate_2,candidate_3,candidate_1,3,0.0033333333333333335
730,candidate_2,candidate_3,candidate_1,3,0.0033333333333333335
731,candidate_2,candidate_3,candidate_1,3,0.0033333333333333335
732,candidate_2,candidate_3,candidate_1,3,0.0033333333333333335
733,candidate_2,candidate_3,candidate_1,3,0.0033333333333333335
734,candidate_2,candidate_3,candidate_1,3,0.0033333333333333335
735,candidate_2,candidate_3,candidate_1,3,0.0033333333333333335
736,candidate_2,candidate_3,candidate_1,3,0.0033333333333333335
737,candidate_2,candidate_3,candidate_1,3,0.0033333333333333335
738,candidate_2,candidate_3,candidate_1,3,0.0033333333333333335
739,candidate_2,candidate_3,candidate_1,3,0.0033333333333333335
740,candidate_2,candidate_3,candidate_1,3,0.0033333333333333335
741,candidate_2,candidate_3,candidate_1,3,0.0033333333333333335
742,candidate_2,candidate_3,candidate_1,3,0.0033333333333333335
743,candidate_2,candidate_3,candidate_1,3,0.0033333333333333335
744,candidate_2,candidate_3,candidate_1,3,0.0033333333333333335
745,candidate_2,candidate_3,candidate_1,3,0.0033333333333333335
746,candidate_2,candidate_3,candidate_1,3,0.0033333333333333335
747,candidate_2,candidate_3,candidate_1,3,0.0033333333333333335
748,candidate_2,candidate_3,candidate_1,3,0.0033333333333333335
749,candidate_2,candidate_3,candidate_1,3,0.0033333333333333335
750,candidate_2,candidate_3,candidate_1,3,0.0033333333333333335
751,candidate_2,candidate_3,candidate_1,3,0.0033333333333333335
752,candidate_2,candidate_3,candidate_1,3,0.0033333333333333335
753,candidate_2,candidate_3,candidate_1,3,0.0033333333333333335
754,candidate_2,candidate_3,candidate_1,3,0.0033333333333333335
755,candidate_2,candidate_3,candidate_1,3,0.0033333333333333335
756,candidate_2,candidate_3,candidate_1,3,0.0033333333333333335
757,candidate_2,candidate_3,candidate_1,3,0.0033333333333333335
758,candidate_2,candidate_3,candidate_1,3,0.0033333333333333335
759,candidate_2,candidate_3,candidate_1,3,0.0033333333333333335
760,candidate_2,candidate_3,candidate_1,3,0.0033333333333333335
761,candidate_2,candidate_3,candidate_1,3,0.0033333333333333335
762,candidate_2,candidate_3,candidate_1,3,0.0033333333333333335
763,candidate_2,candidate_3,candidate_1,3,0.0033333333333333335
764,candidate_2,candidate_3,candidate_1,3,0.0033333333333333335
765,candidate_2,candidate_3,candidate_1,3,0.0033333333333333335
766,candidate_2,candidate_3,candidate_1,3,0.0033333333333333335
767,candidate_2,candidate_3,candidate_1,3,0.0033333333333333335
768,candidate_2,candidate_3,candidate_1,3,0.0033333333333333335
769,candidate_2,candidate_3,candidate_1,3,0.0033333333333333335
770,candidate_2,candidate_3,candidate_1,3,0.0033333333333333335
771,candidate_2,0,candidate_1,3,0.0033333333333333335
772,candidate_2,candidate_3,candidate_1,3,0.0033333333333333335
773,candidate_2,candidate_3,candidate_1,3,0.0033333333333333335
774,candidate_2,candidate_3,candidate_1,3,0.0033333333333333335
775,candidate_2,candidate_3,candidate_1,3,0.0033333333333333335
776,candidate_2,candidate_3,candidate_1,3,0.0033333333333333335
777,candidate_2,candidate_3,candidate_1,3,0.0033333333333333335
778,candidate_2,candidate_3,candidate_1,3,0.0033333333333333335
779,candidate_2,candidate_3,candidate_1,3,0.0033333333333333335
780,candidate_2,candidate_3,candidate_1,3,0.0033333333333333335
781,candidate_2,candidate_3,candidate_1,3,0.0033333333333333335
782,candidate_2,candidate_3,candidate_1,3,0.0033333333333333335
783,candidate_2,candidate_3,candidate_1,3,0.0033333333333333335
784,candidate_2,candidate_3,candidate_1,3,0.0033333333333333335
785,candidate_2,candidate_3,candidate_1,3,0.0033333333333333335
786,candidate_2,candidate_3,candidate_1,3,0.0033333333333333335
787,candidate_2,candidate_3,candidate_1,3,0.0033333333333333335
788,candidate_2,candidate_3,candidate_1,3,0.0033333333333333335
789,candidate_2,candidate_3,candidate_1,3,0.0033333333333333335
790,candidate_2,candidate_3,candidate_1,3,0.0033333333333333335
791,candidate_2,candidate_3,candidate_1,3,0.0033333333333333335
792,candidate_2,candidate_3,candidate_1,3,0.0033333333333333335
793,candidate_2,candidate_3,candidate_1,3,0.0033333333333333335
794,candidate_2,candidate_3,candidate_1,3,0.0033333333333333335
795,candidate_2,candidate_3,candidate_1,3,0.0033333333333333335
796,candidate_2,candidate_3,candidate_1,3,0.0033333333333333335
797,candidate_2,candidate_3,candidate_1,3,0.0033333333333333335
798,candidate_2,candidate_3,candidate_1,3,0.0033333333333333335
799,candidate_2,candidate_3,candidate_1,3,0.0033333333333333335
800,candidate_2,candidate_3,candidate_1,3,0.0033333333333333335
801,candidate_2,candidate_3,candidate_1,3,0.0033333333333333335
802,candidate_2,candidate_3,candidate_1,3,0.0033333333333333335
803,candidate_2,candidate_3,candidate_1,3,0.0033333333333333335
804,candidate_2,candidate_3,candidate_1,3,0.0033333333333333335
805,candidate_2,candidate_3,candidate_1,3,0.0033333333333333335
806,candidate_2,candidate_3,candidate_1,3,0.0033333333333333335
807,candidate_2,candidate_3,candidate_1,3,0.0033333333333333335
808,candidate_2,candidate_3,candidate_1,3,0.0033333333333333335
809,candidate_2,candidate_3,candidate_1,3,0.0033333333333333335
810,candidate_2,candidate_3,candidate_1,3,0.0033333333333333335
811,candidate_2,candidate_3,candidate_1,3,0.0033333333333333335
812,candidate_2,candidate_3,candidate_1,3,0.0033333333333333335
813,candidate_2,candidate_3,candidate_1,3,0.0033333333333333335
814,candidate_2,candidate_3,candidate_1,3,0.0033333333333333335
815,candidate_2,candidate_3,candidate_1,3,0.0033333333333333335
816,candidate_2,candidate_3,candidate_1,3,0.0033333333333333335
817,candidate_2,candidate_3,candidate_1,3,0.0033333333333333335
818,candidate_2,candidate_3,candidate_1,3,0.0033333333333333335
819,candidate_2,candidate_3,candidate_1,3,0.0033333333333333335
820,candidate_2,candidate_3,candidate_1,3,0.0033333333333333335
821,candidate_2,candidate_3,candidate_1,3,0.0033333333333333335
822,candidate_2,candidate_3,candidate_1,3,0.0033333333333333335
823,candidate_2,candidate_3,candidate_1,3,0.0033333333333333335
824,candidate_2,candidate_3,candidate_1,3,0.0033333333333333335
825,candidate_2,candidate_3,candidate_1,3,0.0033333333333333335
826,candidate_2,candidate_3,candidate_1,3,0.0033333333333333335
827,candidate_2,candidate_3,candidate_1,3,0.0033333333333333335
828,candidate_2,candidate_3,candidate_1,3,0.0033333333333333335
829,candidate_2,candidate_3,candidate_1,3,0.0033333333333333335
830,candidate_2,candidate_3,candidate_1,3,0.0033333333333333335
831,candidate_2,candidate_3,candidate_1,3,0.0033333333333333335
832,candidate_2,candidate_3,candidate_1,3,0.0033333333333333335
833,candidate_2,candidate_3,candidate_1,3,0.0033333333333333335
834,candidate_2,candidate_3,candidate_1,3,0.0033333333333333335
835,candidate_2,candidate_3,candidate_1,3,0.0033333333333333335
836,candidate_2,candidate_3,candidate_1,3,0.0033333333333333335
837,candidate_2,candidate_3,candidate_1,3,0.0033333333333333335
838,candidate_2,candidate_3,candidate_1,3,0.0033333333333333335
839,candidate_2,candidate_3,candidate_1,3,0.0033333333333333335
840,candidate_2,candidate_3,candidate_1,3,0.0033333333333333335
841,candidate_2,candidate_3,candidate_1,3,0.0033333333333333335
842,candidate_2,candidate_3,candidate_1,3,0.0033333333333333335
843,candidate_2,candidate_3,candidate_1,3,0.0033333333333333335
844,candidate_2,candidate_3,candidate_1,3,0.0033333333333333335
845,candidate_2,candidate_3,candidate_1,3,0.0033333333333333335
846,candidate_2,candidate_3,candidate_1,3,0.0033333333333333335
847,candidate_2,candidate_3,candidate_1,3,0.0033333333333333335
848,candidate_2,candidate_3,candidate_1,3,0.0033333333333333335
849,candidate_2,candidate_3,candidate_1,3,0.0033333333333333335
850,candidate_2,candidate_3,candidate_1,3,0.0033333333333333335
851,candidate_2,candidate_3,candidate_1,3,0.0033333333333333335
852,candidate_2,candidate_3,candidate_1,3,0.0033333333333333335
853,candidate_2,candidate_3,candidate_1,3,0.0033333333333333335
854,candidate_2,candidate_3,candidate_1,3,0.0033333333333333335
855,candidate_2,candidate_3,candidate_1,3,0.0033333333333333335
856,candidate_2,candidate_3,candidate_1,3,0.0033333333333333335
857,candidate_2,candidate_3,candidate_1,3,0.0033333333333333335
858,candidate_2,candidate_3,candidate_1,3,0.0033333333333333335
859,candidate_2,candidate_3,candidate_1,3,0.0033333333333333335
860,candidate_2,candidate_3,candidate_1,3,0.0033333333333333335
861,candidate_2,candidate_3,candidate_1,3,0.0033333333333333335
862,candidate_2,candidate_3,candidate_1,3,0.0033333333333333335
863,candidate_2,candidate_3,candidate_1,3,0.0033333333333333335
864,candidate_2,candidate_3,candidate_1,3,0.0033333333333333335
865,candidate_2,candidate_3,candidate_1,3,0.0033333333333333335
866,candidate_2,candidate_3,candidate_1,3,0.0033333333333333335
867,candidate_2,candidate_3,candidate_1,3,0.0033333333333333335
868,candidate_2,candidate_3,candidate_1,3,0.0033333333333333335
869,candidate_2,candidate_3,candidate_1,3,0.0033333333333333335
870,candidate_2,candidate_3,candidate_1,3,0.0033333333333333335
871,candidate_2,candidate_3,candidate_1,3,0.0033333333333333335
872,candidate_2,candidate_3,candidate_1,3,0.0033333333333333335
873,candidate_2,candidate_3,candidate_1,3,0.0033333333333333335
874,candidate_2,candidate_3,candidate_1,3,0.0033333333333333335
875,candidate_2,candidate_3,candidate_1,3,0.0033333333333333335
876,candidate_2,candidate_3,candidate_1,3,0.0033333333333333335
877,candidate_2,candidate_3,candidate_1,3,0.0033333333333333335
878,candidate_2,candidate_3,candidate_1,3,0.0033333333333333335
879,candidate_2,candidate_3,candidate_1,3,0.0033333333333333335
880,candidate_2,candidate_3,candidate_1,3,0.0033333333333333335
881,candidate_2,candidate_3,candidate_1,3,0.0033333333333333335
882,candidate_2,candidate_3,candidate_1,3,0.0033333333333333335
883,candidate_2,candidate_3,candidate_1,3,0.0033333333333333335
884,candidate_2,candidate_3,candidate_1,3,0.0033333333333333335
885,candidate_2,candidate_3,candidate_1,3,0.0033333333333333335
886,candidate_2,candidate_3,candidate_1,3,0.0033333333333333335
887,candidate_2,candidate_3,candidate_1,3,0.0033333333333333335
888,candidate_2,candidate_3,candidate_1,3,0.0033333333333333335
889,candidate_2,candidate_3,candidate_1,3,0.0033333333333333335
890,candidate_2,candidate_3,candidate_1,3,0.0033333333333333335
891,candidate_2,candidate_3,candidate_1,3,0.0033333333333333335
892,candidate_2,candidate_3,candidate_1,3,0.0033333333333333335
893,candidate_2,candidate_3,candidate_1,3,0.0033333333333333335
894,candidate_2,candidate_3,candidate_1,3,0.0033333333333333335
895,candidate_2,candidate_3,candidate_1,3,0.0033333333333333335
896,candidate_2,candidate_3,candidate_1,3,0.0033333333333333335
897,candidate_2,candidate_3,candidate_1,3,0.0033333333333333335
898,candidate_2,candidate_3,candidate_1,3,0.0033333333333333335
899,candidate_2,0,candidate_1,3,0.0033333333333333335
900,candidate_2,candidate_3,candidate_1,3,0.0033333333333333335
901,candidate_2,candidate_3,candidate_1,3,0.0033333333333333335
902,candidate_2,candidate_3,candidate_1,3,0.0033333333333333335
903,candidate_2,candidate_3,candidate_1,3,0.0033333333333333335
904,candidate_2,candidate_3,candidate_1,3,0.0033333333333333335
905,candidate_2,candidate_3,candidate_1,3,0.0033333333333333335
906,candidate_2,candidate_3,candidate_1,3,0.0033333333333333335
907,candidate_2,candidate_3,candidate_1,3,0.0033333333333333335
908,candidate_2,candidate_3,candidate_1,3,0.0033333333333333335
909,candidate_2,candidate_3,candidate_1,3,0.0033333333333333335
910,candidate_2,candidate_3,candidate_1,3,0.0033333333333333335
911,candidate_2,candidate_3,candidate_1,3,0.0033333333333333335
912,candidate_2,candidate_3,candidate_1,3,0.0033333333333333335
913,candidate_2,candidate_3,candidate_1,3,0.0033333333333333335
914,candidate_2,candidate_3,candidate_1,3,0.0033333333333333335
915,candidate_2,candidate_3,candidate_1,3,0.0033333333333333335
916,candidate_2,candidate_3,candidate_1,3,0.0033333333333333335
917,candidate_2,candidate_3,candidate_1,3,0.0033333333333333335
918,candidate_2,candidate_3,candidate_1,3,0.0033333333333333335
919,candidate_2,candidate_3,candidate_1,3,0.0033333333333333335
920,candidate_2,candidate_3,candidate_1,3,0.0033333333333333335
921,candidate_2,candidate_3,candidate_1,3,0.0033333333333333335
922,candidate_2,candidate_3,candidate_1,3,0.0033333333333333335
923,candidate_2,candidate_3,candidate_1,3,0.0033333333333333335
924,candidate_2,candidate_3,candidate_1,3,0.0033333333333333335
925,candidate_2,candidate_3,candidate_1,3,0.0033333333333333335
926,candidate_2,candidate_3,candidate_1,3,0.0033333333333333335
927,candidate_2,candidate_3,candidate_1,3,0.0033333333333333335
928,candidate_2,candidate_3,candidate_1,3,0.0033333333333333335
929,candidate_2,candidate_3,candidate_1,3,0.0033333333333333335
930,candidate_2,candidate_3,candidate_1,3,0.0033333333333333335
931,candidate_2,candidate_3,candidate_1,3,0.0033333333333333335
932,candidate_2,candidate_3,candidate_1,3,0.0033333333333333335
933,candidate_2,candidate_3,candidate_1,3,0.0033333333333333335
934,candidate_2,candidate_3,candidate_1,3,0.0033333333333333335
935,candidate_2,candidate_3,candidate_1,3,0.0033333333333333335
936,candidate_2,candidate_3,candidate_1,3,0.0033333333333333335
937,candidate_2,candidate_3,candidate_1,3,0.0033333333333333335
938,candidate_2,candidate_3,candidate_1,3,0.0033333333333333335
939,candidate_2,candidate_3,candidate_1,3,0.0033333333333333335
940,candidate_2,candidate_3,candidate_1,3,0.0033333333333333335
941,candidate_2,candidate_3,candidate_1,3,0.0033333333333333335
942,candidate_2,candidate_3,candidate_1,3,0.0033333333333333335
943,candidate_2,candidate_3,candidate_1,3,0.0033333333333333335
944,candidate_2,candidate_3,candidate_1,3,0.0033333333333333335
945,candidate_2,candidate_3,candidate_1,3,0.0033333333333333335
946,candidate_2,candidate_3,candidate_1,3,0.0033333333333333335
947,candidate_2,candidate_3,candidate_1,3,0.0033333333333333335
948,candidate_2,candidate_3,candidate_1,3,0.0033333333333333335
949,candidate_2,candidate_3,candidate_1,3,0.0033333333333333335
950,candidate_2,candidate_3,candidate_1,3,0.0033333333333333335
951,candidate_2,candidate_3,candidate_1,3,0.0033333333333333335
952,candidate_2,candidate_3,candidate_1,3,0.0033333333333333335
953,candidate_2,candidate_3,candidate_1,3,0.0033333333333333335
954,candidate_2,candidate_3,candidate_1,3,0.0033333333333333335
955,candidate_2,candidate_3,candidate_1,3,0.0033333333333333335
956,candidate_2,candidate_3,candidate_1,3,0.0033333333333333335
957,candidate_2,candidate_3,candidate_1,3,0.0033333333333333335
958,candidate_2,candidate_3,candidate_1,3,0.0033333333333333335
959,candidate_2,candidate_3,candidate_1,3,0.0033333333333333335
960,candidate_2,candidate_3,candidate_1,3,0.0033333333333333335
961,candidate_2,candidate_3,candidate_1,3,0.0033333333333333335
962,candidate_2,candidate_3,0,3,0.0033333333333333335
963,candidate_2,candidate_3,candidate_1,3,0.0033333333333333335
964,candidate_2,candidate_3,candidate_1,3,0.0033333333333333335
965,candidate_2,candidate_3,candidate_1,3,0.0033333333333333335
966,candidate_2,candidate_3,candidate_1,3,0.0033333333333333335
967,candidate_2,candidate_3,candidate_1,3,0.0033333333333333335
968,candidate_2,candidate_3,candidate_1,3,0.0033333333333333335
969,candidate_2,candidate_3,candidate_1,3,0.0033333333333333335
970,candidate_2,candidate_3,candidate_1,3,0.0033333333333333335
971,candidate_2,candidate_3,candidate_1,3,0.0033333333333333335
972,candidate_2,candidate_3,candidate_1,3,0.0033333333333333335
973,candidate_2,candidate_3,candidate_1,3,0.0033333333333333335
974,candidate_2,candidate_3,candidate_1,3,0.0033333333333333335
975,candidate_2,candidate_3,candidate_1,3,0.0033333333333333335
976,candidate_2,candidate_3,candidate_1,3,0.0033333333333333335
977,candidate_2,candidate_3,candidate_1,3,0.0033333333333333335
978,candidate_2,candidate_3,candidate_1,3,0.0033333333333333335
979,candidate_2,candidate_3,candidate_1,3,0.0033333333333333335
980,candidate_2,candidate_3,candidate_1,3,0.0033333333333333335
981,candidate_2,candidate_3,candidate_1,3,0.0033333333333333335
982,candidate_2,candidate_3,candidate_1,3,0.0033333333333333335
983,candidate_2,candidate_3,candidate_1,3,0.0033333333333333335
984,candidate_2,candidate_3,candidate_1,3,0.0033333333333333335
985,candidate_2,candidate_3,candidate_1,3,0.0033333333333333335
986,candidate_2,candidate_3,candidate_1,3,0.0033333333333333335
987,candidate_2,candidate_3,candidate_1,3,0.0033333333333333335
988,candidate_2,candidate_3,candidate_1,3,0.0033333333333333335
989,candidate_2,candidate_3,candidate_1,3,0.0033333333333333335
990,candidate_2,candidate_3,candidate_1,3,0.0033333333333333335
991,candidate_2,candidate_3,candidate_1,3,0.0033333333333333335
992,candidate_2,candidate_3,candidate_1,3,0.0033333333333333335
993,candidate_2,candidate_3,candidate_1,3,0.0033333333333333335
994,candidate_2,candidate_3,candidate_1,3,0.0033333333333333335
995,0,candidate_3,candidate_1,3,0.0033333333333333335
996,candidate_2,candidate_3,candidate_1,3,0.0033333333333333335
997,candidate_2,candidate_3,candidate_1,3,0.0033333333333333335
998,candidate_2,candidate_3,candidate_1,3,0.0033333333333333335
999,candidate_2,candidate_3,candidate_1,3,0.0033333333333333335
1000,candidate_2,candidate_3,candidate_1,3,0.0033333333333333335
1001,candidate_2,candidate_3,candidate_1,3,0.0033333333333333335
1002,candidate_2,candidate_3,candidate_1,3,0.0033333333333333335
1003,candidate_2,candidate_3,0,3,0.0033333333333333335
1004,candidate_2,candidate_3,candidate_1,3,0.0033333333333333335
1005,candidate_2,candidate_3,candidate_1,3,0.0033333333333333335
1006,candidate_2,candidate_3,candidate_1,3,0.0033333333333333335
1007,candidate_2,candidate_3,candidate_1,3,0.0033333333333333335
1008,candidate_2,candidate_3,candidate_1,3,0.0033333333333333335
1009,candidate_2,candidate_3,candidate_1,3,0.0033333333333333335
1010,candidate_2,candidate_3,candidate_1,3,0.0033333333333333335
1011,candidate_2,candidate_3,candidate_1,3,0.0033333333333333335
1012,candidate_2,candidate_3,candidate_1,3,0.0033333333333333335
1013,candidate_2,candidate_3,candidate_1,3,0.0033333333333333335
1014,candidate_2,candidate_3,candidate_1,3,0.0033333333333333335
1015,candidate_2,candidate_3,candidate_1,3,0.0033333333333333335
1016,candidate_2,candidate_3,candidate_1,3,0.0033333333333333335
1017,candidate_2,candidate_3,candidate_1,3,0.0033333333333333335
1018,candidate_2,candidate_3,candidate_1,3,0.0033333333333333335
1019,candidate_2,candidate_3,candidate_1,3,0.0033333333333333335
1020,candidate_2,candidate_3,candidate_1,3,0.0033333333333333335
1021,candidate_2,candidate_3,candidate_1,3,0.0033333333333333335
1022,candidate_2,candidate_3,candidate_1,3,0.0033333333333333335
1023,candidate_2,candidate_3,candidate_1,3,0.0033333333333333335
1024,candidate_2,candidate_3,candidate_1,3,0.0033333333333333335
1025,candidate_2,candidate_3,candidate_1,3,0.0033333333333333335
1026,candidate_2,candidate_3,candidate_1,3,0.0033333333333333335
1027,candidate_2,candidate_3,candidate_1,3,0.0033333333333333335
1028,candidate_2,candidate_3,candidate_1,3,0.0033333333333333335
1029,candidate_2,candidate_3,candidate_1,3,0.0033333333333333335
1030,candidate_2,candidate_3,candidate_1,3,0.0033333333333333335
1031,candidate_2,candidate_3,candidate_1,3,0.0033333333333333335
1032,candidate_2,candidate_3,candidate_1,3,0.0033333333333333335
1033,candidate_2,candidate_3,candidate_1,3,0.0033333333333333335
1034,candidate_2,candidate_3,candidate_1,3,0.0033333333333333335
1035,candidate_2,candidate_3,candidate_1,3,0.0033333333333333335
1036,candidate_2,candidate_3,candidate_1,3,0.0033333333333333335
1037,candidate_2,candidate_3,candidate_1,3,0.0033333333333333335
1038,candidate_2,candidate_3,candidate_1,3,0.0033333333333333335
1039,candidate_2,candidate_3,candidate_1,3,0.0033333333333333335
1040,candidate_2,candidate_3,candidate_1,3,0.0033333333333333335
1041,candidate_2,candidate_3,candidate_1,3,0.0033333333333333335
1042,candidate_2,candidate_3,candidate_1,3,0.0033333333333333335
1043,candidate_2,candidate_3,candidate_1,3,0.0033333333333333335
1044,candidate_2,candidate_3,candidate_1,3,0.0033333333333333335
1045,candidate_2,candidate_3,candidate_1,3,0.0033333333333333335
1046,candidate_2,candidate_3,candidate_1,3,0.0033333333333333335
1047,candidate_2,candidate_3,candidate_1,3,0.0033333333333333335
1048,candidate_2,candidate_3,candidate_1,3,0.0033333333333333335
1049,candidate_2,candidate_3,candidate_1,3,0.0033333333333333335
1050,candidate_2,candidate_3,candidate_1,3,0.0033333333333333335
1051,candidate_2,candidate_3,candidate_1,3,0.0033333333333333335
1052,candidate_2,candidate_3,candidate_1,3,0.0033333333333333335
1053,candidate_2,candidate_3,candidate_1,3,0.0033333333333333335
1054,candidate_2,candidate_3,candidate_1,3,0.0033333333333333335
1055,candidate_2,candidate_3,candidate_1,3,0.0033333333333333335
1056,candidate_2,candidate_3,candidate_1,3,0.0033333333333333335
1057,candidate_2,candidate_3,candidate_1,3,0.0033333333333333335
1058,candidate_2,candidate_3,candidate_1,3,0.0033333333333333335
1059,candidate_2,candidate_3,candidate_1,3,0.0033333333333333335
1060,candidate_2,candidate_3,candidate_1,3,0.0033333333333333335
1061,candidate_2,candidate_3,candidate_1,3,0.0033333333333333335
1062,candidate_2,candidate_3,candidate_1,3,0.0033333333333333335
1063,candidate_2,candidate_3,candidate_1,3,0.0033333333333333335
1064,candidate_2,candidate_3,candidate_1,3,0.0033333333333333335
1065,candidate_2,candidate_3,candidate_1,3,0.0033333333333333335
1066,candidate_2,candidate_3,candidate_1,3,0.0033333333333333335
1067,candidate_2,candidate_3,candidate_1,3,0.0033333333333333335
1068,candidate_2,candidate_3,candidate_1,3,0.0033333333333333335
1069,candidate_2,candidate_3,candidate_1,3,0.0033333333333333335
1070,candidate_2,candidate_3,candidate_1,3,0.0033333333333333335
1071,candidate_2,candidate_3,candidate_1,3,0.0033333333333333335
1072,candidate_2,candidate_3,candidate_1,3,0.0033333333333333335
1073,candidate_2,candidate_3,candidate_1,3,0.0033333333333333335
1074,candidate_2,candidate_3,candidate_1,3,0.0033333333333333335
1075,candidate_2,candidate_3,candidate_1,3,0.0033333333333333335
1076,candidate_2,candidate_3,candidate_1,3,0.0033333333333333335
1077,candidate_2,candidate_3,candidate_1,3,0.0033333333333333335
1078,candidate_2,candidate_3,candidate_1,3,0.0033333333333333335
1079,candidate_2,candidate_3,candidate_1,3,0.0033333333333333335
1080,candidate_2,candidate_3,candidate_1,3,0.0033333333333333335
1081,candidate_2,candidate_3,candidate_1,3,0.0033333333333333335
1082,candidate_2,candidate_3,candidate_1,3,0.0033333333333333335
1083,candidate_2,candidate_3,candidate_1,3,0.0033333333333333335
1084,candidate_2,candidate_3,candidate_1,3,0.0033333333333333335
1085,candidate_2,candidate_3,candidate_1,3,0.0033333333333333335
1086,candidate_2,candidate_3,candidate_1,3,0.0033333333333333335
1087,candidate_2,candidate_3,candidate_1,3,0.0033333333333333335
1088,candidate_2,candidate_3,candidate_1,3,0.0033333333333333335
1089,candidate_2,candidate_3,candidate_1,3,0.0033333333333333335
1090,candidate_2,candidate_3,candidate_1,3,0.0033333333333333335
1091,candidate_2,candidate_3,candidate_1,3,0.0033333333333333335
1092,candidate_2,candidate_3,candidate_1,3,0.0033333333333333335
1093,candidate_2,candidate_3,candidate_1,3,0.0033333333333333335
1094,candidate_2,candidate_3,candidate_1,3,0.0033333333333333335
1095,candidate_2,candidate_3,candidate_1,3,0.0033333333333333335
1096,candidate_2,candidate_3,candidate_1,3,0.0033333333333333335
1097,candidate_2,candidate_3,candidate_1,3,0.0033333333333333335
1098,candidate_2,candidate_3,candidate_1,3,0.0033333333333333335
1099,candidate_2,candidate_3,candidate_1,3,0.0033333333333333335
1100,candidate_2,candidate_3,candidate_1,3,0.0033333333333333335
1101,candidate_2,candidate_3,candidate_1,3,0.0033333333333333335
1102,candidate_2,candidate_3,candidate_1,3,0.0033333333333333335
1103,candidate_2,candidate_3,candidate_1,3,0.0033333333333333335
1104,candidate_2,candidate_3,candidate_1,3,0.0033333333333333335
1105,candidate_2,candidate_3,candidate_1,3,0.0033333333333333335
1106,candidate_2,candidate_3,candidate_1,3,0.0033333333333333335
1107,candidate_2,candidate_3,candidate_1,3,0.0033333333333333335
1108,candidate_2,candidate_3,candidate_1,3,0.0033333333333333335
1109,candidate_2,candidate_3,candidate_1,3,0.0033333333333333335
1110,candidate_2,candidate_3,candidate_1,3,0.0033333333333333335
1111,candidate_2,candidate_3,candidate_1,3,0.0033333333333333335
1112,candidate_2,candidate_3,candidate_1,3,0.0033333333333333335
1113,candidate_2,candidate_3,candidate_1,3,0.0033333333333333335
1114,candidate_2,candidate_3,candidate_1,3,0.0033333333333333335
1115,candidate_2,candidate_3,candidate_1,3,0.0033333333333333335
1116,candidate_2,candidate_3,candidate_1,3,0.0033333333333333335
1117,candidate_2,candidate_3,candidate_1,3,0.0033333333333333335
1118,candidate_2,candidate_3,candidate_1,3,0.0033333333333333335
1119,candidate_2,candidate_3,candidate_1,3,0.0033333333333333335
1120,candidate_2,candidate_3,candidate_1,3,0.0033333333333333335
1121,candidate_2,candidate_3,candidate_1,3,0.0033333333333333335
1122,candidate_2,candidate_3,candidate_1,3,0.0033333333333333335
1123,candidate_2,candidate_3,candidate_1,3,0.0033333333333333335
1124,candidate_2,candidate_3,candidate_1,3,0.0033333333333333335
1125,candidate_2,candidate_3,candidate_1,3,0.0033333333333333335
1126,candidate_2,candidate_3,candidate_1,3,0.0033333333333333335
1127,candidate_2,candidate_3,candidate_1,3,0.0033333333333333335
1128,candidate_2,candidate_3,candidate_1,3,0.0033333333333333335
1129,candidate_2,candidate_3,candidate_1,3,0.0033333333333333335
1130,candidate_2,candidate_3,candidate_1,3,0.0033333333333333335
1131,candidate_2,candidate_3,candidate_1,3,0.0033333333333333335
1132,candidate_2,candidate_3,candidate_1,3,0.0033333333333333335
1133,candidate_2,candidate_3,candidate_1,3,0.0033333333333333335
1134,candidate_2,candidate_3,candidate_1,3,0.0033333333333333335
1135,candidate_2,candidate_3,candidate_1,3,0.0033333333333333335
1136,candidate_2,candidate_3,candidate_1,3,0.0033333333333333335
1137,candidate_2,candidate_3,candidate_1,3,0.0033333333333333335
1138,candidate_2,candidate_3,candidate_1,3,0.0033333333333333335
1139,candidate_2,candidate_3,candidate_1,3,0.0033333333333333335
1140,candidate_2,candidate_3,candidate_1,3,0.0033333333333333335
1141,candidate_2,candidate_3,candidate_1,3,0.0033333333333333335
1142,candidate_2,candidate_3,candidate_1,3,0.0033333333333333335
1143,candidate_2,candidate_3,candidate_1,3,0.0033333333333333335
1144,candidate_2,candidate_3,candidate_1,3,0.0033333333333333335
1145,candidate_2,candidate_3,candidate_1,3,0.0033333333333333335
1146,candidate_2,candidate_3,candidate_1,3,0.0033333333333333335
1147,candidate_2,candidate_3,candidate_1,3,0.0033333333333333335
1148,candidate_2,candidate_3,candidate_1,3,0.0033333333333333335
1149,candidate_2,candidate_3,candidate_1,3,0.0033333333333333335
1150,candidate_2,candidate_3,candidate_1,3,0.0033333333333333335
1151,candidate_2,candidate_3,candidate_1,3,0.0033333333333333335
1152,candidate_2,candidate_3,candidate_1,3,0.0033333333333333335
1153,candidate_2,candidate_3,candidate_1,3,0.0033333333333333335
1154,candidate_2,candidate_3,candidate_1,3,0.0033333333333333335
1155,candidate_2,candidate_3,candidate_1,3,0.0033333333333333335
1156,candidate_2,candidate_3,candidate_1,3,0.0033333333333333335
1157,candidate_2,candidate_3,candidate_1,3,0.0033333333333333335
1158,candidate_2,candidate_3,candidate_1,3,0.0033333333333333335
1159,candidate_2,candidate_3,candidate_1,3,0.0033333333333333335
1160,candidate_2,candidate_3,candidate_1,3,0.0033333333333333335
1161,candidate_2,candidate_3,candidate_1,3,0.0033333333333333335
1162,candidate_2,candidate_3,candidate_1,3,0.0033333333333333335
1163,candidate_2,candidate_3,candidate_1,3,0.0033333333333333335
1164,candidate_2,candidate_3,candidate_1,3,0.0033333333333333335
1165,candidate_2,candidate_3,candidate_1,3,0.0033333333333333335
1166,candidate_2,0,candidate_1,3,0.0033333333333333335
1167,candidate_2,candidate_3,candidate_1,3,0.0033333333333333335
1168,candidate_2,candidate_3,candidate_1,3,0.0033333333333333335
1169,candidate_2,candidate_3,candidate_1,3,0.0033333333333333335
1170,candidate_2,candidate_3,candidate_1,3,0.0033333333333333335
1171,candidate_2,candidate_3,candidate_1,3,0.0033333333333333335
1172,candidate_2,candidate_3,candidate_1,3,0.0033333333333333335
1173,candidate_2,candidate_3,candidate_1,3,0.0033333333333333335
1174,candidate_2,candidate_3,candidate_1,3,0.0033333333333333335
1175,candidate_2,candidate_3,candidate_1,3,0.0033333333333333335
1176,candidate_2,candidate_3,candidate_1,3,0.0033333333333333335
1177,candidate_2,candidate_3,candidate_1,3,0.0033333333333333335
1178,candidate_2,candidate_3,candidate_1,3,0.0033333333333333335
1179,candidate_2,candidate_3,candidate_1,3,0.0033333333333333335
1180,candidate_2,candidate_3,candidate_1,3,0.0033333333333333335
1181,candidate_2,candidate_3,candidate_1,3,0.0033333333333333335
1182,candidate_2,candidate_3,candidate_1,3,0.0033333333333333335
1183,candidate_2,candidate_3,candidate_1,3,0.0033333333333333335
1184,candidate_2,candidate_3,candidate_1,3,0.0033333333333333335
1185,candidate_2,candidate_3,candidate_1,3,0.0033333333333333335
1186,candidate_2,candidate_3,candidate_1,3,0.0033333333333333335
1187,candidate_2,candidate_3,candidate_1,3,0.0033333333333333335
1188,candidate_2,candidate_3,candidate_1,3,0.0033333333333333335
1189,candidate_2,candidate_3,candidate_1,3,0.0033333333333333335
1190,candidate_2,candidate_3,candidate_1,3,0.0033333333333333335
1191,candidate_2,candidate_3,candidate_1,3,0.0033333333333333335
1192,candidate_2,candidate_3,candidate_1,3,0.0033333333333333335
1193,candidate_2,candidate_3,candidate_1,3,0.0033333333333333335
1194,candidate_2,candidate_3,candidate_1,3,0.0033333333333333335
1195,candidate_2,candidate_3,candidate_1,3,0.0033333333333333335
1196,candidate_2,candidate_3,candidate_1,3,0.0033333333333333335
1197,candidate_2,candidate_3,candidate_1,3,0.0033333333333333335
1198,candidate_2,candidate_3,candidate_1,3,0.0033333333333333335
1199,candidate_2,candidate_3,candidate_1,3,0.0033333333333333335
1200,candidate_2,candidate_3,candidate_1,3,0.0033333333333333335
1201,candidate_2,candidate_3,candidate_1,3,0.0033333333333333335
1202,candidate_2,candidate_3,candidate_1,3,0.0033333333333333335
1203,candidate_2,candidate_3,candidate_1,3,0.0033333333333333335
1204,candidate_2,candidate_3,candidate_1,3,0.0033333333333333335
1205,candidate_2,candidate_3,candidate_1,3,0.0033333333333333335
1206,candidate_2,candidate_3,candidate_1,3,0.0033333333333333335
1207,candidate_2,candidate_3,candidate_1,3,0.0033333333333333335
1208,candidate_2,candidate_3,candidate_1,3,0.0033333333333333335
1209,candidate_2,candidate_3,candidate_1,3,0.0033333333333333335
1210,candidate_2,candidate_3,candidate_1,3,0.0033333333333333335
1211,candidate_2,candidate_3,candidate_1,3,0.0033333333333333335
1212,candidate_2,candidate_3,candidate_1,3,0.0033333333333333335
1213,candidate_2,candidate_3,candidate_1,3,0.0033333333333333335
1214,candidate_2,candidate_3,candidate_1,3,0.0033333333333333335
1215,candidate_2,candidate_3,candidate_1,3,0.0033333333333333335
1216,candidate_2,candidate_3,candidate_1,3,0.0033333333333333335
1217,candidate_2,candidate_3,candidate_1,3,0.0033333333333333335
1218,candidate_2,candidate_3,candidate_1,3,0.0033333333333333335
1219,candidate_2,candidate_3,candidate_1,3,0.0033333333333333335
1220,candidate_2,candidate_3,candidate_1,3,0.0033333333333333335
1221,candidate_2,candidate_3,candidate_1,3,0.0033333333333333335
1222,candidate_2,candidate_3,candidate_1,3,0.0033333333333333335
1223,candidate_2,candidate_3,candidate_1,3,0.0033333333333333335
1224,candidate_2,candidate_3,candidate_1,3,0.0033333333333333335
1225,candidate_2,candidate_3,candidate_1,3,0.0033333333333333335
1226,candidate_2,candidate_3,candidate_1,3,0.0033333333333333335
1227,candidate_2,candidate_3,candidate_1,3,0.0033333333333333335
1228,candidate_2,candidate_3,candidate_1,3,0.0033333333333333335
1229,candidate_2,candidate_3,candidate_1,3,0.0033333333333333335
1230,candidate_2,candidate_3,candidate_1,3,0.0033333333333333335
1231,candidate_2,candidate_3,candidate_1,3,0.0033333333333333335
1232,candidate_2,candidate_3,candidate_1,3,0.0033333333333333335
1233,candidate_2,candidate_3,candidate_1,3,0.0033333333333333335
1234,candidate_2,candidate_3,candidate_1,3,0.0033333333333333335
1235,candidate_2,candidate_3,candidate_1,3,0.0033333333333333335
1236,candidate_2,candidate_3,candidate_1,3,0.0033333333333333335
1237,candidate_2,candidate_3,candidate_1,3,0.0033333333333333335
1238,candidate_2,candidate_3,candidate_1,3,0.0033333333333333335
1239,candidate_2,candidate_3,candidate_1,3,0.0033333333333333335
1240,candidate_2,candidate_3,candidate_1,3,0.0033333333333333335
1241,candidate_2,candidate_3,candidate_1,3,0.0033333333333333335
1242,candidate_2,candidate_3,candidate_1,3,0.0033333333333333335
1243,candidate_2,candidate_3,candidate_1,3,0.0033333333333333335
1244,candidate_2,candidate_3,candidate_1,3,0.0033333333333333335
1245,candidate_2,candidate_3,candidate_1,3,0.0033333333333333335
1246,candidate_2,candidate_3,candidate_1,3,0.0033333333333333335
1247,candidate_2,candidate_3,candidate_1,3,0.0033333333333333335
1248,candidate_2,candidate_3,candidate_1,3,0.0033333333333333335
1249,candidate_2,candidate_3,candidate_1,3,0.0033333333333333335
1250,candidate_2,candidate_3,candidate_1,3,0.0033333333333333335
1251,candidate_2,candidate_3,candidate_1,3,0.0033333333333333335
1252,candidate_2,candidate_3,candidate_1,3,0.0033333333333333335
1253,candidate_2,candidate_3,candidate_1,3,0.0033333333333333335
1254,candidate_2,candidate_3,candidate_1,3,0.0033333333333333335
1255,candidate_2,candidate_3,candidate_1,3,0.0033333333333333335
1256,candidate_2,candidate_3,candidate_1,3,0.0033333333333333335
1257,candidate_2,candidate_3,candidate_1,3,0.0033333333333333335
1258,candidate_2,candidate_3,candidate_1,3,0.0033333333333333335
1259,candidate_2,candidate_3,candidate_1,3,0.0033333333333333335
1260,candidate_2,candidate_3,candidate_1,3,0.0033333333333333335
1261,candidate_2,candidate_3,candidate_1,3,0.0033333333333333335
1262,candidate_2,candidate_3,candidate_1,3,0.0033333333333333335
1263,candidate_2,candidate_3,candidate_1,3,0.0033333333333333335
1264,candidate_2,candidate_3,candidate_1,3,0.0033333333333333335
1265,candidate_2,candidate_3,candidate_1,3,0.0033333333333333335
1266,candidate_2,candidate_3,candidate_1,3,0.0033333333333333335
1267,candidate_2,candidate_3,candidate_1,3,0.0033333333333333335
1268,candidate_2,candidate_3,candidate_1,3,0.0033333333333333335
1269,candidate_2,candidate_3,candidate_1,3,0.0033333333333333335
1270,candidate_2,candidate_3,candidate_1,3,0.0033333333333333335
1271,candidate_2,candidate_3,candidate_1,3,0.0033333333333333335
1272,candidate_2,candidate_3,candidate_1,3,0.0033333333333333335
1273,candidate_2,candidate_3,candidate_1,3,0.0033333333333333335
1274,candidate_2,candidate_3,candidate_1,3,0.0033333333333333335
1275,candidate_2,candidate_3,candidate_1,3,0.0033333333333333335
1276,candidate_2,candidate_3,candidate_1,3,0.0033333333333333335
1277,candidate_2,candidate_3,candidate_1,3,0.0033333333333333335
1278,candidate_2,candidate_3,candidate_1,3,0.0033333333333333335
1279,candidate_2,candidate_3,candidate_1,3,0.0033333333333333335
1280,candidate_2,candidate_3,candidate_1,3,0.0033333333333333335
1281,candidate_2,candidate_3,candidate_1,3,0.0033333333333333335
1282,candidate_2,candidate_3,candidate_1,3,0.0033333333333333335
1283,candidate_2,candidate_3,candidate_1,3,0.0033333333333333335
1284,candidate_2,candidate_3,candidate_1,3,0.0033333333333333335
1285,candidate_2,candidate_3,candidate_1,3,0.0033333333333333335
1286,candidate_2,candidate_3,candidate_1,3,0.0033333333333333335
1287,candidate_2,candidate_3,candidate_1,3,0.0033333333333333335
1288,candidate_2,candidate_3,candidate_1,3,0.0033333333333333335
1289,candidate_2,candidate_3,candidate_1,3,0.0033333333333333335
1290,candidate_2,candidate_3,candidate_1,3,0.0033333333333333335
1291,candidate_2,candidate_3,candidate_1,3,0.0033333333333333335
1292,candidate_2,candidate_3,candidate_1,3,0.0033333333333333335
1293,candidate_2,candidate_3,candidate_1,3,0.0033333333333333335
1294,candidate_2,candidate_3,candidate_1,3,0.0033333333333333335
1295,candidate_2,candidate_3,candidate_1,3,0.0033333333333333335
1296,candidate_2,candidate_3,candidate_1,3,0.0033333333333333335
1297,candidate_2,candidate_3,candidate_1,3,0.0033333333333333335
1298,candidate_2,candidate_3,candidate_1,3,0.0033333333333333335
1299,candidate_2,candidate_3,candidate_1,3,0.0033333333333333335
1300,candidate_2,candidate_3,candidate_1,3,0.0033333333333333335
1301,candidate_2,candidate_3,candidate_1,3,0.0033333333333333335
1302,candidate_2,candidate_3,candidate_1,3,0.0033333333333333335
1303,candidate_2,candidate_3,candidate_1,3,0.0033333333333333335
1304,candidate_2,candidate_3,candidate_1,3,0.0033333333333333335
1305,candidate_2,candidate_3,candidate_1,3,0.0033333333333333335
1306,candidate_2,candidate_3,candidate_1,3,0.0033333333333333335
1307,candidate_2,candidate_3,candidate_1,3,0.0033333333333333335
1308,candidate_2,candidate_3,candidate_1,3,0.0033333333333333335
1309,candidate_2,candidate_3,candidate_1,3,0.0033333333333333335
1310,candidate_2,candidate_3,candidate_1,3,0.0033333333333333335
1311,candidate_2,candidate_3,candidate_1,3,0.0033333333333333335
1312,candidate_2,candidate_3,candidate_1,3,0.0033333333333333335
1313,candidate_2,candidate_3,candidate_1,3,0.0033333333333333335
1314,candidate_2,candidate_3,candidate_1,3,0.0033333333333333335
1315,candidate_2,candidate_3,candidate_1,3,0.0033333333333333335
1316,candidate_2,candidate_3,candidate_1,3,0.0033333333333333335
1317,candidate_2,candidate_3,candidate_1,3,0.0033333333333333335
1318,candidate_2,candidate_3,candidate_1,3,0.0033333333333333335
1319,candidate_2,candidate_3,candidate_1,3,0.0033333333333333335
1320,candidate_2,candidate_3,candidate_1,3,0.0033333333333333335
1321,candidate_2,candidate_3,candidate_1,3,0.0033333333333333335
1322,candidate_2,candidate_3,candidate_1,3,0.0033333333333333335
1323,candidate_2,candidate_3,candidate_1,3,0.0033333333333333335
1324,candidate_2,candidate_3,candidate_1,3,0.0033333333333333335
1325,candidate_2,candidate_3,candidate_1,3,0.0033333333333333335
1326,candidate_2,candidate_3,candidate_1,3,0.0033333333333333335
1327,candidate_2,candidate_3,candidate_1,3,0.0033333333333333335
1328,candidate_2,candidate_3,candidate_1,3,0.0033333333333333335
1329,candidate_2,candidate_3,candidate_1,3,0.0033333333333333335
1330,candidate_2,candidate_3,candidate_1,3,0.0033333333333333335
1331,candidate_2,candidate_3,candidate_1,3,0.0033333333333333335
1332,candidate_2,candidate_3,candidate_1,3,0.0033333333333333335
1333,candidate_2,candidate_3,candidate_1,3,0.0033333333333333335
1334,candidate_2,candidate_3,candidate_1,3,0.0033333333333333335
1335,candidate_2,candidate_3,candidate_1,3,0.0033333333333333335
1336,candidate_2,candidate_3,candidate_1,3,0.0033333333333333335
1337,candidate_2,candidate_3,candidate_1,3,0.0033333333333333335
1338,candidate_2,candidate_3,candidate_1,3,0.0033333333333333335
1339,candidate_2,candidate_3,candidate_1,3,0.0033333333333333335
1340,candidate_2,candidate_3,candidate_1,3,0.0033333333333333335
1341,candidate_2,candidate_3,candidate_1,3,0.0033333333333333335
1342,candidate_2,candidate_3,candidate_1,3,0.0033333333333333335
1343,candidate_2,candidate_3,candidate_1,3,0.0033333333333333335
1344,candidate_2,candidate_3,candidate_1,3,0.0033333333333333335
1345,candidate_2,candidate_3,candidate_1,3,0.0033333333333333335
1346,candidate_2,candidate_3,candidate_1,3,0.0033333333333333335
1347,candidate_2,candidate_3,candidate_1,3,0.0033333333333333335
1348,candidate_2,candidate_3,candidate_1,3,0.0033333333333333335
1349,candidate_2,candidate_3,candidate_1,3,0.0033333333333333335
1350,candidate_2,candidate_3,candidate_1,3,0.0033333333333333335
1351,candidate_2,candidate_3,candidate_1,3,0.0033333333333333335
1352,candidate_2,candidate_3,candidate_1,3,0.0033333333333333335
1353,candidate_2,candidate_3,candidate_1,3,0.0033333333333333335
1354,candidate_2,candidate_3,candidate_1,3,0.0033333333333333335
1355,candidate_2,candidate_3,candidate_1,3,0.0033333333333333335
1356,candidate_2,candidate_3,candidate_1,3,0.0033333333333333335
1357,candidate_2,candidate_3,candidate_1,3,0.0033333333333333335
1358,candidate_2,candidate_3,candidate_1,3,0.0033333333333333335
1359,candidate_2,candidate_3,candidate_1,3,0.0033333333333333335
1360,candidate_2,candidate_3,candidate_1,3,0.0033333333333333335
1361,candidate_2,candidate_3,candidate_1,3,0.0033333333333333335
1362,candidate_2,candidate_3,candidate_1,3,0.0033333333333333335
1363,candidate_2,candidate_3,candidate_1,3,0.0033333333333333335
1364,candidate_2,candidate_3,candidate_1,3,0.0033333333333333335
1365,candidate_2,candidate_3,candidate_1,3,0.0033333333333333335
1366,candidate_2,candidate_3,candidate_1,3,0.0033333333333333335
1367,candidate_2,candidate_3,candidate_1,3,0.0033333333333333335
1368,candidate_2,candidate_3,candidate_1,3,0.0033333333333333335
1369,candidate_2,candidate_3,candidate_1,3,0.0033333333333333335
1370,candidate_2,candidate_3,candidate_1,3,0.0033333333333333335
1371,candidate_2,candidate_3,candidate_1,3,0.0033333333333333335
1372,candidate_2,candidate_3,candidate_1,3,0.0033333333333333335
1373,candidate_2,candidate_3,candidate_1,3,0.0033333333333333335
1374,candidate_2,candidate_3,candidate_1,3,0.0033333333333333335
1375,candidate_2,candidate_3,candidate_1,3,0.0033333333333333335
1376,candidate_2,candidate_3,candidate_1,3,0.0033333333333333335
1377,candidate_2,candidate_3,candidate_1,3,0.0033333333333333335
1378,candidate_2,candidate_3,candidate_1,3,0.0033333333333333335
1379,candidate_2,candidate_3,candidate_1,3,0.0033333333333333335
1380,candidate_2,candidate_3,candidate_1,3,0.0033333333333333335
1381,candidate_2,candidate_3,candidate_1,3,0.0033333333333333335
1382,candidate_2,candidate_3,candidate_1,3,0.0033333333333333335
1383,candidate_2,candidate_3,candidate_1,3,0.0033333333333333335
1384,candidate_2,candidate_3,candidate_1,3,0.0033333333333333335
1385,candidate_2,candidate_3,candidate_1,3,0.0033333333333333335
1386,candidate_2,candidate_3,candidate_1,3,0.0033333333333333335
1387,candidate_2,candidate_3,candidate_1,3,0.0033333333333333335
1388,candidate_2,candidate_3,candidate_1,3,0.0033333333333333335
1389,candidate_2,candidate_3,candidate_1,3,0.0033333333333333335
1390,candidate_2,candidate_3,candidate_1,3,0.0033333333333333335
1391,candidate_2,candidate_3,candidate_1,3,0.0033333333333333335
1392,candidate_2,candidate_3,candidate_1,3,0.0033333333333333335
1393,candidate_2,candidate_3,candidate_1,3,0.0033333333333333335
1394,candidate_2,candidate_3,candidate_1,3,0.0033333333333333335
1395,candidate_2,candidate_3,candidate_1,3,0.0033333333333333335
1396,candidate_2,candidate_3,candidate_1,3,0.0033333333333333335
1397,candidate_2,candidate_3,candidate_1,3,0.0033333333333333335
1398,candidate_2,candidate_3,candidate_1,3,0.0033333333333333335
1399,candidate_2,candidate_3,candidate_1,3,0.0033333333333333335
1400,candidate_2,candidate_3,candidate_1,3,0.0033333333333333335
1401,candidate_2,candidate_3,candidate_1,3,0.0033333333333333335
1402,candidate_2,candidate_3,candidate_1,3,0.0033333333333333335
1403,candidate_2,candidate_3,candidate_1,3,0.0033333333333333335
1404,candidate_2,candidate_3,candidate_1,3,0.0033333333333333335
1405,candidate_2,candidate_3,candidate_1,3,0.0033333333333333335
1406,candidate_2,candidate_3,candidate_1,3,0.0033333333333333335
1407,candidate_2,candidate_3,candidate_1,3,0.0033333333333333335
1408,candidate_2,candidate_3,candidate_1,3,0.0033333333333333335
1409,candidate_2,candidate_3,candidate_1,3,0.0033333333333333335
1410,candidate_2,candidate_3,candidate_1,3,0.0033333333333333335
1411,candidate_2,candidate_3,candidate_1,3,0.0033333333333333335
1412,candidate_2,candidate_3,candidate_1,3,0.0033333333333333335
1413,candidate_2,candidate_3,candidate_1,3,0.0033333333333333335
1414,candidate_2,candidate_3,candidate_1,3,0.0033333333333333335
1415,candidate_2,candidate_3,candidate_1,3,0.0033333333333333335
1416,candidate_2,candidate_3,candidate_1,3,0.0033333333333333335
1417,candidate_2,candidate_3,candidate_1,3,0.0033333333333333335
1418,candidate_2,candidate_3,candidate_1,3,0.0033333333333333335
1419,candidate_2,candidate_3,candidate_1,3,0.0033333333333333335
1420,candidate_2,candidate_3,candidate_1,3,0.0033333333333333335
1421,candidate_2,candidate_3,candidate_1,3,0.0033333333333333335
1422,candidate_2,candidate_3,candidate_1,3,0.0033333333333333335
1423,candidate_2,candidate_3,candidate_1,3,0.0033333333333333335
1424,candidate_2,candidate_3,candidate_1,3,0.0033333333333333335
1425,candidate_2,candidate_3,candidate_1,3,0.0033333333333333335
1426,candidate_2,candidate_3,candidate_1,3,0.0033333333333333335
1427,candidate_2,candidate_3,candidate_1,3,0.0033333333333333335
1428,candidate_2,candidate_3,candidate_1,3,0.0033333333333333335
1429,candidate_2,candidate_3,candidate_1,3,0.0033333333333333335
1430,candidate_2,candidate_3,candidate_1,3,0.0033333333333333335
1431,candidate_2,candidate_3,candidate_1,3,0.0033333333333333335
1432,candidate_2,candidate_3,candidate_1,3,0.0033333333333333335
1433,candidate_2,candidate_3,candidate_1,3,0.0033333333333333335
1434,candidate_2,candidate_3,candidate_1,3,0.0033333333333333335
1435,candidate_2,candidate_3,candidate_1,3,0.0033333333333333335
1436,candidate_2,candidate_3,candidate_1,3,0.0033333333333333335
1437,candidate_2,candidate_3,candidate_1,3,0.0033333333333333335
1438,candidate_2,candidate_3,candidate_1,3,0.0033333333333333335
1439,candidate_2,candidate_3,candidate_1,3,0.0033333333333333335
1440,candidate_2,candidate_3,candidate_1,3,0.0033333333333333335
1441,candidate_2,candidate_3,candidate_1,3,0.0033333333333333335
1442,candidate_2,candidate_3,candidate_1,3,0.0033333333333333335
1443,candidate_2,candidate_3,candidate_1,3,0.0033333333333333335
1444,candidate_2,candidate_3,candidate_1,3,0.0033333333333333335
1445,candidate_2,candidate_3,candidate_1,3,0.0033333333333333335
1446,candidate_2,candidate_3,candidate_1,3,0.0033333333333333335
1447,candidate_2,candidate_3,candidate_1,3,0.0033333333333333335
1448,candidate_2,candidate_3,candidate_1,3,0.0033333333333333335
1449,candidate_2,candidate_3,candidate_1,3,0.0033333333333333335
1450,candidate_2,candidate_3,candidate_1,3,0.0033333333333333335
1451,candidate_2,candidate_3,candidate_1,3,0.0033333333333333335
1452,candidate_2,candidate_3,candidate_1,3,0.0033333333333333335
1453,candidate_2,candidate_3,candidate_1,3,0.0033333333333333335
1454,candidate_2,candidate_3,candidate_1,3,0.0033333333333333335
1455,candidate_2,candidate_3,candidate_1,3,0.0033333333333333335
1456,candidate_2,candidate_3,candidate_1,3,0.0033333333333333335
1457,candidate_2,candidate_3,candidate_1,3,0.0033333333333333335
1458,candidate_2,candidate_3,candidate_1,3,0.0033333333333333335
1459,candidate_2,candidate_3,candidate_1,3,0.0033333333333333335
1460,candidate_2,candidate_3,candidate_1,3,0.0033333333333333335
1461,candidate_2,candidate_3,candidate_1,3,0.0033333333333333335
1462,candidate_2,candidate_3,candidate_1,3,0.0033333333333333335
1463,candidate_2,candidate_3,candidate_1,3,0.0033333333333333335
1464,candidate_2,candidate_3,candidate_1,3,0.0033333333333333335
1465,candidate_2,candidate_3,candidate_1,3,0.0033333333333333335
1466,candidate_2,candidate_3,candidate_1,3,0.0033333333333333335
1467,candidate_2,candidate_3,candidate_1,3,0.0033333333333333335
1468,candidate_2,candidate_3,candidate_1,3,0.0033333333333333335
1469,candidate_2,candidate_3,candidate_1,3,0.0033333333333333335
1470,candidate_2,candidate_3,candidate_1,3,0.0033333333333333335
1471,candidate_2,candidate_3,candidate_1,3,0.0033333333333333335
1472,candidate_2,candidate_3,candidate_1,3,0.0033333333333333335
1473,candidate_2,candidate_3,candidate_1,3,0.0033333333333333335
1474,candidate_2,candidate_3,candidate_1,3,0.0033333333333333335
1475,candidate_2,candidate_3,candidate_1,3,0.0033333333333333335
1476,candidate_2,candidate_3,candidate_1,3,0.0033333333333333335
1477,candidate_2,candidate_3,candidate_1,3,0.0033333333333333335
1478,candidate_2,candidate_3,candidate_1,3,0.0033333333333333335
1479,candidate_2,candidate_3,candidate_1,3,0.0033333333333333335
1480,candidate_2,candidate_3,candidate_1,3,0.0033333333333333335
1481,candidate_2,candidate_3,candidate_1,3,0.0033333333333333335
1482,candidate_2,candidate_3,candidate_1,3,0.0033333333333333335
1483,candidate_2,candidate_3,candidate_1,3,0.0033333333333333335
1484,candidate_2,candidate_3,candidate_1,3,0.0033333333333333335
1485,candidate_2,candidate_3,candidate_1,3,0.0033333333333333335
1486,candidate_2,candidate_3,candidate_1,3,0.0033333333333333335
1487,candidate_2,candidate_3,candidate_1,3,0.0033333333333333335
1488,candidate_2,candidate_3,candidate_1,3,0.0033333333333333335
1489,candidate_2,candidate_3,candidate_1,3,0.0033333333333333335
1490,candidate_2,candidate_3,candidate_1,3,0.0033333333333333335
1491,candidate_2,candidate_3,candidate_1,3,0.0033333333333333335
1492,candidate_2,candidate_3,candidate_1,3,0.0033333333333333335
1493,candidate_2,candidate_3,candidate_1,3,0.0033333333333333335
1494,candidate_2,candidate_3,candidate_1,3,0.0033333333333333335
1495,candidate_2,candidate_3,candidate_1,3,0.0033333333333333335
1496,candidate_2,candidate_3,candidate_1,3,0.0033333333333333335
1497,candidate_2,candidate_3,candidate_1,3,0.0033333333333333335
1498,candidate_2,candidate_3,candidate_1,3,0.0033333333333333335
1499,candidate_2,candidate_3,candidate_1,3,0.0033333333333333335
1500,candidate_2,candidate_3,candidate_1,3,0.0033333333333333335
1501,candidate_2,candidate_3,candidate_1,3,0.0033333333333333335
1502,candidate_2,candidate_3,candidate_1,3,0.0033333333333333335
1503,candidate_2,candidate_3,candidate_1,3,0.0033333333333333335
1504,candidate_2,candidate_3,candidate_1,3,0.0033333333333333335
1505,candidate_2,candidate_3,candidate_1,3,0.0033333333333333335
1506,candidate_2,candidate_3,candidate_1,3,0.0033333333333333335
1507,candidate_2,candidate_3,candidate_1,3,0.0033333333333333335
1508,candidate_2,candidate_3,candidate_1,3,0.0033333333333333335
1509,candidate_2,candidate_3,candidate_1,3,0.0033333333333333335
1510,candidate_2,candidate_3,candidate_1,3,0.0033333333333333335
1511,candidate_2,candidate_3,candidate_1,3,0.0033333333333333335
1512,candidate_2,candidate_3,candidate_1,3,0.0033333333333333335
1513,candidate_2,candidate_3,candidate_1,3,0.0033333333333333335
1514,candidate_2,candidate_3,candidate_1,3,0.0033333333333333335
1515,candidate_2,candidate_3,candidate_1,3,0.0033333333333333335
1516,candidate_2,candidate_3,candidate_1,3,0.0033333333333333335
1517,candidate_2,candidate_3,candidate_1,3,0.0033333333333333335
1518,candidate_2,candidate_3,candidate_1,3,0.0033333333333333335
1519,candidate_2,candidate_3,candidate_1,3,0.0033333333333333335
1520,candidate_2,candidate_3,candidate_1,3,0.0033333333333333335
1521,candidate_2,candidate_3,candidate_1,3,0.0033333333333333335
1522,candidate_2,candidate_3,candidate_1,3,0.0033333333333333335
1523,candidate_2,candidate_3,candidate_1,3,0.0033333333333333335
1524,candidate_2,candidate_3,candidate_1,3,0.0033333333333333335
1525,candidate_2,candidate_3,candidate_1,3,0.0033333333333333335
1526,candidate_2,candidate_3,candidate_1,3,0.0033333333333333335
1527,candidate_2,candidate_3,candidate_1,3,0.0033333333333333335
1528,candidate_2,candidate_3,candidate_1,3,0.0033333333333333335
1529,candidate_2,candidate_3,candidate_1,3,0.0033333333333333335
1530,candidate_2,candidate_3,candidate_1,3,0.0033333333333333335
1531,candidate_2,candidate_3,candidate_1,3,0.0033333333333333335
1532,candidate_2,candidate_3,candidate_1,3,0.0033333333333333335
1533,candidate_2,candidate_3,candidate_1,3,0.0033333333333333335
1534,candidate_2,candidate_3,candidate_1,3,0.0033333333333333335
1535,candidate_2,candidate_3,candidate_1,3,0.0033333333333333335
1536,candidate_2,candidate_3,candidate_1,3,0.0033333333333333335
1537,candidate_2,candidate_3,candidate_1,3,0.0033333333333333335
1538,candidate_2,candidate_3,candidate_1,3,0.0033333333333333335
1539,candidate_2,candidate_3,candidate_1,3,0.0033333333333333335
1540,candidate_2,candidate_3,candidate_1,3,0.0033333333333333335
1541,candidate_2,candidate_3,candidate_1,3,0.0033333333333333335
1542,candidate_2,candidate_3,candidate_1,3,0.0033333333333333335
1543,candidate_2,candidate_3,candidate_1,3,0.0033333333333333335
1544,candidate_2,candidate_3,candidate_1,3,0.0033333333333333335
1545,candidate_2,candidate_3,candidate_1,3,0.0033333333333333335
1546,candidate_2,candidate_3,candidate_1,3,0.0033333333333333335
1547,candidate_2,candidate_3,candidate_1,3,0.0033333333333333335
1548,candidate_2,candidate_3,candidate_1,3,0.0033333333333333335
1549,candidate_2,candidate_3,candidate_1,3,0.0033333333333333335
1550,candidate_2,candidate_3,candidate_1,3,0.0033333333333333335
1551,candidate_2,candidate_3,candidate_1,3,0.0033333333333333335
1552,candidate_2,candidate_3,candidate_1,3,0.0033333333333333335
1553,candidate_2,candidate_3,candidate_1,3,0.0033333333333333335
1554,candidate_2,candidate_3,candidate_1,3,0.0033333333333333335
1555,candidate_2,candidate_3,candidate_1,3,0.0033333333333333335
1556,candidate_2,candidate_3,candidate_1,3,0.0033333333333333335
1557,candidate_2,candidate_3,candidate_1,3,0.0033333333333333335
1558,candidate_2,candidate_3,candidate_1,3,0.0033333333333333335
1559,candidate_2,candidate_3,candidate_1,3,0.0033333333333333335
1560,candidate_2,candidate_3,candidate_1,3,0.0033333333333333335
1561,candidate_2,candidate_3,candidate_1,3,0.0033333333333333335
1562,candidate_2,candidate_3,candidate_1,3,0.0033333333333333335
1563,candidate_2,candidate_3,candidate_1,3,0.0033333333333333335
1564,candidate_2,candidate_3,candidate_1,3,0.0033333333333333335
1565,candidate_2,candidate_3,candidate_1,3,0.0033333333333333335
1566,candidate_2,candidate_3,candidate_1,3,0.0033333333333333335
1567,candidate_2,candidate_3,candidate_1,3,0.0033333333333333335
1568,candidate_2,candidate_3,candidate_1,3,0.0033333333333333335
1569,candidate_2,candidate_3,candidate_1,3,0.0033333333333333335
1570,candidate_2,candidate_3,candidate_1,3,0.0033333333333333335
1571,candidate_2,candidate_3,candidate_1,3,0.0033333333333333335
1572,candidate_2,candidate_3,candidate_1,3,0.0033333333333333335
1573,candidate_2,candidate_3,candidate_1,3,0.0033333333333333335
1574,candidate_2,candidate_3,candidate_1,3,0.0033333333333333335
1575,candidate_2,candidate_3,candidate_1,3,0.0033333333333333335
1576,candidate_2,candidate_3,candidate_1,3,0.0033333333333333335
1577,candidate_2,candidate_3,candidate_1,3,0.0033333333333333335
1578,candidate_2,candidate_3,candidate_1,3,0.0033333333333333335
1579,candidate_2,candidate_3,candidate_1,3,0.0033333333333333335
1580,candidate_2,candidate_3,candidate_1,3,0.0033333333333333335
1581,candidate_2,candidate_3,candidate_1,3,0.0033333333333333335
1582,candidate_2,candidate_3,candidate_1,3,0.0033333333333333335
1583,candidate_2,candidate_3,candidate_1,3,0.0033333333333333335
1584,candidate_2,candidate_3,candidate_1,3,0.0033333333333333335
1585,candidate_2,candidate_3,candidate_1,3,0.0033333333333333335
1586,candidate_2,candidate_3,candidate_1,3,0.0033333333333333335
1587,candidate_2,candidate_3,candidate_1,3,0.0033333333333333335
1588,candidate_2,candidate_3,candidate_1,3,0.0033333333333333335
1589,candidate_2,candidate_3,candidate_1,3,0.0033333333333333335
1590,candidate_2,candidate_3,candidate_1,3,0.0033333333333333335
1591,candidate_2,candidate_3,candidate_1,3,0.0033333333333333335
1592,candidate_2,candidate_3,candidate_1,3,0.0033333333333333335
1593,candidate_2,candidate_3,candidate_1,3,0.0033333333333333335
1594,candidate_2,candidate_3,candidate_1,3,0.0033333333333333335
1595,candidate_2,candidate_3,candidate_1,3,0.0033333333333333335
1596,candidate_2,candidate_3,candidate_1,3,0.0033333333333333335
1597,candidate_2,candidate_3,candidate_1,3,0.0033333333333333335
1598,candidate_2,candidate_3,candidate_1,3,0.0033333333333333335
1599,candidate_2,candidate_3,candidate_1,3,0.0033333333333333335
1600,candidate_2,candidate_3,candidate_1,3,0.0033333333333333335
1601,candidate_2,candidate_3,candidate_1,3,0.0033333333333333335
1602,candidate_2,candidate_3,candidate_1,3,0.0033333333333333335
1603,candidate_2,candidate_3,candidate_1,3,0.0033333333333333335
1604,candidate_2,candidate_3,candidate_1,3,0.0033333333333333335
1605,candidate_2,candidate_3,candidate_1,3,0.0033333333333333335
1606,candidate_2,candidate_3,candidate_1,3,0.0033333333333333335
1607,candidate_2,candidate_3,candidate_1,3,0.0033333333333333335
1608,candidate_2,candidate_3,candidate_1,3,0.0033333333333333335
1609,candidate_2,candidate_3,candidate_1,3,0.0033333333333333335
1610,candidate_2,candidate_3,candidate_1,3,0.0033333333333333335
1611,candidate_2,candidate_3,candidate_1,3,0.0033333333333333335
1612,candidate_2,candidate_3,candidate_1,3,0.0033333333333333335
1613,candidate_2,candidate_3,candidate_1,3,0.0033333333333333335
1614,candidate_2,candidate_3,candidate_1,3,0.0033333333333333335
1615,candidate_2,candidate_3,candidate_1,3,0.0033333333333333335
1616,candidate_2,candidate_3,candidate_1,3,0.0033333333333333335
1617,candidate_2,candidate_3,candidate_1,3,0.0033333333333333335
1618,candidate_2,candidate_3,candidate_1,3,0.0033333333333333335
1619,candidate_2,candidate_3,candidate_1,3,0.0033333333333333335
1620,candidate_2,candidate_3,candidate_1,3,0.0033333333333333335
1621,candidate_2,candidate_3,candidate_1,3,0.0033333333333333335
1622,candidate_2,candidate_3,candidate_1,3,0.0033333333333333335
1623,candidate_2,candidate_3,candidate_1,3,0.0033333333333333335
1624,candidate_2,candidate_3,candidate_1,3,0.0033333333333333335
1625,candidate_2,candidate_3,candidate_1,3,0.0033333333333333335
1626,candidate_2,candidate_3,candidate_1,3,0.0033333333333333335
1627,candidate_2,candidate_3,candidate_1,3,0.0033333333333333335
1628,candidate_2,candidate_3,candidate_1,3,0.0033333333333333335
1629,candidate_2,candidate_3,candidate_1,3,0.0033333333333333335
1630,candidate_2,candidate_3,candidate_1,3,0.0033333333333333335
1631,candidate_2,candidate_3,candidate_1,3,0.0033333333333333335
1632,candidate_2,candidate_3,candidate_1,3,0.0033333333333333335
1633,candidate_2,candidate_3,candidate_1,3,0.0033333333333333335
1634,candidate_2,candidate_3,candidate_1,3,0.0033333333333333335
1635,candidate_2,candidate_3,candidate_1,3,0.0033333333333333335
1636,candidate_2,candidate_3,candidate_1,3,0.0033333333333333335
1637,candidate_2,candidate_3,candidate_1,3,0.0033333333333333335
1638,candidate_2,candidate_3,candidate_1,3,0.0033333333333333335
1639,candidate_2,candidate_3,candidate_1,3,0.0033333333333333335
1640,candidate_2,candidate_3,candidate_1,3,0.0033333333333333335
1641,candidate_2,candidate_3,candidate_1,3,0.0033333333333333335
1642,candidate_2,candidate_3,candidate_1,3,0.0033333333333333335
1643,candidate_2,candidate_3,candidate_1,3,0.0033333333333333335
1644,candidate_2,candidate_3,candidate_1,3,0.0033333333333333335
1645,candidate_2,candidate_3,candidate_1,3,0.0033333333333333335
1646,candidate_2,candidate_3,candidate_1,3,0.0033333333333333335
1647,candidate_2,candidate_3,candidate_1,3,0.0033333333333333335
1648,candidate_2,candidate_3,candidate_1,3,0.0033333333333333335
1649,candidate_2,candidate_3,candidate_1,3,0.0033333333333333335
1650,candidate_2,candidate_3,candidate_1,3,0.0033333333333333335
1651,candidate_2,candidate_3,candidate_1,3,0.0033333333333333335
1652,candidate_2,candidate_3,candidate_1,3,0.0033333333333333335
1653,candidate_2,candidate_3,candidate_1,3,0.0033333333333333335
1654,candidate_2,candidate_3,candidate_1,3,0.0033333333333333335
1655,candidate_2,candidate_3,candidate_1,3,0.0033333333333333335
1656,candidate_2,candidate_3,candidate_1,3,0.0033333333333333335
1657,candidate_2,candidate_3,candidate_1,3,0.0033333333333333335
1658,candidate_2,candidate_3,candidate_1,3,0.0033333333333333335
1659,candidate_2,candidate_3,candidate_1,3,0.0033333333333333335
1660,candidate_2,candidate_3,candidate_1,3,0.0033333333333333335
1661,candidate_2,candidate_3,candidate_1,3,0.0033333333333333335
1662,candidate_2,candidate_3,candidate_1,3,0.0033333333333333335
1663,candidate_2,candidate_3,candidate_1,3,0.0033333333333333335
1664,candidate_2,candidate_3,candidate_1,3,0.0033333333333333335
1665,candidate_2,candidate_3,candidate_1,3,0.0033333333333333335
1666,candidate_2,candidate_3,candidate_1,3,0.0033333333333333335
1667,candidate_2,candidate_3,candidate_1,3,0.0033333333333333335
1668,candidate_2,candidate_3,candidate_1,3,0.0033333333333333335
1669,candidate_2,candidate_3,candidate_1,3,0.0033333333333333335
1670,candidate_2,candidate_3,candidate_1,3,0.0033333333333333335
1671,candidate_2,candidate_3,candidate_1,3,0.0033333333333333335
1672,candidate_2,candidate_3,candidate_1,3,0.0033333333333333335
1673,candidate_2,candidate_3,candidate_1,3,0.0033333333333333335
1674,candidate_2,candidate_3,candidate_1,3,0.0033333333333333335
1675,candidate_2,candidate_3,candidate_1,3,0.0033333333333333335
1676,candidate_2,candidate_3,candidate_1,3,0.0033333333333333335
1677,candidate_2,candidate_3,candidate_1,3,0.0033333333333333335
1678,candidate_2,candidate_3,candidate_1,3,0.0033333333333333335
1679,candidate_2,candidate_3,candidate_1,3,0.0033333333333333335
1680,candidate_2,candidate_3,candidate_1,3,0.0033333333333333335
1681,candidate_2,candidate_3,candidate_1,3,0.0033333333333333335
1682,candidate_2,candidate_3,candidate_1,3,0.0033333333333333335
1683,candidate_2,candidate_3,candidate_1,3,0.0033333333333333335
1684,candidate_2,candidate_3,candidate_1,3,0.0033333333333333335
1685,candidate_2,candidate_3,candidate_1,3,0.0033333333333333335
1686,candidate_2,candidate_3,candidate_1,3,0.0033333333333333335
1687,candidate_2,candidate_3,candidate_1,3,0.0033333333333333335
1688,candidate_2,candidate_3,candidate_1,3,0.0033333333333333335
1689,candidate_2,candidate_3,candidate_1,3,0.0033333333333333335
1690,candidate_2,candidate_3,candidate_1,3,0.0033333333333333335
1691,candidate_2,candidate_3,candidate_1,3,0.0033333333333333335
1692,candidate_2,candidate_3,candidate_1,3,0.0033333333333333335
1693,candidate_2,candidate_3,candidate_1,3,0.0033333333333333335
1694,candidate_2,candidate_3,candidate_1,3,0.0033333333333333335
1695,candidate_2,candidate_3,candidate_1,3,0.0033333333333333335
1696,candidate_2,candidate_3,candidate_1,3,0.0033333333333333335
1697,candidate_2,candidate_3,candidate_1,3,0.0033333333333333335
1698,candidate_2,candidate_3,candidate_1,3,0.0033333333333333335
1699,candidate_2,candidate_3,candidate_1,3,0.0033333333333333335
1700,candidate_2,candidate_3,candidate_1,3,0.0033333333333333335
1701,candidate_2,candidate_3,candidate_1,3,0.0033333333333333335
1702,candidate_2,candidate_3,candidate_1,3,0.0033333333333333335
1703,candidate_2,candidate_3,candidate_1,3,0.0033333333333333335
1704,candidate_2,candidate_3,candidate_1,3,0.0033333333333333335
1705,candidate_2,candidate_3,candidate_1,3,0.0033333333333333335
1706,candidate_2,candidate_3,candidate_1,3,0.0033333333333333335
1707,candidate_2,candidate_3,candidate_1,3,0.0033333333333333335
1708,candidate_2,candidate_3,candidate_1,3,0.0033333333333333335
1709,candidate_2,candidate_3,candidate_1,3,0.0033333333333333335
1710,candidate_2,candidate_3,candidate_1,3,0.0033333333333333335
1711,candidate_2,candidate_3,candidate_1,3,0.0033333333333333335
1712,candidate_2,candidate_3,candidate_1,3,0.0033333333333333335
1713,candidate_2,candidate_3,candidate_1,3,0.0033333333333333335
1714,candidate_2,candidate_3,candidate_1,3,0.0033333333333333335
1715,candidate_2,candidate_3,candidate_1,3,0.0033333333333333335
1716,candidate_2,candidate_3,candidate_1,3,0.0033333333333333335
1717,candidate_2,candidate_3,candidate_1,3,0.0033333333333333335
1718,candidate_2,candidate_3,candidate_1,3,0.0033333333333333335
1719,candidate_2,candidate_3,candidate_1,3,0.0033333333333333335
1720,candidate_2,candidate_3,candidate_1,3,0.0033333333333333335
1721,candidate_2,candidate_3,candidate_1,3,0.0033333333333333335
1722,candidate_2,candidate_3,candidate_1,3,0.0033333333333333335
1723,candidate_2,candidate_3,candidate_1,3,0.0033333333333333335
1724,candidate_2,candidate_3,candidate_1,3,0.0033333333333333335
1725,candidate_2,candidate_3,candidate_1,3,0.0033333333333333335
1726,candidate_2,candidate_3,candidate_1,3,0.0033333333333333335
1727,candidate_2,candidate_3,candidate_1,3,0.0033333333333333335
1728,candidate_2,candidate_3,candidate_1,3,0.0033333333333333335
1729,candidate_2,candidate_3,candidate_1,3,0.0033333333333333335
1730,candidate_2,candidate_3,candidate_1,3,0.0033333333333333335
1731,candidate_2,candidate_3,candidate_1,3,0.0033333333333333335
1732,candidate_2,candidate_3,candidate_1,3,0.0033333333333333335
1733,candidate_2,candidate_3,candidate_1,3,0.0033333333333333335
1734,candidate_2,candidate_3,candidate_1,3,0.0033333333333333335
1735,candidate_2,candidate_3,candidate_1,3,0.0033333333333333335
1736,candidate_2,candidate_3,candidate_1,3,0.0033333333333333335
1737,candidate_2,candidate_3,candidate_1,3,0.0033333333333333335
1738,candidate_2,candidate_3,candidate_1,3,0.0033333333333333335
1739,candidate_2,candidate_3,candidate_1,3,0.0033333333333333335
1740,candidate_2,candidate_3,candidate_1,3,0.0033333333333333335
1741,candidate_2,candidate_3,candidate_1,3,0.0033333333333333335
1742,candidate_2,candidate_3,candidate_1,3,0.0033333333333333335
1743,candidate_2,candidate_3,candidate_1,3,0.0033333333333333335
1744,candidate_2,candidate_3,candidate_1,3,0.0033333333333333335
1745,candidate_2,candidate_3,candidate_1,3,0.0033333333333333335
1746,candidate_2,candidate_3,candidate_1,3,0.0033333333333333335
1747,candidate_2,candidate_3,candidate_1,3,0.0033333333333333335
1748,candidate_2,candidate_3,candidate_1,3,0.0033333333333333335
1749,candidate_2,candidate_3,candidate_1,3,0.0033333333333333335
1750,candidate_2,candidate_3,candidate_1,3,0.0033333333333333335
1751,candidate_2,candidate_3,candidate_1,3,0.0033333333333333335
1752,candidate_2,candidate_3,candidate_1,3,0.0033333333333333335
1753,candidate_2,candidate_3,candidate_1,3,0.0033333333333333335
1754,candidate_2,candidate_3,candidate_1,3,0.0033333333333333335
1755,candidate_2,candidate_3,candidate_1,3,0.0033333333333333335
1756,candidate_2,candidate_3,candidate_1,3,0.0033333333333333335
1757,candidate_2,candidate_3,candidate_1,3,0.0033333333333333335
1758,candidate_2,candidate_3,candidate_1,3,0.0033333333333333335
1759,candidate_2,candidate_3,candidate_1,3,0.0033333333333333335
1760,candidate_2,candidate_3,candidate_1,3,0.0033333333333333335
1761,candidate_2,candidate_3,candidate_1,3,0.0033333333333333335
1762,candidate_2,candidate_3,candidate_1,3,0.0033333333333333335
1763,candidate_2,candidate_3,candidate_1,3,0.0033333333333333335
1764,candidate_2,candidate_3,candidate_1,3,0.0033333333333333335
1765,candidate_2,candidate_3,candidate_1,3,0.0033333333333333335
1766,candidate_2,candidate_3,candidate_1,3,0.0033333333333333335
1767,candidate_2,candidate_3,candidate_1,3,0.0033333333333333335
1768,candidate_2,candidate_3,candidate_1,3,0.0033333333333333335
1769,candidate_2,candidate_3,candidate_1,3,0.0033333333333333335
1770,candidate_2,candidate_3,candidate_1,3,0.0033333333333333335
1771,candidate_2,candidate_3,candidate_1,3,0.0033333333333333335
1772,candidate_2,candidate_3,candidate_1,3,0.0033333333333333335
1773,candidate_2,candidate_3,candidate_1,3,0.0033333333333333335
1774,candidate_2,candidate_3,candidate_1,3,0.0033333333333333335
1775,candidate_2,candidate_3,candidate_1,3,0.0033333333333333335
1776,candidate_2,candidate_3,candidate_1,3,0.0033333333333333335
1777,candidate_2,candidate_3,candidate_1,3,0.0033333333333333335
1778,candidate_2,candidate_3,candidate_1,3,0.0033333333333333335
1779,candidate_2,candidate_3,candidate_1,3,0.0033333333333333335
1780,candidate_2,candidate_3,candidate_1,3,0.0033333333333333335
1781,candidate_2,candidate_3,candidate_1,3,0.0033333333333333335
1782,candidate_2,candidate_3,candidate_1,3,0.0033333333333333335
1783,candidate_2,candidate_3,candidate_1,3,0.0033333333333333335
1784,candidate_2,candidate_3,candidate_1,3,0.0033333333333333335
1785,candidate_2,candidate_3,candidate_1,3,0.0033333333333333335
1786,candidate_2,candidate_3,candidate_1,3,0.0033333333333333335
1787,candidate_2,candidate_3,candidate_1,3,0.0033333333333333335
1788,candidate_2,candidate_3,candidate_1,3,0.0033333333333333335
1789,candidate_2,candidate_3,candidate_1,3,0.0033333333333333335
1790,candidate_2,candidate_3,candidate_1,3,0.0033333333333333335
1791,candidate_2,candidate_3,candidate_1,3,0.0033333333333333335
1792,candidate_2,candidate_3,candidate_1,3,0.0033333333333333335
1793,candidate_2,candidate_3,candidate_1,3,0.0033333333333333335
1794,candidate_2,candidate_3,candidate_1,3,0.0033333333333333335
1795,candidate_2,candidate_3,candidate_1,3,0.0033333333333333335
1796,candidate_2,candidate_3,candidate_1,3,0.0033333333333333335
1797,candidate_2,candidate_3,candidate_1,3,0.0033333333333333335
1798,candidate_2,candidate_3,candidate_1,3,0.0033333333333333335
1799,candidate_2,candidate_3,candidate_1,3,0.0033333333333333335
1800,candidate_2,candidate_3,candidate_1,3,0.0033333333333333335
1801,candidate_2,candidate_3,candidate_1,3,0.0033333333333333335
1802,candidate_2,candidate_3,candidate_1,3,0.0033333333333333335
1803,candidate_2,candidate_3,candidate_1,3,0.0033333333333333335
1804,candidate_2,candidate_3,candidate_1,3,0.0033333333333333335
1805,candidate_2,candidate_3,candidate_1,3,0.0033333333333333335
1806,candidate_2,candidate_3,candidate_1,3,0.0033333333333333335
1807,candidate_2,candidate_3,candidate_1,3,0.0033333333333333335
1808,candidate_2,candidate_3,candidate_1,3,0.0033333333333333335
1809,candidate_2,candidate_3,candidate_1,3,0.0033333333333333335
1810,candidate_2,candidate_3,candidate_1,3,0.0033333333333333335
1811,candidate_2,candidate_3,candidate_1,3,0.0033333333333333335
1812,candidate_2,candidate_3,candidate_1,3,0.0033333333333333335
1813,candidate_2,candidate_3,candidate_1,3,0.0033333333333333335
1814,candidate_2,candidate_3,candidate_1,3,0.0033333333333333335
1815,candidate_2,candidate_3,candidate_1,3,0.0033333333333333335
1816,candidate_2,candidate_3,candidate_1,3,0.0033333333333333335
1817,candidate_2,candidate_3,candidate_1,3,0.0033333333333333335
1818,candidate_2,candidate_3,candidate_1,3,0.0033333333333333335
1819,candidate_2,candidate_3,candidate_1,3,0.0033333333333333335
1820,candidate_2,candidate_3,candidate_1,3,0.0033333333333333335
1821,candidate_2,candidate_3,candidate_1,3,0.0033333333333333335
1822,candidate_2,candidate_3,candidate_1,3,0.0033333333333333335
1823,candidate_2,candidate_3,candidate_1,3,0.0033333333333333335
1824,candidate_2,candidate_3,candidate_1,3,0.0033333333333333335
1825,candidate_2,candidate_3,candidate_1,3,0.0033333333333333335
1826,candidate_2,candidate_3,candidate_1,3,0.0033333333333333335
1827,candidate_2,candidate_3,candidate_1,3,0.0033333333333333335
1828,candidate_2,candidate_3,candidate_1,3,0.0033333333333333335
1829,candidate_2,candidate_3,candidate_1,3,0.0033333333333333335
1830,candidate_2,candidate_3,candidate_1,3,0.0033333333333333335
1831,candidate_2,candidate_3,candidate_1,3,0.0033333333333333335
1832,candidate_2,candidate_3,candidate_1,3,0.0033333333333333335
1833,candidate_2,candidate_3,candidate_1,3,0.0033333333333333335
1834,candidate_2,candidate_3,candidate_1,3,0.0033333333333333335
1835,candidate_2,candidate_3,candidate_1,3,0.0033333333333333335
1836,candidate_2,candidate_3,candidate_1,3,0.0033333333333333335
1837,candidate_2,candidate_3,candidate_1,3,0.0033333333333333335
1838,candidate_2,candidate_3,candidate_1,3,0.0033333333333333335
1839,candidate_2,candidate_3,candidate_1,3,0.0033333333333333335
1840,candidate_2,candidate_3,candidate_1,3,0.0033333333333333335
1841,candidate_2,candidate_3,candidate_1,3,0.0033333333333333335
1842,candidate_2,candidate_3,candidate_1,3,0.0033333333333333335
1843,candidate_2,candidate_3,candidate_1,3,0.0033333333333333335
1844,candidate_2,candidate_3,candidate_1,3,0.0033333333333333335
1845,candidate_2,candidate_3,candidate_1,3,0.0033333333333333335
1846,candidate_2,candidate_3,candidate_1,3,0.0033333333333333335
1847,candidate_2,candidate_3,candidate_1,3,0.0033333333333333335
1848,candidate_2,candidate_3,candidate_1,3,0.0033333333333333335
1849,candidate_2,candidate_3,candidate_1,3,0.0033333333333333335
1850,candidate_2,candidate_3,candidate_1,3,0.0033333333333333335
1851,candidate_2,candidate_3,candidate_1,3,0.0033333333333333335
1852,candidate_2,candidate_3,candidate_1,3,0.0033333333333333335
1853,candidate_2,candidate_3,candidate_1,3,0.0033333333333333335
1854,candidate_2,candidate_3,candidate_1,3,0.0033333333333333335
1855,candidate_2,candidate_3,candidate_1,3,0.0033333333333333335
1856,candidate_2,candidate_3,candidate_1,3,0.0033333333333333335
1857,candidate_2,candidate_3,candidate_1,3,0.0033333333333333335
1858,candidate_2,candidate_3,candidate_1,3,0.0033333333333333335
1859,candidate_2,candidate_3,0,3,0.0033333333333333335
1860,candidate_2,candidate_3,candidate_1,3,0.0033333333333333335
1861,candidate_2,candidate_3,candidate_1,3,0.0033333333333333335
1862,candidate_2,candidate_3,candidate_1,3,0.0033333333333333335
1863,candidate_2,candidate_3,candidate_1,3,0.0033333333333333335
1864,candidate_2,candidate_3,candidate_1,3,0.0033333333333333335
1865,candidate_2,candidate_3,candidate_1,3,0.0033333333333333335
1866,candidate_2,candidate_3,candidate_1,3,0.0033333333333333335
1867,candidate_2,candidate_3,candidate_1,3,0.0033333333333333335
1868,candidate_2,candidate_3,candidate_1,3,0.0033333333333333335
1869,candidate_2,candidate_3,candidate_1,3,0.0033333333333333335
1870,candidate_2,candidate_3,candidate_1,3,0.0033333333333333335
1871,0,candidate_3,candidate_1,3,0.0033333333333333335
1872,candidate_2,candidate_3,candidate_1,3,0.0033333333333333335
1873,candidate_2,candidate_3,candidate_1,3,0.0033333333333333335
1874,candidate_2,candidate_3,candidate_1,3,0.0033333333333333335
1875,candidate_2,candidate_3,candidate_1,3,0.0033333333333333335
1876,candidate_2,candidate_3,candidate_1,3,0.0033333333333333335
1877,candidate_2,candidate_3,candidate_1,3,0.0033333333333333335
1878,candidate_2,candidate_3,candidate_1,3,0.0033333333333333335
1879,candidate_2,candidate_3,candidate_1,3,0.0033333333333333335
1880,candidate_2,candidate_3,candidate_1,3,0.0033333333333333335
1881,candidate_2,candidate_3,candidate_1,3,0.0033333333333333335
1882,candidate_2,candidate_3,candidate_1,3,0.0033333333333333335
1883,candidate_2,candidate_3,candidate_1,3,0.0033333333333333335
1884,candidate_2,candidate_3,candidate_1,3,0.0033333333333333335
1885,candidate_2,candidate_3,candidate_1,3,0.0033333333333333335
1886,candidate_2,candidate_3,candidate_1,3,0.0033333333333333335
1887,candidate_2,candidate_3,candidate_1,3,0.0033333333333333335
1888,candidate_2,candidate_3,candidate_1,3,0.0033333333333333335
1889,candidate_2,candidate_3,candidate_1,3,0.0033333333333333335
1890,candidate_2,candidate_3,candidate_1,3,0.0033333333333333335
1891,candidate_2,candidate_3,candidate_1,3,0.0033333333333333335
1892,0,candidate_3,candidate_1,3,0.0033333333333333335
1893,candidate_2,candidate_3,candidate_1,3,0.0033333333333333335
1894,candidate_2,candidate_3,candidate_1,3,0.0033333333333333335
1895,candidate_2,candidate_3,candidate_1,3,0.0033333333333333335
1896,candidate_2,candidate_3,candidate_1,3,0.0033333333333333335
1897,candidate_2,candidate_3,candidate_1,3,0.0033333333333333335
1898,candidate_2,candidate_3,candidate_1,3,0.0033333333333333335
1899,candidate_2,candidate_3,candidate_1,3,0.0033333333333333335
1900,candidate_2,candidate_3,candidate_1,3,0.0033333333333333335
1901,candidate_2,candidate_3,candidate_1,3,0.0033333333333333335
1902,candidate_2,candidate_3,candidate_1,3,0.0033333333333333335
1903,candidate_2,candidate_3,candidate_1,3,0.0033333333333333335
1904,candidate_2,candidate_3,candidate_1,3,0.0033333333333333335
1905,candidate_2,candidate_3,candidate_1,3,0.0033333333333333335
1906,candidate_2,candidate_3,candidate_1,3,0.0033333333333333335
1907,candidate_2,candidate_3,candidate_1,3,0.0033333333333333335
1908,candidate_2,candidate_3,candidate_1,3,0.0033333333333333335
1909,candidate_2,candidate_3,candidate_1,3,0.0033333333333333335
1910,candidate_2,candidate_3,candidate_1,3,0.0033333333333333335
1911,candidate_2,candidate_3,candidate_1,3,0.0033333333333333335
1912,candidate_2,candidate_3,candidate_1,3,0.0033333333333333335
1913,candidate_2,candidate_3,candidate_1,3,0.0033333333333333335
1914,candidate_2,candidate_3,candidate_1,3,0.0033333333333333335
1915,candidate_2,candidate_3,candidate_1,3,0.0033333333333333335
1916,candidate_2,candidate_3,candidate_1,3,0.0033333333333333335
1917,candidate_2,candidate_3,candidate_1,3,0.0033333333333333335
1918,candidate_2,candidate_3,candidate_1,3,0.0033333333333333335
1919,candidate_2,candidate_3,candidate_1,3,0.0033333333333333335
1920,candidate_2,candidate_3,candidate_1,3,0.0033333333333333335
1921,candidate_2,candidate_3,candidate_1,3,0.0033333333333333335
1922,candidate_2,candidate_3,candidate_1,3,0.0033333333333333335
1923,candidate_2,candidate_3,candidate_1,3,0.0033333333333333335
1924,candidate_2,candidate_3,candidate_1,3,0.0033333333333333335
1925,candidate_2,candidate_3,candidate_1,3,0.0033333333333333335
1926,candidate_2,candidate_3,candidate_1,3,0.0033333333333333335
1927,candidate_2,candidate_3,candidate_1,3,0.0033333333333333335
1928,candidate_2,candidate_3,candidate_1,3,0.0033333333333333335
1929,candidate_2,candidate_3,candidate_1,3,0.0033333333333333335
1930,candidate_2,candidate_3,candidate_1,3,0.0033333333333333335
1931,candidate_2,candidate_3,candidate_1,3,0.0033333333333333335
1932,candidate_2,candidate_3,candidate_1,3,0.0033333333333333335
1933,candidate_2,candidate_3,candidate_1,3,0.0033333333333333335
1934,candidate_2,candidate_3,candidate_1,3,0.0033333333333333335
1935,candidate_2,candidate_3,candidate_1,3,0.0033333333333333335
1936,candidate_2,candidate_3,candidate_1,3,0.0033333333333333335
1937,candidate_2,candidate_3,candidate_1,3,0.0033333333333333335
1938,candidate_2,candidate_3,candidate_1,3,0.0033333333333333335
1939,candidate_2,candidate_3,candidate_1,3,0.0033333333333333335
1940,candidate_2,candidate_3,candidate_1,3,0.0033333333333333335
1941,candidate_2,candidate_3,candidate_1,3,0.0033333333333333335
1942,candidate_2,candidate_3,candidate_1,3,0.0033333333333333335
1943,candidate_2,candidate_3,candidate_1,3,0.0033333333333333335
1944,candidate_2,candidate_3,candidate_1,3,0.0033333333333333335
1945,candidate_2,candidate_3,candidate_1,3,0.0033333333333333335
1946,candidate_2,candidate_3,candidate_1,3,0.0033333333333333335
1947,candidate_2,candidate_3,candidate_1,3,0.0033333333333333335
1948,candidate_2,candidate_3,candidate_1,3,0.0033333333333333335
1949,candidate_2,candidate_3,candidate_1,3,0.0033333333333333335
1950,candidate_2,candidate_3,candidate_1,3,0.0033333333333333335
1951,candidate_2,candidate_3,candidate_1,3,0.0033333333333333335
1952,candidate_2,candidate_3,candidate_1,3,0.0033333333333333335
1953,candidate_2,candidate_3,candidate_1,3,0.0033333333333333335
1954,candidate_2,candidate_3,candidate_1,3,0.0033333333333333335
1955,candidate_2,candidate_3,candidate_1,3,0.0033333333333333335
1956,candidate_2,candidate_3,candidate_1,3,0.0033333333333333335
1957,candidate_2,candidate_3,candidate_1,3,0.0033333333333333335
1958,candidate_2,candidate_3,candidate_1,3,0.0033333333333333335
1959,candidate_2,candidate_3,candidate_1,3,0.0033333333333333335
1960,candidate_2,candidate_3,0,3,0.0033333333333333335
1961,candidate_2,candidate_3,candidate_1,3,0.0033333333333333335
1962,candidate_2,candidate_3,candidate_1,3,0.0033333333333333335
1963,candidate_2,candidate_3,candidate_1,3,0.0033333333333333335
1964,candidate_2,candidate_3,candidate_1,3,0.0033333333333333335
1965,candidate_2,candidate_3,candidate_1,3,0.0033333333333333335
1966,candidate_2,candidate_3,candidate_1,3,0.0033333333333333335
1967,candidate_2,candidate_3,candidate_1,3,0.0033333333333333335
1968,candidate_2,candidate_3,candidate_1,3,0.0033333333333333335
1969,candidate_2,candidate_3,candidate_1,3,0.0033333333333333335
1970,candidate_2,candidate_3,candidate_1,3,0.0033333333333333335
1971,candidate_2,candidate_3,candidate_1,3,0.0033333333333333335
1972,candidate_2,candidate_3,candidate_1,3,0.0033333333333333335
1973,candidate_2,candidate_3,candidate_1,3,0.0033333333333333335
1974,candidate_2,candidate_3,candidate_1,3,0.0033333333333333335
1975,candidate_2,candidate_3,candidate_1,3,0.0033333333333333335
1976,candidate_2,candidate_3,candidate_1,3,0.0033333333333333335
1977,candidate_2,candidate_3,candidate_1,3,0.0033333333333333335
1978,candidate_2,candidate_3,candidate_1,3,0.0033333333333333335
1979,candidate_2,candidate_3,candidate_1,3,0.0033333333333333335
1980,candidate_2,candidate_3,candidate_1,3,0.0033333333333333335
1981,candidate_2,candidate_3,candidate_1,3,0.0033333333333333335
1982,candidate_2,candidate_3,candidate_1,3,0.0033333333333333335
1983,candidate_2,candidate_3,candidate_1,3,0.0033333333333333335
1984,candidate_2,candidate_3,candidate_1,3,0.0033333333333333335
1985,candidate_2,candidate_3,candidate_1,3,0.0033333333333333335
1986,candidate_2,candidate_3,candidate_1,3,0.0033333333333333335
1987,candidate_2,candidate_3,candidate_1,3,0.0033333333333333335
1988,candidate_2,candidate_3,candidate_1,3,0.0033333333333333335
1989,candidate_2,candidate_3,candidate_1,3,0.0033333333333333335
1990,candidate_2,candidate_3,candidate_1,3,0.0033333333333333335
1991,candidate_2,candidate_3,candidate_1,3,0.0033333333333333335
1992,candidate_2,candidate_3,candidate_1,3,0.0033333333333333335
1993,candidate_2,candidate_3,candidate_1,3,0.0033333333333333335
1994,candidate_2,0,candidate_1,3,0.0033333333333333335
1995,candidate_2,candidate_3,candidate_1,3,0.0033333333333333335
1996,candidate_2,candidate_3,candidate_1,3,0.0033333333333333335
1997,candidate_2,candidate_3,candidate_1,3,0.0033333333333333335
1998,candidate_2,candidate_3,candidate_1,3,0.0033333333333333335
1999,candidate_2,candidate_3,candidate_1,3,0.0033333333333333335
2000,candidate_2,candidate_3,candidate_1,3,0.0033333333333333335
2001,candidate_2,candidate_3,candidate_1,3,0.0033333333333333335
2002,candidate_2,candidate_3,candidate_1,3,0.0033333333333333335
2003,candidate_2,candidate_3,candidate_1,3,0.0033333333333333335
2004,candidate_2,candidate_3,candidate_1,3,0.0033333333333333335
2005,candidate_2,candidate_3,candidate_1,3,0.0033333333333333335
2006,candidate_2,candidate_3,candidate_1,3,0.0033333333333333335
2007,candidate_2,candidate_3,candidate_1,3,0.0033333333333333335
2008,candidate_2,candidate_3,candidate_1,3,0.0033333333333333335
2009,candidate_2,candidate_3,candidate_1,3,0.0033333333333333335
2010,candidate_2,candidate_3,candidate_1,3,0.0033333333333333335
2011,candidate_2,candidate_3,candidate_1,3,0.0033333333333333335
2012,candidate_2,candidate_3,candidate_1,3,0.0033333333333333335
2013,candidate_2,candidate_3,candidate_1,3,0.0033333333333333335
2014,candidate_2,candidate_3,candidate_1,3,0.0033333333333333335
2015,candidate_2,candidate_3,candidate_1,3,0.0033333333333333335
2016,candidate_2,candidate_3,candidate_1,3,0.0033333333333333335
2017,candidate_2,candidate_3,candidate_1,3,0.0033333333333333335
2018,candidate_2,candidate_3,candidate_1,3,0.0033333333333333335
2019,candidate_2,candidate_3,candidate_1,3,0.0033333333333333335
2020,candidate_2,candidate_3,candidate_1,3,0.0033333333333333335
2021,candidate_2,candidate_3,candidate_1,3,0.0033333333333333335
2022,candidate_2,candidate_3,candidate_1,3,0.0033333333333333335
2023,candidate_2,candidate_3,candidate_1,3,0.0033333333333333335
2024,candidate_2,candidate_3,candidate_1,3,0.0033333333333333335
2025,candidate_2,candidate_3,candidate_1,3,0.0033333333333333335
2026,candidate_2,candidate_3,candidate_1,3,0.0033333333333333335
2027,candidate_2,candidate_3,candidate_1,3,0.0033333333333333335
2028,candidate_2,candidate_3,candidate_1,3,0.0033333333333333335
2029,candidate_2,candidate_3,candidate_1,3,0.0033333333333333335
2030,candidate_2,candidate_3,candidate_1,3,0.0033333333333333335
2031,candidate_2,candidate_3,candidate_1,3,0.0033333333333333335
2032,candidate_2,candidate_3,candidate_1,3,0.0033333333333333335
2033,candidate_2,candidate_3,candidate_1,3,0.0033333333333333335
2034,candidate_2,candidate_3,candidate_1,3,0.0033333333333333335
2035,candidate_2,candidate_3,candidate_1,3,0.0033333333333333335
2036,candidate_2,candidate_3,candidate_1,3,0.0033333333333333335
2037,candidate_2,candidate_3,candidate_1,3,0.0033333333333333335
2038,candidate_2,candidate_3,candidate_1,3,0.0033333333333333335
2039,candidate_2,candidate_3,candidate_1,3,0.0033333333333333335
2040,candidate_2,candidate_3,candidate_1,3,0.0033333333333333335
2041,candidate_2,candidate_3,candidate_1,3,0.0033333333333333335
2042,candidate_2,candidate_3,candidate_1,3,0.0033333333333333335
2043,candidate_2,candidate_3,candidate_1,3,0.0033333333333333335
2044,candidate_2,candidate_3,candidate_1,3,0.0033333333333333335
2045,candidate_2,candidate_3,candidate_1,3,0.0033333333333333335
2046,candidate_2,candidate_3,candidate_1,3,0.0033333333333333335
2047,candidate_2,candidate_3,candidate_1,3,0.0033333333333333335
2048,candidate_2,candidate_3,candidate_1,3,0.0033333333333333335
2049,candidate_2,candidate_3,candidate_1,3,0.0033333333333333335
2050,candidate_2,candidate_3,candidate_1,3,0.0033333333333333335
2051,candidate_2,candidate_3,candidate_1,3,0.0033333333333333335
2052,candidate_2,candidate_3,candidate_1,3,0.0033333333333333335
2053,candidate_2,candidate_3,candidate_1,3,0.0033333333333333335
2054,candidate_2,candidate_3,candidate_1,3,0.0033333333333333335
2055,candidate_2,candidate_3,candidate_1,3,0.0033333333333333335
2056,candidate_2,candidate_3,candidate_1,3,0.0033333333333333335
2057,candidate_2,candidate_3,candidate_1,3,0.0033333333333333335
2058,candidate_2,candidate_3,candidate_1,3,0.0033333333333333335
2059,candidate_2,candidate_3,candidate_1,3,0.0033333333333333335
2060,candidate_2,candidate_3,candidate_1,3,0.0033333333333333335
2061,candidate_2,candidate_3,candidate_1,3,0.0033333333333333335
2062,candidate_2,candidate_3,candidate_1,3,0.0033333333333333335
2063,candidate_2,candidate_3,candidate_1,3,0.0033333333333333335
2064,candidate_2,candidate_3,candidate_1,3,0.0033333333333333335
2065,candidate_2,candidate_3,candidate_1,3,0.0033333333333333335
2066,candidate_2,candidate_3,candidate_1,3,0.0033333333333333335
2067,candidate_2,candidate_3,candidate_1,3,0.0033333333333333335
2068,candidate_2,candidate_3,candidate_1,3,0.0033333333333333335
2069,candidate_2,candidate_3,candidate_1,3,0.0033333333333333335
2070,candidate_2,candidate_3,candidate_1,3,0.0033333333333333335
2071,candidate_2,candidate_3,candidate_1,3,0.0033333333333333335
2072,candidate_2,candidate_3,candidate_1,3,0.0033333333333333335
2073,candidate_2,candidate_3,candidate_1,3,0.0033333333333333335
2074,candidate_2,candidate_3,candidate_1,3,0.0033333333333333335
2075,candidate_2,candidate_3,candidate_1,3,0.0033333333333333335
2076,candidate_2,candidate_3,candidate_1,3,0.0033333333333333335
2077,candidate_2,candidate_3,candidate_1,3,0.0033333333333333335
2078,candidate_2,candidate_3,candidate_1,3,0.0033333333333333335
2079,candidate_2,candidate_3,candidate_1,3,0.0033333333333333335
2080,candidate_2,candidate_3,candidate_1,3,0.0033333333333333335
2081,candidate_2,candidate_3,candidate_1,3,0.0033333333333333335
2082,candidate_2,candidate_3,candidate_1,3,0.0033333333333333335
2083,candidate_2,candidate_3,candidate_1,3,0.0033333333333333335
2084,0,candidate_3,candidate_1,3,0.0033333333333333335
2085,candidate_2,candidate_3,candidate_1,3,0.0033333333333333335
2086,candidate_2,candidate_3,candidate_1,3,0.0033333333333333335
2087,candidate_2,candidate_3,candidate_1,3,0.0033333333333333335
2088,candidate_2,candidate_3,candidate_1,3,0.0033333333333333335
2089,candidate_2,candidate_3,candidate_1,3,0.0033333333333333335
2090,candidate_2,candidate_3,candidate_1,3,0.0033333333333333335
2091,candidate_2,candidate_3,candidate_1,3,0.0033333333333333335
2092,candidate_2,candidate_3,candidate_1,3,0.0033333333333333335
2093,candidate_2,candidate_3,candidate_1,3,0.0033333333333333335
2094,candidate_2,candidate_3,candidate_1,3,0.0033333333333333335
2095,candidate_2,candidate_3,candidate_1,3,0.0033333333333333335
2096,candidate_2,candidate_3,candidate_1,3,0.0033333333333333335
2097,candidate_2,candidate_3,candidate_1,3,0.0033333333333333335
2098,candidate_2,candidate_3,candidate_1,3,0.0033333333333333335
2099,candidate_2,candidate_3,candidate_1,3,0.0033333333333333335
2100,candidate_2,candidate_3,candidate_1,3,0.0033333333333333335
2101,candidate_2,candidate_3,candidate_1,3,0.0033333333333333335
2102,candidate_2,candidate_3,candidate_1,3,0.0033333333333333335
2103,candidate_2,candidate_3,candidate_1,3,0.0033333333333333335
2104,candidate_2,candidate_3,candidate_1,3,0.0033333333333333335
2105,candidate_2,candidate_3,candidate_1,3,0.0033333333333333335
2106,candidate_2,candidate_3,candidate_1,3,0.0033333333333333335
2107,candidate_2,candidate_3,candidate_1,3,0.0033333333333333335
2108,candidate_2,candidate_3,candidate_1,3,0.0033333333333333335
2109,candidate_2,candidate_3,candidate_1,3,0.0033333333333333335
2110,candidate_2,candidate_3,0,3,0.0033333333333333335
2111,candidate_2,candidate_3,candidate_1,3,0.0033333333333333335
2112,candidate_2,candidate_3,candidate_1,3,0.0033333333333333335
2113,candidate_2,candidate_3,candidate_1,3,0.0033333333333333335
2114,candidate_2,candidate_3,candidate_1,3,0.0033333333333333335
2115,candidate_2,candidate_3,candidate_1,3,0.0033333333333333335
2116,candidate_2,candidate_3,candidate_1,3,0.0033333333333333335
2117,candidate_2,candidate_3,candidate_1,3,0.0033333333333333335
2118,candidate_2,candidate_3,candidate_1,3,0.0033333333333333335
2119,candidate_2,candidate_3,candidate_1,3,0.0033333333333333335
2120,candidate_2,candidate_3,candidate_1,3,0.0033333333333333335
2121,candidate_2,candidate_3,candidate_1,3,0.0033333333333333335
2122,candidate_2,candidate_3,candidate_1,3,0.0033333333333333335
2123,candidate_2,candidate_3,candidate_1,3,0.0033333333333333335
2124,candidate_2,candidate_3,candidate_1,3,0.0033333333333333335
2125,candidate_2,candidate_3,candidate_1,3,0.0033333333333333335
2126,candidate_2,candidate_3,candidate_1,3,0.0033333333333333335
2127,candidate_2,candidate_3,candidate_1,3,0.0033333333333333335
2128,candidate_2,candidate_3,candidate_1,3,0.0033333333333333335
2129,candidate_2,candidate_3,candidate_1,3,0.0033333333333333335
2130,candidate_2,candidate_3,candidate_1,3,0.0033333333333333335
2131,candidate_2,candidate_3,candidate_1,3,0.0033333333333333335
2132,candidate_2,candidate_3,candidate_1,3,0.0033333333333333335
2133,candidate_2,candidate_3,candidate_1,3,0.0033333333333333335
2134,candidate_2,candidate_3,candidate_1,3,0.0033333333333333335
2135,candidate_2,candidate_3,candidate_1,3,0.0033333333333333335
2136,candidate_2,candidate_3,candidate_1,3,0.0033333333333333335
2137,candidate_2,candidate_3,candidate_1,3,0.0033333333333333335
2138,candidate_2,candidate_3,candidate_1,3,0.0033333333333333335
2139,candidate_2,candidate_3,candidate_1,3,0.0033333333333333335
2140,candidate_2,candidate_3,candidate_1,3,0.0033333333333333335
2141,candidate_2,candidate_3,candidate_1,3,0.0033333333333333335
2142,candidate_2,candidate_3,candidate_1,3,0.0033333333333333335
2143,candidate_2,candidate_3,candidate_1,3,0.0033333333333333335
2144,candidate_2,candidate_3,candidate_1,3,0.0033333333333333335
2145,candidate_2,candidate_3,candidate_1,3,0.0033333333333333335
2146,candidate_2,candidate_3,candidate_1,3,0.0033333333333333335
2147,candidate_2,candidate_3,candidate_1,3,0.0033333333333333335
2148,candidate_2,candidate_3,candidate_1,3,0.0033333333333333335
2149,candidate_2,candidate_3,candidate_1,3,0.0033333333333333335
2150,candidate_2,candidate_3,candidate_1,3,0.0033333333333333335
2151,candidate_2,candidate_3,candidate_1,3,0.0033333333333333335
2152,candidate_2,candidate_3,candidate_1,3,0.0033333333333333335
2153,candidate_2,candidate_3,candidate_1,3,0.0033333333333333335
2154,candidate_2,candidate_3,candidate_1,3,0.0033333333333333335
2155,candidate_2,candidate_3,candidate_1,3,0.0033333333333333335
2156,candidate_2,candidate_3,candidate_1,3,0.0033333333333333335
2157,candidate_2,candidate_3,candidate_1,3,0.0033333333333333335
2158,candidate_2,candidate_3,candidate_1,3,0.0033333333333333335
2159,candidate_2,candidate_3,candidate_1,3,0.0033333333333333335
2160,candidate_2,candidate_3,candidate_1,3,0.0033333333333333335
2161,candidate_2,candidate_3,candidate_1,3,0.0033333333333333335
2162,candidate_2,candidate_3,candidate_1,3,0.0033333333333333335
2163,candidate_2,candidate_3,candidate_1,3,0.0033333333333333335
2164,candidate_2,candidate_3,candidate_1,3,0.0033333333333333335
2165,candidate_2,candidate_3,candidate_1,3,0.0033333333333333335
2166,candidate_2,candidate_3,candidate_1,3,0.0033333333333333335
2167,candidate_2,candidate_3,candidate_1,3,0.0033333333333333335
2168,candidate_2,candidate_3,candidate_1,3,0.0033333333333333335
2169,candidate_2,candidate_3,candidate_1,3,0.0033333333333333335
2170,candidate_2,candidate_3,candidate_1,3,0.0033333333333333335
2171,candidate_2,candidate_3,candidate_1,3,0.0033333333333333335
2172,candidate_2,candidate_3,candidate_1,3,0.0033333333333333335
2173,candidate_2,candidate_3,candidate_1,3,0.0033333333333333335
2174,candidate_2,candidate_3,candidate_1,3,0.0033333333333333335
2175,candidate_2,candidate_3,candidate_1,3,0.0033333333333333335
2176,candidate_2,candidate_3,candidate_1,3,0.0033333333333333335
2177,candidate_2,candidate_3,candidate_1,3,0.0033333333333333335
2178,candidate_2,candidate_3,candidate_1,3,0.0033333333333333335
2179,candidate_2,candidate_3,candidate_1,3,0.0033333333333333335
2180,candidate_2,candidate_3,candidate_1,3,0.0033333333333333335
2181,candidate_2,candidate_3,candidate_1,3,0.0033333333333333335
2182,candidate_2,candidate_3,candidate_1,3,0.0033333333333333335
2183,candidate_2,candidate_3,candidate_1,3,0.0033333333333333335
2184,candidate_2,candidate_3,candidate_1,3,0.0033333333333333335
2185,candidate_2,candidate_3,candidate_1,3,0.0033333333333333335
2186,candidate_2,candidate_3,candidate_1,3,0.0033333333333333335
2187,candidate_2,candidate_3,candidate_1,3,0.0033333333333333335
2188,candidate_2,candidate_3,candidate_1,3,0.0033333333333333335
2189,candidate_2,candidate_3,candidate_1,3,0.0033333333333333335
2190,candidate_2,candidate_3,candidate_1,3,0.0033333333333333335
2191,candidate_2,candidate_3,candidate_1,3,0.0033333333333333335
2192,candidate_2,candidate_3,candidate_1,3,0.0033333333333333335
2193,candidate_2,candidate_3,candidate_1,3,0.0033333333333333335
2194,candidate_2,candidate_3,candidate_1,3,0.0033333333333333335
2195,candidate_2,candidate_3,candidate_1,3,0.0033333333333333335
2196,candidate_2,candidate_3,candidate_1,3,0.0033333333333333335
2197,candidate_2,candidate_3,candidate_1,3,0.0033333333333333335
2198,candidate_2,candidate_3,candidate_1,3,0.0033333333333333335
2199,candidate_2,candidate_3,candidate_1,3,0.0033333333333333335
2200,candidate_2,candidate_3,candidate_1,3,0.0033333333333333335
2201,candidate_2,candidate_3,candidate_1,3,0.0033333333333333335
2202,candidate_2,candidate_3,candidate_1,3,0.0033333333333333335
2203,candidate_2,candidate_3,candidate_1,3,0.0033333333333333335
2204,candidate_2,candidate_3,candidate_1,3,0.0033333333333333335
2205,candidate_2,candidate_3,candidate_1,3,0.0033333333333333335
2206,candidate_2,candidate_3,candidate_1,3,0.0033333333333333335
2207,candidate_2,candidate_3,candidate_1,3,0.0033333333333333335
2208,candidate_2,candidate_3,candidate_1,3,0.0033333333333333335
2209,candidate_2,candidate_3,candidate_1,3,0.0033333333333333335
2210,candidate_2,candidate_3,candidate_1,3,0.0033333333333333335
2211,candidate_2,candidate_3,candidate_1,3,0.0033333333333333335
2212,candidate_2,candidate_3,candidate_1,3,0.0033333333333333335
2213,candidate_2,candidate_3,candidate_1,3,0.0033333333333333335
2214,candidate_2,candidate_3,candidate_1,3,0.0033333333333333335
2215,candidate_2,candidate_3,candidate_1,3,0.0033333333333333335
2216,candidate_2,candidate_3,candidate_1,3,0.0033333333333333335
2217,candidate_2,candidate_3,candidate_1,3,0.0033333333333333335
2218,candidate_2,candidate_3,candidate_1,3,0.0033333333333333335
2219,candidate_2,candidate_3,candidate_1,3,0.0033333333333333335
2220,candidate_2,candidate_3,candidate_1,3,0.0033333333333333335
2221,candidate_2,candidate_3,candidate_1,3,0.0033333333333333335
2222,candidate_2,candidate_3,candidate_1,3,0.0033333333333333335
2223,candidate_2,candidate_3,candidate_1,3,0.0033333333333333335
2224,candidate_2,candidate_3,candidate_1,3,0.0033333333333333335
2225,candidate_2,candidate_3,candidate_1,3,0.0033333333333333335
2226,candidate_2,candidate_3,candidate_1,3,0.0033333333333333335
2227,candidate_2,candidate_3,candidate_1,3,0.0033333333333333335
2228,candidate_2,candidate_3,candidate_1,3,0.0033333333333333335
2229,candidate_2,candidate_3,candidate_1,3,0.0033333333333333335
2230,candidate_2,candidate_3,candidate_1,3,0.0033333333333333335
2231,candidate_2,candidate_3,candidate_1,3,0.0033333333333333335
2232,candidate_2,candidate_3,candidate_1,3,0.0033333333333333335
2233,candidate_2,candidate_3,candidate_1,3,0.0033333333333333335
2234,candidate_2,candidate_3,candidate_1,3,0.0033333333333333335
2235,candidate_2,candidate_3,candidate_1,3,0.0033333333333333335
2236,candidate_2,candidate_3,candidate_1,3,0.0033333333333333335
2237,candidate_2,candidate_3,candidate_1,3,0.0033333333333333335
2238,candidate_2,candidate_3,candidate_1,3,0.0033333333333333335
2239,candidate_2,candidate_3,candidate_1,3,0.0033333333333333335
2240,candidate_2,candidate_3,candidate_1,3,0.0033333333333333335
2241,candidate_2,candidate_3,candidate_1,3,0.0033333333333333335
2242,candidate_2,candidate_3,candidate_1,3,0.0033333333333333335
2243,candidate_2,candidate_3,candidate_1,3,0.0033333333333333335
2244,candidate_2,candidate_3,candidate_1,3,0.0033333333333333335
2245,candidate_2,candidate_3,candidate_1,3,0.0033333333333333335
2246,candidate_2,candidate_3,candidate_1,3,0.0033333333333333335
2247,candidate_2,candidate_3,candidate_1,3,0.0033333333333333335
2248,candidate_2,candidate_3,candidate_1,3,0.0033333333333333335
2249,candidate_2,candidate_3,candidate_1,3,0.0033333333333333335
2250,candidate_2,candidate_3,candidate_1,3,0.0033333333333333335
2251,candidate_2,candidate_3,candidate_1,3,0.0033333333333333335
2252,candidate_2,candidate_3,candidate_1,3,0.0033333333333333335
2253,candidate_2,candidate_3,candidate_1,3,0.0033333333333333335
2254,candidate_2,candidate_3,candidate_1,3,0.0033333333333333335
2255,candidate_2,candidate_3,candidate_1,3,0.0033333333333333335
2256,candidate_2,candidate_3,candidate_1,3,0.0033333333333333335
2257,candidate_2,candidate_3,candidate_1,3,0.0033333333333333335
2258,candidate_2,candidate_3,candidate_1,3,0.0033333333333333335
2259,candidate_2,candidate_3,candidate_1,3,0.0033333333333333335
2260,candidate_2,candidate_3,candidate_1,3,0.0033333333333333335
2261,candidate_2,candidate_3,candidate_1,3,0.0033333333333333335
2262,candidate_2,candidate_3,candidate_1,3,0.0033333333333333335
2263,candidate_2,candidate_3,candidate_1,3,0.0033333333333333335
2264,candidate_2,candidate_3,candidate_1,3,0.0033333333333333335
2265,candidate_2,candidate_3,candidate_1,3,0.0033333333333333335
2266,candidate_2,candidate_3,candidate_1,3,0.0033333333333333335
2267,candidate_2,candidate_3,candidate_1,3,0.0033333333333333335
2268,candidate_2,candidate_3,candidate_1,3,0.0033333333333333335
2269,candidate_2,candidate_3,candidate_1,3,0.0033333333333333335
2270,candidate_2,candidate_3,candidate_1,3,0.0033333333333333335
2271,candidate_2,candidate_3,candidate_1,3,0.0033333333333333335
2272,candidate_2,candidate_3,candidate_1,3,0.0033333333333333335
2273,candidate_2,candidate_3,candidate_1,3,0.0033333333333333335
2274,candidate_2,candidate_3,candidate_1,3,0.0033333333333333335
2275,candidate_2,candidate_3,candidate_1,3,0.0033333333333333335
2276,candidate_2,candidate_3,candidate_1,3,0.0033333333333333335
2277,candidate_2,candidate_3,candidate_1,3,0.0033333333333333335
2278,candidate_2,candidate_3,candidate_1,3,0.0033333333333333335
2279,candidate_2,candidate_3,candidate_1,3,0.0033333333333333335
2280,candidate_2,candidate_3,candidate_1,3,0.0033333333333333335
2281,candidate_2,candidate_3,candidate_1,3,0.0033333333333333335
2282,candidate_2,candidate_3,candidate_1,3,0.0033333333333333335
2283,candidate_2,candidate_3,candidate_1,3,0.0033333333333333335
2284,candidate_2,candidate_3,candidate_1,3,0.0033333333333333335
2285,candidate_2,candidate_3,candidate_1,3,0.0033333333333333335
2286,candidate_2,candidate_3,candidate_1,3,0.0033333333333333335
2287,candidate_2,candidate_3,candidate_1,3,0.0033333333333333335
2288,candidate_2,candidate_3,candidate_1,3,0.0033333333333333335
2289,candidate_2,candidate_3,candidate_1,3,0.0033333333333333335
2290,candidate_2,candidate_3,candidate_1,3,0.0033333333333333335
2291,candidate_2,candidate_3,candidate_1,3,0.0033333333333333335
2292,candidate_2,candidate_3,candidate_1,3,0.0033333333333333335
2293,candidate_2,candidate_3,candidate_1,3,0.0033333333333333335
2294,candidate_2,candidate_3,candidate_1,3,0.0033333333333333335
2295,candidate_2,candidate_3,candidate_1,3,0.0033333333333333335
2296,candidate_2,candidate_3,candidate_1,3,0.0033333333333333335
2297,candidate_2,candidate_3,candidate_1,3,0.0033333333333333335
2298,candidate_2,candidate_3,candidate_1,3,0.0033333333333333335
2299,candidate_2,candidate_3,candidate_1,3,0.0033333333333333335
2300,candidate_2,candidate_3,candidate_1,3,0.0033333333333333335
2301,candidate_2,candidate_3,candidate_1,3,0.0033333333333333335
2302,candidate_2,candidate_3,candidate_1,3,0.0033333333333333335
2303,candidate_2,candidate_3,candidate_1,3,0.0033333333333333335
2304,candidate_2,candidate_3,candidate_1,3,0.0033333333333333335
2305,candidate_2,candidate_3,candidate_1,3,0.0033333333333333335
2306,candidate_2,candidate_3,candidate_1,3,0.0033333333333333335
2307,candidate_2,candidate_3,candidate_1,3,0.0033333333333333335
2308,candidate_2,candidate_3,candidate_1,3,0.0033333333333333335
2309,candidate_2,candidate_3,candidate_1,3,0.0033333333333333335
2310,candidate_2,candidate_3,candidate_1,3,0.0033333333333333335
2311,candidate_2,candidate_3,candidate_1,3,0.0033333333333333335
2312,candidate_2,candidate_3,candidate_1,3,0.0033333333333333335
2313,candidate_2,candidate_3,candidate_1,3,0.0033333333333333335
2314,candidate_2,candidate_3,candidate_1,3,0.0033333333333333335
2315,candidate_2,candidate_3,candidate_1,3,0.0033333333333333335
2316,candidate_2,candidate_3,candidate_1,3,0.0033333333333333335
2317,candidate_2,candidate_3,candidate_1,3,0.0033333333333333335
2318,candidate_2,candidate_3,candidate_1,3,0.0033333333333333335
2319,candidate_2,candidate_3,candidate_1,3,0.0033333333333333335
2320,candidate_2,candidate_3,candidate_1,3,0.0033333333333333335
2321,candidate_2,candidate_3,candidate_1,3,0.0033333333333333335
2322,candidate_2,candidate_3,candidate_1,3,0.0033333333333333335
2323,candidate_2,candidate_3,candidate_1,3,0.0033333333333333335
2324,candidate_2,candidate_3,candidate_1,3,0.0033333333333333335
2325,candidate_2,candidate_3,candidate_1,3,0.0033333333333333335
2326,candidate_2,candidate_3,candidate_1,3,0.0033333333333333335
2327,candidate_2,candidate_3,candidate_1,3,0.0033333333333333335
2328,candidate_2,candidate_3,candidate_1,3,0.0033333333333333335
2329,candidate_2,candidate_3,candidate_1,3,0.0033333333333333335
2330,candidate_2,candidate_3,candidate_1,3,0.0033333333333333335
2331,candidate_2,candidate_3,candidate_1,3,0.0033333333333333335
2332,candidate_2,candidate_3,candidate_1,3,0.0033333333333333335
2333,candidate_2,candidate_3,candidate_1,3,0.0033333333333333335
2334,candidate_2,candidate_3,candidate_1,3,0.0033333333333333335
2335,candidate_2,candidate_3,candidate_1,3,0.0033333333333333335
2336,candidate_2,candidate_3,candidate_1,3,0.0033333333333333335
2337,candidate_2,candidate_3,candidate_1,3,0.0033333333333333335
2338,candidate_2,candidate_3,candidate_1,3,0.0033333333333333335
2339,candidate_2,candidate_3,candidate_1,3,0.0033333333333333335
2340,candidate_2,candidate_3,candidate_1,3,0.0033333333333333335
2341,candidate_2,candidate_3,candidate_1,3,0.0033333333333333335
2342,candidate_2,candidate_3,candidate_1,3,0.0033333333333333335
2343,candidate_2,candidate_3,candidate_1,3,0.0033333333333333335
2344,candidate_2,candidate_3,candidate_1,3,0.0033333333333333335
2345,candidate_2,candidate_3,candidate_1,3,0.0033333333333333335
2346,candidate_2,candidate_3,candidate_1,3,0.0033333333333333335
2347,candidate_2,candidate_3,candidate_1,3,0.0033333333333333335
2348,candidate_2,candidate_3,candidate_1,3,0.0033333333333333335
2349,candidate_2,candidate_3,candidate_1,3,0.0033333333333333335
2350,candidate_2,candidate_3,candidate_1,3,0.0033333333333333335
2351,candidate_2,candidate_3,candidate_1,3,0.0033333333333333335
2352,candidate_2,candidate_3,candidate_1,3,0.0033333333333333335
2353,candidate_2,candidate_3,candidate_1,3,0.0033333333333333335
2354,candidate_2,candidate_3,candidate_1,3,0.0033333333333333335
2355,candidate_2,candidate_3,candidate_1,3,0.0033333333333333335
2356,candidate_2,candidate_3,candidate_1,3,0.0033333333333333335
2357,candidate_2,candidate_3,candidate_1,3,0.0033333333333333335
2358,candidate_2,candidate_3,candidate_1,3,0.0033333333333333335
2359,candidate_2,candidate_3,candidate_1,3,0.0033333333333333335
2360,candidate_2,candidate_3,candidate_1,3,0.0033333333333333335
2361,candidate_2,candidate_3,candidate_1,3,0.0033333333333333335
2362,candidate_2,candidate_3,candidate_1,3,0.0033333333333333335
2363,candidate_2,candidate_3,candidate_1,3,0.0033333333333333335
2364,candidate_2,candidate_3,candidate_1,3,0.0033333333333333335
2365,candidate_2,candidate_3,candidate_1,3,0.0033333333333333335
2366,candidate_2,candidate_3,candidate_1,3,0.0033333333333333335
2367,candidate_2,candidate_3,candidate_1,3,0.0033333333333333335
2368,candidate_2,candidate_3,candidate_1,3,0.0033333333333333335
2369,candidate_2,candidate_3,candidate_1,3,0.0033333333333333335
2370,candidate_2,candidate_3,candidate_1,3,0.0033333333333333335
2371,candidate_2,candidate_3,candidate_1,3,0.0033333333333333335
2372,candidate_2,candidate_3,candidate_1,3,0.0033333333333333335
2373,candidate_2,candidate_3,candidate_1,3,0.0033333333333333335
2374,candidate_2,candidate_3,candidate_1,3,0.0033333333333333335
2375,candidate_2,candidate_3,candidate_1,3,0.0033333333333333335
2376,candidate_2,candidate_3,candidate_1,3,0.0033333333333333335
2377,candidate_2,candidate_3,candidate_1,3,0.0033333333333333335
2378,candidate_2,candidate_3,candidate_1,3,0.0033333333333333335
2379,candidate_2,candidate_3,candidate_1,3,0.0033333333333333335
2380,candidate_2,candidate_3,candidate_1,3,0.0033333333333333335
2381,candidate_2,candidate_3,candidate_1,3,0.0033333333333333335
2382,candidate_2,candidate_3,candidate_1,3,0.0033333333333333335
2383,candidate_2,candidate_3,candidate_1,3,0.0033333333333333335
2384,candidate_2,candidate_3,candidate_1,3,0.0033333333333333335
2385,candidate_2,candidate_3,candidate_1,3,0.0033333333333333335
2386,candidate_2,candidate_3,candidate_1,3,0.0033333333333333335
2387,candidate_2,candidate_3,candidate_1,3,0.0033333333333333335
2388,candidate_2,candidate_3,candidate_1,3,0.0033333333333333335
2389,candidate_2,candidate_3,candidate_1,3,0.0033333333333333335
2390,candidate_2,candidate_3,candidate_1,3,0.0033333333333333335
2391,candidate_2,candidate_3,candidate_1,3,0.0033333333333333335
2392,candidate_2,candidate_3,candidate_1,3,0.0033333333333333335
2393,candidate_2,candidate_3,candidate_1,3,0.0033333333333333335
2394,candidate_2,candidate_3,candidate_1,3,0.0033333333333333335
2395,candidate_2,candidate_3,candidate_1,3,0.0033333333333333335
2396,candidate_2,candidate_3,candidate_1,3,0.0033333333333333335
2397,candidate_2,candidate_3,candidate_1,3,0.0033333333333333335
2398,candidate_2,candidate_3,candidate_1,3,0.0033333333333333335
2399,candidate_2,candidate_3,candidate_1,3,0.0033333333333333335
2400,candidate_2,candidate_3,candidate_1,3,0.0033333333333333335
2401,candidate_2,candidate_3,candidate_1,3,0.0033333333333333335
2402,candidate_2,candidate_3,candidate_1,3,0.0033333333333333335
2403,candidate_2,candidate_3,candidate_1,3,0.0033333333333333335
2404,candidate_2,candidate_3,candidate_1,3,0.0033333333333333335
2405,candidate_2,candidate_3,candidate_1,3,0.0033333333333333335
2406,candidate_2,candidate_3,candidate_1,3,0.0033333333333333335
2407,candidate_2,candidate_3,candidate_1,3,0.0033333333333333335
2408,candidate_2,candidate_3,candidate_1,3,0.0033333333333333335
2409,candidate_2,candidate_3,candidate_1,3,0.0033333333333333335
2410,candidate_2,candidate_3,candidate_1,3,0.0033333333333333335
2411,candidate_2,candidate_3,candidate_1,3,0.0033333333333333335
2412,candidate_2,candidate_3,candidate_1,3,0.0033333333333333335
2413,candidate_2,candidate_3,0,3,0.0033333333333333335
2414,candidate_2,candidate_3,candidate_1,3,0.0033333333333333335
2415,candidate_2,candidate_3,candidate_1,3,0.0033333333333333335
2416,candidate_2,candidate_3,candidate_1,3,0.0033333333333333335
2417,candidate_2,candidate_3,0,3,0.0033333333333333335
2418,candidate_2,candidate_3,candidate_1,3,0.0033333333333333335
2419,candidate_2,candidate_3,candidate_1,3,0.0033333333333333335
2420,candidate_2,candidate_3,candidate_1,3,0.0033333333333333335
2421,candidate_2,candidate_3,candidate_1,3,0.0033333333333333335
2422,candidate_2,candidate_3,candidate_1,3,0.0033333333333333335
2423,candidate_2,candidate_3,candidate_1,3,0.0033333333333333335
2424,candidate_2,candidate_3,candidate_1,3,0.0033333333333333335
2425,candidate_2,candidate_3,candidate_1,3,0.0033333333333333335
2426,candidate_2,candidate_3,candidate_1,3,0.0033333333333333335
2427,candidate_2,candidate_3,candidate_1,3,0.0033333333333333335
2428,candidate_2,candidate_3,candidate_1,3,0.0033333333333333335
2429,candidate_2,candidate_3,candidate_1,3,0.0033333333333333335
2430,candidate_2,candidate_3,candidate_1,3,0.0033333333333333335
2431,candidate_2,candidate_3,candidate_1,3,0.0033333333333333335
2432,candidate_2,candidate_3,candidate_1,3,0.0033333333333333335
2433,candidate_2,candidate_3,candidate_1,3,0.0033333333333333335
2434,candidate_2,candidate_3,candidate_1,3,0.0033333333333333335
2435,candidate_2,candidate_3,candidate_1,3,0.0033333333333333335
2436,candidate_2,candidate_3,candidate_1,3,0.0033333333333333335
2437,candidate_2,candidate_3,candidate_1,3,0.0033333333333333335
2438,candidate_2,candidate_3,candidate_1,3,0.0033333333333333335
2439,candidate_2,candidate_3,candidate_1,3,0.0033333333333333335
2440,candidate_2,candidate_3,candidate_1,3,0.0033333333333333335
2441,candidate_2,candidate_3,candidate_1,3,0.0033333333333333335
2442,candidate_2,candidate_3,candidate_1,3,0.0033333333333333335
2443,candidate_2,candidate_3,candidate_1,3,0.0033333333333333335
2444,candidate_2,candidate_3,candidate_1,3,0.0033333333333333335
2445,candidate_2,candidate_3,candidate_1,3,0.0033333333333333335
2446,candidate_2,candidate_3,candidate_1,3,0.0033333333333333335
2447,candidate_2,candidate_3,candidate_1,3,0.0033333333333333335
2448,candidate_2,candidate_3,candidate_1,3,0.0033333333333333335
2449,candidate_2,candidate_3,candidate_1,3,0.0033333333333333335
2450,candidate_2,candidate_3,candidate_1,3,0.0033333333333333335
2451,candidate_2,candidate_3,candidate_1,3,0.0033333333333333335
2452,candidate_2,candidate_3,candidate_1,3,0.0033333333333333335
2453,candidate_2,candidate_3,candidate_1,3,0.0033333333333333335
2454,candidate_2,candidate_3,candidate_1,3,0.0033333333333333335
2455,candidate_2,candidate_3,candidate_1,3,0.0033333333333333335
2456,candidate_2,candidate_3,candidate_1,3,0.0033333333333333335
2457,candidate_2,candidate_3,candidate_1,3,0.0033333333333333335
2458,candidate_2,candidate_3,candidate_1,3,0.0033333333333333335
2459,candidate_2,candidate_3,candidate_1,3,0.0033333333333333335
2460,candidate_2,candidate_3,candidate_1,3,0.0033333333333333335
2461,candidate_2,candidate_3,candidate_1,3,0.0033333333333333335
2462,candidate_2,candidate_3,candidate_1,3,0.0033333333333333335
2463,candidate_2,candidate_3,candidate_1,3,0.0033333333333333335
2464,candidate_2,candidate_3,candidate_1,3,0.0033333333333333335
2465,candidate_2,candidate_3,candidate_1,3,0.0033333333333333335
2466,candidate_2,candidate_3,candidate_1,3,0.0033333333333333335
2467,candidate_2,candidate_3,candidate_1,3,0.0033333333333333335
2468,candidate_2,candidate_3,candidate_1,3,0.0033333333333333335
2469,candidate_2,candidate_3,candidate_1,3,0.0033333333333333335
2470,candidate_2,candidate_3,candidate_1,3,0.0033333333333333335
2471,candidate_2,candidate_3,candidate_1,3,0.0033333333333333335
2472,candidate_2,candidate_3,candidate_1,3,0.0033333333333333335
2473,candidate_2,candidate_3,candidate_1,3,0.0033333333333333335
2474,candidate_2,candidate_3,candidate_1,3,0.0033333333333333335
2475,candidate_2,candidate_3,candidate_1,3,0.0033333333333333335
2476,candidate_2,candidate_3,candidate_1,3,0.0033333333333333335
2477,candidate_2,candidate_3,candidate_1,3,0.0033333333333333335
2478,candidate_2,candidate_3,candidate_1,3,0.0033333333333333335
2479,candidate_2,candidate_3,candidate_1,3,0.0033333333333333335
2480,candidate_2,candidate_3,candidate_1,3,0.0033333333333333335
2481,candidate_2,candidate_3,candidate_1,3,0.0033333333333333335
2482,candidate_2,candidate_3,candidate_1,3,0.0033333333333333335
2483,0,candidate_3,candidate_1,3,0.0033333333333333335
2484,candidate_2,candidate_3,candidate_1,3,0.0033333333333333335
2485,candidate_2,candidate_3,candidate_1,3,0.0033333333333333335
2486,candidate_2,candidate_3,candidate_1,3,0.0033333333333333335
2487,candidate_2,candidate_3,candidate_1,3,0.0033333333333333335
2488,candidate_2,candidate_3,candidate_1,3,0.0033333333333333335
2489,candidate_2,candidate_3,candidate_1,3,0.0033333333333333335
2490,candidate_2,candidate_3,candidate_1,3,0.0033333333333333335
2491,candidate_2,candidate_3,candidate_1,3,0.0033333333333333335
2492,candidate_2,candidate_3,candidate_1,3,0.0033333333333333335
2493,candidate_2,candidate_3,candidate_1,3,0.0033333333333333335
2494,candidate_2,candidate_3,candidate_1,3,0.0033333333333333335
2495,candidate_2,candidate_3,candidate_1,3,0.0033333333333333335
2496,candidate_2,candidate_3,candidate_1,3,0.0033333333333333335
2497,candidate_2,candidate_3,candidate_1,3,0.0033333333333333335
2498,candidate_2,candidate_3,candidate_1,3,0.0033333333333333335
2499,candidate_2,candidate_3,candidate_1,3,0.0033333333333333335
2500,candidate_2,candidate_3,candidate_1,3,0.0033333333333333335
2501,candidate_2,candidate_3,candidate_1,3,0.0033333333333333335
2502,candidate_2,candidate_3,candidate_1,3,0.0033333333333333335
2503,candidate_2,candidate_3,candidate_1,3,0.0033333333333333335
2504,candidate_2,candidate_3,0,3,0.0033333333333333335
2505,candidate_2,candidate_3,candidate_1,3,0.0033333333333333335
2506,candidate_2,0,candidate_1,3,0.0033333333333333335
2507,candidate_2,candidate_3,candidate_1,3,0.0033333333333333335
2508,candidate_2,candidate_3,candidate_1,3,0.0033333333333333335
2509,candidate_2,candidate_3,candidate_1,3,0.0033333333333333335
2510,candidate_2,candidate_3,candidate_1,3,0.0033333333333333335
2511,candidate_2,candidate_3,candidate_1,3,0.0033333333333333335
2512,candidate_2,candidate_3,candidate_1,3,0.0033333333333333335
2513,candidate_2,candidate_3,candidate_1,3,0.0033333333333333335
2514,candidate_2,candidate_3,candidate_1,3,0.0033333333333333335
2515,candidate_2,candidate_3,candidate_1,3,0.0033333333333333335
2516,candidate_2,candidate_3,candidate_1,3,0.0033333333333333335
2517,candidate_2,candidate_3,candidate_1,3,0.0033333333333333335
2518,candidate_2,candidate_3,candidate_1,3,0.0033333333333333335
2519,candidate_2,candidate_3,candidate_1,3,0.0033333333333333335
2520,candidate_2,candidate_3,candidate_1,3,0.0033333333333333335
2521,candidate_2,candidate_3,candidate_1,3,0.0033333333333333335
2522,candidate_2,candidate_3,candidate_1,3,0.0033333333333333335
2523,candidate_2,candidate_3,candidate_1,3,0.0033333333333333335
2524,candidate_2,candidate_3,candidate_1,3,0.0033333333333333335
2525,candidate_2,candidate_3,candidate_1,3,0.0033333333333333335
2526,candidate_2,candidate_3,candidate_1,3,0.0033333333333333335
2527,candidate_2,candidate_3,candidate_1,3,0.0033333333333333335
2528,candidate_2,candidate_3,candidate_1,3,0.0033333333333333335
2529,candidate_2,candidate_3,candidate_1,3,0.0033333333333333335
2530,candidate_2,candidate_3,candidate_1,3,0.0033333333333333335
2531,candidate_2,candidate_3,candidate_1,3,0.0033333333333333335
2532,candidate_2,candidate_3,candidate_1,3,0.0033333333333333335
2533,candidate_2,candidate_3,candidate_1,3,0.0033333333333333335
2534,candidate_2,candidate_3,candidate_1,3,0.0033333333333333335
2535,candidate_2,candidate_3,candidate_1,3,0.0033333333333333335
2536,candidate_2,candidate_3,candidate_1,3,0.0033333333333333335
2537,candidate_2,candidate_3,candidate_1,3,0.0033333333333333335
2538,candidate_2,candidate_3,candidate_1,3,0.0033333333333333335
2539,candidate_2,candidate_3,candidate_1,3,0.0033333333333333335
2540,candidate_2,candidate_3,candidate_1,3,0.0033333333333333335
2541,candidate_2,candidate_3,candidate_1,3,0.0033333333333333335
2542,candidate_2,candidate_3,candidate_1,3,0.0033333333333333335
2543,candidate_2,candidate_3,candidate_1,3,0.0033333333333333335
2544,candidate_2,candidate_3,candidate_1,3,0.0033333333333333335
2545,candidate_2,candidate_3,candidate_1,3,0.0033333333333333335
2546,candidate_2,candidate_3,candidate_1,3,0.0033333333333333335
2547,candidate_2,candidate_3,candidate_1,3,0.0033333333333333335
2548,candidate_2,candidate_3,candidate_1,3,0.0033333333333333335
2549,candidate_2,candidate_3,candidate_1,3,0.0033333333333333335
2550,candidate_2,candidate_3,candidate_1,3,0.0033333333333333335
2551,candidate_2,candidate_3,candidate_1,3,0.0033333333333333335
2552,candidate_2,candidate_3,candidate_1,3,0.0033333333333333335
2553,candidate_2,candidate_3,candidate_1,3,0.0033333333333333335
2554,candidate_2,candidate_3,candidate_1,3,0.0033333333333333335
2555,candidate_2,candidate_3,candidate_1,3,0.0033333333333333335
2556,candidate_2,candidate_3,candidate_1,3,0.0033333333333333335
2557,candidate_2,candidate_3,candidate_1,3,0.0033333333333333335
2558,candidate_2,candidate_3,candidate_1,3,0.0033333333333333335
2559,candidate_2,candidate_3,candidate_1,3,0.0033333333333333335
2560,candidate_2,candidate_3,candidate_1,3,0.0033333333333333335
2561,candidate_2,candidate_3,candidate_1,3,0.0033333333333333335
2562,candidate_2,candidate_3,candidate_1,3,0.0033333333333333335
2563,candidate_2,candidate_3,candidate_1,3,0.0033333333333333335
2564,candidate_2,candidate_3,candidate_1,3,0.0033333333333333335
2565,candidate_2,candidate_3,candidate_1,3,0.0033333333333333335
2566,candidate_2,candidate_3,candidate_1,3,0.0033333333333333335
2567,candidate_2,candidate_3,candidate_1,3,0.0033333333333333335
2568,candidate_2,candidate_3,candidate_1,3,0.0033333333333333335
2569,candidate_2,candidate_3,candidate_1,3,0.0033333333333333335
2570,candidate_2,candidate_3,candidate_1,3,0.0033333333333333335
2571,candidate_2,candidate_3,candidate_1,3,0.0033333333333333335
2572,candidate_2,candidate_3,candidate_1,3,0.0033333333333333335
2573,candidate_2,candidate_3,candidate_1,3,0.0033333333333333335
2574,candidate_2,candidate_3,candidate_1,3,0.0033333333333333335
2575,candidate_2,candidate_3,candidate_1,3,0.0033333333333333335
2576,candidate_2,candidate_3,candidate_1,3,0.0033333333333333335
2577,candidate_2,candidate_3,candidate_1,3,0.0033333333333333335
2578,candidate_2,candidate_3,candidate_1,3,0.0033333333333333335
2579,candidate_2,candidate_3,candidate_1,3,0.0033333333333333335
2580,candidate_2,candidate_3,candidate_1,3,0.0033333333333333335
2581,candidate_2,candidate_3,candidate_1,3,0.0033333333333333335
2582,candidate_2,candidate_3,candidate_1,3,0.0033333333333333335
2583,candidate_2,candidate_3,candidate_1,3,0.0033333333333333335
2584,candidate_2,candidate_3,candidate_1,3,0.0033333333333333335
2585,candidate_2,candidate_3,candidate_1,3,0.0033333333333333335
2586,candidate_2,candidate_3,candidate_1,3,0.0033333333333333335
2587,candidate_2,candidate_3,candidate_1,3,0.0033333333333333335
2588,candidate_2,candidate_3,candidate_1,3,0.0033333333333333335
2589,candidate_2,candidate_3,candidate_1,3,0.0033333333333333335
2590,candidate_2,candidate_3,candidate_1,3,0.0033333333333333335
2591,candidate_2,candidate_3,candidate_1,3,0.0033333333333333335
2592,candidate_2,candidate_3,candidate_1,3,0.0033333333333333335
2593,candidate_2,candidate_3,candidate_1,3,0.0033333333333333335
2594,candidate_2,candidate_3,candidate_1,3,0.0033333333333333335
2595,candidate_2,candidate_3,candidate_1,3,0.0033333333333333335
2596,candidate_2,candidate_3,candidate_1,3,0.0033333333333333335
2597,candidate_2,candidate_3,candidate_1,3,0.0033333333333333335
2598,candidate_2,candidate_3,candidate_1,3,0.0033333333333333335
2599,candidate_2,candidate_3,candidate_1,3,0.0033333333333333335
2600,candidate_2,candidate_3,candidate_1,3,0.0033333333333333335
2601,candidate_2,candidate_3,candidate_1,3,0.0033333333333333335
2602,candidate_2,candidate_3,candidate_1,3,0.0033333333333333335
2603,candidate_2,candidate_3,candidate_1,3,0.0033333333333333335
2604,candidate_2,candidate_3,candidate_1,3,0.0033333333333333335
2605,candidate_2,candidate_3,candidate_1,3,0.0033333333333333335
2606,candidate_2,candidate_3,candidate_1,3,0.0033333333333333335
2607,candidate_2,candidate_3,candidate_1,3,0.0033333333333333335
2608,candidate_2,candidate_3,candidate_1,3,0.0033333333333333335
2609,candidate_2,candidate_3,candidate_1,3,0.0033333333333333335
2610,candidate_2,candidate_3,candidate_1,3,0.0033333333333333335
2611,candidate_2,candidate_3,candidate_1,3,0.0033333333333333335
2612,candidate_2,candidate_3,candidate_1,3,0.0033333333333333335
2613,candidate_2,candidate_3,candidate_1,3,0.0033333333333333335
2614,candidate_2,candidate_3,candidate_1,3,0.0033333333333333335
2615,candidate_2,candidate_3,candidate_1,3,0.0033333333333333335
2616,candidate_2,candidate_3,candidate_1,3,0.0033333333333333335
2617,candidate_2,candidate_3,candidate_1,3,0.0033333333333333335
2618,candidate_2,candidate_3,candidate_1,3,0.0033333333333333335
2619,candidate_2,candidate_3,candidate_1,3,0.0033333333333333335
2620,candidate_2,candidate_3,candidate_1,3,0.0033333333333333335
2621,candidate_2,candidate_3,candidate_1,3,0.0033333333333333335
2622,candidate_2,candidate_3,candidate_1,3,0.0033333333333333335
2623,candidate_2,candidate_3,candidate_1,3,0.0033333333333333335
2624,candidate_2,candidate_3,candidate_1,3,0.0033333333333333335
2625,candidate_2,candidate_3,candidate_1,3,0.0033333333333333335
2626,candidate_2,candidate_3,candidate_1,3,0.0033333333333333335
2627,candidate_2,candidate_3,candidate_1,3,0.0033333333333333335
2628,candidate_2,candidate_3,candidate_1,3,0.0033333333333333335
2629,candidate_2,candidate_3,candidate_1,3,0.0033333333333333335
2630,candidate_2,candidate_3,candidate_1,3,0.0033333333333333335
2631,candidate_2,candidate_3,candidate_1,3,0.0033333333333333335
2632,candidate_2,candidate_3,candidate_1,3,0.0033333333333333335
2633,candidate_2,candidate_3,candidate_1,3,0.0033333333333333335
2634,candidate_2,candidate_3,candidate_1,3,0.0033333333333333335
2635,candidate_2,candidate_3,candidate_1,3,0.0033333333333333335
2636,candidate_2,candidate_3,candidate_1,3,0.0033333333333333335
2637,candidate_2,candidate_3,candidate_1,3,0.0033333333333333335
2638,candidate_2,candidate_3,candidate_1,3,0.0033333333333333335
2639,candidate_2,candidate_3,candidate_1,3,0.0033333333333333335
2640,candidate_2,candidate_3,candidate_1,3,0.0033333333333333335
2641,candidate_2,candidate_3,candidate_1,3,0.0033333333333333335
2642,candidate_2,candidate_3,candidate_1,3,0.0033333333333333335
2643,candidate_2,candidate_3,candidate_1,3,0.0033333333333333335
2644,candidate_2,candidate_3,candidate_1,3,0.0033333333333333335
2645,candidate_2,candidate_3,candidate_1,3,0.0033333333333333335
2646,candidate_2,candidate_3,candidate_1,3,0.0033333333333333335
2647,candidate_2,candidate_3,candidate_1,3,0.0033333333333333335
2648,candidate_2,candidate_3,candidate_1,3,0.0033333333333333335
2649,candidate_2,candidate_3,candidate_1,3,0.0033333333333333335
2650,candidate_2,candidate_3,candidate_1,3,0.0033333333333333335
2651,candidate_2,candidate_3,candidate_1,3,0.0033333333333333335
2652,candidate_2,candidate_3,candidate_1,3,0.0033333333333333335
2653,candidate_2,candidate_3,candidate_1,3,0.0033333333333333335
2654,candidate_2,candidate_3,candidate_1,3,0.0033333333333333335
2655,candidate_2,candidate_3,candidate_1,3,0.0033333333333333335
2656,candidate_2,candidate_3,candidate_1,3,0.0033333333333333335
2657,candidate_2,candidate_3,candidate_1,3,0.0033333333333333335
2658,candidate_2,candidate_3,candidate_1,3,0.0033333333333333335
2659,candidate_2,candidate_3,candidate_1,3,0.0033333333333333335
2660,candidate_2,candidate_3,candidate_1,3,0.0033333333333333335
2661,candidate_2,candidate_3,candidate_1,3,0.0033333333333333335
2662,candidate_2,candidate_3,candidate_1,3,0.0033333333333333335
2663,candidate_2,candidate_3,candidate_1,3,0.0033333333333333335
2664,candidate_2,candidate_3,candidate_1,3,0.0033333333333333335
2665,candidate_2,candidate_3,candidate_1,3,0.0033333333333333335
2666,candidate_2,candidate_3,candidate_1,3,0.0033333333333333335
2667,candidate_2,candidate_3,candidate_1,3,0.0033333333333333335
2668,candidate_2,candidate_3,candidate_1,3,0.0033333333333333335
2669,candidate_2,candidate_3,candidate_1,3,0.0033333333333333335
2670,candidate_2,candidate_3,candidate_1,3,0.0033333333333333335
2671,candidate_2,candidate_3,candidate_1,3,0.0033333333333333335
2672,candidate_2,candidate_3,candidate_1,3,0.0033333333333333335
2673,candidate_2,candidate_3,candidate_1,3,0.0033333333333333335
2674,candidate_2,candidate_3,candidate_1,3,0.0033333333333333335
2675,candidate_2,candidate_3,candidate_1,3,0.0033333333333333335
2676,candidate_2,candidate_3,candidate_1,3,0.0033333333333333335
2677,candidate_2,candidate_3,candidate_1,3,0.0033333333333333335
2678,candidate_2,candidate_3,candidate_1,3,0.0033333333333333335
2679,candidate_2,candidate_3,candidate_1,3,0.0033333333333333335
2680,candidate_2,candidate_3,candidate_1,3,0.0033333333333333335
2681,candidate_2,candidate_3,candidate_1,3,0.0033333333333333335
2682,candidate_2,candidate_3,candidate_1,3,0.0033333333333333335
2683,candidate_2,candidate_3,candidate_1,3,0.0033333333333333335
2684,candidate_2,candidate_3,candidate_1,3,0.0033333333333333335
2685,candidate_2,candidate_3,candidate_1,3,0.0033333333333333335
2686,candidate_2,candidate_3,candidate_1,3,0.0033333333333333335
2687,candidate_2,candidate_3,candidate_1,3,0.0033333333333333335
2688,candidate_2,candidate_3,candidate_1,3,0.0033333333333333335
2689,candidate_2,candidate_3,candidate_1,3,0.0033333333333333335
2690,candidate_2,candidate_3,candidate_1,3,0.0033333333333333335
2691,candidate_2,candidate_3,candidate_1,3,0.0033333333333333335
2692,candidate_2,candidate_3,candidate_1,3,0.0033333333333333335
2693,candidate_2,candidate_3,candidate_1,3,0.0033333333333333335
2694,candidate_2,candidate_3,candidate_1,3,0.0033333333333333335
2695,candidate_2,candidate_3,candidate_1,3,0.0033333333333333335
2696,candidate_2,candidate_3,candidate_1,3,0.0033333333333333335
2697,candidate_2,candidate_3,candidate_1,3,0.0033333333333333335
2698,candidate_2,candidate_3,candidate_1,3,0.0033333333333333335
2699,candidate_2,candidate_3,candidate_1,3,0.0033333333333333335
2700,candidate_2,candidate_3,candidate_1,3,0.0033333333333333335
2701,candidate_2,candidate_3,candidate_1,3,0.0033333333333333335
2702,candidate_2,candidate_3,candidate_1,3,0.0033333333333333335
2703,candidate_2,candidate_3,candidate_1,3,0.0033333333333333335
2704,candidate_2,candidate_3,candidate_1,3,0.0033333333333333335
2705,candidate_2,candidate_3,candidate_1,3,0.0033333333333333335
2706,candidate_2,candidate_3,candidate_1,3,0.0033333333333333335
2707,candidate_2,candidate_3,candidate_1,3,0.0033333333333333335
2708,candidate_2,candidate_3,candidate_1,3,0.0033333333333333335
2709,candidate_2,candidate_3,candidate_1,3,0.0033333333333333335
2710,candidate_2,candidate_3,candidate_1,3,0.0033333333333333335
2711,candidate_2,candidate_3,candidate_1,3,0.0033333333333333335
2712,candidate_2,candidate_3,candidate_1,3,0.0033333333333333335
2713,candidate_2,candidate_3,candidate_1,3,0.0033333333333333335
2714,candidate_2,0,candidate_1,3,0.0033333333333333335
2715,candidate_2,candidate_3,candidate_1,3,0.0033333333333333335
2716,candidate_2,candidate_3,candidate_1,3,0.0033333333333333335
2717,candidate_2,candidate_3,candidate_1,3,0.0033333333333333335
2718,candidate_2,candidate_3,candidate_1,3,0.0033333333333333335
2719,candidate_2,candidate_3,candidate_1,3,0.0033333333333333335
2720,candidate_2,candidate_3,candidate_1,3,0.0033333333333333335
2721,candidate_2,candidate_3,candidate_1,3,0.0033333333333333335
2722,candidate_2,candidate_3,candidate_1,3,0.0033333333333333335
2723,candidate_2,candidate_3,candidate_1,3,0.0033333333333333335
2724,candidate_2,candidate_3,candidate_1,3,0.0033333333333333335
2725,candidate_2,candidate_3,candidate_1,3,0.0033333333333333335
2726,candidate_2,candidate_3,candidate_1,3,0.0033333333333333335
2727,candidate_2,candidate_3,candidate_1,3,0.0033333333333333335
2728,candidate_2,candidate_3,candidate_1,3,0.0033333333333333335
2729,candidate_2,candidate_3,candidate_1,3,0.0033333333333333335
2730,candidate_2,candidate_3,candidate_1,3,0.0033333333333333335
2731,candidate_2,candidate_3,candidate_1,3,0.0033333333333333335
2732,candidate_2,candidate_3,candidate_1,3,0.0033333333333333335
2733,candidate_2,candidate_3,candidate_1,3,0.0033333333333333335
2734,candidate_2,candidate_3,candidate_1,3,0.0033333333333333335
2735,candidate_2,candidate_3,candidate_1,3,0.0033333333333333335
2736,candidate_2,candidate_3,candidate_1,3,0.0033333333333333335
2737,candidate_2,candidate_3,candidate_1,3,0.0033333333333333335
2738,candidate_2,candidate_3,candidate_1,3,0.0033333333333333335
2739,candidate_2,candidate_3,candidate_1,3,0.0033333333333333335
2740,candidate_2,candidate_3,candidate_1,3,0.0033333333333333335
2741,candidate_2,candidate_3,candidate_1,3,0.0033333333333333335
2742,candidate_2,candidate_3,candidate_1,3,0.0033333333333333335
2743,candidate_2,candidate_3,candidate_1,3,0.0033333333333333335
2744,candidate_2,candidate_3,candidate_1,3,0.0033333333333333335
2745,candidate_2,candidate_3,candidate_1,3,0.0033333333333333335
2746,candidate_2,candidate_3,candidate_1,3,0.0033333333333333335
2747,candidate_2,candidate_3,candidate_1,3,0.0033333333333333335
2748,candidate_2,candidate_3,candidate_1,3,0.0033333333333333335
2749,candidate_2,candidate_3,candidate_1,3,0.0033333333333333335
2750,candidate_2,candidate_3,candidate_1,3,0.0033333333333333335
2751,candidate_2,candidate_3,candidate_1,3,0.0033333333333333335
2752,candidate_2,candidate_3,candidate_1,3,0.0033333333333333335
2753,candidate_2,candidate_3,candidate_1,3,0.0033333333333333335
2754,candidate_2,candidate_3,candidate_1,3,0.0033333333333333335
2755,candidate_2,candidate_3,candidate_1,3,0.0033333333333333335
2756,candidate_2,candidate_3,candidate_1,3,0.0033333333333333335
2757,candidate_2,candidate_3,candidate_1,3,0.0033333333333333335
2758,candidate_2,candidate_3,candidate_1,3,0.0033333333333333335
2759,candidate_2,candidate_3,candidate_1,3,0.0033333333333333335
2760,candidate_2,candidate_3,candidate_1,3,0.0033333333333333335
2761,candidate_2,candidate_3,candidate_1,3,0.0033333333333333335
2762,candidate_2,candidate_3,candidate_1,3,0.0033333333333333335
2763,candidate_2,candidate_3,candidate_1,3,0.0033333333333333335
2764,candidate_2,candidate_3,candidate_1,3,0.0033333333333333335
2765,candidate_2,candidate_3,candidate_1,3,0.0033333333333333335
2766,candidate_2,candidate_3,candidate_1,3,0.0033333333333333335
2767,0,candidate_3,candidate_1,3,0.0033333333333333335
2768,candidate_2,candidate_3,candidate_1,3,0.0033333333333333335
2769,candidate_2,candidate_3,candidate_1,3,0.0033333333333333335
2770,candidate_2,candidate_3,candidate_1,3,0.0033333333333333335
2771,candidate_2,candidate_3,candidate_1,3,0.0033333333333333335
2772,candidate_2,candidate_3,candidate_1,3,0.0033333333333333335
2773,candidate_2,candidate_3,candidate_1,3,0.0033333333333333335
2774,candidate_2,candidate_3,candidate_1,3,0.0033333333333333335
2775,candidate_2,candidate_3,candidate_1,3,0.0033333333333333335
2776,candidate_2,candidate_3,candidate_1,3,0.0033333333333333335
2777,candidate_2,candidate_3,candidate_1,3,0.0033333333333333335
2778,candidate_2,candidate_3,candidate_1,3,0.0033333333333333335
2779,candidate_2,candidate_3,candidate_1,3,0.0033333333333333335
2780,candidate_2,candidate_3,candidate_1,3,0.0033333333333333335
2781,candidate_2,candidate_3,candidate_1,3,0.0033333333333333335
2782,candidate_2,candidate_3,candidate_1,3,0.0033333333333333335
2783,candidate_2,candidate_3,candidate_1,3,0.0033333333333333335
2784,candidate_2,candidate_3,candidate_1,3,0.0033333333333333335
2785,candidate_2,candidate_3,candidate_1,3,0.0033333333333333335
2786,candidate_2,candidate_3,candidate_1,3,0.0033333333333333335
2787,candidate_2,candidate_3,candidate_1,3,0.0033333333333333335
2788,candidate_2,candidate_3,candidate_1,3,0.0033333333333333335
2789,candidate_2,candidate_3,candidate_1,3,0.0033333333333333335
2790,candidate_2,candidate_3,candidate_1,3,0.0033333333333333335
2791,candidate_2,candidate_3,candidate_1,3,0.0033333333333333335
2792,candidate_2,candidate_3,candidate_1,3,0.0033333333333333335
2793,candidate_2,candidate_3,candidate_1,3,0.0033333333333333335
2794,candidate_2,candidate_3,candidate_1,3,0.0033333333333333335
2795,candidate_2,candidate_3,candidate_1,3,0.0033333333333333335
2796,candidate_2,candidate_3,candidate_1,3,0.0033333333333333335
2797,candidate_2,candidate_3,candidate_1,3,0.0033333333333333335
2798,candidate_2,candidate_3,candidate_1,3,0.0033333333333333335
2799,candidate_2,candidate_3,candidate_1,3,0.0033333333333333335
2800,candidate_2,candidate_3,candidate_1,3,0.0033333333333333335
2801,candidate_2,candidate_3,candidate_1,3,0.0033333333333333335
2802,candidate_2,candidate_3,candidate_1,3,0.0033333333333333335
2803,candidate_2,candidate_3,candidate_1,3,0.0033333333333333335
2804,candidate_2,candidate_3,candidate_1,3,0.0033333333333333335
2805,candidate_2,candidate_3,candidate_1,3,0.0033333333333333335
2806,candidate_2,candidate_3,candidate_1,3,0.0033333333333333335
2807,candidate_2,candidate_3,candidate_1,3,0.0033333333333333335
2808,candidate_2,candidate_3,candidate_1,3,0.0033333333333333335
2809,candidate_2,candidate_3,candidate_1,3,0.0033333333333333335
2810,candidate_2,candidate_3,candidate_1,3,0.0033333333333333335
2811,candidate_2,candidate_3,candidate_1,3,0.0033333333333333335
2812,candidate_2,candidate_3,candidate_1,3,0.0033333333333333335
2813,candidate_2,candidate_3,candidate_1,3,0.0033333333333333335
2814,candidate_2,candidate_3,candidate_1,3,0.0033333333333333335
2815,candidate_2,candidate_3,candidate_1,3,0.0033333333333333335
2816,candidate_2,candidate_3,candidate_1,3,0.0033333333333333335
2817,candidate_2,candidate_3,candidate_1,3,0.0033333333333333335
2818,candidate_2,candidate_3,candidate_1,3,0.0033333333333333335
2819,candidate_2,candidate_3,candidate_1,3,0.0033333333333333335
2820,candidate_2,candidate_3,candidate_1,3,0.0033333333333333335
2821,candidate_2,candidate_3,candidate_1,3,0.0033333333333333335
2822,candidate_2,candidate_3,candidate_1,3,0.0033333333333333335
2823,candidate_2,candidate_3,candidate_1,3,0.0033333333333333335
2824,candidate_2,candidate_3,candidate_1,3,0.0033333333333333335
2825,candidate_2,candidate_3,candidate_1,3,0.0033333333333333335
2826,candidate_2,candidate_3,candidate_1,3,0.0033333333333333335
2827,candidate_2,candidate_3,candidate_1,3,0.0033333333333333335
2828,candidate_2,candidate_3,candidate_1,3,0.0033333333333333335
2829,candidate_2,candidate_3,candidate_1,3,0.0033333333333333335
2830,candidate_2,candidate_3,candidate_1,3,0.0033333333333333335
2831,candidate_2,candidate_3,candidate_1,3,0.0033333333333333335
2832,candidate_2,candidate_3,candidate_1,3,0.0033333333333333335
2833,candidate_2,candidate_3,candidate_1,3,0.0033333333333333335
2834,candidate_2,candidate_3,candidate_1,3,0.0033333333333333335
2835,candidate_2,candidate_3,candidate_1,3,0.0033333333333333335
2836,candidate_2,candidate_3,candidate_1,3,0.0033333333333333335
2837,candidate_2,candidate_3,candidate_1,3,0.0033333333333333335
2838,candidate_2,candidate_3,candidate_1,3,0.0033333333333333335
2839,candidate_2,candidate_3,candidate_1,3,0.0033333333333333335
2840,candidate_2,candidate_3,candidate_1,3,0.0033333333333333335
2841,candidate_2,candidate_3,candidate_1,3,0.0033333333333333335
2842,candidate_2,candidate_3,candidate_1,3,0.0033333333333333335
2843,candidate_2,candidate_3,candidate_1,3,0.0033333333333333335
2844,candidate_2,candidate_3,candidate_1,3,0.0033333333333333335
2845,candidate_2,candidate_3,candidate_1,3,0.0033333333333333335
2846,candidate_2,candidate_3,candidate_1,3,0.0033333333333333335
2847,candidate_2,candidate_3,candidate_1,3,0.0033333333333333335
2848,candidate_2,candidate_3,candidate_1,3,0.0033333333333333335
2849,candidate_2,candidate_3,candidate_1,3,0.0033333333333333335
2850,candidate_2,candidate_3,candidate_1,3,0.0033333333333333335
2851,candidate_2,candidate_3,candidate_1,3,0.0033333333333333335
2852,candidate_2,candidate_3,candidate_1,3,0.0033333333333333335
2853,candidate_2,candidate_3,candidate_1,3,0.0033333333333333335
2854,candidate_2,candidate_3,candidate_1,3,0.0033333333333333335
2855,candidate_2,candidate_3,candidate_1,3,0.0033333333333333335
2856,candidate_2,candidate_3,candidate_1,3,0.0033333333333333335
2857,candidate_2,candidate_3,candidate_1,3,0.0033333333333333335
2858,candidate_2,candidate_3,candidate_1,3,0.0033333333333333335
2859,candidate_2,candidate_3,candidate_1,3,0.0033333333333333335
2860,candidate_2,candidate_3,candidate_1,3,0.0033333333333333335
2861,candidate_2,candidate_3,candidate_1,3,0.0033333333333333335
2862,candidate_2,candidate_3,candidate_1,3,0.0033333333333333335
2863,candidate_2,candidate_3,candidate_1,3,0.0033333333333333335
2864,candidate_2,candidate_3,candidate_1,3,0.0033333333333333335
2865,candidate_2,candidate_3,candidate_1,3,0.0033333333333333335
2866,candidate_2,candidate_3,candidate_1,3,0.0033333333333333335
2867,candidate_2,candidate_3,candidate_1,3,0.0033333333333333335
2868,candidate_2,candidate_3,candidate_1,3,0.0033333333333333335
2869,0,candidate_3,candidate_1,3,0.0033333333333333335
2870,candidate_2,candidate_3,candidate_1,3,0.0033333333333333335
2871,candidate_2,candidate_3,candidate_1,3,0.0033333333333333335
2872,candidate_2,candidate_3,candidate_1,3,0.0033333333333333335
2873,candidate_2,candidate_3,candidate_1,3,0.0033333333333333335
2874,candidate_2,candidate_3,candidate_1,3,0.0033333333333333335
2875,candidate_2,candidate_3,candidate_1,3,0.0033333333333333335
2876,candidate_2,candidate_3,candidate_1,3,0.0033333333333333335
2877,candidate_2,candidate_3,candidate_1,3,0.0033333333333333335
2878,candidate_2,candidate_3,candidate_1,3,0.0033333333333333335
2879,candidate_2,candidate_3,candidate_1,3,0.0033333333333333335
2880,candidate_2,candidate_3,candidate_1,3,0.0033333333333333335
2881,candidate_2,candidate_3,candidate_1,3,0.0033333333333333335
2882,candidate_2,candidate_3,candidate_1,3,0.0033333333333333335
2883,candidate_2,candidate_3,candidate_1,3,0.0033333333333333335
2884,candidate_2,candidate_3,candidate_1,3,0.0033333333333333335
2885,candidate_2,candidate_3,candidate_1,3,0.0033333333333333335
2886,candidate_2,candidate_3,candidate_1,3,0.0033333333333333335
2887,candidate_2,candidate_3,candidate_1,3,0.0033333333333333335
2888,candidate_2,candidate_3,candidate_1,3,0.0033333333333333335
2889,candidate_2,candidate_3,candidate_1,3,0.0033333333333333335
2890,candidate_2,candidate_3,candidate_1,3,0.0033333333333333335
2891,candidate_2,candidate_3,candidate_1,3,0.0033333333333333335
2892,candidate_2,candidate_3,candidate_1,3,0.0033333333333333335
2893,candidate_2,candidate_3,candidate_1,3,0.0033333333333333335
2894,candidate_2,candidate_3,candidate_1,3,0.0033333333333333335
2895,candidate_2,candidate_3,candidate_1,3,0.0033333333333333335
2896,candidate_2,candidate_3,candidate_1,3,0.0033333333333333335
2897,candidate_2,candidate_3,candidate_1,3,0.0033333333333333335
2898,candidate_2,candidate_3,candidate_1,3,0.0033333333333333335
2899,candidate_2,candidate_3,candidate_1,3,0.0033333333333333335
2900,candidate_2,candidate_3,candidate_1,3,0.0033333333333333335
2901,candidate_2,candidate_3,candidate_1,3,0.0033333333333333335
2902,candidate_2,candidate_3,candidate_1,3,0.0033333333333333335
2903,candidate_2,candidate_3,candidate_1,3,0.0033333333333333335
2904,candidate_2,candidate_3,candidate_1,3,0.0033333333333333335
2905,candidate_2,candidate_3,candidate_1,3,0.0033333333333333335
2906,candidate_2,candidate_3,candidate_1,3,0.0033333333333333335
2907,candidate_2,candidate_3,candidate_1,3,0.0033333333333333335
2908,candidate_2,candidate_3,candidate_1,3,0.0033333333333333335
2909,candidate_2,candidate_3,candidate_1,3,0.0033333333333333335
2910,candidate_2,candidate_3,candidate_1,3,0.0033333333333333335
2911,candidate_2,candidate_3,candidate_1,3,0.0033333333333333335
2912,candidate_2,candidate_3,candidate_1,3,0.0033333333333333335
2913,candidate_2,candidate_3,candidate_1,3,0.0033333333333333335
2914,candidate_2,candidate_3,candidate_1,3,0.0033333333333333335
2915,candidate_2,candidate_3,candidate_1,3,0.0033333333333333335
2916,candidate_2,candidate_3,candidate_1,3,0.0033333333333333335
2917,candidate_2,candidate_3,candidate_1,3,0.0033333333333333335
2918,candidate_2,candidate_3,candidate_1,3,0.0033333333333333335
2919,candidate_2,candidate_3,candidate_1,3,0.0033333333333333335
2920,candidate_2,candidate_3,candidate_1,3,0.0033333333333333335
2921,candidate_2,candidate_3,candidate_1,3,0.0033333333333333335
2922,candidate_2,candidate_3,candidate_1,3,0.0033333333333333335
2923,candidate_2,candidate_3,candidate_1,3,0.0033333333333333335
2924,candidate_2,candidate_3,candidate_1,3,0.0033333333333333335
2925,candidate_2,candidate_3,candidate_1,3,0.0033333333333333335
2926,candidate_2,candidate_3,candidate_1,3,0.0033333333333333335
2927,candidate_2,candidate_3,candidate_1,3,0.0033333333333333335
2928,candidate_2,candidate_3,candidate_1,3,0.0033333333333333335
2929,candidate_2,candidate_3,candidate_1,3,0.0033333333333333335
2930,candidate_2,candidate_3,candidate_1,3,0.0033333333333333335
2931,candidate_2,candidate_3,candidate_1,3,0.0033333333333333335
2932,candidate_2,candidate_3,candidate_1,3,0.0033333333333333335
2933,candidate_2,candidate_3,candidate_1,3,0.0033333333333333335
2934,candidate_2,candidate_3,candidate_1,3,0.0033333333333333335
2935,candidate_2,candidate_3,candidate_1,3,0.0033333333333333335
2936,candidate_2,candidate_3,candidate_1,3,0.0033333333333333335
2937,candidate_2,candidate_3,candidate_1,3,0.0033333333333333335
2938,candidate_2,candidate_3,candidate_1,3,0.0033333333333333335
2939,candidate_2,candidate_3,candidate_1,3,0.0033333333333333335
2940,candidate_2,candidate_3,candidate_1,3,0.0033333333333333335
2941,candidate_2,candidate_3,candidate_1,3,0.0033333333333333335
2942,candidate_2,candidate_3,candidate_1,3,0.0033333333333333335
2943,candidate_2,candidate_3,candidate_1,3,0.0033333333333333335
2944,candidate_2,candidate_3,candidate_1,3,0.0033333333333333335
2945,candidate_2,candidate_3,candidate_1,3,0.0033333333333333335
2946,candidate_2,candidate_3,candidate_1,3,0.0033333333333333335
2947,candidate_2,candidate_3,candidate_1,3,0.0033333333333333335
2948,candidate_2,candidate_3,candidate_1,3,0.0033333333333333335
2949,candidate_2,candidate_3,candidate_1,3,0.0033333333333333335
2950,candidate_2,candidate_3,candidate_1,3,0.0033333333333333335
2951,candidate_2,candidate_3,candidate_1,3,0.0033333333333333335
2952,candidate_2,candidate_3,candidate_1,3,0.0033333333333333335
2953,candidate_2,candidate_3,candidate_1,3,0.0033333333333333335
2954,candidate_2,candidate_3,candidate_1,3,0.0033333333333333335
2955,candidate_2,candidate_3,candidate_1,3,0.0033333333333333335
2956,candidate_2,candidate_3,candidate_1,3,0.0033333333333333335
2957,candidate_2,candidate_3,candidate_1,3,0.0033333333333333335
2958,candidate_2,candidate_3,candidate_1,3,0.0033333333333333335
2959,candidate_2,candidate_3,candidate_1,3,0.0033333333333333335
2960,candidate_2,candidate_3,candidate_1,3,0.0033333333333333335
2961,candidate_2,candidate_3,candidate_1,3,0.0033333333333333335
2962,candidate_2,candidate_3,candidate_1,3,0.0033333333333333335
2963,candidate_2,candidate_3,candidate_1,3,0.0033333333333333335
2964,candidate_2,candidate_3,candidate_1,3,0.0033333333333333335
2965,candidate_2,candidate_3,candidate_1,3,0.0033333333333333335
2966,candidate_2,candidate_3,candidate_1,3,0.0033333333333333335
2967,candidate_2,candidate_3,candidate_1,3,0.0033333333333333335
2968,candidate_2,candidate_3,candidate_1,3,0.0033333333333333335
2969,candidate_2,candidate_3,candidate_1,3,0.0033333333333333335
2970,candidate_2,candidate_3,candidate_1,3,0.0033333333333333335
2971,candidate_2,candidate_3,candidate_1,3,0.0033333333333333335
2972,candidate_2,candidate_3,candidate_1,3,0.0033333333333333335
2973,candidate_2,candidate_3,candidate_1,3,0.0033333333333333335
2974,candidate_2,candidate_3,candidate_1,3,0.0033333333333333335
2975,candidate_2,candidate_3,candidate_1,3,0.0033333333333333335
2976,candidate_2,candidate_3,candidate_1,3,0.0033333333333333335
2977,candidate_2,candidate_3,candidate_1,3,0.0033333333333333335
2978,candidate_2,candidate_3,candidate_1,3,0.0033333333333333335
2979,candidate_2,candidate_3,candidate_1,3,0.0033333333333333335
2980,candidate_2,candidate_3,candidate_1,3,0.0033333333333333335
2981,candidate_2,candidate_3,candidate_1,3,0.0033333333333333335
2982,candidate_2,candidate_3,candidate_1,3,0.0033333333333333335
2983,candidate_2,candidate_3,candidate_1,3,0.0033333333333333335
2984,candidate_2,candidate_3,candidate_1,3,0.0033333333333333335
2985,candidate_2,candidate_3,candidate_1,3,0.0033333333333333335
2986,candidate_2,candidate_3,candidate_1,3,0.0033333333333333335
2987,candidate_2,candidate_3,candidate_1,3,0.0033333333333333335
2988,candidate_2,candidate_3,candidate_1,3,0.0033333333333333335
2989,0,candidate_3,candidate_1,3,0.0033333333333333335
2990,candidate_2,candidate_3,candidate_1,3,0.0033333333333333335
2991,candidate_2,candidate_3,candidate_1,3,0.0033333333333333335
2992,candidate_2,candidate_3,candidate_1,3,0.0033333333333333335
2993,candidate_2,candidate_3,candidate_1,3,0.0033333333333333335
2994,candidate_2,candidate_3,candidate_1,3,0.0033333333333333335
2995,candidate_2,candidate_3,candidate_1,3,0.0033333333333333335
2996,candidate_2,candidate_3,candidate_1,3,0.0033333333333333335
2997,candidate_2,candidate_3,candidate_1,3,0.0033333333333333335
2998,candidate_2,candidate_3,candidate_1,3,0.0033333333333333335
2999,candidate_2,candidate_3,candidate_1,3,0.0033333333333333335
3000,candidate_2,candidate_3,candidate_1,3,0.0033333333333333335
3001,candidate_2,candidate_3,candidate_1,3,0.0033333333333333335
3002,candidate_2,candidate_3,candidate_1,3,0.0033333333333333335
3003,candidate_2,candidate_3,candidate_1,3,0.0033333333333333335
3004,candidate_2,candidate_3,candidate_1,3,0.0033333333333333335
3005,candidate_2,candidate_3,candidate_1,3,0.0033333333333333335
3006,candidate_2,candidate_3,candidate_1,3,0.0033333333333333335
3007,candidate_2,candidate_3,candidate_1,3,0.0033333333333333335
3008,candidate_2,candidate_3,candidate_1,3,0.0033333333333333335
3009,candidate_2,candidate_3,candidate_1,3,0.0033333333333333335
3010,candidate_2,candidate_3,candidate_1,3,0.0033333333333333335
3011,candidate_2,candidate_3,candidate_1,3,0.0033333333333333335
3012,candidate_2,candidate_3,candidate_1,3,0.0033333333333333335
3013,candidate_2,candidate_3,candidate_1,3,0.0033333333333333335
3014,candidate_2,candidate_3,candidate_1,3,0.0033333333333333335
3015,candidate_2,candidate_3,candidate_1,3,0.0033333333333333335
3016,candidate_2,candidate_3,candidate_1,3,0.0033333333333333335
3017,candidate_2,candidate_3,candidate_1,3,0.0033333333333333335
3018,candidate_2,candidate_3,candidate_1,3,0.0033333333333333335
3019,candidate_2,candidate_3,candidate_1,3,0.0033333333333333335
3020,candidate_2,candidate_3,candidate_1,3,0.0033333333333333335
3021,candidate_2,candidate_3,candidate_1,3,0.0033333333333333335
3022,candidate_2,candidate_3,candidate_1,3,0.0033333333333333335
3023,candidate_2,candidate_3,candidate_1,3,0.0033333333333333335
3024,candidate_2,candidate_3,candidate_1,3,0.0033333333333333335
3025,candidate_2,candidate_3,candidate_1,3,0.0033333333333333335
3026,candidate_2,candidate_3,candidate_1,3,0.0033333333333333335
3027,candidate_2,candidate_3,candidate_1,3,0.0033333333333333335
3028,candidate_2,candidate_3,candidate_1,3,0.0033333333333333335
3029,candidate_2,candidate_3,candidate_1,3,0.0033333333333333335
3030,candidate_2,candidate_3,candidate_1,3,0.0033333333333333335
3031,candidate_2,candidate_3,candidate_1,3,0.0033333333333333335
3032,candidate_2,candidate_3,candidate_1,3,0.0033333333333333335
3033,candidate_2,candidate_3,candidate_1,3,0.0033333333333333335
3034,candidate_2,candidate_3,candidate_1,3,0.0033333333333333335
3035,candidate_2,candidate_3,candidate_1,3,0.0033333333333333335
3036,candidate_2,candidate_3,candidate_1,3,0.0033333333333333335
3037,candidate_2,candidate_3,candidate_1,3,0.0033333333333333335
3038,candidate_2,candidate_3,candidate_1,3,0.0033333333333333335
3039,candidate_2,candidate_3,candidate_1,3,0.0033333333333333335
3040,candidate_2,candidate_3,candidate_1,3,0.0033333333333333335
3041,candidate_2,candidate_3,candidate_1,3,0.0033333333333333335
3042,candidate_2,candidate_3,candidate_1,3,0.0033333333333333335
3043,candidate_2,candidate_3,candidate_1,3,0.0033333333333333335
3044,candidate_2,candidate_3,candidate_1,3,0.0033333333333333335
3045,candidate_2,candidate_3,candidate_1,3,0.0033333333333333335
3046,candidate_2,candidate_3,candidate_1,3,0.0033333333333333335
3047,candidate_2,candidate_3,candidate_1,3,0.0033333333333333335
3048,candidate_2,candidate_3,candidate_1,3,0.0033333333333333335
3049,candidate_2,candidate_3,candidate_1,3,0.0033333333333333335
3050,candidate_2,candidate_3,candidate_1,3,0.0033333333333333335
3051,candidate_2,0,candidate_1,3,0.0033333333333333335
3052,candidate_2,candidate_3,candidate_1,3,0.0033333333333333335
3053,candidate_2,candidate_3,candidate_1,3,0.0033333333333333335
3054,candidate_2,candidate_3,candidate_1,3,0.0033333333333333335
3055,candidate_2,candidate_3,candidate_1,3,0.0033333333333333335
3056,candidate_2,candidate_3,candidate_1,3,0.0033333333333333335
3057,candidate_2,candidate_3,candidate_1,3,0.0033333333333333335
3058,candidate_2,candidate_3,candidate_1,3,0.0033333333333333335
3059,candidate_2,candidate_3,candidate_1,3,0.0033333333333333335
3060,candidate_2,candidate_3,candidate_1,3,0.0033333333333333335
3061,candidate_2,candidate_3,candidate_1,3,0.0033333333333333335
3062,candidate_2,candidate_3,candidate_1,3,0.0033333333333333335
3063,candidate_2,candidate_3,candidate_1,3,0.0033333333333333335
3064,candidate_2,candidate_3,candidate_1,3,0.0033333333333333335
3065,candidate_2,candidate_3,candidate_1,3,0.0033333333333333335
3066,candidate_2,candidate_3,candidate_1,3,0.0033333333333333335
3067,candidate_2,candidate_3,candidate_1,3,0.0033333333333333335
3068,candidate_2,candidate_3,candidate_1,3,0.0033333333333333335
3069,candidate_2,candidate_3,candidate_1,3,0.0033333333333333335
3070,candidate_2,candidate_3,candidate_1,3,0.0033333333333333335
3071,candidate_2,candidate_3,candidate_1,3,0.0033333333333333335
3072,candidate_2,candidate_3,candidate_1,3,0.0033333333333333335
3073,candidate_2,candidate_3,candidate_1,3,0.0033333333333333335
3074,candidate_2,candidate_3,candidate_1,3,0.0033333333333333335
3075,candidate_2,candidate_3,candidate_1,3,0.0033333333333333335
3076,candidate_2,candidate_3,candidate_1,3,0.0033333333333333335
3077,candidate_2,candidate_3,candidate_1,3,0.0033333333333333335
3078,candidate_2,candidate_3,candidate_1,3,0.0033333333333333335
3079,candidate_2,candidate_3,candidate_1,3,0.0033333333333333335
3080,candidate_2,candidate_3,candidate_1,3,0.0033333333333333335
3081,candidate_2,candidate_3,candidate_1,3,0.0033333333333333335
3082,candidate_2,candidate_3,candidate_1,3,0.0033333333333333335
3083,candidate_2,candidate_3,candidate_1,3,0.0033333333333333335
3084,candidate_2,candidate_3,candidate_1,3,0.0033333333333333335
3085,candidate_2,candidate_3,candidate_1,3,0.0033333333333333335
3086,candidate_2,candidate_3,candidate_1,3,0.0033333333333333335
3087,candidate_2,candidate_3,candidate_1,3,0.0033333333333333335
3088,candidate_2,candidate_3,candidate_1,3,0.0033333333333333335
3089,candidate_2,candidate_3,candidate_1,3,0.0033333333333333335
3090,candidate_2,candidate_3,candidate_1,3,0.0033333333333333335
3091,candidate_2,candidate_3,candidate_1,3,0.0033333333333333335
3092,candidate_2,candidate_3,candidate_1,3,0.0033333333333333335
3093,candidate_2,candidate_3,candidate_1,3,0.0033333333333333335
3094,candidate_2,candidate_3,candidate_1,3,0.0033333333333333335
3095,candidate_2,candidate_3,candidate_1,3,0.0033333333333333335
3096,candidate_2,candidate_3,candidate_1,3,0.0033333333333333335
3097,candidate_2,candidate_3,candidate_1,3,0.0033333333333333335
3098,candidate_2,candidate_3,candidate_1,3,0.0033333333333333335
3099,candidate_2,candidate_3,candidate_1,3,0.0033333333333333335
3100,candidate_2,candidate_3,candidate_1,3,0.0033333333333333335
3101,candidate_2,candidate_3,candidate_1,3,0.0033333333333333335
3102,candidate_2,candidate_3,candidate_1,3,0.0033333333333333335
3103,candidate_2,candidate_3,candidate_1,3,0.0033333333333333335
3104,candidate_2,candidate_3,candidate_1,3,0.0033333333333333335
3105,candidate_2,candidate_3,candidate_1,3,0.0033333333333333335
3106,candidate_2,candidate_3,candidate_1,3,0.0033333333333333335
3107,candidate_2,candidate_3,candidate_1,3,0.0033333333333333335
3108,candidate_2,candidate_3,candidate_1,3,0.0033333333333333335
3109,candidate_2,candidate_3,candidate_1,3,0.0033333333333333335
3110,candidate_2,candidate_3,candidate_1,3,0.0033333333333333335
3111,candidate_2,candidate_3,candidate_1,3,0.0033333333333333335
3112,candidate_2,candidate_3,candidate_1,3,0.0033333333333333335
3113,candidate_2,candidate_3,candidate_1,3,0.0033333333333333335
3114,candidate_2,candidate_3,candidate_1,3,0.0033333333333333335
3115,candidate_2,candidate_3,candidate_1,3,0.0033333333333333335
3116,candidate_2,candidate_3,candidate_1,3,0.0033333333333333335
3117,candidate_2,candidate_3,candidate_1,3,0.0033333333333333335
3118,candidate_2,candidate_3,candidate_1,3,0.0033333333333333335
3119,candidate_2,candidate_3,candidate_1,3,0.0033333333333333335
3120,candidate_2,candidate_3,candidate_1,3,0.0033333333333333335
3121,candidate_2,candidate_3,candidate_1,3,0.0033333333333333335
3122,candidate_2,candidate_3,candidate_1,3,0.0033333333333333335
3123,candidate_2,candidate_3,candidate_1,3,0.0033333333333333335
3124,candidate_2,candidate_3,candidate_1,3,0.0033333333333333335
3125,candidate_2,candidate_3,candidate_1,3,0.0033333333333333335
3126,candidate_2,candidate_3,candidate_1,3,0.0033333333333333335
3127,candidate_2,candidate_3,candidate_1,3,0.0033333333333333335
3128,candidate_2,candidate_3,candidate_1,3,0.0033333333333333335
3129,candidate_2,candidate_3,candidate_1,3,0.0033333333333333335
3130,candidate_2,candidate_3,candidate_1,3,0.0033333333333333335
3131,candidate_2,candidate_3,candidate_1,3,0.0033333333333333335
3132,candidate_2,candidate_3,candidate_1,3,0.0033333333333333335
3133,candidate_2,candidate_3,candidate_1,3,0.0033333333333333335
3134,candidate_2,candidate_3,candidate_1,3,0.0033333333333333335
3135,candidate_2,candidate_3,candidate_1,3,0.0033333333333333335
3136,candidate_2,candidate_3,candidate_1,3,0.0033333333333333335
3137,candidate_2,candidate_3,candidate_1,3,0.0033333333333333335
3138,candidate_2,candidate_3,candidate_1,3,0.0033333333333333335
3139,candidate_2,candidate_3,candidate_1,3,0.0033333333333333335
3140,candidate_2,candidate_3,candidate_1,3,0.0033333333333333335
3141,candidate_2,candidate_3,candidate_1,3,0.0033333333333333335
3142,candidate_2,candidate_3,candidate_1,3,0.0033333333333333335
3143,candidate_2,candidate_3,candidate_1,3,0.0033333333333333335
3144,candidate_2,candidate_3,candidate_1,3,0.0033333333333333335
3145,candidate_2,candidate_3,candidate_1,3,0.0033333333333333335
3146,candidate_2,candidate_3,candidate_1,3,0.0033333333333333335
3147,candidate_2,candidate_3,candidate_1,3,0.0033333333333333335
3148,candidate_2,candidate_3,candidate_1,3,0.0033333333333333335
3149,candidate_2,candidate_3,candidate_1,3,0.0033333333333333335
3150,candidate_2,candidate_3,candidate_1,3,0.0033333333333333335
3151,candidate_2,candidate_3,candidate_1,3,0.0033333333333333335
3152,candidate_2,candidate_3,candidate_1,3,0.0033333333333333335
3153,candidate_2,candidate_3,candidate_1,3,0.0033333333333333335
3154,candidate_2,candidate_3,candidate_1,3,0.0033333333333333335
3155,candidate_2,candidate_3,candidate_1,3,0.0033333333333333335
3156,candidate_2,candidate_3,candidate_1,3,0.0033333333333333335
3157,candidate_2,candidate_3,candidate_1,3,0.0033333333333333335
3158,candidate_2,candidate_3,candidate_1,3,0.0033333333333333335
3159,candidate_2,candidate_3,candidate_1,3,0.0033333333333333335
3160,candidate_2,candidate_3,candidate_1,3,0.0033333333333333335
3161,candidate_2,candidate_3,candidate_1,3,0.0033333333333333335
3162,candidate_2,candidate_3,candidate_1,3,0.0033333333333333335
3163,candidate_2,candidate_3,candidate_1,3,0.0033333333333333335
3164,candidate_2,candidate_3,candidate_1,3,0.0033333333333333335
3165,candidate_2,candidate_3,candidate_1,3,0.0033333333333333335
3166,candidate_2,candidate_3,candidate_1,3,0.0033333333333333335
3167,candidate_2,candidate_3,candidate_1,3,0.0033333333333333335
3168,candidate_2,candidate_3,candidate_1,3,0.0033333333333333335
3169,candidate_2,candidate_3,candidate_1,3,0.0033333333333333335
3170,candidate_2,candidate_3,candidate_1,3,0.0033333333333333335
3171,candidate_2,candidate_3,candidate_1,3,0.0033333333333333335
3172,candidate_2,candidate_3,candidate_1,3,0.0033333333333333335
3173,candidate_2,candidate_3,candidate_1,3,0.0033333333333333335
3174,candidate_2,candidate_3,candidate_1,3,0.0033333333333333335
3175,candidate_2,candidate_3,candidate_1,3,0.0033333333333333335
3176,candidate_2,candidate_3,candidate_1,3,0.0033333333333333335
3177,candidate_2,candidate_3,candidate_1,3,0.0033333333333333335
3178,candidate_2,candidate_3,candidate_1,3,0.0033333333333333335
3179,candidate_2,candidate_3,candidate_1,3,0.0033333333333333335
3180,candidate_2,candidate_3,candidate_1,3,0.0033333333333333335
3181,candidate_2,candidate_3,candidate_1,3,0.0033333333333333335
3182,candidate_2,candidate_3,candidate_1,3,0.0033333333333333335
3183,candidate_2,candidate_3,candidate_1,3,0.0033333333333333335
3184,candidate_2,candidate_3,candidate_1,3,0.0033333333333333335
3185,candidate_2,candidate_3,candidate_1,3,0.0033333333333333335
3186,candidate_2,candidate_3,candidate_1,3,0.0033333333333333335
3187,candidate_2,candidate_3,candidate_1,3,0.0033333333333333335
3188,candidate_2,candidate_3,candidate_1,3,0.0033333333333333335
3189,candidate_2,candidate_3,candidate_1,3,0.0033333333333333335
3190,candidate_2,candidate_3,candidate_1,3,0.0033333333333333335
3191,candidate_2,candidate_3,candidate_1,3,0.0033333333333333335
3192,candidate_2,candidate_3,candidate_1,3,0.0033333333333333335
3193,candidate_2,candidate_3,candidate_1,3,0.0033333333333333335
3194,candidate_2,candidate_3,candidate_1,3,0.0033333333333333335
3195,candidate_2,candidate_3,candidate_1,3,0.0033333333333333335
3196,candidate_2,candidate_3,candidate_1,3,0.0033333333333333335
3197,candidate_2,candidate_3,candidate_1,3,0.0033333333333333335
3198,candidate_2,candidate_3,candidate_1,3,0.0033333333333333335
3199,candidate_2,candidate_3,candidate_1,3,0.0033333333333333335
3200,candidate_2,candidate_3,candidate_1,3,0.0033333333333333335
3201,candidate_2,candidate_3,candidate_1,3,0.0033333333333333335
3202,candidate_2,candidate_3,candidate_1,3,0.0033333333333333335
3203,candidate_2,candidate_3,candidate_1,3,0.0033333333333333335
3204,candidate_2,candidate_3,candidate_1,3,0.0033333333333333335
3205,candidate_2,candidate_3,candidate_1,3,0.0033333333333333335
3206,candidate_2,candidate_3,candidate_1,3,0.0033333333333333335
3207,candidate_2,candidate_3,candidate_1,3,0.0033333333333333335
3208,candidate_2,candidate_3,candidate_1,3,0.0033333333333333335
3209,candidate_2,candidate_3,candidate_1,3,0.0033333333333333335
3210,candidate_2,candidate_3,candidate_1,3,0.0033333333333333335
3211,candidate_2,candidate_3,candidate_1,3,0.0033333333333333335
3212,candidate_2,candidate_3,candidate_1,3,0.0033333333333333335
3213,candidate_2,candidate_3,candidate_1,3,0.0033333333333333335
3214,candidate_2,candidate_3,candidate_1,3,0.0033333333333333335
3215,candidate_2,candidate_3,candidate_1,3,0.0033333333333333335
3216,candidate_2,candidate_3,candidate_1,3,0.0033333333333333335
3217,candidate_2,candidate_3,candidate_1,3,0.0033333333333333335
3218,candidate_2,candidate_3,candidate_1,3,0.0033333333333333335
3219,candidate_2,candidate_3,candidate_1,3,0.0033333333333333335
3220,candidate_2,candidate_3,candidate_1,3,0.0033333333333333335
3221,candidate_2,candidate_3,candidate_1,3,0.0033333333333333335
3222,candidate_2,candidate_3,candidate_1,3,0.0033333333333333335
3223,candidate_2,candidate_3,candidate_1,3,0.0033333333333333335
3224,candidate_2,candidate_3,candidate_1,3,0.0033333333333333335
3225,candidate_2,candidate_3,candidate_1,3,0.0033333333333333335
3226,candidate_2,candidate_3,candidate_1,3,0.0033333333333333335
3227,candidate_2,candidate_3,candidate_1,3,0.0033333333333333335
3228,candidate_2,candidate_3,candidate_1,3,0.0033333333333333335
3229,candidate_2,candidate_3,candidate_1,3,0.0033333333333333335
3230,candidate_2,candidate_3,candidate_1,3,0.0033333333333333335
3231,candidate_2,candidate_3,candidate_1,3,0.0033333333333333335
3232,candidate_2,candidate_3,candidate_1,3,0.0033333333333333335
3233,candidate_2,candidate_3,candidate_1,3,0.0033333333333333335
3234,candidate_2,candidate_3,candidate_1,3,0.0033333333333333335
3235,candidate_2,candidate_3,candidate_1,3,0.0033333333333333335
3236,candidate_2,candidate_3,candidate_1,3,0.0033333333333333335
3237,candidate_2,candidate_3,candidate_1,3,0.0033333333333333335
3238,candidate_2,candidate_3,candidate_1,3,0.0033333333333333335
3239,candidate_2,candidate_3,candidate_1,3,0.0033333333333333335
3240,candidate_2,candidate_3,candidate_1,3,0.0033333333333333335
3241,candidate_2,candidate_3,candidate_1,3,0.0033333333333333335
3242,candidate_2,candidate_3,candidate_1,3,0.0033333333333333335
3243,candidate_2,candidate_3,candidate_1,3,0.0033333333333333335
3244,candidate_2,candidate_3,candidate_1,3,0.0033333333333333335
3245,candidate_2,candidate_3,candidate_1,3,0.0033333333333333335
3246,candidate_2,candidate_3,candidate_1,3,0.0033333333333333335
3247,candidate_2,candidate_3,candidate_1,3,0.0033333333333333335
3248,candidate_2,candidate_3,candidate_1,3,0.0033333333333333335
3249,candidate_2,candidate_3,candidate_1,3,0.0033333333333333335
3250,candidate_2,candidate_3,candidate_1,3,0.0033333333333333335
3251,candidate_2,candidate_3,candidate_1,3,0.0033333333333333335
3252,candidate_2,candidate_3,candidate_1,3,0.0033333333333333335
3253,candidate_2,candidate_3,candidate_1,3,0.0033333333333333335
3254,candidate_2,candidate_3,candidate_1,3,0.0033333333333333335
3255,candidate_2,candidate_3,candidate_1,3,0.0033333333333333335
3256,candidate_2,candidate_3,candidate_1,3,0.0033333333333333335
3257,candidate_2,candidate_3,candidate_1,3,0.0033333333333333335
3258,candidate_2,candidate_3,candidate_1,3,0.0033333333333333335
3259,candidate_2,candidate_3,candidate_1,3,0.0033333333333333335
3260,candidate_2,candidate_3,candidate_1,3,0.0033333333333333335
3261,candidate_2,candidate_3,candidate_1,3,0.0033333333333333335
3262,candidate_2,candidate_3,candidate_1,3,0.0033333333333333335
3263,candidate_2,candidate_3,candidate_1,3,0.0033333333333333335
3264,candidate_2,candidate_3,candidate_1,3,0.0033333333333333335
3265,candidate_2,candidate_3,candidate_1,3,0.0033333333333333335
3266,candidate_2,candidate_3,candidate_1,3,0.0033333333333333335
3267,candidate_2,candidate_3,candidate_1,3,0.0033333333333333335
3268,candidate_2,candidate_3,candidate_1,3,0.0033333333333333335
3269,candidate_2,candidate_3,candidate_1,3,0.0033333333333333335
3270,candidate_2,candidate_3,candidate_1,3,0.0033333333333333335
3271,candidate_2,candidate_3,candidate_1,3,0.0033333333333333335
3272,candidate_2,candidate_3,candidate_1,3,0.0033333333333333335
3273,candidate_2,candidate_3,candidate_1,3,0.0033333333333333335
3274,candidate_2,candidate_3,candidate_1,3,0.0033333333333333335
3275,candidate_2,candidate_3,candidate_1,3,0.0033333333333333335
3276,candidate_2,candidate_3,candidate_1,3,0.0033333333333333335
3277,candidate_2,candidate_3,candidate_1,3,0.0033333333333333335
3278,candidate_2,candidate_3,candidate_1,3,0.0033333333333333335
3279,candidate_2,candidate_3,candidate_1,3,0.0033333333333333335
3280,candidate_2,candidate_3,candidate_1,3,0.0033333333333333335
3281,candidate_2,candidate_3,candidate_1,3,0.0033333333333333335
3282,candidate_2,candidate_3,candidate_1,3,0.0033333333333333335
3283,candidate_2,candidate_3,candidate_1,3,0.0033333333333333335
3284,candidate_2,candidate_3,candidate_1,3,0.0033333333333333335
3285,candidate_2,candidate_3,candidate_1,3,0.0033333333333333335
3286,candidate_2,candidate_3,candidate_1,3,0.0033333333333333335
3287,candidate_2,candidate_3,candidate_1,3,0.0033333333333333335
3288,candidate_2,candidate_3,candidate_1,3,0.0033333333333333335
3289,candidate_2,candidate_3,candidate_1,3,0.0033333333333333335
3290,candidate_2,candidate_3,candidate_1,3,0.0033333333333333335
3291,candidate_2,candidate_3,candidate_1,3,0.0033333333333333335
3292,candidate_2,candidate_3,candidate_1,3,0.0033333333333333335
3293,candidate_2,candidate_3,candidate_1,3,0.0033333333333333335
3294,candidate_2,candidate_3,candidate_1,3,0.0033333333333333335
3295,candidate_2,candidate_3,candidate_1,3,0.0033333333333333335
3296,candidate_2,candidate_3,candidate_1,3,0.0033333333333333335
3297,candidate_2,candidate_3,candidate_1,3,0.0033333333333333335
3298,candidate_2,candidate_3,candidate_1,3,0.0033333333333333335
3299,candidate_2,candidate_3,candidate_1,3,0.0033333333333333335
3300,candidate_2,candidate_3,candidate_1,3,0.0033333333333333335
3301,candidate_2,candidate_3,candidate_1,3,0.0033333333333333335
3302,candidate_2,candidate_3,candidate_1,3,0.0033333333333333335
3303,candidate_2,candidate_3,candidate_1,3,0.0033333333333333335
3304,candidate_2,candidate_3,candidate_1,3,0.0033333333333333335
3305,candidate_2,candidate_3,candidate_1,3,0.0033333333333333335
3306,candidate_2,candidate_3,candidate_1,3,0.0033333333333333335
3307,candidate_2,candidate_3,candidate_1,3,0.0033333333333333335
3308,candidate_2,candidate_3,candidate_1,3,0.0033333333333333335
3309,candidate_2,candidate_3,candidate_1,3,0.0033333333333333335
3310,candidate_2,candidate_3,candidate_1,3,0.0033333333333333335
3311,candidate_2,candidate_3,candidate_1,3,0.0033333333333333335
3312,candidate_2,candidate_3,candidate_1,3,0.0033333333333333335
3313,candidate_2,candidate_3,candidate_1,3,0.0033333333333333335
3314,candidate_2,candidate_3,candidate_1,3,0.0033333333333333335
3315,candidate_2,candidate_3,candidate_1,3,0.0033333333333333335
3316,candidate_2,candidate_3,candidate_1,3,0.0033333333333333335
3317,candidate_2,candidate_3,candidate_1,3,0.0033333333333333335
3318,candidate_2,candidate_3,candidate_1,3,0.0033333333333333335
3319,candidate_2,candidate_3,candidate_1,3,0.0033333333333333335
3320,candidate_2,candidate_3,candidate_1,3,0.0033333333333333335
3321,candidate_2,candidate_3,candidate_1,3,0.0033333333333333335
3322,candidate_2,candidate_3,candidate_1,3,0.0033333333333333335
3323,candidate_2,candidate_3,candidate_1,3,0.0033333333333333335
3324,candidate_2,candidate_3,candidate_1,3,0.0033333333333333335
3325,candidate_2,candidate_3,candidate_1,3,0.0033333333333333335
3326,candidate_2,candidate_3,candidate_1,3,0.0033333333333333335
3327,candidate_2,candidate_3,candidate_1,3,0.0033333333333333335
3328,candidate_2,candidate_3,candidate_1,3,0.0033333333333333335
3329,candidate_2,candidate_3,candidate_1,3,0.0033333333333333335
3330,candidate_2,candidate_3,candidate_1,3,0.0033333333333333335
3331,candidate_2,candidate_3,candidate_1,3,0.0033333333333333335
3332,candidate_2,candidate_3,candidate_1,3,0.0033333333333333335
3333,candidate_2,candidate_3,candidate_1,3,0.0033333333333333335
3334,candidate_2,candidate_3,candidate_1,3,0.0033333333333333335
3335,candidate_2,candidate_3,candidate_1,3,0.0033333333333333335
3336,candidate_2,candidate_3,candidate_1,3,0.0033333333333333335
3337,candidate_2,candidate_3,candidate_1,3,0.0033333333333333335
3338,candidate_2,candidate_3,candidate_1,3,0.0033333333333333335
3339,candidate_2,candidate_3,candidate_1,3,0.0033333333333333335
3340,candidate_2,candidate_3,candidate_1,3,0.0033333333333333335
3341,candidate_2,candidate_3,candidate_1,3,0.0033333333333333335
3342,candidate_2,candidate_3,candidate_1,3,0.0033333333333333335
3343,candidate_2,candidate_3,candidate_1,3,0.0033333333333333335
3344,candidate_2,candidate_3,candidate_1,3,0.0033333333333333335
3345,candidate_2,candidate_3,candidate_1,3,0.0033333333333333335
3346,candidate_2,candidate_3,candidate_1,3,0.0033333333333333335
3347,candidate_2,candidate_3,candidate_1,3,0.0033333333333333335
3348,candidate_2,candidate_3,candidate_1,3,0.0033333333333333335
3349,candidate_2,candidate_3,candidate_1,3,0.0033333333333333335
3350,candidate_2,candidate_3,candidate_1,3,0.0033333333333333335
3351,candidate_2,candidate_3,candidate_1,3,0.0033333333333333335
3352,candidate_2,candidate_3,candidate_1,3,0.0033333333333333335
3353,candidate_2,candidate_3,candidate_1,3,0.0033333333333333335
3354,candidate_2,candidate_3,candidate_1,3,0.0033333333333333335
0,candidate_3,candidate_1,candidate_2,3,0.0033333333333333335
1,candidate_3,candidate_1,candidate_2,3,0.0033333333333333335
2,candidate_3,candidate_1,candidate_2,3,0.0033333333333333335
3,candidate_3,candidate_1,candidate_2,3,0.0033333333333333335
4,candidate_3,candidate_1,candidate_2,3,0.0033333333333333335
5,candidate_3,candidate_1,candidate_2,3,0.0033333333333333335
6,candidate_3,candidate_1,candidate_2,3,0.0033333333333333335
7,candidate_3,candidate_1,candidate_2,3,0.0033333333333333335
8,candidate_3,candidate_1,candidate_2,3,0.0033333333333333335
9,candidate_3,candidate_1,candidate_2,3,0.0033333333333333335
10,candidate_3,candidate_1,candidate_2,3,0.0033333333333333335
11,candidate_3,candidate_1,candidate_2,3,0.0033333333333333335
12,candidate_3,candidate_1,candidate_2,3,0.0033333333333333335
13,candidate_3,candidate_1,candidate_2,3,0.0033333333333333335
14,candidate_3,candidate_1,candidate_2,3,0.0033333333333333335
15,candidate_3,candidate_1,candidate_2,3,0.0033333333333333335
16,candidate_3,candidate_1,candidate_2,3,0.0033333333333333335
17,candidate_3,candidate_1,candidate_2,3,0.0033333333333333335
18,candidate_3,candidate_1,candidate_2,3,0.0033333333333333335
19,candidate_3,candidate_1,candidate_2,3,0.0033333333333333335
20,candidate_3,candidate_1,candidate_2,3,0.0033333333333333335
21,candidate_3,candidate_1,candidate_2,3,0.0033333333333333335
22,candidate_3,candidate_1,candidate_2,3,0.0033333333333333335
23,candidate_3,candidate_1,candidate_2,3,0.0033333333333333335
24,candidate_3,candidate_1,candidate_2,3,0.0033333333333333335
25,candidate_3,candidate_1,candidate_2,3,0.0033333333333333335
26,candidate_3,candidate_1,candidate_2,3,0.0033333333333333335
27,candidate_3,candidate_1,candidate_2,3,0.0033333333333333335
28,candidate_3,candidate_1,candidate_2,3,0.0033333333333333335
29,candidate_3,candidate_1,candidate_2,3,0.0033333333333333335
30,candidate_3,candidate_1,candidate_2,3,0.0033333333333333335
31,candidate_3,candidate_1,candidate_2,3,0.0033333333333333335
32,candidate_3,candidate_1,candidate_2,3,0.0033333333333333335
33,candidate_3,candidate_1,candidate_2,3,0.0033333333333333335
34,candidate_3,candidate_1,candidate_2,3,0.0033333333333333335
35,candidate_3,candidate_1,candidate_2,3,0.0033333333333333335
36,candidate_3,candidate_1,candidate_2,3,0.0033333333333333335
37,candidate_3,candidate_1,candidate_2,3,0.0033333333333333335
38,candidate_3,candidate_1,candidate_2,3,0.0033333333333333335
39,candidate_3,candidate_1,candidate_2,3,0.0033333333333333335
40,candidate_3,candidate_1,candidate_2,3,0.0033333333333333335
41,candidate_3,candidate_1,candidate_2,3,0.0033333333333333335
42,candidate_3,candidate_1,candidate_2,3,0.0033333333333333335
43,candidate_3,candidate_1,candidate_2,3,0.0033333333333333335
44,candidate_3,candidate_1,candidate_2,3,0.0033333333333333335
45,candidate_3,candidate_1,candidate_2,3,0.0033333333333333335
46,candidate_3,candidate_1,candidate_2,3,0.0033333333333333335
47,candidate_3,candidate_1,candidate_2,3,0.0033333333333333335
48,candidate_3,candidate_1,candidate_2,3,0.0033333333333333335
49,candidate_3,candidate_1,candidate_2,3,0.0033333333333333335
50,candidate_3,0,candidate_2,3,0.0033333333333333335
51,candidate_3,candidate_1,candidate_2,3,0.0033333333333333335
52,candidate_3,candidate_1,candidate_2,3,0.0033333333333333335
53,candidate_3,candidate_1,candidate_2,3,0.0033333333333333335
54,candidate_3,candidate_1,candidate_2,3,0.0033333333333333335
55,candidate_3,candidate_1,candidate_2,3,0.0033333333333333335
56,candidate_3,candidate_1,candidate_2,3,0.0033333333333333335
57,candidate_3,candidate_1,candidate_2,3,0.0033333333333333335
58,candidate_3,candidate_1,candidate_2,3,0.0033333333333333335
59,candidate_3,candidate_1,candidate_2,3,0.0033333333333333335
60,candidate_3,candidate_1,candidate_2,3,0.0033333333333333335
61,candidate_3,candidate_1,candidate_2,3,0.0033333333333333335
62,candidate_3,candidate_1,candidate_2,3,0.0033333333333333335
63,candidate_3,candidate_1,candidate_2,3,0.0033333333333333335
64,candidate_3,candidate_1,candidate_2,3,0.0033333333333333335
65,candidate_3,candidate_1,candidate_2,3,0.0033333333333333335
66,candidate_3,candidate_1,candidate_2,3,0.0033333333333333335
67,candidate_3,candidate_1,candidate_2,3,0.0033333333333333335
68,candidate_3,candidate_1,candidate_2,3,0.0033333333333333335
69,candidate_3,candidate_1,candidate_2,3,0.0033333333333333335
70,candidate_3,candidate_1,candidate_2,3,0.0033333333333333335
71,candidate_3,candidate_1,candidate_2,3,0.0033333333333333335
72,candidate_3,candidate_1,candidate_2,3,0.0033333333333333335
73,candidate_3,candidate_1,candidate_2,3,0.0033333333333333335
74,candidate_3,candidate_1,candidate_2,3,0.0033333333333333335
75,candidate_3,candidate_1,candidate_2,3,0.0033333333333333335
76,candidate_3,candidate_1,candidate_2,3,0.0033333333333333335
77,candidate_3,candidate_1,candidate_2,3,0.0033333333333333335
78,candidate_3,candidate_1,candidate_2,3,0.0033333333333333335
79,candidate_3,candidate_1,candidate_2,3,0.0033333333333333335
80,candidate_3,candidate_1,candidate_2,3,0.0033333333333333335
81,candidate_3,candidate_1,candidate_2,3,0.0033333333333333335
82,candidate_3,candidate_1,candidate_2,3,0.0033333333333333335
83,candidate_3,candidate_1,candidate_2,3,0.0033333333333333335
84,candidate_3,candidate_1,candidate_2,3,0.0033333333333333335
85,candidate_3,candidate_1,candidate_2,3,0.0033333333333333335
86,candidate_3,candidate_1,candidate_2,3,0.0033333333333333335
87,candidate_3,candidate_1,candidate_2,3,0.0033333333333333335
88,candidate_3,candidate_1,candidate_2,3,0.0033333333333333335
89,candidate_3,candidate_1,candidate_2,3,0.0033333333333333335
90,candidate_3,candidate_1,candidate_2,3,0.0033333333333333335
91,candidate_3,candidate_1,candidate_2,3,0.0033333333333333335
92,candidate_3,candidate_1,candidate_2,3,0.0033333333333333335
93,candidate_3,candidate_1,candidate_2,3,0.0033333333333333335
94,candidate_3,candidate_1,candidate_2,3,0.0033333333333333335
95,candidate_3,candidate_1,candidate_2,3,0.0033333333333333335
96,candidate_3,candidate_1,candidate_2,3,0.0033333333333333335
97,candidate_3,candidate_1,candidate_2,3,0.0033333333333333335
98,candidate_3,candidate_1,candidate_2,3,0.0033333333333333335
0,candidate_3,candidate_2,candidate_1,3,0.0033333333333333335
1,candidate_3,candidate_2,candidate_1,3,0.0033333333333333335
2,candidate_3,candidate_2,candidate_1,3,0.0033333333333333335
3,candidate_3,candidate_2,candidate_1,3,0.0033333333333333335
4,candidate_3,candidate_2,candidate_1,3,0.0033333333333333335
5,candidate_3,candidate_2,candidate_1,3,0.0033333333333333335
6,candidate_3,candidate_2,candidate_1,3,0.0033333333333333335
7,candidate_3,candidate_2,candidate_1,3,0.0033333333333333335
8,candidate_3,candidate_2,candidate_1,3,0.0033333333333333335
9,candidate_3,candidate_2,candidate_1,3,0.0033333333333333335
10,candidate_3,candidate_2,candidate_1,3,0.0033333333333333335
11,candidate_3,candidate_2,candidate_1,3,0.0033333333333333335
12,candidate_3,candidate_2,candidate_1,3,0.0033333333333333335
13,candidate_3,candidate_2,candidate_1,3,0.0033333333333333335
14,candidate_3,candidate_2,candidate_1,3,0.0033333333333333335
15,candidate_3,candidate_2,candidate_1,3,0.0033333333333333335
16,candidate_3,candidate_2,candidate_1,3,0.0033333333333333335
17,candidate_3,candidate_2,candidate_1,3,0.0033333333333333335
18,candidate_3,candidate_2,candidate_1,3,0.0033333333333333335
19,candidate_3,candidate_2,candidate_1,3,0.0033333333333333335
20,candidate_3,candidate_2,candidate_1,3,0.0033333333333333335
21,candidate_3,candidate_2,candidate_1,3,0.0033333333333333335
22,candidate_3,candidate_2,candidate_1,3,0.0033333333333333335
23,candidate_3,candidate_2,candidate_1,3,0.0033333333333333335
24,candidate_3,candidate_2,candidate_1,3,0.0033333333333333335
25,candidate_3,candidate_2,candidate_1,3,0.0033333333333333335
26,candidate_3,candidate_2,candidate_1,3,0.0033333333333333335
27,candidate_3,candidate_2,candidate_1,3,0.0033333333333333335
28,candidate_3,candidate_2,candidate_1,3,0.0033333333333333335
29,candidate_3,candidate_2,candidate_1,3,0.0033333333333333335
30,candidate_3,candidate_2,candidate_1,3,0.0033333333333333335
31,candidate_3,candidate_2,candidate_1,3,0.0033333333333333335
32,candidate_3,candidate_2,candidate_1,3,0.0033333333333333335
33,candidate_3,0,candidate_1,3,0.0033333333333333335
34,candidate_3,candidate_2,candidate_1,3,0.0033333333333333335
35,candidate_3,candidate_2,candidate_1,3,0.0033333333333333335
36,candidate_3,candidate_2,candidate_1,3,0.0033333333333333335
37,candidate_3,candidate_2,candidate_1,3,0.0033333333333333335
38,candidate_3,candidate_2,candidate_1,3,0.0033333333333333335
39,candidate_3,candidate_2,candidate_1,3,0.0033333333333333335
40,candidate_3,candidate_2,candidate_1,3,0.0033333333333333335
41,candidate_3,candidate_2,candidate_1,3,0.0033333333333333335
42,candidate_3,candidate_2,candidate_1,3,0.0033333333333333335
43,candidate_3,candidate_2,candidate_1,3,0.0033333333333333335
44,candidate_3,candidate_2,candidate_1,3,0.0033333333333333335
45,candidate_3,candidate_2,candidate_1,3,0.0033333333333333335
46,candidate_3,candidate_2,candidate_1,3,0.0033333333333333335
47,candidate_3,candidate_2,candidate_1,3,0.0033333333333333335
48,candidate_3,candidate_2,candidate_1,3,0.0033333333333333335
49,candidate_3,candidate_2,candidate_1,3,0.0033333333333333335
50,candidate_3,candidate_2,candidate_1,3,0.0033333333333333335
51,candidate_3,candidate_2,candidate_1,3,0.0033333333333333335
52,candidate_3,candidate_2,candidate_1,3,0.0033333333333333335
53,candidate_3,candidate_2,candidate_1,3,0.0033333333333333335
54,candidate_3,candidate_2,candidate_1,3,0.0033333333333333335
55,candidate_3,candidate_2,candidate_1,3,0.0033333333333333335
56,candidate_3,candidate_2,candidate_1,3,0.0033333333333333335
57,candidate_3,candidate_2,candidate_1,3,0.0033333333333333335
58,candidate_3,candidate_2,candidate_1,3,0.0033333333333333335
59,0,candidate_2,candidate_1,3,0.0033333333333333335
60,candidate_3,candidate_2,candidate_1,3,0.0033333333333333335
61,0,candidate_2,candidate_1,3,0.0033333333333333335
62,candidate_3,candidate_2,candidate_1,3,0.0033333333333333335
63,candidate_3,candidate_2,candidate_1,3,0.0033333333333333335
64,candidate_3,candidate_2,candidate_1,3,0.0033333333333333335
65,candidate_3,candidate_2,candidate_1,3,0.0033333333333333335
66,candidate_3,candidate_2,candidate_1,3,0.0033333333333333335
67,candidate_3,candidate_2,candidate_1,3,0.0033333333333333335
68,candidate_3,candidate_2,candidate_1,3,0.0033333333333333335
69,candidate_3,candidate_2,candidate_1,3,0.0033333333333333335
70,candidate_3,candidate_2,candidate_1,3,0.0033333333333333335
71,candidate_3,candidate_2,candidate_1,3,0.0033333333333333335
72,candidate_3,candidate_2,candidate_1,3,0.0033333333333333335
73,candidate_3,candidate_2,candidate_1,3,0.0033333333333333335
74,candidate_3,candidate_2,candidate_1,3,0.0033333333333333335
75,candidate_3,candidate_2,candidate_1,3,0.0033333333333333335
76,candidate_3,candidate_2,candidate_1,3,0.0033333333333333335
77,candidate_3,candidate_2,candidate_1,3,0.0033333333333333335
78,candidate_3,candidate_2,candidate_1,3,0.0033333333333333335
79,candidate_3,candidate_2,candidate_1,3,0.0033333333333333335
80,candidate_3,candidate_2,candidate_1,3,0.0033333333333333335
81,candidate_3,candidate_2,candidate_1,3,0.0033333333333333335
82,candidate_3,candidate_2,candidate_1,3,0.0033333333333333335
83,candidate_3,candidate_2,candidate_1,3,0.0033333333333333335
84,candidate_3,candidate_2,candidate_1,3,0.0033333333333333335
85,candidate_3,candidate_2,candidate_1,3,0.0033333333333333335
86,candidate_3,candidate_2,candidate_1,3,0.0033333333333333335
87,candidate_3,candidate_2,candidate_1,3,0.0033333333333333335
88,candidate_3,candidate_2,candidate_1,3,0.0033333333333333335
89,candidate_3,candidate_2,candidate_1,3,0.0033333333333333335
90,candidate_3,candidate_2,candidate_1,3,0.0033333333333333335
91,candidate_3,candidate_2,candidate_1,3,0.0033333333333333335
92,candidate_3,candidate_2,candidate_1,3,0.0033333333333333335
93,candidate_3,candidate_2,candidate_1,3,0.0033333333333333335
94,candidate_3,candidate_2,candidate_1,3,0.0033333333333333335
95,candidate_3,candidate_2,candidate_1,3,0.0033333333333333335
96,candidate_3,candidate_2,candidate_1,3,0.0033333333333333335
97,candidate_3,candidate_2,candidate_1,3,0.0033333333333333335
98,candidate_3,candidate_2,candidate_1,3,0.0033333333333333335
99,candidate_3,candidate_2,candidate_1,3,0.0033333333333333335
100,candidate_3,candidate_2,candidate_1,3,0.0033333333333333335
101,candidate_3,candidate_2,candidate_1,3,0.0033333333333333335
102,candidate_3,candidate_2,candidate_1,3,0.0033333333333333335
103,candidate_3,candidate_2,candidate_1,3,0.0033333333333333335
104,candidate_3,candidate_2,candidate_1,3,0.0033333333333333335
105,candidate_3,candidate_2,candidate_1,3,0.0033333333333333335
106,candidate_3,candidate_2,candidate_1,3,0.0033333333333333335
107,candidate_3,candidate_2,candidate_1,3,0.0033333333333333335
108,candidate_3,candidate_2,candidate_1,3,0.0033333333333333335
109,candidate_3,candidate_2,candidate_1,3,0.0033333333333333335
110,candidate_3,candidate_2,candidate_1,3,0.0033333333333333335
111,candidate_3,candidate_2,candidate_1,3,0.0033333333333333335
112,candidate_3,candidate_2,candidate_1,3,0.0033333333333333335
113,candidate_3,candidate_2,candidate_1,3,0.0033333333333333335
114,candidate_3,candidate_2,candidate_1,3,0.0033333333333333335
115,candidate_3,candidate_2,candidate_1,3,0.0033333333333333335
116,candidate_3,candidate_2,candidate_1,3,0.0033333333333333335
117,candidate_3,candidate_2,candidate_1,3,0.0033333333333333335
118,candidate_3,candidate_2,candidate_1,3,0.0033333333333333335
119,candidate_3,candidate_2,candidate_1,3,0.0033333333333333335
120,candidate_3,candidate_2,candidate_1,3,0.0033333333333333335
121,candidate_3,candidate_2,candidate_1,3,0.0033333333333333335
122,candidate_3,candidate_2,candidate_1,3,0.0033333333333333335
123,candidate_3,candidate_2,candidate_1,3,0.0033333333333333335
124,candidate_3,candidate_2,candidate_1,3,0.0033333333333333335
125,candidate_3,candidate_2,candidate_1,3,0.0033333333333333335
126,candidate_3,candidate_2,candidate_1,3,0.0033333333333333335
127,candidate_3,candidate_2,candidate_1,3,0.0033333333333333335
128,candidate_3,candidate_2,candidate_1,3,0.0033333333333333335
129,candidate_3,candidate_2,candidate_1,3,0.0033333333333333335
130,candidate_3,candidate_2,candidate_1,3,0.0033333333333333335
131,candidate_3,candidate_2,candidate_1,3,0.0033333333333333335
132,candidate_3,candidate_2,candidate_1,3,0.0033333333333333335
133,candidate_3,candidate_2,candidate_1,3,0.0033333333333333335
134,candidate_3,candidate_2,candidate_1,3,0.0033333333333333335
135,candidate_3,candidate_2,candidate_1,3,0.0033333333333333335
136,candidate_3,candidate_2,candidate_1,3,0.0033333333333333335
137,candidate_3,candidate_2,candidate_1,3,0.0033333333333333335
138,candidate_3,candidate_2,candidate_1,3,0.0033333333333333335
139,candidate_3,candidate_2,candidate_1,3,0.0033333333333333335
140,candidate_3,candidate_2,candidate_1,3,0.0033333333333333335
141,candidate_3,candidate_2,candidate_1,3,0.0033333333333333335
142,candidate_3,candidate_2,candidate_1,3,0.0033333333333333335
143,candidate_3,candidate_2,candidate_1,3,0.0033333333333333335
144,candidate_3,candidate_2,candidate_1,3,0.0033333333333333335
145,candidate_3,candidate_2,candidate_1,3,0.0033333333333333335
146,candidate_3,candidate_2,candidate_1,3,0.0033333333333333335
147,candidate_3,candidate_2,candidate_1,3,0.0033333333333333335
148,candidate_3,0,candidate_1,3,0.0033333333333333335
149,candidate_3,candidate_2,candidate_1,3,0.0033333333333333335
150,candidate_3,candidate_2,candidate_1,3,0.0033333333333333335
151,candidate_3,candidate_2,candidate_1,3,0.0033333333333333335
152,candidate_3,candidate_2,candidate_1,3,0.0033333333333333335
153,candidate_3,candidate_2,candidate_1,3,0.0033333333333333335
154,candidate_3,candidate_2,candidate_1,3,0.0033333333333333335
155,candidate_3,candidate_2,candidate_1,3,0.0033333333333333335
156,candidate_3,candidate_2,candidate_1,3,0.0033333333333333335
157,candidate_3,candidate_2,candidate_1,3,0.0033333333333333335
158,candidate_3,candidate_2,candidate_1,3,0.0033333333333333335
159,candidate_3,candidate_2,candidate_1,3,0.0033333333333333335
160,candidate_3,candidate_2,candidate_1,3,0.0033333333333333335
161,candidate_3,candidate_2,candidate_1,3,0.0033333333333333335
162,candidate_3,candidate_2,candidate_1,3,0.0033333333333333335
163,candidate_3,candidate_2,candidate_1,3,0.0033333333333333335
164,candidate_3,candidate_2,candidate_1,3,0.0033333333333333335
165,candidate_3,candidate_2,candidate_1,3,0.0033333333333333335
166,candidate_3,candidate_2,candidate_1,3,0.0033333333333333335
167,candidate_3,candidate_2,candidate_1,3,0.0033333333333333335
168,candidate_3,candidate_2,candidate_1,3,0.0033333333333333335
169,candidate_3,candidate_2,candidate_1,3,0.0033333333333333335
170,0,candidate_2,candidate_1,3,0.0033333333333333335
171,candidate_3,candidate_2,candidate_1,3,0.0033333333333333335
172,candidate_3,candidate_2,candidate_1,3,0.0033333333333333335
173,candidate_3,candidate_2,candidate_1,3,0.0033333333333333335
174,candidate_3,candidate_2,candidate_1,3,0.0033333333333333335
175,candidate_3,candidate_2,candidate_1,3,0.0033333333333333335
176,candidate_3,candidate_2,candidate_1,3,0.0033333333333333335
177,candidate_3,candidate_2,candidate_1,3,0.0033333333333333335
178,candidate_3,candidate_2,candidate_1,3,0.0033333333333333335
179,candidate_3,candidate_2,candidate_1,3,0.0033333333333333335
180,candidate_3,candidate_2,candidate_1,3,0.0033333333333333335
181,candidate_3,candidate_2,candidate_1,3,0.0033333333333333335
182,candidate_3,candidate_2,candidate_1,3,0.0033333333333333335
183,candidate_3,candidate_2,candidate_1,3,0.0033333333333333335
184,candidate_3,candidate_2,candidate_1,3,0.0033333333333333335
185,candidate_3,candidate_2,candidate_1,3,0.0033333333333333335
186,candidate_3,candidate_2,candidate_1,3,0.0033333333333333335
187,candidate_3,candidate_2,candidate_1,3,0.0033333333333333335
188,candidate_3,candidate_2,candidate_1,3,0.0033333333333333335
189,candidate_3,candidate_2,candidate_1,3,0.0033333333333333335
190,candidate_3,candidate_2,candidate_1,3,0.0033333333333333335
191,candidate_3,candidate_2,candidate_1,3,0.0033333333333333335
192,candidate_3,candidate_2,candidate_1,3,0.0033333333333333335
193,candidate_3,candidate_2,0,3,0.0033333333333333335
194,candidate_3,candidate_2,candidate_1,3,0.0033333333333333335
195,candidate_3,candidate_2,candidate_1,3,0.0033333333333333335
196,candidate_3,candidate_2,candidate_1,3,0.0033333333333333335
197,candidate_3,candidate_2,candidate_1,3,0.0033333333333333335
198,candidate_3,candidate_2,candidate_1,3,0.0033333333333333335
199,candidate_3,candidate_2,candidate_1,3,0.0033333333333333335
200,candidate_3,candidate_2,candidate_1,3,0.0033333333333333335
201,candidate_3,candidate_2,candidate_1,3,0.0033333333333333335
202,candidate_3,candidate_2,candidate_1,3,0.0033333333333333335
203,candidate_3,candidate_2,candidate_1,3,0.0033333333333333335
204,candidate_3,candidate_2,candidate_1,3,0.0033333333333333335
205,candidate_3,candidate_2,candidate_1,3,0.0033333333333333335
206,candidate_3,candidate_2,candidate_1,3,0.0033333333333333335
207,candidate_3,candidate_2,candidate_1,3,0.0033333333333333335
208,candidate_3,candidate_2,candidate_1,3,0.0033333333333333335
209,candidate_3,candidate_2,candidate_1,3,0.0033333333333333335
210,candidate_3,candidate_2,candidate_1,3,0.0033333333333333335
211,candidate_3,candidate_2,candidate_1,3,0.0033333333333333335
212,candidate_3,candidate_2,candidate_1,3,0.0033333333333333335
213,candidate_3,candidate_2,candidate_1,3,0.0033333333333333335
214,candidate_3,candidate_2,candidate_1,3,0.0033333333333333335
215,candidate_3,candidate_2,candidate_1,3,0.0033333333333333335
216,candidate_3,candidate_2,candidate_1,3,0.0033333333333333335
217,candidate_3,candidate_2,candidate_1,3,0.0033333333333333335
218,candidate_3,candidate_2,candidate_1,3,0.0033333333333333335
219,candidate_3,candidate_2,candidate_1,3,0.0033333333333333335
220,candidate_3,candidate_2,candidate_1,3,0.0033333333333333335
221,candidate_3,candidate_2,candidate_1,3,0.0033333333333333335
222,candidate_3,candidate_2,candidate_1,3,0.0033333333333333335
223,candidate_3,candidate_2,candidate_1,3,0.0033333333333333335
224,candidate_3,candidate_2,candidate_1,3,0.0033333333333333335
225,candidate_3,candidate_2,candidate_1,3,0.0033333333333333335
226,candidate_3,candidate_2,candidate_1,3,0.0033333333333333335
227,candidate_3,candidate_2,candidate_1,3,0.0033333333333333335
228,candidate_3,candidate_2,candidate_1,3,0.0033333333333333335
229,candidate_3,candidate_2,candidate_1,3,0.0033333333333333335
230,candidate_3,candidate_2,candidate_1,3,0.0033333333333333335
231,candidate_3,candidate_2,candidate_1,3,0.0033333333333333335
232,candidate_3,candidate_2,candidate_1,3,0.0033333333333333335
233,candidate_3,candidate_2,candidate_1,3,0.0033333333333333335
234,candidate_3,candidate_2,candidate_1,3,0.0033333333333333335
235,candidate_3,candidate_2,candidate_1,3,0.0033333333333333335
236,candidate_3,candidate_2,candidate_1,3,0.0033333333333333335
237,candidate_3,candidate_2,candidate_1,3,0.0033333333333333335
238,candidate_3,candidate_2,candidate_1,3,0.0033333333333333335
239,candidate_3,candidate_2,candidate_1,3,0.0033333333333333335
240,candidate_3,candidate_2,candidate_1,3,0.0033333333333333335
241,candidate_3,candidate_2,candidate_1,3,0.0033333333333333335
242,candidate_3,candidate_2,candidate_1,3,0.0033333333333333335
243,candidate_3,candidate_2,candidate_1,3,0.0033333333333333335
244,candidate_3,candidate_2,candidate_1,3,0.0033333333333333335
245,candidate_3,candidate_2,candidate_1,3,0.0033333333333333335
246,candidate_3,candidate_2,0,3,0.0033333333333333335
247,candidate_3,candidate_2,candidate_1,3,0.0033333333333333335
248,candidate_3,candidate_2,candidate_1,3,0.0033333333333333335
249,candidate_3,candidate_2,candidate_1,3,0.0033333333333333335
250,candidate_3,candidate_2,candidate_1,3,0.0033333333333333335
251,candidate_3,candidate_2,candidate_1,3,0.0033333333333333335
252,candidate_3,candidate_2,candidate_1,3,0.0033333333333333335
253,candidate_3,candidate_2,candidate_1,3,0.0033333333333333335
254,candidate_3,candidate_2,candidate_1,3,0.0033333333333333335
255,candidate_3,candidate_2,candidate_1,3,0.0033333333333333335
256,candidate_3,candidate_2,candidate_1,3,0.0033333333333333335
257,candidate_3,candidate_2,candidate_1,3,0.0033333333333333335
258,candidate_3,candidate_2,candidate_1,3,0.0033333333333333335
259,candidate_3,candidate_2,candidate_1,3,0.0033333333333333335
260,candidate_3,candidate_2,candidate_1,3,0.0033333333333333335
261,candidate_3,candidate_2,candidate_1,3,0.0033333333333333335
262,candidate_3,candidate_2,candidate_1,3,0.0033333333333333335
263,candidate_3,candidate_2,candidate_1,3,0.0033333333333333335
264,candidate_3,candidate_2,candidate_1,3,0.0033333333333333335
265,candidate_3,candidate_2,candidate_1,3,0.0033333333333333335
266,candidate_3,candidate_2,candidate_1,3,0.0033333333333333335
267,candidate_3,candidate_2,candidate_1,3,0.0033333333333333335
268,candidate_3,candidate_2,candidate_1,3,0.0033333333333333335
269,candidate_3,candidate_2,candidate_1,3,0.0033333333333333335
270,candidate_3,candidate_2,candidate_1,3,0.0033333333333333335
271,candidate_3,candidate_2,candidate_1,3,0.0033333333333333335
272,candidate_3,candidate_2,candidate_1,3,0.0033333333333333335
273,candidate_3,candidate_2,candidate_1,3,0.0033333333333333335
274,candidate_3,candidate_2,candidate_1,3,0.0033333333333333335
275,candidate_3,candidate_2,candidate_1,3,0.0033333333333333335
276,candidate_3,candidate_2,candidate_1,3,0.0033333333333333335
277,candidate_3,candidate_2,candidate_1,3,0.0033333333333333335
278,candidate_3,candidate_2,candidate_1,3,0.0033333333333333335
279,candidate_3,candidate_2,candidate_1,3,0.0033333333333333335
280,candidate_3,candidate_2,candidate_1,3,0.0033333333333333335
281,candidate_3,candidate_2,candidate_1,3,0.0033333333333333335
282,candidate_3,candidate_2,candidate_1,3,0.0033333333333333335
283,candidate_3,candidate_2,candidate_1,3,0.0033333333333333335
284,candidate_3,candidate_2,candidate_1,3,0.0033333333333333335
285,candidate_3,candidate_2,candidate_1,3,0.0033333333333333335
286,candidate_3,candidate_2,candidate_1,3,0.0033333333333333335
287,candidate_3,candidate_2,candidate_1,3,0.0033333333333333335
288,candidate_3,candidate_2,candidate_1,3,0.0033333333333333335
289,candidate_3,candidate_2,candidate_1,3,0.0033333333333333335
290,candidate_3,candidate_2,candidate_1,3,0.0033333333333333335
291,candidate_3,candidate_2,candidate_1,3,0.0033333333333333335
292,candidate_3,candidate_2,candidate_1,3,0.0033333333333333335
293,candidate_3,candidate_2,candidate_1,3,0.0033333333333333335
294,candidate_3,candidate_2,candidate_1,3,0.0033333333333333335
295,candidate_3,candidate_2,candidate_1,3,0.0033333333333333335
296,candidate_3,candidate_2,candidate_1,3,0.0033333333333333335
297,candidate_3,candidate_2,candidate_1,3,0.0033333333333333335
298,candidate_3,candidate_2,candidate_1,3,0.0033333333333333335
299,candidate_3,candidate_2,candidate_1,3,0.0033333333333333335
300,candidate_3,candidate_2,candidate_1,3,0.0033333333333333335
301,candidate_3,candidate_2,candidate_1,3,0.0033333333333333335
302,candidate_3,candidate_2,candidate_1,3,0.0033333333333333335
303,candidate_3,candidate_2,candidate_1,3,0.0033333333333333335
304,candidate_3,candidate_2,candidate_1,3,0.0033333333333333335
305,candidate_3,candidate_2,candidate_1,3,0.0033333333333333335
306,candidate_3,candidate_2,candidate_1,3,0.0033333333333333335
307,candidate_3,candidate_2,candidate_1,3,0.0033333333333333335
308,candidate_3,candidate_2,candidate_1,3,0.0033333333333333335
309,candidate_3,candidate_2,candidate_1,3,0.0033333333333333335
310,candidate_3,candidate_2,candidate_1,3,0.0033333333333333335
311,candidate_3,candidate_2,candidate_1,3,0.0033333333333333335
312,candidate_3,candidate_2,candidate_1,3,0.0033333333333333335
313,candidate_3,candidate_2,candidate_1,3,0.0033333333333333335
314,candidate_3,candidate_2,candidate_1,3,0.0033333333333333335
315,candidate_3,candidate_2,candidate_1,3,0.0033333333333333335
316,candidate_3,candidate_2,candidate_1,3,0.0033333333333333335
317,candidate_3,candidate_2,candidate_1,3,0.0033333333333333335
318,candidate_3,candidate_2,candidate_1,3,0.0033333333333333335
319,candidate_3,candidate_2,candidate_1,3,0.0033333333333333335
320,candidate_3,candidate_2,candidate_1,3,0.0033333333333333335
321,candidate_3,candidate_2,candidate_1,3,0.0033333333333333335
322,candidate_3,candidate_2,candidate_1,3,0.0033333333333333335
323,candidate_3,candidate_2,candidate_1,3,0.0033333333333333335
324,candidate_3,candidate_2,candidate_1,3,0.0033333333333333335
325,candidate_3,candidate_2,candidate_1,3,0.0033333333333333335
326,candidate_3,candidate_2,candidate_1,3,0.0033333333333333335
327,candidate_3,candidate_2,candidate_1,3,0.0033333333333333335
328,candidate_3,candidate_2,candidate_1,3,0.0033333333333333335
329,candidate_3,candidate_2,candidate_1,3,0.0033333333333333335
330,candidate_3,candidate_2,candidate_1,3,0.0033333333333333335
331,candidate_3,candidate_2,candidate_1,3,0.0033333333333333335
332,candidate_3,candidate_2,candidate_1,3,0.0033333333333333335
333,candidate_3,candidate_2,candidate_1,3,0.0033333333333333335
334,candidate_3,candidate_2,candidate_1,3,0.0033333333333333335
335,candidate_3,candidate_2,candidate_1,3,0.0033333333333333335
336,candidate_3,candidate_2,candidate_1,3,0.0033333333333333335
337,candidate_3,candidate_2,candidate_1,3,0.0033333333333333335
338,candidate_3,candidate_2,candidate_1,3,0.0033333333333333335
339,candidate_3,candidate_2,candidate_1,3,0.0033333333333333335
340,candidate_3,candidate_2,candidate_1,3,0.0033333333333333335
341,candidate_3,candidate_2,candidate_1,3,0.0033333333333333335
342,candidate_3,candidate_2,candidate_1,3,0.0033333333333333335
343,candidate_3,candidate_2,candidate_1,3,0.0033333333333333335
344,candidate_3,candidate_2,candidate_1,3,0.0033333333333333335
345,candidate_3,candidate_2,candidate_1,3,0.0033333333333333335
346,candidate_3,candidate_2,candidate_1,3,0.0033333333333333335
347,candidate_3,candidate_2,candidate_1,3,0.0033333333333333335
348,candidate_3,candidate_2,candidate_1,3,0.0033333333333333335
349,candidate_3,candidate_2,candidate_1,3,0.0033333333333333335
350,candidate_3,candidate_2,candidate_1,3,0.0033333333333333335
351,candidate_3,candidate_2,candidate_1,3,0.0033333333333333335
352,candidate_3,candidate_2,candidate_1,3,0.0033333333333333335
353,candidate_3,candidate_2,candidate_1,3,0.0033333333333333335
354,candidate_3,candidate_2,candidate_1,3,0.0033333333333333335
355,candidate_3,candidate_2,candidate_1,3,0.0033333333333333335
356,candidate_3,candidate_2,candidate_1,3,0.0033333333333333335
357,candidate_3,candidate_2,candidate_1,3,0.0033333333333333335
358,candidate_3,candidate_2,candidate_1,3,0.0033333333333333335
359,candidate_3,candidate_2,candidate_1,3,0.0033333333333333335
360,candidate_3,candidate_2,candidate_1,3,0.0033333333333333335
361,candidate_3,candidate_2,candidate_1,3,0.0033333333333333335
362,candidate_3,candidate_2,candidate_1,3,0.0033333333333333335
363,candidate_3,candidate_2,candidate_1,3,0.0033333333333333335
364,candidate_3,candidate_2,candidate_1,3,0.0033333333333333335
365,candidate_3,candidate_2,candidate_1,3,0.0033333333333333335
366,candidate_3,candidate_2,candidate_1,3,0.0033333333333333335
367,candidate_3,candidate_2,candidate_1,3,0.0033333333333333335
368,candidate_3,candidate_2,candidate_1,3,0.0033333333333333335
369,candidate_3,candidate_2,candidate_1,3,0.0033333333333333335
370,candidate_3,candidate_2,candidate_1,3,0.0033333333333333335
371,candidate_3,candidate_2,candidate_1,3,0.0033333333333333335
372,candidate_3,candidate_2,candidate_1,3,0.0033333333333333335
373,candidate_3,candidate_2,candidate_1,3,0.0033333333333333335
374,candidate_3,candidate_2,candidate_1,3,0.0033333333333333335
375,candidate_3,candidate_2,candidate_1,3,0.0033333333333333335
376,candidate_3,candidate_2,candidate_1,3,0.0033333333333333335
377,candidate_3,candidate_2,candidate_1,3,0.0033333333333333335
378,candidate_3,candidate_2,candidate_1,3,0.0033333333333333335
379,candidate_3,candidate_2,candidate_1,3,0.0033333333333333335
380,candidate_3,candidate_2,candidate_1,3,0.0033333333333333335
381,candidate_3,candidate_2,candidate_1,3,0.0033333333333333335
382,candidate_3,0,candidate_1,3,0.0033333333333333335
383,candidate_3,candidate_2,candidate_1,3,0.0033333333333333335
384,candidate_3,candidate_2,candidate_1,3,0.0033333333333333335
385,candidate_3,candidate_2,candidate_1,3,0.0033333333333333335
386,candidate_3,candidate_2,candidate_1,3,0.0033333333333333335
387,candidate_3,candidate_2,candidate_1,3,0.0033333333333333335
388,candidate_3,candidate_2,candidate_1,3,0.0033333333333333335
389,candidate_3,candidate_2,candidate_1,3,0.0033333333333333335
390,candidate_3,candidate_2,candidate_1,3,0.0033333333333333335
391,candidate_3,candidate_2,candidate_1,3,0.0033333333333333335
392,candidate_3,candidate_2,candidate_1,3,0.0033333333333333335
393,candidate_3,candidate_2,candidate_1,3,0.0033333333333333335
394,candidate_3,candidate_2,candidate_1,3,0.0033333333333333335
395,candidate_3,candidate_2,candidate_1,3,0.0033333333333333335
396,candidate_3,candidate_2,candidate_1,3,0.0033333333333333335
397,candidate_3,candidate_2,candidate_1,3,0.0033333333333333335
398,candidate_3,candidate_2,candidate_1,3,0.0033333333333333335
399,candidate_3,candidate_2,candidate_1,3,0.0033333333333333335
400,candidate_3,candidate_2,candidate_1,3,0.0033333333333333335
401,candidate_3,candidate_2,candidate_1,3,0.0033333333333333335
402,candidate_3,candidate_2,candidate_1,3,0.0033333333333333335
403,candidate_3,candidate_2,candidate_1,3,0.0033333333333333335
404,candidate_3,candidate_2,candidate_1,3,0.0033333333333333335
405,candidate_3,candidate_2,candidate_1,3,0.0033333333333333335
406,candidate_3,candidate_2,candidate_1,3,0.0033333333333333335
407,candidate_3,candidate_2,candidate_1,3,0.0033333333333333335
408,candidate_3,candidate_2,candidate_1,3,0.0033333333333333335
409,candidate_3,candidate_2,candidate_1,3,0.0033333333333333335
410,candidate_3,candidate_2,candidate_1,3,0.0033333333333333335
411,candidate_3,candidate_2,candidate_1,3,0.0033333333333333335
412,candidate_3,candidate_2,candidate_1,3,0.0033333333333333335
413,candidate_3,candidate_2,candidate_1,3,0.0033333333333333335
414,candidate_3,candidate_2,candidate_1,3,0.0033333333333333335
415,candidate_3,candidate_2,candidate_1,3,0.0033333333333333335
416,candidate_3,candidate_2,candidate_1,3,0.0033333333333333335
417,candidate_3,candidate_2,candidate_1,3,0.0033333333333333335
418,candidate_3,candidate_2,candidate_1,3,0.0033333333333333335
419,candidate_3,candidate_2,candidate_1,3,0.0033333333333333335
420,candidate_3,candidate_2,candidate_1,3,0.0033333333333333335
421,candidate_3,candidate_2,candidate_1,3,0.0033333333333333335
422,candidate_3,candidate_2,candidate_1,3,0.0033333333333333335
423,candidate_3,candidate_2,candidate_1,3,0.0033333333333333335
424,candidate_3,candidate_2,candidate_1,3,0.0033333333333333335
425,candidate_3,candidate_2,candidate_1,3,0.0033333333333333335
426,candidate_3,0,candidate_1,3,0.0033333333333333335
427,candidate_3,candidate_2,candidate_1,3,0.0033333333333333335
428,candidate_3,candidate_2,candidate_1,3,0.0033333333333333335
429,candidate_3,candidate_2,candidate_1,3,0.0033333333333333335
430,candidate_3,candidate_2,candidate_1,3,0.0033333333333333335
431,candidate_3,candidate_2,candidate_1,3,0.0033333333333333335
432,candidate_3,candidate_2,candidate_1,3,0.0033333333333333335
433,candidate_3,candidate_2,candidate_1,3,0.0033333333333333335
434,candidate_3,candidate_2,candidate_1,3,0.0033333333333333335
435,candidate_3,candidate_2,candidate_1,3,0.0033333333333333335
436,candidate_3,candidate_2,candidate_1,3,0.0033333333333333335
437,candidate_3,candidate_2,candidate_1,3,0.0033333333333333335
438,candidate_3,candidate_2,candidate_1,3,0.0033333333333333335
439,candidate_3,candidate_2,candidate_1,3,0.0033333333333333335
440,candidate_3,candidate_2,candidate_1,3,0.0033333333333333335
441,candidate_3,candidate_2,candidate_1,3,0.0033333333333333335
442,candidate_3,candidate_2,candidate_1,3,0.0033333333333333335
443,candidate_3,candidate_2,candidate_1,3,0.0033333333333333335
444,candidate_3,candidate_2,candidate_1,3,0.0033333333333333335
445,candidate_3,candidate_2,candidate_1,3,0.0033333333333333335
446,candidate_3,candidate_2,candidate_1,3,0.0033333333333333335
447,candidate_3,candidate_2,candidate_1,3,0.0033333333333333335
448,candidate_3,candidate_2,candidate_1,3,0.0033333333333333335
449,candidate_3,candidate_2,candidate_1,3,0.0033333333333333335
450,candidate_3,candidate_2,candidate_1,3,0.0033333333333333335
451,candidate_3,candidate_2,candidate_1,3,0.0033333333333333335
452,candidate_3,candidate_2,candidate_1,3,0.0033333333333333335
453,candidate_3,candidate_2,candidate_1,3,0.0033333333333333335
454,candidate_3,candidate_2,candidate_1,3,0.0033333333333333335
455,candidate_3,candidate_2,candidate_1,3,0.0033333333333333335
456,candidate_3,candidate_2,candidate_1,3,0.0033333333333333335
457,candidate_3,candidate_2,candidate_1,3,0.0033333333333333335
458,candidate_3,candidate_2,candidate_1,3,0.0033333333333333335
459,candidate_3,candidate_2,candidate_1,3,0.0033333333333333335
460,candidate_3,candidate_2,candidate_1,3,0.0033333333333333335
461,candidate_3,candidate_2,candidate_1,3,0.0033333333333333335
462,candidate_3,candidate_2,candidate_1,3,0.0033333333333333335
463,candidate_3,candidate_2,candidate_1,3,0.0033333333333333335
464,candidate_3,candidate_2,candidate_1,3,0.0033333333333333335
465,candidate_3,candidate_2,candidate_1,3,0.0033333333333333335
466,candidate_3,candidate_2,candidate_1,3,0.0033333333333333335
467,candidate_3,candidate_2,candidate_1,3,0.0033333333333333335
468,candidate_3,candidate_2,candidate_1,3,0.0033333333333333335
469,candidate_3,candidate_2,candidate_1,3,0.0033333333333333335
470,candidate_3,candidate_2,candidate_1,3,0.0033333333333333335
471,candidate_3,candidate_2,candidate_1,3,0.0033333333333333335
472,candidate_3,candidate_2,candidate_1,3,0.0033333333333333335
473,candidate_3,candidate_2,candidate_1,3,0.0033333333333333335
474,candidate_3,candidate_2,candidate_1,3,0.0033333333333333335
475,candidate_3,candidate_2,candidate_1,3,0.0033333333333333335
476,candidate_3,candidate_2,candidate_1,3,0.0033333333333333335
477,candidate_3,candidate_2,candidate_1,3,0.0033333333333333335
478,candidate_3,candidate_2,candidate_1,3,0.0033333333333333335
479,candidate_3,candidate_2,candidate_1,3,0.0033333333333333335
480,candidate_3,candidate_2,candidate_1,3,0.0033333333333333335
481,candidate_3,candidate_2,candidate_1,3,0.0033333333333333335
482,candidate_3,candidate_2,candidate_1,3,0.0033333333333333335
483,candidate_3,candidate_2,candidate_1,3,0.0033333333333333335
484,candidate_3,candidate_2,candidate_1,3,0.0033333333333333335
485,candidate_3,candidate_2,candidate_1,3,0.0033333333333333335
486,candidate_3,candidate_2,candidate_1,3,0.0033333333333333335
487,candidate_3,candidate_2,candidate_1,3,0.0033333333333333335
488,candidate_3,candidate_2,candidate_1,3,0.0033333333333333335
489,candidate_3,candidate_2,candidate_1,3,0.0033333333333333335
490,candidate_3,candidate_2,candidate_1,3,0.0033333333333333335
491,candidate_3,candidate_2,candidate_1,3,0.0033333333333333335
492,candidate_3,candidate_2,candidate_1,3,0.0033333333333333335
493,candidate_3,candidate_2,candidate_1,3,0.0033333333333333335
494,candidate_3,candidate_2,candidate_1,3,0.0033333333333333335
495,candidate_3,candidate_2,candidate_1,3,0.0033333333333333335
496,candidate_3,candidate_2,candidate_1,3,0.0033333333333333335
497,candidate_3,candidate_2,candidate_1,3,0.0033333333333333335
498,candidate_3,candidate_2,candidate_1,3,0.0033333333333333335
499,candidate_3,candidate_2,candidate_1,3,0.0033333333333333335
500,candidate_3,candidate_2,candidate_1,3,0.0033333333333333335
501,candidate_3,candidate_2,candidate_1,3,0.0033333333333333335
502,candidate_3,candidate_2,candidate_1,3,0.0033333333333333335
503,candidate_3,candidate_2,candidate_1,3,0.0033333333333333335
504,candidate_3,candidate_2,candidate_1,3,0.0033333333333333335
505,candidate_3,candidate_2,candidate_1,3,0.0033333333333333335
506,candidate_3,candidate_2,candidate_1,3,0.0033333333333333335
507,candidate_3,candidate_2,candidate_1,3,0.0033333333333333335
508,candidate_3,candidate_2,candidate_1,3,0.0033333333333333335
509,candidate_3,candidate_2,candidate_1,3,0.0033333333333333335
510,candidate_3,candidate_2,candidate_1,3,0.0033333333333333335
511,candidate_3,candidate_2,candidate_1,3,0.0033333333333333335
512,candidate_3,candidate_2,candidate_1,3,0.0033333333333333335
513,candidate_3,candidate_2,candidate_1,3,0.0033333333333333335
514,candidate_3,candidate_2,candidate_1,3,0.0033333333333333335
515,candidate_3,candidate_2,candidate_1,3,0.0033333333333333335
516,candidate_3,candidate_2,candidate_1,3,0.0033333333333333335
517,candidate_3,candidate_2,candidate_1,3,0.0033333333333333335
518,candidate_3,candidate_2,candidate_1,3,0.0033333333333333335
519,candidate_3,candidate_2,candidate_1,3,0.0033333333333333335
520,candidate_3,candidate_2,candidate_1,3,0.0033333333333333335
521,candidate_3,candidate_2,candidate_1,3,0.0033333333333333335
522,candidate_3,candidate_2,candidate_1,3,0.0033333333333333335
523,candidate_3,candidate_2,candidate_1,3,0.0033333333333333335
524,candidate_3,candidate_2,candidate_1,3,0.0033333333333333335
525,candidate_3,candidate_2,candidate_1,3,0.0033333333333333335
526,candidate_3,candidate_2,candidate_1,3,0.0033333333333333335
527,candidate_3,candidate_2,candidate_1,3,0.0033333333333333335
528,candidate_3,candidate_2,candidate_1,3,0.0033333333333333335
529,candidate_3,candidate_2,candidate_1,3,0.0033333333333333335
530,candidate_3,candidate_2,candidate_1,3,0.0033333333333333335
531,candidate_3,candidate_2,candidate_1,3,0.0033333333333333335
532,candidate_3,candidate_2,candidate_1,3,0.0033333333333333335
533,candidate_3,candidate_2,candidate_1,3,0.0033333333333333335
534,candidate_3,candidate_2,candidate_1,3,0.0033333333333333335
535,candidate_3,candidate_2,candidate_1,3,0.0033333333333333335
536,candidate_3,candidate_2,candidate_1,3,0.0033333333333333335
537,candidate_3,candidate_2,candidate_1,3,0.0033333333333333335
538,candidate_3,candidate_2,candidate_1,3,0.0033333333333333335
539,candidate_3,candidate_2,candidate_1,3,0.0033333333333333335
540,candidate_3,candidate_2,candidate_1,3,0.0033333333333333335
541,candidate_3,candidate_2,candidate_1,3,0.0033333333333333335
542,candidate_3,candidate_2,candidate_1,3,0.0033333333333333335
543,candidate_3,candidate_2,candidate_1,3,0.0033333333333333335
544,candidate_3,candidate_2,candidate_1,3,0.0033333333333333335
545,candidate_3,candidate_2,candidate_1,3,0.0033333333333333335
546,candidate_3,candidate_2,candidate_1,3,0.0033333333333333335
547,candidate_3,candidate_2,candidate_1,3,0.0033333333333333335
548,candidate_3,candidate_2,candidate_1,3,0.0033333333333333335
549,candidate_3,candidate_2,candidate_1,3,0.0033333333333333335
550,candidate_3,candidate_2,candidate_1,3,0.0033333333333333335
551,candidate_3,candidate_2,candidate_1,3,0.0033333333333333335
552,0,candidate_2,candidate_1,3,0.0033333333333333335
553,candidate_3,candidate_2,candidate_1,3,0.0033333333333333335
554,candidate_3,candidate_2,candidate_1,3,0.0033333333333333335
555,candidate_3,candidate_2,candidate_1,3,0.0033333333333333335
556,candidate_3,candidate_2,candidate_1,3,0.0033333333333333335
557,candidate_3,candidate_2,candidate_1,3,0.0033333333333333335
558,candidate_3,candidate_2,candidate_1,3,0.0033333333333333335
559,candidate_3,candidate_2,candidate_1,3,0.0033333333333333335
560,candidate_3,candidate_2,candidate_1,3,0.0033333333333333335
561,candidate_3,candidate_2,candidate_1,3,0.0033333333333333335
562,candidate_3,candidate_2,candidate_1,3,0.0033333333333333335
563,candidate_3,candidate_2,candidate_1,3,0.0033333333333333335
564,candidate_3,candidate_2,candidate_1,3,0.0033333333333333335
565,candidate_3,candidate_2,candidate_1,3,0.0033333333333333335
566,candidate_3,candidate_2,candidate_1,3,0.0033333333333333335
567,candidate_3,candidate_2,candidate_1,3,0.0033333333333333335
568,candidate_3,candidate_2,candidate_1,3,0.0033333333333333335
569,candidate_3,candidate_2,candidate_1,3,0.0033333333333333335
570,candidate_3,candidate_2,candidate_1,3,0.0033333333333333335
571,candidate_3,candidate_2,candidate_1,3,0.0033333333333333335
572,candidate_3,candidate_2,candidate_1,3,0.0033333333333333335
573,candidate_3,candidate_2,candidate_1,3,0.0033333333333333335
574,candidate_3,candidate_2,candidate_1,3,0.0033333333333333335
575,candidate_3,candidate_2,candidate_1,3,0.0033333333333333335
576,candidate_3,candidate_2,candidate_1,3,0.0033333333333333335
577,candidate_3,candidate_2,candidate_1,3,0.0033333333333333335
578,candidate_3,candidate_2,candidate_1,3,0.0033333333333333335
579,candidate_3,candidate_2,candidate_1,3,0.0033333333333333335
580,candidate_3,candidate_2,candidate_1,3,0.0033333333333333335
581,candidate_3,candidate_2,candidate_1,3,0.0033333333333333335
582,candidate_3,candidate_2,candidate_1,3,0.0033333333333333335
583,candidate_3,candidate_2,candidate_1,3,0.0033333333333333335
584,candidate_3,candidate_2,candidate_1,3,0.0033333333333333335
585,candidate_3,candidate_2,candidate_1,3,0.0033333333333333335
586,candidate_3,candidate_2,candidate_1,3,0.0033333333333333335
587,candidate_3,candidate_2,candidate_1,3,0.0033333333333333335
588,candidate_3,candidate_2,candidate_1,3,0.0033333333333333335
589,candidate_3,candidate_2,candidate_1,3,0.0033333333333333335
590,candidate_3,candidate_2,candidate_1,3,0.0033333333333333335
591,candidate_3,candidate_2,candidate_1,3,0.0033333333333333335
592,candidate_3,candidate_2,candidate_1,3,0.0033333333333333335
593,candidate_3,candidate_2,candidate_1,3,0.0033333333333333335
594,candidate_3,candidate_2,candidate_1,3,0.0033333333333333335
595,candidate_3,candidate_2,candidate_1,3,0.0033333333333333335
596,candidate_3,candidate_2,candidate_1,3,0.0033333333333333335
597,candidate_3,candidate_2,candidate_1,3,0.0033333333333333335
598,candidate_3,candidate_2,candidate_1,3,0.0033333333333333335
599,candidate_3,candidate_2,candidate_1,3,0.0033333333333333335
600,candidate_3,candidate_2,candidate_1,3,0.0033333333333333335
601,candidate_3,candidate_2,candidate_1,3,0.0033333333333333335
602,candidate_3,candidate_2,candidate_1,3,0.0033333333333333335
603,candidate_3,candidate_2,candidate_1,3,0.0033333333333333335
604,candidate_3,candidate_2,candidate_1,3,0.0033333333333333335
605,candidate_3,candidate_2,candidate_1,3,0.0033333333333333335
606,candidate_3,candidate_2,candidate_1,3,0.0033333333333333335
607,candidate_3,candidate_2,candidate_1,3,0.0033333333333333335
608,candidate_3,candidate_2,candidate_1,3,0.0033333333333333335
609,candidate_3,candidate_2,candidate_1,3,0.0033333333333333335
610,candidate_3,candidate_2,candidate_1,3,0.0033333333333333335
611,candidate_3,candidate_2,candidate_1,3,0.0033333333333333335
612,candidate_3,candidate_2,candidate_1,3,0.0033333333333333335
613,candidate_3,candidate_2,candidate_1,3,0.0033333333333333335
614,candidate_3,candidate_2,candidate_1,3,0.0033333333333333335
615,candidate_3,candidate_2,candidate_1,3,0.0033333333333333335
616,candidate_3,candidate_2,candidate_1,3,0.0033333333333333335
617,candidate_3,candidate_2,candidate_1,3,0.0033333333333333335
618,candidate_3,candidate_2,candidate_1,3,0.0033333333333333335
619,candidate_3,candidate_2,candidate_1,3,0.0033333333333333335
620,candidate_3,candidate_2,candidate_1,3,0.0033333333333333335
621,candidate_3,candidate_2,candidate_1,3,0.0033333333333333335
622,candidate_3,candidate_2,candidate_1,3,0.0033333333333333335
623,candidate_3,candidate_2,candidate_1,3,0.0033333333333333335
624,candidate_3,candidate_2,candidate_1,3,0.0033333333333333335
625,candidate_3,candidate_2,candidate_1,3,0.0033333333333333335
626,candidate_3,candidate_2,candidate_1,3,0.0033333333333333335
627,candidate_3,candidate_2,candidate_1,3,0.0033333333333333335
628,candidate_3,candidate_2,candidate_1,3,0.0033333333333333335
629,candidate_3,candidate_2,candidate_1,3,0.0033333333333333335
630,candidate_3,candidate_2,candidate_1,3,0.0033333333333333335
631,candidate_3,candidate_2,candidate_1,3,0.0033333333333333335
632,candidate_3,candidate_2,candidate_1,3,0.0033333333333333335
633,candidate_3,candidate_2,candidate_1,3,0.0033333333333333335
634,candidate_3,candidate_2,candidate_1,3,0.0033333333333333335
635,candidate_3,candidate_2,candidate_1,3,0.0033333333333333335
636,candidate_3,candidate_2,candidate_1,3,0.0033333333333333335
637,candidate_3,candidate_2,candidate_1,3,0.0033333333333333335
638,candidate_3,candidate_2,candidate_1,3,0.0033333333333333335
639,candidate_3,candidate_2,candidate_1,3,0.0033333333333333335
640,candidate_3,candidate_2,candidate_1,3,0.0033333333333333335
641,candidate_3,candidate_2,candidate_1,3,0.0033333333333333335
642,candidate_3,candidate_2,candidate_1,3,0.0033333333333333335
643,candidate_3,candidate_2,candidate_1,3,0.0033333333333333335
644,candidate_3,candidate_2,candidate_1,3,0.0033333333333333335
645,candidate_3,candidate_2,candidate_1,3,0.0033333333333333335
646,candidate_3,candidate_2,candidate_1,3,0.0033333333333333335
647,candidate_3,candidate_2,candidate_1,3,0.0033333333333333335
648,candidate_3,candidate_2,candidate_1,3,0.0033333333333333335
649,candidate_3,candidate_2,candidate_1,3,0.0033333333333333335
650,candidate_3,candidate_2,candidate_1,3,0.0033333333333333335
651,candidate_3,candidate_2,candidate_1,3,0.0033333333333333335
652,candidate_3,candidate_2,candidate_1,3,0.0033333333333333335
653,candidate_3,candidate_2,candidate_1,3,0.0033333333333333335
654,candidate_3,candidate_2,candidate_1,3,0.0033333333333333335
655,candidate_3,candidate_2,candidate_1,3,0.0033333333333333335
656,candidate_3,candidate_2,candidate_1,3,0.0033333333333333335
657,candidate_3,candidate_2,candidate_1,3,0.0033333333333333335
658,candidate_3,candidate_2,candidate_1,3,0.0033333333333333335
659,candidate_3,candidate_2,candidate_1,3,0.0033333333333333335
660,candidate_3,candidate_2,candidate_1,3,0.0033333333333333335
661,candidate_3,candidate_2,candidate_1,3,0.0033333333333333335
662,candidate_3,candidate_2,candidate_1,3,0.0033333333333333335
663,candidate_3,candidate_2,candidate_1,3,0.0033333333333333335
664,candidate_3,candidate_2,candidate_1,3,0.0033333333333333335
665,candidate_3,candidate_2,candidate_1,3,0.0033333333333333335
666,candidate_3,candidate_2,candidate_1,3,0.0033333333333333335
667,candidate_3,candidate_2,candidate_1,3,0.0033333333333333335
668,candidate_3,candidate_2,candidate_1,3,0.0033333333333333335
669,candidate_3,candidate_2,candidate_1,3,0.0033333333333333335
670,candidate_3,candidate_2,candidate_1,3,0.0033333333333333335
671,candidate_3,candidate_2,candidate_1,3,0.0033333333333333335
672,candidate_3,candidate_2,candidate_1,3,0.0033333333333333335
673,candidate_3,candidate_2,candidate_1,3,0.0033333333333333335
674,candidate_3,candidate_2,candidate_1,3,0.0033333333333333335
675,candidate_3,candidate_2,candidate_1,3,0.0033333333333333335
676,candidate_3,candidate_2,candidate_1,3,0.0033333333333333335
677,candidate_3,candidate_2,candidate_1,3,0.0033333333333333335
678,candidate_3,candidate_2,candidate_1,3,0.0033333333333333335
679,candidate_3,candidate_2,candidate_1,3,0.0033333333333333335
680,candidate_3,candidate_2,candidate_1,3,0.0033333333333333335
681,candidate_3,candidate_2,candidate_1,3,0.0033333333333333335
682,candidate_3,candidate_2,candidate_1,3,0.0033333333333333335
683,candidate_3,candidate_2,candidate_1,3,0.0033333333333333335
684,candidate_3,candidate_2,candidate_1,3,0.0033333333333333335
685,candidate_3,candidate_2,candidate_1,3,0.0033333333333333335
686,candidate_3,candidate_2,candidate_1,3,0.0033333333333333335
687,candidate_3,candidate_2,candidate_1,3,0.0033333333333333335
688,candidate_3,candidate_2,candidate_1,3,0.0033333333333333335
689,candidate_3,candidate_2,candidate_1,3,0.0033333333333333335
690,candidate_3,candidate_2,candidate_1,3,0.0033333333333333335
691,candidate_3,candidate_2,candidate_1,3,0.0033333333333333335
692,candidate_3,candidate_2,candidate_1,3,0.0033333333333333335
693,candidate_3,candidate_2,candidate_1,3,0.0033333333333333335
694,candidate_3,candidate_2,candidate_1,3,0.0033333333333333335
695,candidate_3,candidate_2,candidate_1,3,0.0033333333333333335
696,candidate_3,candidate_2,candidate_1,3,0.0033333333333333335
697,candidate_3,candidate_2,candidate_1,3,0.0033333333333333335
698,candidate_3,candidate_2,candidate_1,3,0.0033333333333333335
699,candidate_3,candidate_2,candidate_1,3,0.0033333333333333335
700,candidate_3,candidate_2,candidate_1,3,0.0033333333333333335
701,candidate_3,candidate_2,candidate_1,3,0.0033333333333333335
702,candidate_3,candidate_2,candidate_1,3,0.0033333333333333335
703,candidate_3,candidate_2,candidate_1,3,0.0033333333333333335
704,candidate_3,candidate_2,candidate_1,3,0.0033333333333333335
705,candidate_3,candidate_2,candidate_1,3,0.0033333333333333335
706,candidate_3,candidate_2,candidate_1,3,0.0033333333333333335
707,candidate_3,candidate_2,candidate_1,3,0.0033333333333333335
708,candidate_3,candidate_2,candidate_1,3,0.0033333333333333335
709,candidate_3,candidate_2,candidate_1,3,0.0033333333333333335
710,candidate_3,candidate_2,candidate_1,3,0.0033333333333333335
711,candidate_3,candidate_2,candidate_1,3,0.0033333333333333335
712,candidate_3,candidate_2,candidate_1,3,0.0033333333333333335
713,candidate_3,candidate_2,candidate_1,3,0.0033333333333333335
714,candidate_3,candidate_2,candidate_1,3,0.0033333333333333335
715,candidate_3,candidate_2,candidate_1,3,0.0033333333333333335
716,candidate_3,candidate_2,candidate_1,3,0.0033333333333333335
717,candidate_3,candidate_2,candidate_1,3,0.0033333333333333335
718,candidate_3,candidate_2,candidate_1,3,0.0033333333333333335
719,candidate_3,candidate_2,candidate_1,3,0.0033333333333333335
720,candidate_3,candidate_2,candidate_1,3,0.0033333333333333335
721,candidate_3,candidate_2,candidate_1,3,0.0033333333333333335
722,candidate_3,candidate_2,candidate_1,3,0.0033333333333333335
723,candidate_3,candidate_2,candidate_1,3,0.0033333333333333335
724,candidate_3,candidate_2,candidate_1,3,0.0033333333333333335
725,candidate_3,candidate_2,candidate_1,3,0.0033333333333333335
726,candidate_3,candidate_2,candidate_1,3,0.0033333333333333335
727,candidate_3,candidate_2,candidate_1,3,0.0033333333333333335
728,candidate_3,candidate_2,candidate_1,3,0.0033333333333333335
729,candidate_3,candidate_2,candidate_1,3,0.0033333333333333335
730,candidate_3,candidate_2,candidate_1,3,0.0033333333333333335
731,candidate_3,candidate_2,candidate_1,3,0.0033333333333333335
732,candidate_3,candidate_2,candidate_1,3,0.0033333333333333335
733,candidate_3,candidate_2,candidate_1,3,0.0033333333333333335
734,candidate_3,candidate_2,candidate_1,3,0.0033333333333333335
735,candidate_3,candidate_2,candidate_1,3,0.0033333333333333335
736,candidate_3,candidate_2,candidate_1,3,0.0033333333333333335
737,candidate_3,candidate_2,candidate_1,3,0.0033333333333333335
738,candidate_3,candidate_2,candidate_1,3,0.0033333333333333335
739,candidate_3,candidate_2,candidate_1,3,0.0033333333333333335
740,candidate_3,candidate_2,candidate_1,3,0.0033333333333333335
741,candidate_3,candidate_2,candidate_1,3,0.0033333333333333335
742,candidate_3,candidate_2,candidate_1,3,0.0033333333333333335
743,candidate_3,candidate_2,candidate_1,3,0.0033333333333333335
744,candidate_3,candidate_2,candidate_1,3,0.0033333333333333335
745,candidate_3,candidate_2,candidate_1,3,0.0033333333333333335
746,candidate_3,candidate_2,candidate_1,3,0.0033333333333333335
747,candidate_3,candidate_2,candidate_1,3,0.0033333333333333335
748,candidate_3,candidate_2,candidate_1,3,0.0033333333333333335
749,candidate_3,candidate_2,candidate_1,3,0.0033333333333333335
750,candidate_3,candidate_2,candidate_1,3,0.0033333333333333335
751,candidate_3,candidate_2,candidate_1,3,0.0033333333333333335
752,candidate_3,candidate_2,candidate_1,3,0.0033333333333333335
753,candidate_3,candidate_2,candidate_1,3,0.0033333333333333335
754,candidate_3,candidate_2,candidate_1,3,0.0033333333333333335
755,candidate_3,candidate_2,candidate_1,3,0.0033333333333333335
756,candidate_3,candidate_2,candidate_1,3,0.0033333333333333335
757,candidate_3,candidate_2,candidate_1,3,0.0033333333333333335
758,candidate_3,candidate_2,candidate_1,3,0.0033333333333333335
759,candidate_3,candidate_2,candidate_1,3,0.0033333333333333335
760,candidate_3,candidate_2,candidate_1,3,0.0033333333333333335
761,candidate_3,candidate_2,candidate_1,3,0.0033333333333333335
762,candidate_3,candidate_2,candidate_1,3,0.0033333333333333335
763,candidate_3,candidate_2,candidate_1,3,0.0033333333333333335
764,candidate_3,candidate_2,candidate_1,3,0.0033333333333333335
765,candidate_3,candidate_2,candidate_1,3,0.0033333333333333335
766,candidate_3,candidate_2,candidate_1,3,0.0033333333333333335
767,candidate_3,candidate_2,candidate_1,3,0.0033333333333333335
768,candidate_3,candidate_2,candidate_1,3,0.0033333333333333335
769,candidate_3,candidate_2,candidate_1,3,0.0033333333333333335
770,candidate_3,candidate_2,candidate_1,3,0.0033333333333333335
771,candidate_3,candidate_2,candidate_1,3,0.0033333333333333335
772,candidate_3,candidate_2,candidate_1,3,0.0033333333333333335
773,candidate_3,candidate_2,candidate_1,3,0.0033333333333333335
774,candidate_3,candidate_2,candidate_1,3,0.0033333333333333335
775,candidate_3,candidate_2,candidate_1,3,0.0033333333333333335
776,candidate_3,candidate_2,candidate_1,3,0.0033333333333333335
777,candidate_3,candidate_2,candidate_1,3,0.0033333333333333335
778,candidate_3,candidate_2,candidate_1,3,0.0033333333333333335
779,candidate_3,candidate_2,candidate_1,3,0.0033333333333333335
780,candidate_3,candidate_2,candidate_1,3,0.0033333333333333335
781,candidate_3,candidate_2,candidate_1,3,0.0033333333333333335
782,candidate_3,candidate_2,candidate_1,3,0.0033333333333333335
783,candidate_3,candidate_2,candidate_1,3,0.0033333333333333335
784,candidate_3,candidate_2,candidate_1,3,0.0033333333333333335
785,candidate_3,candidate_2,candidate_1,3,0.0033333333333333335
786,candidate_3,candidate_2,candidate_1,3,0.0033333333333333335
787,candidate_3,candidate_2,candidate_1,3,0.0033333333333333335
788,candidate_3,candidate_2,candidate_1,3,0.0033333333333333335
789,candidate_3,candidate_2,candidate_1,3,0.0033333333333333335
790,candidate_3,candidate_2,candidate_1,3,0.0033333333333333335
791,candidate_3,candidate_2,candidate_1,3,0.0033333333333333335
792,candidate_3,candidate_2,candidate_1,3,0.0033333333333333335
793,candidate_3,candidate_2,candidate_1,3,0.0033333333333333335
794,candidate_3,candidate_2,candidate_1,3,0.0033333333333333335
795,candidate_3,candidate_2,candidate_1,3,0.0033333333333333335
796,candidate_3,candidate_2,candidate_1,3,0.0033333333333333335
797,candidate_3,candidate_2,candidate_1,3,0.0033333333333333335
798,candidate_3,candidate_2,candidate_1,3,0.0033333333333333335
799,candidate_3,candidate_2,candidate_1,3,0.0033333333333333335
800,candidate_3,candidate_2,candidate_1,3,0.0033333333333333335
801,candidate_3,candidate_2,candidate_1,3,0.0033333333333333335
802,candidate_3,candidate_2,candidate_1,3,0.0033333333333333335
803,candidate_3,candidate_2,candidate_1,3,0.0033333333333333335
804,candidate_3,candidate_2,candidate_1,3,0.0033333333333333335
805,candidate_3,candidate_2,candidate_1,3,0.0033333333333333335
806,candidate_3,candidate_2,candidate_1,3,0.0033333333333333335
807,candidate_3,candidate_2,candidate_1,3,0.0033333333333333335
808,candidate_3,candidate_2,candidate_1,3,0.0033333333333333335
809,candidate_3,candidate_2,candidate_1,3,0.0033333333333333335
810,candidate_3,candidate_2,candidate_1,3,0.0033333333333333335
811,candidate_3,candidate_2,candidate_1,3,0.0033333333333333335
812,candidate_3,candidate_2,candidate_1,3,0.0033333333333333335
813,candidate_3,candidate_2,candidate_1,3,0.0033333333333333335
814,candidate_3,candidate_2,candidate_1,3,0.0033333333333333335
815,candidate_3,candidate_2,candidate_1,3,0.0033333333333333335
816,candidate_3,candidate_2,candidate_1,3,0.0033333333333333335
817,candidate_3,candidate_2,candidate_1,3,0.0033333333333333335
818,candidate_3,candidate_2,candidate_1,3,0.0033333333333333335
819,candidate_3,candidate_2,candidate_1,3,0.0033333333333333335
820,candidate_3,candidate_2,candidate_1,3,0.0033333333333333335
821,candidate_3,candidate_2,candidate_1,3,0.0033333333333333335
822,candidate_3,candidate_2,candidate_1,3,0.0033333333333333335
823,candidate_3,candidate_2,candidate_1,3,0.0033333333333333335
824,candidate_3,candidate_2,candidate_1,3,0.0033333333333333335
825,candidate_3,candidate_2,candidate_1,3,0.0033333333333333335
826,candidate_3,candidate_2,candidate_1,3,0.0033333333333333335
827,candidate_3,candidate_2,candidate_1,3,0.0033333333333333335
828,candidate_3,candidate_2,candidate_1,3,0.0033333333333333335
829,candidate_3,candidate_2,candidate_1,3,0.0033333333333333335
830,candidate_3,candidate_2,candidate_1,3,0.0033333333333333335
831,candidate_3,candidate_2,candidate_1,3,0.0033333333333333335
832,candidate_3,candidate_2,candidate_1,3,0.0033333333333333335
833,candidate_3,candidate_2,candidate_1,3,0.0033333333333333335
834,candidate_3,candidate_2,candidate_1,3,0.0033333333333333335
835,candidate_3,candidate_2,candidate_1,3,0.0033333333333333335
836,candidate_3,candidate_2,candidate_1,3,0.0033333333333333335
837,candidate_3,candidate_2,candidate_1,3,0.0033333333333333335
838,candidate_3,candidate_2,candidate_1,3,0.0033333333333333335
839,candidate_3,candidate_2,candidate_1,3,0.0033333333333333335
840,candidate_3,candidate_2,candidate_1,3,0.0033333333333333335
841,candidate_3,candidate_2,candidate_1,3,0.0033333333333333335
842,candidate_3,candidate_2,candidate_1,3,0.0033333333333333335
843,candidate_3,candidate_2,candidate_1,3,0.0033333333333333335
844,candidate_3,candidate_2,candidate_1,3,0.0033333333333333335
845,candidate_3,candidate_2,candidate_1,3,0.0033333333333333335
846,candidate_3,candidate_2,candidate_1,3,0.0033333333333333335
847,candidate_3,candidate_2,candidate_1,3,0.0033333333333333335
848,candidate_3,candidate_2,candidate_1,3,0.0033333333333333335
849,candidate_3,candidate_2,candidate_1,3,0.0033333333333333335
850,candidate_3,candidate_2,candidate_1,3,0.0033333333333333335
851,candidate_3,candidate_2,candidate_1,3,0.0033333333333333335
852,candidate_3,candidate_2,candidate_1,3,0.0033333333333333335
853,candidate_3,candidate_2,candidate_1,3,0.0033333333333333335
854,candidate_3,candidate_2,candidate_1,3,0.0033333333333333335
855,candidate_3,candidate_2,candidate_1,3,0.0033333333333333335
856,candidate_3,candidate_2,candidate_1,3,0.0033333333333333335
857,candidate_3,candidate_2,candidate_1,3,0.0033333333333333335
858,candidate_3,candidate_2,candidate_1,3,0.0033333333333333335
859,candidate_3,candidate_2,candidate_1,3,0.0033333333333333335
860,candidate_3,candidate_2,candidate_1,3,0.0033333333333333335
861,candidate_3,candidate_2,candidate_1,3,0.0033333333333333335
862,candidate_3,candidate_2,candidate_1,3,0.0033333333333333335
863,0,candidate_2,candidate_1,3,0.0033333333333333335
864,candidate_3,candidate_2,candidate_1,3,0.0033333333333333335
865,candidate_3,candidate_2,candidate_1,3,0.0033333333333333335
866,candidate_3,candidate_2,candidate_1,3,0.0033333333333333335
867,candidate_3,candidate_2,candidate_1,3,0.0033333333333333335
868,candidate_3,candidate_2,candidate_1,3,0.0033333333333333335
869,candidate_3,candidate_2,candidate_1,3,0.0033333333333333335
870,candidate_3,candidate_2,candidate_1,3,0.0033333333333333335
871,candidate_3,candidate_2,candidate_1,3,0.0033333333333333335
872,candidate_3,candidate_2,candidate_1,3,0.0033333333333333335
873,candidate_3,candidate_2,candidate_1,3,0.0033333333333333335
874,candidate_3,candidate_2,candidate_1,3,0.0033333333333333335
875,candidate_3,candidate_2,candidate_1,3,0.0033333333333333335
876,candidate_3,0,candidate_1,3,0.0033333333333333335
877,candidate_3,candidate_2,candidate_1,3,0.0033333333333333335
878,candidate_3,candidate_2,candidate_1,3,0.0033333333333333335
879,candidate_3,candidate_2,candidate_1,3,0.0033333333333333335
880,candidate_3,candidate_2,candidate_1,3,0.0033333333333333335
881,candidate_3,candidate_2,candidate_1,3,0.0033333333333333335
882,candidate_3,candidate_2,candidate_1,3,0.0033333333333333335
883,candidate_3,candidate_2,candidate_1,3,0.0033333333333333335
884,candidate_3,candidate_2,candidate_1,3,0.0033333333333333335
885,candidate_3,candidate_2,candidate_1,3,0.0033333333333333335
886,candidate_3,candidate_2,candidate_1,3,0.0033333333333333335
887,candidate_3,candidate_2,candidate_1,3,0.0033333333333333335
888,candidate_3,candidate_2,candidate_1,3,0.0033333333333333335
889,candidate_3,candidate_2,candidate_1,3,0.0033333333333333335
890,candidate_3,candidate_2,candidate_1,3,0.0033333333333333335
891,candidate_3,candidate_2,candidate_1,3,0.0033333333333333335
892,candidate_3,candidate_2,candidate_1,3,0.0033333333333333335
893,candidate_3,candidate_2,candidate_1,3,0.0033333333333333335
894,candidate_3,candidate_2,candidate_1,3,0.0033333333333333335
895,candidate_3,candidate_2,candidate_1,3,0.0033333333333333335
896,candidate_3,candidate_2,candidate_1,3,0.0033333333333333335
897,candidate_3,candidate_2,candidate_1,3,0.0033333333333333335
898,candidate_3,candidate_2,candidate_1,3,0.0033333333333333335
899,candidate_3,candidate_2,candidate_1,3,0.0033333333333333335
900,candidate_3,candidate_2,candidate_1,3,0.0033333333333333335
901,candidate_3,candidate_2,candidate_1,3,0.0033333333333333335
902,candidate_3,candidate_2,candidate_1,3,0.0033333333333333335
903,candidate_3,candidate_2,candidate_1,3,0.0033333333333333335
904,candidate_3,candidate_2,candidate_1,3,0.0033333333333333335
905,candidate_3,candidate_2,candidate_1,3,0.0033333333333333335
906,candidate_3,candidate_2,candidate_1,3,0.0033333333333333335
907,candidate_3,candidate_2,candidate_1,3,0.0033333333333333335
908,candidate_3,candidate_2,candidate_1,3,0.0033333333333333335
909,candidate_3,candidate_2,candidate_1,3,0.0033333333333333335
910,candidate_3,candidate_2,candidate_1,3,0.0033333333333333335
911,candidate_3,candidate_2,candidate_1,3,0.0033333333333333335
912,candidate_3,candidate_2,candidate_1,3,0.0033333333333333335
913,candidate_3,candidate_2,candidate_1,3,0.0033333333333333335
914,candidate_3,candidate_2,candidate_1,3,0.0033333333333333335
915,candidate_3,candidate_2,candidate_1,3,0.0033333333333333335
916,candidate_3,candidate_2,candidate_1,3,0.0033333333333333335
917,candidate_3,candidate_2,candidate_1,3,0.0033333333333333335
918,candidate_3,candidate_2,candidate_1,3,0.0033333333333333335
919,candidate_3,candidate_2,candidate_1,3,0.0033333333333333335
920,candidate_3,candidate_2,candidate_1,3,0.0033333333333333335
921,candidate_3,candidate_2,candidate_1,3,0.0033333333333333335
922,candidate_3,candidate_2,candidate_1,3,0.0033333333333333335
923,candidate_3,candidate_2,candidate_1,3,0.0033333333333333335
924,candidate_3,candidate_2,candidate_1,3,0.0033333333333333335
925,candidate_3,candidate_2,candidate_1,3,0.0033333333333333335
926,candidate_3,candidate_2,candidate_1,3,0.0033333333333333335
927,candidate_3,candidate_2,candidate_1,3,0.0033333333333333335
928,candidate_3,candidate_2,candidate_1,3,0.0033333333333333335
929,candidate_3,candidate_2,candidate_1,3,0.0033333333333333335
930,candidate_3,candidate_2,candidate_1,3,0.0033333333333333335
931,candidate_3,candidate_2,candidate_1,3,0.0033333333333333335
932,candidate_3,candidate_2,candidate_1,3,0.0033333333333333335
933,candidate_3,candidate_2,candidate_1,3,0.0033333333333333335
934,candidate_3,candidate_2,candidate_1,3,0.0033333333333333335
935,candidate_3,candidate_2,candidate_1,3,0.0033333333333333335
936,candidate_3,candidate_2,candidate_1,3,0.0033333333333333335
937,candidate_3,candidate_2,candidate_1,3,0.0033333333333333335
938,candidate_3,candidate_2,candidate_1,3,0.0033333333333333335
939,candidate_3,candidate_2,candidate_1,3,0.0033333333333333335
940,candidate_3,candidate_2,candidate_1,3,0.0033333333333333335
941,candidate_3,candidate_2,candidate_1,3,0.0033333333333333335
942,candidate_3,candidate_2,candidate_1,3,0.0033333333333333335
943,candidate_3,candidate_2,candidate_1,3,0.0033333333333333335
944,candidate_3,candidate_2,candidate_1,3,0.0033333333333333335
945,candidate_3,candidate_2,candidate_1,3,0.0033333333333333335
946,candidate_3,candidate_2,candidate_1,3,0.0033333333333333335
947,candidate_3,candidate_2,candidate_1,3,0.0033333333333333335
948,candidate_3,candidate_2,candidate_1,3,0.0033333333333333335
949,candidate_3,candidate_2,candidate_1,3,0.0033333333333333335
950,candidate_3,candidate_2,candidate_1,3,0.0033333333333333335
951,candidate_3,candidate_2,candidate_1,3,0.0033333333333333335
952,candidate_3,candidate_2,candidate_1,3,0.0033333333333333335
953,candidate_3,candidate_2,candidate_1,3,0.0033333333333333335
954,candidate_3,candidate_2,candidate_1,3,0.0033333333333333335
955,candidate_3,candidate_2,candidate_1,3,0.0033333333333333335
956,candidate_3,candidate_2,candidate_1,3,0.0033333333333333335
957,candidate_3,candidate_2,candidate_1,3,0.0033333333333333335
958,0,candidate_2,candidate_1,3,0.0033333333333333335
959,candidate_3,candidate_2,candidate_1,3,0.0033333333333333335
960,candidate_3,candidate_2,candidate_1,3,0.0033333333333333335
961,candidate_3,candidate_2,candidate_1,3,0.0033333333333333335
962,candidate_3,candidate_2,candidate_1,3,0.0033333333333333335
963,candidate_3,candidate_2,candidate_1,3,0.0033333333333333335
964,candidate_3,candidate_2,candidate_1,3,0.0033333333333333335
965,candidate_3,candidate_2,candidate_1,3,0.0033333333333333335
966,candidate_3,candidate_2,candidate_1,3,0.0033333333333333335
967,candidate_3,candidate_2,candidate_1,3,0.0033333333333333335
968,candidate_3,candidate_2,candidate_1,3,0.0033333333333333335
969,candidate_3,candidate_2,candidate_1,3,0.0033333333333333335
970,candidate_3,candidate_2,candidate_1,3,0.0033333333333333335
971,candidate_3,candidate_2,candidate_1,3,0.0033333333333333335
972,candidate_3,candidate_2,candidate_1,3,0.0033333333333333335
973,candidate_3,candidate_2,candidate_1,3,0.0033333333333333335
974,candidate_3,candidate_2,candidate_1,3,0.0033333333333333335
975,candidate_3,candidate_2,candidate_1,3,0.0033333333333333335
976,candidate_3,candidate_2,candidate_1,3,0.0033333333333333335
977,candidate_3,candidate_2,candidate_1,3,0.0033333333333333335
978,candidate_3,candidate_2,candidate_1,3,0.0033333333333333335
979,candidate_3,candidate_2,candidate_1,3,0.0033333333333333335
980,candidate_3,candidate_2,candidate_1,3,0.0033333333333333335
981,candidate_3,candidate_2,candidate_1,3,0.0033333333333333335
982,candidate_3,candidate_2,candidate_1,3,0.0033333333333333335
983,candidate_3,candidate_2,candidate_1,3,0.0033333333333333335
984,candidate_3,candidate_2,candidate_1,3,0.0033333333333333335
985,candidate_3,candidate_2,candidate_1,3,0.0033333333333333335
986,candidate_3,candidate_2,0,3,0.0033333333333333335
987,candidate_3,candidate_2,candidate_1,3,0.0033333333333333335
988,candidate_3,candidate_2,candidate_1,3,0.0033333333333333335
989,candidate_3,candidate_2,candidate_1,3,0.0033333333333333335
990,candidate_3,candidate_2,candidate_1,3,0.0033333333333333335
991,candidate_3,candidate_2,candidate_1,3,0.0033333333333333335
992,candidate_3,candidate_2,candidate_1,3,0.0033333333333333335
993,candidate_3,candidate_2,candidate_1,3,0.0033333333333333335
994,candidate_3,candidate_2,candidate_1,3,0.0033333333333333335
995,candidate_3,candidate_2,candidate_1,3,0.0033333333333333335
996,candidate_3,candidate_2,0,3,0.0033333333333333335
997,candidate_3,candidate_2,candidate_1,3,0.0033333333333333335
998,candidate_3,candidate_2,candidate_1,3,0.0033333333333333335
999,candidate_3,candidate_2,candidate_1,3,0.0033333333333333335
1000,candidate_3,candidate_2,candidate_1,3,0.0033333333333333335
1001,candidate_3,candidate_2,candidate_1,3,0.0033333333333333335
1002,candidate_3,candidate_2,candidate_1,3,0.0033333333333333335
1003,candidate_3,candidate_2,candidate_1,3,0.0033333333333333335
1004,candidate_3,candidate_2,candidate_1,3,0.0033333333333333335
1005,candidate_3,candidate_2,candidate_1,3,0.0033333333333333335
1006,candidate_3,candidate_2,candidate_1,3,0.0033333333333333335
1007,candidate_3,candidate_2,candidate_1,3,0.0033333333333333335
1008,candidate_3,candidate_2,candidate_1,3,0.0033333333333333335
1009,candidate_3,candidate_2,candidate_1,3,0.0033333333333333335
1010,candidate_3,candidate_2,candidate_1,3,0.0033333333333333335
1011,candidate_3,candidate_2,candidate_1,3,0.0033333333333333335
1012,candidate_3,candidate_2,candidate_1,3,0.0033333333333333335
1013,candidate_3,candidate_2,candidate_1,3,0.0033333333333333335
1014,candidate_3,candidate_2,candidate_1,3,0.0033333333333333335
1015,candidate_3,candidate_2,candidate_1,3,0.0033333333333333335
1016,candidate_3,candidate_2,candidate_1,3,0.0033333333333333335
1017,candidate_3,candidate_2,candidate_1,3,0.0033333333333333335
1018,candidate_3,candidate_2,candidate_1,3,0.0033333333333333335
1019,candidate_3,candidate_2,candidate_1,3,0.0033333333333333335
1020,candidate_3,candidate_2,candidate_1,3,0.0033333333333333335
1021,candidate_3,candidate_2,candidate_1,3,0.0033333333333333335
1022,candidate_3,candidate_2,candidate_1,3,0.0033333333333333335
1023,candidate_3,candidate_2,candidate_1,3,0.0033333333333333335
1024,candidate_3,candidate_2,candidate_1,3,0.0033333333333333335
1025,candidate_3,candidate_2,candidate_1,3,0.0033333333333333335
1026,candidate_3,candidate_2,candidate_1,3,0.0033333333333333335
1027,candidate_3,candidate_2,candidate_1,3,0.0033333333333333335
1028,candidate_3,candidate_2,candidate_1,3,0.0033333333333333335
1029,candidate_3,candidate_2,candidate_1,3,0.0033333333333333335
1030,candidate_3,candidate_2,candidate_1,3,0.0033333333333333335
1031,candidate_3,candidate_2,candidate_1,3,0.0033333333333333335
1032,candidate_3,candidate_2,candidate_1,3,0.0033333333333333335
1033,candidate_3,candidate_2,candidate_1,3,0.0033333333333333335
1034,candidate_3,candidate_2,candidate_1,3,0.0033333333333333335
1035,candidate_3,candidate_2,candidate_1,3,0.0033333333333333335
1036,candidate_3,candidate_2,candidate_1,3,0.0033333333333333335
1037,candidate_3,candidate_2,candidate_1,3,0.0033333333333333335
1038,candidate_3,candidate_2,candidate_1,3,0.0033333333333333335
1039,candidate_3,candidate_2,candidate_1,3,0.0033333333333333335
1040,candidate_3,candidate_2,candidate_1,3,0.0033333333333333335
1041,candidate_3,candidate_2,candidate_1,3,0.0033333333333333335
1042,candidate_3,candidate_2,candidate_1,3,0.0033333333333333335
1043,candidate_3,candidate_2,candidate_1,3,0.0033333333333333335
1044,candidate_3,candidate_2,candidate_1,3,0.0033333333333333335
1045,candidate_3,candidate_2,candidate_1,3,0.0033333333333333335
1046,candidate_3,candidate_2,candidate_1,3,0.0033333333333333335
1047,candidate_3,candidate_2,candidate_1,3,0.0033333333333333335
1048,candidate_3,candidate_2,candidate_1,3,0.0033333333333333335
1049,candidate_3,candidate_2,candidate_1,3,0.0033333333333333335
1050,candidate_3,candidate_2,candidate_1,3,0.0033333333333333335
1051,candidate_3,candidate_2,candidate_1,3,0.0033333333333333335
1052,candidate_3,candidate_2,candidate_1,3,0.0033333333333333335
1053,candidate_3,candidate_2,candidate_1,3,0.0033333333333333335
1054,candidate_3,candidate_2,candidate_1,3,0.0033333333333333335
1055,candidate_3,candidate_2,candidate_1,3,0.0033333333333333335
1056,candidate_3,candidate_2,candidate_1,3,0.0033333333333333335
1057,candidate_3,candidate_2,candidate_1,3,0.0033333333333333335
1058,candidate_3,candidate_2,candidate_1,3,0.0033333333333333335
1059,candidate_3,candidate_2,candidate_1,3,0.0033333333333333335
1060,candidate_3,candidate_2,candidate_1,3,0.0033333333333333335
1061,candidate_3,candidate_2,candidate_1,3,0.0033333333333333335
1062,candidate_3,candidate_2,candidate_1,3,0.0033333333333333335
1063,candidate_3,candidate_2,candidate_1,3,0.0033333333333333335
1064,candidate_3,candidate_2,candidate_1,3,0.0033333333333333335
1065,candidate_3,candidate_2,candidate_1,3,0.0033333333333333335
1066,candidate_3,candidate_2,candidate_1,3,0.0033333333333333335
1067,candidate_3,candidate_2,candidate_1,3,0.0033333333333333335
1068,candidate_3,candidate_2,candidate_1,3,0.0033333333333333335
1069,candidate_3,candidate_2,candidate_1,3,0.0033333333333333335
1070,candidate_3,candidate_2,candidate_1,3,0.0033333333333333335
1071,candidate_3,candidate_2,candidate_1,3,0.0033333333333333335
1072,candidate_3,candidate_2,candidate_1,3,0.0033333333333333335
1073,candidate_3,candidate_2,candidate_1,3,0.0033333333333333335
1074,candidate_3,candidate_2,candidate_1,3,0.0033333333333333335
1075,candidate_3,candidate_2,candidate_1,3,0.0033333333333333335
1076,candidate_3,candidate_2,candidate_1,3,0.0033333333333333335
1077,candidate_3,candidate_2,candidate_1,3,0.0033333333333333335
1078,candidate_3,candidate_2,candidate_1,3,0.0033333333333333335
1079,candidate_3,candidate_2,candidate_1,3,0.0033333333333333335
1080,candidate_3,candidate_2,candidate_1,3,0.0033333333333333335
1081,candidate_3,candidate_2,candidate_1,3,0.0033333333333333335
1082,candidate_3,candidate_2,candidate_1,3,0.0033333333333333335
1083,candidate_3,candidate_2,candidate_1,3,0.0033333333333333335
1084,candidate_3,candidate_2,candidate_1,3,0.0033333333333333335
1085,candidate_3,candidate_2,candidate_1,3,0.0033333333333333335
1086,candidate_3,candidate_2,candidate_1,3,0.0033333333333333335
1087,candidate_3,candidate_2,candidate_1,3,0.0033333333333333335
1088,candidate_3,candidate_2,candidate_1,3,0.0033333333333333335
1089,candidate_3,candidate_2,candidate_1,3,0.0033333333333333335
1090,candidate_3,candidate_2,candidate_1,3,0.0033333333333333335
1091,candidate_3,candidate_2,candidate_1,3,0.0033333333333333335
1092,candidate_3,candidate_2,candidate_1,3,0.0033333333333333335
1093,candidate_3,candidate_2,candidate_1,3,0.0033333333333333335
1094,candidate_3,candidate_2,candidate_1,3,0.0033333333333333335
1095,candidate_3,candidate_2,candidate_1,3,0.0033333333333333335
1096,candidate_3,candidate_2,candidate_1,3,0.0033333333333333335
1097,candidate_3,candidate_2,candidate_1,3,0.0033333333333333335
1098,candidate_3,candidate_2,candidate_1,3,0.0033333333333333335
1099,candidate_3,candidate_2,candidate_1,3,0.0033333333333333335
1100,candidate_3,candidate_2,candidate_1,3,0.0033333333333333335
1101,candidate_3,candidate_2,candidate_1,3,0.0033333333333333335
1102,candidate_3,candidate_2,candidate_1,3,0.0033333333333333335
1103,candidate_3,candidate_2,candidate_1,3,0.0033333333333333335
1104,candidate_3,candidate_2,candidate_1,3,0.0033333333333333335
1105,candidate_3,candidate_2,candidate_1,3,0.0033333333333333335
1106,candidate_3,candidate_2,candidate_1,3,0.0033333333333333335
1107,candidate_3,candidate_2,candidate_1,3,0.0033333333333333335
1108,candidate_3,candidate_2,candidate_1,3,0.0033333333333333335
1109,candidate_3,candidate_2,candidate_1,3,0.0033333333333333335
1110,candidate_3,candidate_2,candidate_1,3,0.0033333333333333335
1111,candidate_3,candidate_2,candidate_1,3,0.0033333333333333335
1112,candidate_3,candidate_2,candidate_1,3,0.0033333333333333335
1113,candidate_3,candidate_2,candidate_1,3,0.0033333333333333335
1114,candidate_3,candidate_2,candidate_1,3,0.0033333333333333335
1115,candidate_3,candidate_2,candidate_1,3,0.0033333333333333335
1116,candidate_3,candidate_2,candidate_1,3,0.0033333333333333335
1117,candidate_3,candidate_2,candidate_1,3,0.0033333333333333335
1118,candidate_3,candidate_2,candidate_1,3,0.0033333333333333335
1119,candidate_3,candidate_2,candidate_1,3,0.0033333333333333335
1120,candidate_3,candidate_2,candidate_1,3,0.0033333333333333335
1121,candidate_3,candidate_2,candidate_1,3,0.0033333333333333335
1122,candidate_3,candidate_2,candidate_1,3,0.0033333333333333335
1123,candidate_3,candidate_2,candidate_1,3,0.0033333333333333335
1124,candidate_3,candidate_2,candidate_1,3,0.0033333333333333335
1125,candidate_3,candidate_2,candidate_1,3,0.0033333333333333335
1126,candidate_3,candidate_2,candidate_1,3,0.0033333333333333335
1127,candidate_3,candidate_2,candidate_1,3,0.0033333333333333335
1128,candidate_3,candidate_2,candidate_1,3,0.0033333333333333335
1129,candidate_3,candidate_2,candidate_1,3,0.0033333333333333335
1130,candidate_3,candidate_2,candidate_1,3,0.0033333333333333335
1131,candidate_3,candidate_2,candidate_1,3,0.0033333333333333335
1132,candidate_3,candidate_2,candidate_1,3,0.0033333333333333335
1133,candidate_3,candidate_2,candidate_1,3,0.0033333333333333335
1134,candidate_3,candidate_2,candidate_1,3,0.0033333333333333335
1135,candidate_3,candidate_2,candidate_1,3,0.0033333333333333335
1136,candidate_3,candidate_2,candidate_1,3,0.0033333333333333335
1137,candidate_3,candidate_2,candidate_1,3,0.0033333333333333335
1138,candidate_3,candidate_2,candidate_1,3,0.0033333333333333335
1139,candidate_3,candidate_2,candidate_1,3,0.0033333333333333335
1140,candidate_3,candidate_2,candidate_1,3,0.0033333333333333335
1141,candidate_3,candidate_2,candidate_1,3,0.0033333333333333335
1142,candidate_3,candidate_2,candidate_1,3,0.0033333333333333335
1143,candidate_3,candidate_2,candidate_1,3,0.0033333333333333335
1144,candidate_3,candidate_2,candidate_1,3,0.0033333333333333335
1145,candidate_3,candidate_2,candidate_1,3,0.0033333333333333335
1146,candidate_3,candidate_2,candidate_1,3,0.0033333333333333335
1147,candidate_3,candidate_2,candidate_1,3,0.0033333333333333335
1148,candidate_3,candidate_2,candidate_1,3,0.0033333333333333335
1149,candidate_3,candidate_2,candidate_1,3,0.0033333333333333335
1150,candidate_3,candidate_2,candidate_1,3,0.0033333333333333335
1151,candidate_3,candidate_2,candidate_1,3,0.0033333333333333335
1152,candidate_3,candidate_2,candidate_1,3,0.0033333333333333335
1153,candidate_3,candidate_2,candidate_1,3,0.0033333333333333335
1154,candidate_3,candidate_2,candidate_1,3,0.0033333333333333335
1155,candidate_3,candidate_2,candidate_1,3,0.0033333333333333335
1156,candidate_3,candidate_2,candidate_1,3,0.0033333333333333335
1157,candidate_3,candidate_2,candidate_1,3,0.0033333333333333335
1158,candidate_3,candidate_2,candidate_1,3,0.0033333333333333335
1159,candidate_3,candidate_2,candidate_1,3,0.0033333333333333335
1160,candidate_3,candidate_2,candidate_1,3,0.0033333333333333335
1161,candidate_3,candidate_2,candidate_1,3,0.0033333333333333335
1162,candidate_3,candidate_2,candidate_1,3,0.0033333333333333335
1163,candidate_3,candidate_2,candidate_1,3,0.0033333333333333335
1164,candidate_3,candidate_2,candidate_1,3,0.0033333333333333335
1165,candidate_3,candidate_2,candidate_1,3,0.0033333333333333335
1166,candidate_3,candidate_2,candidate_1,3,0.0033333333333333335
1167,candidate_3,candidate_2,candidate_1,3,0.0033333333333333335
1168,candidate_3,candidate_2,candidate_1,3,0.0033333333333333335
1169,candidate_3,candidate_2,candidate_1,3,0.0033333333333333335
1170,candidate_3,candidate_2,candidate_1,3,0.0033333333333333335
1171,candidate_3,candidate_2,candidate_1,3,0.0033333333333333335
1172,candidate_3,candidate_2,candidate_1,3,0.0033333333333333335
1173,candidate_3,candidate_2,candidate_1,3,0.0033333333333333335
1174,candidate_3,candidate_2,candidate_1,3,0.0033333333333333335
1175,candidate_3,candidate_2,candidate_1,3,0.0033333333333333335
1176,candidate_3,candidate_2,candidate_1,3,0.0033333333333333335
1177,candidate_3,candidate_2,candidate_1,3,0.0033333333333333335
1178,candidate_3,candidate_2,candidate_1,3,0.0033333333333333335
1179,candidate_3,candidate_2,candidate_1,3,0.0033333333333333335
1180,candidate_3,candidate_2,candidate_1,3,0.0033333333333333335
1181,candidate_3,candidate_2,candidate_1,3,0.0033333333333333335
1182,candidate_3,candidate_2,candidate_1,3,0.0033333333333333335
1183,candidate_3,candidate_2,candidate_1,3,0.0033333333333333335
1184,candidate_3,candidate_2,candidate_1,3,0.0033333333333333335
1185,candidate_3,candidate_2,candidate_1,3,0.0033333333333333335
1186,candidate_3,candidate_2,candidate_1,3,0.0033333333333333335
1187,candidate_3,candidate_2,candidate_1,3,0.0033333333333333335
1188,candidate_3,candidate_2,candidate_1,3,0.0033333333333333335
1189,candidate_3,candidate_2,candidate_1,3,0.0033333333333333335
1190,candidate_3,candidate_2,candidate_1,3,0.0033333333333333335
1191,0,candidate_2,candidate_1,3,0.0033333333333333335
1192,candidate_3,candidate_2,candidate_1,3,0.0033333333333333335
1193,candidate_3,candidate_2,candidate_1,3,0.0033333333333333335
1194,candidate_3,candidate_2,candidate_1,3,0.0033333333333333335
1195,candidate_3,candidate_2,candidate_1,3,0.0033333333333333335
1196,candidate_3,candidate_2,candidate_1,3,0.0033333333333333335
1197,candidate_3,candidate_2,candidate_1,3,0.0033333333333333335
1198,candidate_3,candidate_2,candidate_1,3,0.0033333333333333335
1199,candidate_3,candidate_2,candidate_1,3,0.0033333333333333335
1200,candidate_3,candidate_2,candidate_1,3,0.0033333333333333335
1201,candidate_3,candidate_2,candidate_1,3,0.0033333333333333335
1202,candidate_3,candidate_2,candidate_1,3,0.0033333333333333335
1203,candidate_3,candidate_2,candidate_1,3,0.0033333333333333335
1204,candidate_3,candidate_2,candidate_1,3,0.0033333333333333335
1205,candidate_3,candidate_2,candidate_1,3,0.0033333333333333335
1206,candidate_3,candidate_2,candidate_1,3,0.0033333333333333335
1207,candidate_3,candidate_2,candidate_1,3,0.0033333333333333335
1208,candidate_3,candidate_2,candidate_1,3,0.0033333333333333335
1209,candidate_3,candidate_2,candidate_1,3,0.0033333333333333335
1210,candidate_3,candidate_2,candidate_1,3,0.0033333333333333335
1211,candidate_3,candidate_2,candidate_1,3,0.0033333333333333335
1212,candidate_3,candidate_2,candidate_1,3,0.0033333333333333335
1213,candidate_3,candidate_2,candidate_1,3,0.0033333333333333335
1214,candidate_3,candidate_2,candidate_1,3,0.0033333333333333335
1215,candidate_3,candidate_2,candidate_1,3,0.0033333333333333335
1216,candidate_3,candidate_2,candidate_1,3,0.0033333333333333335
1217,candidate_3,candidate_2,candidate_1,3,0.0033333333333333335
1218,candidate_3,candidate_2,candidate_1,3,0.0033333333333333335
1219,candidate_3,candidate_2,candidate_1,3,0.0033333333333333335
1220,candidate_3,candidate_2,candidate_1,3,0.0033333333333333335
1221,candidate_3,candidate_2,candidate_1,3,0.0033333333333333335
1222,candidate_3,candidate_2,candidate_1,3,0.0033333333333333335
1223,candidate_3,candidate_2,candidate_1,3,0.0033333333333333335
1224,candidate_3,candidate_2,candidate_1,3,0.0033333333333333335
1225,candidate_3,candidate_2,candidate_1,3,0.0033333333333333335
1226,candidate_3,candidate_2,candidate_1,3,0.0033333333333333335
1227,candidate_3,candidate_2,candidate_1,3,0.0033333333333333335
1228,candidate_3,candidate_2,candidate_1,3,0.0033333333333333335
1229,candidate_3,candidate_2,candidate_1,3,0.0033333333333333335
1230,candidate_3,candidate_2,candidate_1,3,0.0033333333333333335
1231,candidate_3,candidate_2,candidate_1,3,0.0033333333333333335
1232,candidate_3,candidate_2,candidate_1,3,0.0033333333333333335
1233,candidate_3,candidate_2,candidate_1,3,0.0033333333333333335
1234,candidate_3,candidate_2,candidate_1,3,0.0033333333333333335
1235,candidate_3,candidate_2,candidate_1,3,0.0033333333333333335
1236,candidate_3,candidate_2,candidate_1,3,0.0033333333333333335
1237,candidate_3,candidate_2,candidate_1,3,0.0033333333333333335
1238,candidate_3,candidate_2,candidate_1,3,0.0033333333333333335
1239,candidate_3,candidate_2,candidate_1,3,0.0033333333333333335
1240,candidate_3,candidate_2,candidate_1,3,0.0033333333333333335
1241,candidate_3,candidate_2,candidate_1,3,0.0033333333333333335
1242,candidate_3,candidate_2,candidate_1,3,0.0033333333333333335
1243,candidate_3,candidate_2,candidate_1,3,0.0033333333333333335
1244,candidate_3,candidate_2,candidate_1,3,0.0033333333333333335
1245,candidate_3,candidate_2,candidate_1,3,0.0033333333333333335
1246,candidate_3,candidate_2,candidate_1,3,0.0033333333333333335
1247,candidate_3,candidate_2,candidate_1,3,0.0033333333333333335
1248,candidate_3,candidate_2,candidate_1,3,0.0033333333333333335
1249,candidate_3,candidate_2,candidate_1,3,0.0033333333333333335
1250,candidate_3,candidate_2,candidate_1,3,0.0033333333333333335
1251,candidate_3,candidate_2,candidate_1,3,0.0033333333333333335
1252,candidate_3,candidate_2,candidate_1,3,0.0033333333333333335
1253,0,candidate_2,candidate_1,3,0.0033333333333333335
1254,candidate_3,candidate_2,candidate_1,3,0.0033333333333333335
1255,candidate_3,candidate_2,candidate_1,3,0.0033333333333333335
1256,candidate_3,candidate_2,candidate_1,3,0.0033333333333333335
1257,candidate_3,candidate_2,candidate_1,3,0.0033333333333333335
1258,candidate_3,candidate_2,candidate_1,3,0.0033333333333333335
1259,0,candidate_2,candidate_1,3,0.0033333333333333335
1260,candidate_3,candidate_2,candidate_1,3,0.0033333333333333335
1261,candidate_3,candidate_2,candidate_1,3,0.0033333333333333335
1262,candidate_3,candidate_2,candidate_1,3,0.0033333333333333335
1263,candidate_3,candidate_2,candidate_1,3,0.0033333333333333335
1264,candidate_3,candidate_2,candidate_1,3,0.0033333333333333335
1265,candidate_3,candidate_2,candidate_1,3,0.0033333333333333335
1266,candidate_3,candidate_2,candidate_1,3,0.0033333333333333335
1267,candidate_3,candidate_2,candidate_1,3,0.0033333333333333335
1268,candidate_3,candidate_2,candidate_1,3,0.0033333333333333335
1269,candidate_3,candidate_2,candidate_1,3,0.0033333333333333335
1270,candidate_3,candidate_2,candidate_1,3,0.0033333333333333335
1271,candidate_3,candidate_2,candidate_1,3,0.0033333333333333335
1272,candidate_3,candidate_2,candidate_1,3,0.0033333333333333335
1273,candidate_3,candidate_2,candidate_1,3,0.0033333333333333335
1274,candidate_3,candidate_2,candidate_1,3,0.0033333333333333335
1275,candidate_3,candidate_2,candidate_1,3,0.0033333333333333335
1276,candidate_3,candidate_2,candidate_1,3,0.0033333333333333335
1277,candidate_3,candidate_2,candidate_1,3,0.0033333333333333335
1278,candidate_3,candidate_2,candidate_1,3,0.0033333333333333335
1279,candidate_3,candidate_2,candidate_1,3,0.0033333333333333335
1280,candidate_3,candidate_2,candidate_1,3,0.0033333333333333335
1281,candidate_3,candidate_2,candidate_1,3,0.0033333333333333335
1282,candidate_3,candidate_2,candidate_1,3,0.0033333333333333335
1283,candidate_3,candidate_2,candidate_1,3,0.0033333333333333335
1284,candidate_3,candidate_2,candidate_1,3,0.0033333333333333335
1285,candidate_3,candidate_2,candidate_1,3,0.0033333333333333335
1286,candidate_3,candidate_2,candidate_1,3,0.0033333333333333335
1287,candidate_3,candidate_2,candidate_1,3,0.0033333333333333335
1288,candidate_3,candidate_2,candidate_1,3,0.0033333333333333335
1289,candidate_3,candidate_2,candidate_1,3,0.0033333333333333335
1290,candidate_3,candidate_2,candidate_1,3,0.0033333333333333335
1291,candidate_3,candidate_2,candidate_1,3,0.0033333333333333335
1292,candidate_3,candidate_2,candidate_1,3,0.0033333333333333335
1293,candidate_3,candidate_2,candidate_1,3,0.0033333333333333335
1294,candidate_3,candidate_2,candidate_1,3,0.0033333333333333335
1295,candidate_3,candidate_2,candidate_1,3,0.0033333333333333335
1296,candidate_3,candidate_2,candidate_1,3,0.0033333333333333335
1297,candidate_3,candidate_2,candidate_1,3,0.0033333333333333335
1298,candidate_3,candidate_2,candidate_1,3,0.0033333333333333335
1299,candidate_3,candidate_2,candidate_1,3,0.0033333333333333335
1300,candidate_3,candidate_2,candidate_1,3,0.0033333333333333335
1301,candidate_3,candidate_2,candidate_1,3,0.0033333333333333335
1302,candidate_3,candidate_2,candidate_1,3,0.0033333333333333335
1303,candidate_3,candidate_2,candidate_1,3,0.0033333333333333335
1304,candidate_3,candidate_2,candidate_1,3,0.0033333333333333335
1305,candidate_3,candidate_2,candidate_1,3,0.0033333333333333335
1306,candidate_3,candidate_2,candidate_1,3,0.0033333333333333335
1307,candidate_3,candidate_2,candidate_1,3,0.0033333333333333335
1308,candidate_3,candidate_2,candidate_1,3,0.0033333333333333335
1309,candidate_3,candidate_2,candidate_1,3,0.0033333333333333335
1310,candidate_3,candidate_2,candidate_1,3,0.0033333333333333335
1311,candidate_3,candidate_2,candidate_1,3,0.0033333333333333335
1312,candidate_3,candidate_2,candidate_1,3,0.0033333333333333335
1313,candidate_3,candidate_2,candidate_1,3,0.0033333333333333335
1314,candidate_3,candidate_2,candidate_1,3,0.0033333333333333335
1315,candidate_3,candidate_2,candidate_1,3,0.0033333333333333335
1316,candidate_3,candidate_2,candidate_1,3,0.0033333333333333335
1317,candidate_3,candidate_2,candidate_1,3,0.0033333333333333335
1318,candidate_3,candidate_2,candidate_1,3,0.0033333333333333335
1319,candidate_3,candidate_2,candidate_1,3,0.0033333333333333335
1320,candidate_3,candidate_2,candidate_1,3,0.0033333333333333335
1321,candidate_3,candidate_2,candidate_1,3,0.0033333333333333335
1322,candidate_3,candidate_2,candidate_1,3,0.0033333333333333335
1323,candidate_3,candidate_2,candidate_1,3,0.0033333333333333335
1324,candidate_3,candidate_2,candidate_1,3,0.0033333333333333335
1325,candidate_3,candidate_2,candidate_1,3,0.0033333333333333335
1326,candidate_3,candidate_2,candidate_1,3,0.0033333333333333335
1327,candidate_3,candidate_2,candidate_1,3,0.0033333333333333335
1328,candidate_3,candidate_2,candidate_1,3,0.0033333333333333335
1329,candidate_3,candidate_2,candidate_1,3,0.0033333333333333335
1330,candidate_3,candidate_2,candidate_1,3,0.0033333333333333335
1331,candidate_3,candidate_2,candidate_1,3,0.0033333333333333335
1332,candidate_3,candidate_2,candidate_1,3,0.0033333333333333335
1333,candidate_3,candidate_2,candidate_1,3,0.0033333333333333335
1334,candidate_3,candidate_2,candidate_1,3,0.0033333333333333335
1335,candidate_3,candidate_2,candidate_1,3,0.0033333333333333335
1336,candidate_3,candidate_2,candidate_1,3,0.0033333333333333335
1337,candidate_3,candidate_2,candidate_1,3,0.0033333333333333335
1338,candidate_3,candidate_2,candidate_1,3,0.0033333333333333335
1339,candidate_3,candidate_2,candidate_1,3,0.0033333333333333335
1340,candidate_3,candidate_2,candidate_1,3,0.0033333333333333335
1341,candidate_3,candidate_2,candidate_1,3,0.0033333333333333335
1342,candidate_3,candidate_2,candidate_1,3,0.0033333333333333335
1343,candidate_3,candidate_2,candidate_1,3,0.0033333333333333335
1344,candidate_3,candidate_2,candidate_1,3,0.0033333333333333335
1345,candidate_3,candidate_2,candidate_1,3,0.0033333333333333335
1346,candidate_3,candidate_2,candidate_1,3,0.0033333333333333335
1347,candidate_3,candidate_2,candidate_1,3,0.0033333333333333335
1348,candidate_3,candidate_2,candidate_1,3,0.0033333333333333335
1349,candidate_3,candidate_2,candidate_1,3,0.0033333333333333335
1350,candidate_3,candidate_2,candidate_1,3,0.0033333333333333335
1351,candidate_3,candidate_2,candidate_1,3,0.0033333333333333335
1352,candidate_3,candidate_2,candidate_1,3,0.0033333333333333335
1353,candidate_3,candidate_2,candidate_1,3,0.0033333333333333335
1354,candidate_3,candidate_2,candidate_1,3,0.0033333333333333335
1355,candidate_3,candidate_2,candidate_1,3,0.0033333333333333335
1356,candidate_3,candidate_2,candidate_1,3,0.0033333333333333335
1357,candidate_3,candidate_2,candidate_1,3,0.0033333333333333335
1358,candidate_3,candidate_2,candidate_1,3,0.0033333333333333335
1359,candidate_3,candidate_2,candidate_1,3,0.0033333333333333335
1360,candidate_3,candidate_2,candidate_1,3,0.0033333333333333335
1361,candidate_3,candidate_2,candidate_1,3,0.0033333333333333335
1362,candidate_3,candidate_2,candidate_1,3,0.0033333333333333335
1363,candidate_3,candidate_2,candidate_1,3,0.0033333333333333335
1364,candidate_3,candidate_2,candidate_1,3,0.0033333333333333335
1365,candidate_3,candidate_2,candidate_1,3,0.0033333333333333335
1366,candidate_3,candidate_2,candidate_1,3,0.0033333333333333335
1367,candidate_3,candidate_2,candidate_1,3,0.0033333333333333335
1368,candidate_3,candidate_2,candidate_1,3,0.0033333333333333335
1369,candidate_3,candidate_2,candidate_1,3,0.0033333333333333335
1370,candidate_3,candidate_2,candidate_1,3,0.0033333333333333335
1371,candidate_3,candidate_2,candidate_1,3,0.0033333333333333335
1372,candidate_3,candidate_2,candidate_1,3,0.0033333333333333335
1373,candidate_3,candidate_2,candidate_1,3,0.0033333333333333335
1374,candidate_3,candidate_2,candidate_1,3,0.0033333333333333335
1375,candidate_3,candidate_2,candidate_1,3,0.0033333333333333335
1376,candidate_3,candidate_2,candidate_1,3,0.0033333333333333335
1377,candidate_3,candidate_2,candidate_1,3,0.0033333333333333335
1378,candidate_3,candidate_2,candidate_1,3,0.0033333333333333335
1379,candidate_3,candidate_2,candidate_1,3,0.0033333333333333335
1380,candidate_3,candidate_2,candidate_1,3,0.0033333333333333335
1381,candidate_3,candidate_2,candidate_1,3,0.0033333333333333335
1382,candidate_3,candidate_2,candidate_1,3,0.0033333333333333335
1383,candidate_3,candidate_2,candidate_1,3,0.0033333333333333335
1384,candidate_3,candidate_2,candidate_1,3,0.0033333333333333335
1385,candidate_3,candidate_2,candidate_1,3,0.0033333333333333335
1386,candidate_3,candidate_2,candidate_1,3,0.0033333333333333335
1387,candidate_3,candidate_2,candidate_1,3,0.0033333333333333335
1388,candidate_3,candidate_2,candidate_1,3,0.0033333333333333335
1389,candidate_3,candidate_2,candidate_1,3,0.0033333333333333335
1390,candidate_3,candidate_2,candidate_1,3,0.0033333333333333335
1391,candidate_3,candidate_2,candidate_1,3,0.0033333333333333335
1392,candidate_3,candidate_2,candidate_1,3,0.0033333333333333335
1393,candidate_3,candidate_2,candidate_1,3,0.0033333333333333335
1394,candidate_3,candidate_2,candidate_1,3,0.0033333333333333335
1395,candidate_3,candidate_2,candidate_1,3,0.0033333333333333335
1396,candidate_3,candidate_2,candidate_1,3,0.0033333333333333335
1397,candidate_3,candidate_2,candidate_1,3,0.0033333333333333335
1398,candidate_3,candidate_2,candidate_1,3,0.0033333333333333335
1399,candidate_3,candidate_2,candidate_1,3,0.0033333333333333335
1400,candidate_3,candidate_2,candidate_1,3,0.0033333333333333335
1401,candidate_3,candidate_2,candidate_1,3,0.0033333333333333335
1402,candidate_3,candidate_2,candidate_1,3,0.0033333333333333335
1403,candidate_3,candidate_2,candidate_1,3,0.0033333333333333335
1404,candidate_3,candidate_2,candidate_1,3,0.0033333333333333335
1405,candidate_3,candidate_2,candidate_1,3,0.0033333333333333335
1406,candidate_3,candidate_2,candidate_1,3,0.0033333333333333335
1407,candidate_3,candidate_2,candidate_1,3,0.0033333333333333335
1408,candidate_3,candidate_2,candidate_1,3,0.0033333333333333335
1409,candidate_3,candidate_2,candidate_1,3,0.0033333333333333335
1410,candidate_3,candidate_2,candidate_1,3,0.0033333333333333335
1411,candidate_3,candidate_2,candidate_1,3,0.0033333333333333335
1412,candidate_3,candidate_2,candidate_1,3,0.0033333333333333335
1413,candidate_3,candidate_2,candidate_1,3,0.0033333333333333335
1414,candidate_3,candidate_2,candidate_1,3,0.0033333333333333335
1415,candidate_3,candidate_2,candidate_1,3,0.0033333333333333335
1416,candidate_3,candidate_2,candidate_1,3,0.0033333333333333335
1417,candidate_3,candidate_2,candidate_1,3,0.0033333333333333335
1418,candidate_3,candidate_2,candidate_1,3,0.0033333333333333335
1419,candidate_3,candidate_2,candidate_1,3,0.0033333333333333335
1420,candidate_3,candidate_2,candidate_1,3,0.0033333333333333335
1421,candidate_3,candidate_2,candidate_1,3,0.0033333333333333335
1422,candidate_3,candidate_2,candidate_1,3,0.0033333333333333335
1423,candidate_3,candidate_2,candidate_1,3,0.0033333333333333335
1424,candidate_3,candidate_2,candidate_1,3,0.0033333333333333335
1425,candidate_3,candidate_2,candidate_1,3,0.0033333333333333335
1426,candidate_3,candidate_2,candidate_1,3,0.0033333333333333335
1427,candidate_3,candidate_2,candidate_1,3,0.0033333333333333335
1428,candidate_3,candidate_2,candidate_1,3,0.0033333333333333335
1429,candidate_3,candidate_2,candidate_1,3,0.0033333333333333335
1430,candidate_3,candidate_2,candidate_1,3,0.0033333333333333335
1431,candidate_3,candidate_2,candidate_1,3,0.0033333333333333335
1432,candidate_3,candidate_2,candidate_1,3,0.0033333333333333335
1433,candidate_3,candidate_2,candidate_1,3,0.0033333333333333335
1434,candidate_3,candidate_2,candidate_1,3,0.0033333333333333335
1435,candidate_3,candidate_2,candidate_1,3,0.0033333333333333335
1436,candidate_3,candidate_2,candidate_1,3,0.0033333333333333335
1437,candidate_3,candidate_2,candidate_1,3,0.0033333333333333335
1438,candidate_3,candidate_2,candidate_1,3,0.0033333333333333335
1439,candidate_3,candidate_2,candidate_1,3,0.0033333333333333335
1440,candidate_3,candidate_2,candidate_1,3,0.0033333333333333335
1441,candidate_3,candidate_2,candidate_1,3,0.0033333333333333335
1442,candidate_3,candidate_2,candidate_1,3,0.0033333333333333335
1443,candidate_3,candidate_2,candidate_1,3,0.0033333333333333335
1444,candidate_3,candidate_2,candidate_1,3,0.0033333333333333335
1445,candidate_3,candidate_2,candidate_1,3,0.0033333333333333335
1446,candidate_3,candidate_2,candidate_1,3,0.0033333333333333335
1447,candidate_3,candidate_2,candidate_1,3,0.0033333333333333335
1448,candidate_3,candidate_2,candidate_1,3,0.0033333333333333335
1449,candidate_3,candidate_2,candidate_1,3,0.0033333333333333335
1450,candidate_3,candidate_2,candidate_1,3,0.0033333333333333335
1451,candidate_3,candidate_2,candidate_1,3,0.0033333333333333335
1452,candidate_3,candidate_2,candidate_1,3,0.0033333333333333335
1453,candidate_3,candidate_2,candidate_1,3,0.0033333333333333335
1454,candidate_3,candidate_2,candidate_1,3,0.0033333333333333335
1455,candidate_3,candidate_2,candidate_1,3,0.0033333333333333335
1456,candidate_3,candidate_2,candidate_1,3,0.0033333333333333335
1457,candidate_3,candidate_2,candidate_1,3,0.0033333333333333335
1458,candidate_3,candidate_2,candidate_1,3,0.0033333333333333335
1459,candidate_3,candidate_2,candidate_1,3,0.0033333333333333335
1460,0,candidate_2,candidate_1,3,0.0033333333333333335
1461,candidate_3,candidate_2,candidate_1,3,0.0033333333333333335
1462,candidate_3,candidate_2,candidate_1,3,0.0033333333333333335
1463,candidate_3,candidate_2,candidate_1,3,0.0033333333333333335
1464,candidate_3,candidate_2,candidate_1,3,0.0033333333333333335
1465,candidate_3,candidate_2,candidate_1,3,0.0033333333333333335
1466,candidate_3,candidate_2,candidate_1,3,0.0033333333333333335
1467,candidate_3,candidate_2,candidate_1,3,0.0033333333333333335
1468,candidate_3,candidate_2,candidate_1,3,0.0033333333333333335
1469,candidate_3,candidate_2,candidate_1,3,0.0033333333333333335
1470,candidate_3,candidate_2,candidate_1,3,0.0033333333333333335
1471,candidate_3,candidate_2,candidate_1,3,0.0033333333333333335
1472,candidate_3,candidate_2,candidate_1,3,0.0033333333333333335
1473,candidate_3,candidate_2,candidate_1,3,0.0033333333333333335
1474,candidate_3,candidate_2,candidate_1,3,0.0033333333333333335
1475,candidate_3,candidate_2,candidate_1,3,0.0033333333333333335
1476,candidate_3,candidate_2,candidate_1,3,0.0033333333333333335
1477,candidate_3,candidate_2,candidate_1,3,0.0033333333333333335
1478,candidate_3,candidate_2,candidate_1,3,0.0033333333333333335
1479,candidate_3,candidate_2,candidate_1,3,0.0033333333333333335
1480,candidate_3,candidate_2,candidate_1,3,0.0033333333333333335
1481,candidate_3,candidate_2,candidate_1,3,0.0033333333333333335
1482,candidate_3,candidate_2,candidate_1,3,0.0033333333333333335
1483,candidate_3,candidate_2,candidate_1,3,0.0033333333333333335
1484,candidate_3,candidate_2,candidate_1,3,0.0033333333333333335
1485,candidate_3,candidate_2,candidate_1,3,0.0033333333333333335
1486,candidate_3,candidate_2,candidate_1,3,0.0033333333333333335
1487,candidate_3,candidate_2,candidate_1,3,0.0033333333333333335
1488,candidate_3,candidate_2,candidate_1,3,0.0033333333333333335
1489,candidate_3,candidate_2,candidate_1,3,0.0033333333333333335
1490,candidate_3,candidate_2,candidate_1,3,0.0033333333333333335
1491,candidate_3,candidate_2,candidate_1,3,0.0033333333333333335
1492,candidate_3,candidate_2,candidate_1,3,0.0033333333333333335
1493,candidate_3,candidate_2,candidate_1,3,0.0033333333333333335
1494,candidate_3,candidate_2,candidate_1,3,0.0033333333333333335
1495,candidate_3,candidate_2,candidate_1,3,0.0033333333333333335
1496,candidate_3,candidate_2,candidate_1,3,0.0033333333333333335
1497,candidate_3,candidate_2,candidate_1,3,0.0033333333333333335
1498,candidate_3,candidate_2,candidate_1,3,0.0033333333333333335
1499,candidate_3,candidate_2,candidate_1,3,0.0033333333333333335
1500,candidate_3,candidate_2,candidate_1,3,0.0033333333333333335
1501,candidate_3,candidate_2,candidate_1,3,0.0033333333333333335
1502,candidate_3,candidate_2,candidate_1,3,0.0033333333333333335
1503,candidate_3,candidate_2,candidate_1,3,0.0033333333333333335
1504,candidate_3,candidate_2,candidate_1,3,0.0033333333333333335
1505,candidate_3,candidate_2,candidate_1,3,0.0033333333333333335
1506,candidate_3,candidate_2,candidate_1,3,0.0033333333333333335
1507,candidate_3,candidate_2,candidate_1,3,0.0033333333333333335
1508,candidate_3,candidate_2,candidate_1,3,0.0033333333333333335
1509,candidate_3,candidate_2,candidate_1,3,0.0033333333333333335
1510,candidate_3,candidate_2,candidate_1,3,0.0033333333333333335
1511,candidate_3,candidate_2,candidate_1,3,0.0033333333333333335
1512,candidate_3,candidate_2,candidate_1,3,0.0033333333333333335
1513,candidate_3,candidate_2,candidate_1,3,0.0033333333333333335
1514,candidate_3,candidate_2,candidate_1,3,0.0033333333333333335
1515,candidate_3,candidate_2,candidate_1,3,0.0033333333333333335
1516,candidate_3,candidate_2,candidate_1,3,0.0033333333333333335
1517,candidate_3,candidate_2,candidate_1,3,0.0033333333333333335
1518,candidate_3,candidate_2,candidate_1,3,0.0033333333333333335
1519,candidate_3,candidate_2,candidate_1,3,0.0033333333333333335
1520,candidate_3,candidate_2,candidate_1,3,0.0033333333333333335
1521,candidate_3,candidate_2,candidate_1,3,0.0033333333333333335
1522,candidate_3,candidate_2,candidate_1,3,0.0033333333333333335
1523,candidate_3,candidate_2,candidate_1,3,0.0033333333333333335
1524,candidate_3,candidate_2,candidate_1,3,0.0033333333333333335
1525,candidate_3,candidate_2,candidate_1,3,0.0033333333333333335
1526,candidate_3,candidate_2,candidate_1,3,0.0033333333333333335
1527,candidate_3,candidate_2,candidate_1,3,0.0033333333333333335
1528,candidate_3,candidate_2,candidate_1,3,0.0033333333333333335
1529,candidate_3,candidate_2,candidate_1,3,0.0033333333333333335
1530,candidate_3,candidate_2,candidate_1,3,0.0033333333333333335
1531,candidate_3,candidate_2,candidate_1,3,0.0033333333333333335
1532,candidate_3,candidate_2,candidate_1,3,0.0033333333333333335
1533,candidate_3,candidate_2,candidate_1,3,0.0033333333333333335
1534,candidate_3,candidate_2,candidate_1,3,0.0033333333333333335
1535,candidate_3,candidate_2,candidate_1,3,0.0033333333333333335
1536,candidate_3,candidate_2,candidate_1,3,0.0033333333333333335
1537,candidate_3,candidate_2,candidate_1,3,0.0033333333333333335
1538,candidate_3,candidate_2,candidate_1,3,0.0033333333333333335
1539,candidate_3,candidate_2,candidate_1,3,0.0033333333333333335
1540,candidate_3,candidate_2,candidate_1,3,0.0033333333333333335
1541,candidate_3,candidate_2,candidate_1,3,0.0033333333333333335
1542,candidate_3,candidate_2,candidate_1,3,0.0033333333333333335
1543,candidate_3,candidate_2,candidate_1,3,0.0033333333333333335
1544,candidate_3,candidate_2,candidate_1,3,0.0033333333333333335
1545,candidate_3,candidate_2,candidate_1,3,0.0033333333333333335
1546,candidate_3,candidate_2,candidate_1,3,0.0033333333333333335
1547,candidate_3,candidate_2,candidate_1,3,0.0033333333333333335
1548,candidate_3,candidate_2,candidate_1,3,0.0033333333333333335
1549,candidate_3,candidate_2,candidate_1,3,0.0033333333333333335
1550,candidate_3,candidate_2,candidate_1,3,0.0033333333333333335
1551,candidate_3,candidate_2,candidate_1,3,0.0033333333333333335
1552,candidate_3,candidate_2,candidate_1,3,0.0033333333333333335
1553,candidate_3,candidate_2,candidate_1,3,0.0033333333333333335
1554,candidate_3,candidate_2,candidate_1,3,0.0033333333333333335
1555,candidate_3,candidate_2,candidate_1,3,0.0033333333333333335
1556,candidate_3,candidate_2,candidate_1,3,0.0033333333333333335
1557,candidate_3,candidate_2,candidate_1,3,0.0033333333333333335
1558,candidate_3,candidate_2,candidate_1,3,0.0033333333333333335
1559,candidate_3,candidate_2,candidate_1,3,0.0033333333333333335
1560,candidate_3,candidate_2,candidate_1,3,0.0033333333333333335
1561,candidate_3,candidate_2,candidate_1,3,0.0033333333333333335
1562,candidate_3,candidate_2,candidate_1,3,0.0033333333333333335
1563,candidate_3,candidate_2,candidate_1,3,0.0033333333333333335
1564,candidate_3,candidate_2,candidate_1,3,0.0033333333333333335
1565,candidate_3,candidate_2,candidate_1,3,0.0033333333333333335
1566,candidate_3,candidate_2,candidate_1,3,0.0033333333333333335
1567,candidate_3,candidate_2,candidate_1,3,0.0033333333333333335
1568,candidate_3,candidate_2,candidate_1,3,0.0033333333333333335
1569,candidate_3,candidate_2,candidate_1,3,0.0033333333333333335
1570,candidate_3,candidate_2,candidate_1,3,0.0033333333333333335
1571,candidate_3,candidate_2,candidate_1,3,0.0033333333333333335
1572,candidate_3,candidate_2,candidate_1,3,0.0033333333333333335
1573,candidate_3,candidate_2,candidate_1,3,0.0033333333333333335
1574,candidate_3,candidate_2,candidate_1,3,0.0033333333333333335
1575,candidate_3,candidate_2,candidate_1,3,0.0033333333333333335
1576,candidate_3,candidate_2,candidate_1,3,0.0033333333333333335
1577,candidate_3,candidate_2,candidate_1,3,0.0033333333333333335
1578,candidate_3,candidate_2,candidate_1,3,0.0033333333333333335
1579,candidate_3,candidate_2,candidate_1,3,0.0033333333333333335
1580,candidate_3,candidate_2,candidate_1,3,0.0033333333333333335
1581,candidate_3,candidate_2,candidate_1,3,0.0033333333333333335
1582,candidate_3,candidate_2,candidate_1,3,0.0033333333333333335
1583,candidate_3,candidate_2,candidate_1,3,0.0033333333333333335
1584,candidate_3,candidate_2,candidate_1,3,0.0033333333333333335
1585,candidate_3,candidate_2,candidate_1,3,0.0033333333333333335
1586,candidate_3,candidate_2,candidate_1,3,0.0033333333333333335
1587,candidate_3,candidate_2,candidate_1,3,0.0033333333333333335
1588,candidate_3,candidate_2,candidate_1,3,0.0033333333333333335
1589,candidate_3,candidate_2,candidate_1,3,0.0033333333333333335
1590,candidate_3,candidate_2,candidate_1,3,0.0033333333333333335
1591,candidate_3,candidate_2,candidate_1,3,0.0033333333333333335
1592,candidate_3,candidate_2,candidate_1,3,0.0033333333333333335
1593,candidate_3,candidate_2,candidate_1,3,0.0033333333333333335
1594,candidate_3,candidate_2,candidate_1,3,0.0033333333333333335
1595,candidate_3,candidate_2,candidate_1,3,0.0033333333333333335
1596,candidate_3,candidate_2,candidate_1,3,0.0033333333333333335
1597,candidate_3,candidate_2,candidate_1,3,0.0033333333333333335
1598,candidate_3,candidate_2,candidate_1,3,0.0033333333333333335
1599,candidate_3,candidate_2,candidate_1,3,0.0033333333333333335
1600,candidate_3,candidate_2,candidate_1,3,0.0033333333333333335
1601,candidate_3,candidate_2,candidate_1,3,0.0033333333333333335
1602,candidate_3,candidate_2,candidate_1,3,0.0033333333333333335
1603,candidate_3,candidate_2,candidate_1,3,0.0033333333333333335
1604,candidate_3,candidate_2,candidate_1,3,0.0033333333333333335
1605,candidate_3,candidate_2,candidate_1,3,0.0033333333333333335
1606,candidate_3,candidate_2,candidate_1,3,0.0033333333333333335
1607,candidate_3,candidate_2,candidate_1,3,0.0033333333333333335
1608,candidate_3,candidate_2,candidate_1,3,0.0033333333333333335
1609,candidate_3,candidate_2,candidate_1,3,0.0033333333333333335
1610,candidate_3,candidate_2,candidate_1,3,0.0033333333333333335
1611,candidate_3,candidate_2,candidate_1,3,0.0033333333333333335
1612,candidate_3,candidate_2,candidate_1,3,0.0033333333333333335
1613,candidate_3,candidate_2,candidate_1,3,0.0033333333333333335
1614,candidate_3,candidate_2,candidate_1,3,0.0033333333333333335
1615,candidate_3,candidate_2,candidate_1,3,0.0033333333333333335
1616,candidate_3,candidate_2,candidate_1,3,0.0033333333333333335
1617,candidate_3,candidate_2,candidate_1,3,0.0033333333333333335
1618,candidate_3,candidate_2,candidate_1,3,0.0033333333333333335
1619,candidate_3,candidate_2,candidate_1,3,0.0033333333333333335
1620,candidate_3,candidate_2,candidate_1,3,0.0033333333333333335
1621,candidate_3,candidate_2,candidate_1,3,0.0033333333333333335
1622,candidate_3,candidate_2,candidate_1,3,0.0033333333333333335
1623,candidate_3,candidate_2,candidate_1,3,0.0033333333333333335
1624,candidate_3,candidate_2,candidate_1,3,0.0033333333333333335
1625,candidate_3,candidate_2,candidate_1,3,0.0033333333333333335
1626,candidate_3,candidate_2,candidate_1,3,0.0033333333333333335
1627,candidate_3,candidate_2,candidate_1,3,0.0033333333333333335
1628,candidate_3,candidate_2,candidate_1,3,0.0033333333333333335
1629,candidate_3,candidate_2,candidate_1,3,0.0033333333333333335
1630,candidate_3,candidate_2,candidate_1,3,0.0033333333333333335
1631,candidate_3,candidate_2,candidate_1,3,0.0033333333333333335
1632,candidate_3,candidate_2,candidate_1,3,0.0033333333333333335
1633,candidate_3,candidate_2,candidate_1,3,0.0033333333333333335
1634,candidate_3,candidate_2,candidate_1,3,0.0033333333333333335
1635,candidate_3,candidate_2,candidate_1,3,0.0033333333333333335
1636,candidate_3,candidate_2,candidate_1,3,0.0033333333333333335
1637,candidate_3,candidate_2,candidate_1,3,0.0033333333333333335
1638,candidate_3,candidate_2,candidate_1,3,0.0033333333333333335
1639,candidate_3,candidate_2,candidate_1,3,0.0033333333333333335
1640,candidate_3,candidate_2,candidate_1,3,0.0033333333333333335
1641,candidate_3,candidate_2,candidate_1,3,0.0033333333333333335
1642,candidate_3,candidate_2,candidate_1,3,0.0033333333333333335
1643,candidate_3,candidate_2,candidate_1,3,0.0033333333333333335
1644,candidate_3,candidate_2,candidate_1,3,0.0033333333333333335
1645,candidate_3,candidate_2,candidate_1,3,0.0033333333333333335
1646,candidate_3,candidate_2,candidate_1,3,0.0033333333333333335
1647,candidate_3,candidate_2,candidate_1,3,0.0033333333333333335
1648,candidate_3,candidate_2,candidate_1,3,0.0033333333333333335
1649,candidate_3,candidate_2,candidate_1,3,0.0033333333333333335
1650,candidate_3,candidate_2,candidate_1,3,0.0033333333333333335
1651,candidate_3,candidate_2,candidate_1,3,0.0033333333333333335
1652,candidate_3,candidate_2,candidate_1,3,0.0033333333333333335
1653,candidate_3,candidate_2,candidate_1,3,0.0033333333333333335
1654,candidate_3,candidate_2,candidate_1,3,0.0033333333333333335
1655,candidate_3,candidate_2,candidate_1,3,0.0033333333333333335
1656,candidate_3,candidate_2,candidate_1,3,0.0033333333333333335
1657,candidate_3,candidate_2,candidate_1,3,0.0033333333333333335
1658,candidate_3,candidate_2,candidate_1,3,0.0033333333333333335
1659,candidate_3,candidate_2,candidate_1,3,0.0033333333333333335
1660,candidate_3,candidate_2,candidate_1,3,0.0033333333333333335
1661,candidate_3,candidate_2,candidate_1,3,0.0033333333333333335
1662,candidate_3,candidate_2,candidate_1,3,0.0033333333333333335
1663,candidate_3,candidate_2,candidate_1,3,0.0033333333333333335
1664,candidate_3,candidate_2,candidate_1,3,0.0033333333333333335
1665,candidate_3,candidate_2,candidate_1,3,0.0033333333333333335
1666,candidate_3,candidate_2,candidate_1,3,0.0033333333333333335
1667,candidate_3,candidate_2,candidate_1,3,0.0033333333333333335
1668,candidate_3,candidate_2,candidate_1,3,0.0033333333333333335
1669,candidate_3,candidate_2,candidate_1,3,0.0033333333333333335
1670,candidate_3,candidate_2,candidate_1,3,0.0033333333333333335
1671,candidate_3,candidate_2,candidate_1,3,0.0033333333333333335
1672,candidate_3,candidate_2,candidate_1,3,0.0033333333333333335
1673,candidate_3,candidate_2,candidate_1,3,0.0033333333333333335
1674,candidate_3,candidate_2,candidate_1,3,0.0033333333333333335
1675,candidate_3,candidate_2,candidate_1,3,0.0033333333333333335
1676,candidate_3,candidate_2,candidate_1,3,0.0033333333333333335
1677,candidate_3,candidate_2,candidate_1,3,0.0033333333333333335
1678,candidate_3,candidate_2,candidate_1,3,0.0033333333333333335
1679,candidate_3,candidate_2,candidate_1,3,0.0033333333333333335
1680,candidate_3,candidate_2,candidate_1,3,0.0033333333333333335
1681,candidate_3,candidate_2,candidate_1,3,0.0033333333333333335
1682,candidate_3,candidate_2,candidate_1,3,0.0033333333333333335
1683,candidate_3,candidate_2,candidate_1,3,0.0033333333333333335
1684,candidate_3,candidate_2,candidate_1,3,0.0033333333333333335
1685,candidate_3,candidate_2,candidate_1,3,0.0033333333333333335
1686,candidate_3,candidate_2,candidate_1,3,0.0033333333333333335
1687,candidate_3,candidate_2,candidate_1,3,0.0033333333333333335
1688,candidate_3,candidate_2,0,3,0.0033333333333333335
1689,candidate_3,candidate_2,candidate_1,3,0.0033333333333333335
1690,candidate_3,candidate_2,candidate_1,3,0.0033333333333333335
1691,candidate_3,candidate_2,candidate_1,3,0.0033333333333333335
1692,candidate_3,candidate_2,candidate_1,3,0.0033333333333333335
1693,candidate_3,candidate_2,candidate_1,3,0.0033333333333333335
1694,candidate_3,candidate_2,candidate_1,3,0.0033333333333333335
1695,candidate_3,candidate_2,candidate_1,3,0.0033333333333333335
1696,candidate_3,candidate_2,candidate_1,3,0.0033333333333333335
1697,candidate_3,candidate_2,candidate_1,3,0.0033333333333333335
1698,candidate_3,candidate_2,candidate_1,3,0.0033333333333333335
1699,candidate_3,candidate_2,candidate_1,3,0.0033333333333333335
1700,candidate_3,candidate_2,candidate_1,3,0.0033333333333333335
1701,candidate_3,candidate_2,candidate_1,3,0.0033333333333333335
1702,candidate_3,candidate_2,candidate_1,3,0.0033333333333333335
1703,candidate_3,candidate_2,candidate_1,3,0.0033333333333333335
1704,candidate_3,candidate_2,candidate_1,3,0.0033333333333333335
1705,candidate_3,candidate_2,candidate_1,3,0.0033333333333333335
1706,candidate_3,candidate_2,candidate_1,3,0.0033333333333333335
1707,candidate_3,candidate_2,candidate_1,3,0.0033333333333333335
1708,candidate_3,candidate_2,candidate_1,3,0.0033333333333333335
1709,candidate_3,candidate_2,candidate_1,3,0.0033333333333333335
1710,candidate_3,candidate_2,candidate_1,3,0.0033333333333333335
1711,candidate_3,candidate_2,candidate_1,3,0.0033333333333333335
1712,candidate_3,candidate_2,candidate_1,3,0.0033333333333333335
1713,candidate_3,candidate_2,candidate_1,3,0.0033333333333333335
1714,candidate_3,candidate_2,candidate_1,3,0.0033333333333333335
1715,candidate_3,candidate_2,candidate_1,3,0.0033333333333333335
1716,candidate_3,candidate_2,candidate_1,3,0.0033333333333333335
1717,candidate_3,candidate_2,candidate_1,3,0.0033333333333333335
1718,candidate_3,candidate_2,candidate_1,3,0.0033333333333333335
1719,candidate_3,candidate_2,candidate_1,3,0.0033333333333333335
1720,candidate_3,candidate_2,candidate_1,3,0.0033333333333333335
1721,candidate_3,candidate_2,candidate_1,3,0.0033333333333333335
1722,candidate_3,candidate_2,candidate_1,3,0.0033333333333333335
1723,candidate_3,candidate_2,candidate_1,3,0.0033333333333333335
1724,candidate_3,candidate_2,candidate_1,3,0.0033333333333333335
1725,candidate_3,candidate_2,candidate_1,3,0.0033333333333333335
1726,candidate_3,candidate_2,candidate_1,3,0.0033333333333333335
1727,candidate_3,candidate_2,candidate_1,3,0.0033333333333333335
1728,candidate_3,candidate_2,candidate_1,3,0.0033333333333333335
1729,candidate_3,candidate_2,candidate_1,3,0.0033333333333333335
1730,candidate_3,candidate_2,candidate_1,3,0.0033333333333333335
1731,candidate_3,candidate_2,candidate_1,3,0.0033333333333333335
1732,candidate_3,candidate_2,candidate_1,3,0.0033333333333333335
1733,candidate_3,candidate_2,candidate_1,3,0.0033333333333333335
1734,candidate_3,candidate_2,candidate_1,3,0.0033333333333333335
1735,candidate_3,candidate_2,candidate_1,3,0.0033333333333333335
1736,candidate_3,candidate_2,candidate_1,3,0.0033333333333333335
1737,candidate_3,candidate_2,candidate_1,3,0.0033333333333333335
1738,candidate_3,candidate_2,candidate_1,3,0.0033333333333333335
1739,candidate_3,candidate_2,candidate_1,3,0.0033333333333333335
1740,candidate_3,candidate_2,candidate_1,3,0.0033333333333333335
1741,candidate_3,candidate_2,candidate_1,3,0.0033333333333333335
1742,candidate_3,candidate_2,candidate_1,3,0.0033333333333333335
1743,candidate_3,candidate_2,candidate_1,3,0.0033333333333333335
1744,candidate_3,candidate_2,candidate_1,3,0.0033333333333333335
1745,candidate_3,candidate_2,candidate_1,3,0.0033333333333333335
1746,candidate_3,candidate_2,candidate_1,3,0.0033333333333333335
1747,candidate_3,candidate_2,candidate_1,3,0.0033333333333333335
1748,candidate_3,candidate_2,candidate_1,3,0.0033333333333333335
1749,candidate_3,candidate_2,candidate_1,3,0.0033333333333333335
1750,candidate_3,candidate_2,candidate_1,3,0.0033333333333333335
1751,candidate_3,candidate_2,candidate_1,3,0.0033333333333333335
1752,candidate_3,candidate_2,candidate_1,3,0.0033333333333333335
1753,candidate_3,candidate_2,candidate_1,3,0.0033333333333333335
1754,candidate_3,candidate_2,candidate_1,3,0.0033333333333333335
1755,candidate_3,candidate_2,candidate_1,3,0.0033333333333333335
1756,candidate_3,candidate_2,candidate_1,3,0.0033333333333333335
1757,candidate_3,candidate_2,candidate_1,3,0.0033333333333333335
1758,candidate_3,candidate_2,candidate_1,3,0.0033333333333333335
1759,candidate_3,candidate_2,candidate_1,3,0.0033333333333333335
1760,candidate_3,candidate_2,candidate_1,3,0.0033333333333333335
1761,candidate_3,candidate_2,candidate_1,3,0.0033333333333333335
1762,candidate_3,candidate_2,candidate_1,3,0.0033333333333333335
1763,candidate_3,candidate_2,candidate_1,3,0.0033333333333333335
1764,candidate_3,candidate_2,candidate_1,3,0.0033333333333333335
1765,0,candidate_2,candidate_1,3,0.0033333333333333335
1766,candidate_3,candidate_2,candidate_1,3,0.0033333333333333335
1767,candidate_3,candidate_2,candidate_1,3,0.0033333333333333335
1768,candidate_3,candidate_2,candidate_1,3,0.0033333333333333335
1769,candidate_3,candidate_2,candidate_1,3,0.0033333333333333335
1770,candidate_3,candidate_2,candidate_1,3,0.0033333333333333335
1771,candidate_3,candidate_2,candidate_1,3,0.0033333333333333335
1772,candidate_3,candidate_2,candidate_1,3,0.0033333333333333335
1773,candidate_3,candidate_2,candidate_1,3,0.0033333333333333335
1774,candidate_3,candidate_2,candidate_1,3,0.0033333333333333335
1775,candidate_3,candidate_2,candidate_1,3,0.0033333333333333335
1776,candidate_3,candidate_2,candidate_1,3,0.0033333333333333335
1777,candidate_3,candidate_2,candidate_1,3,0.0033333333333333335
1778,candidate_3,candidate_2,candidate_1,3,0.0033333333333333335
1779,candidate_3,candidate_2,candidate_1,3,0.0033333333333333335
1780,candidate_3,candidate_2,candidate_1,3,0.0033333333333333335
1781,candidate_3,candidate_2,candidate_1,3,0.0033333333333333335
1782,candidate_3,candidate_2,candidate_1,3,0.0033333333333333335
1783,candidate_3,candidate_2,candidate_1,3,0.0033333333333333335
1784,candidate_3,candidate_2,candidate_1,3,0.0033333333333333335
1785,candidate_3,candidate_2,candidate_1,3,0.0033333333333333335
1786,candidate_3,candidate_2,candidate_1,3,0.0033333333333333335
1787,candidate_3,candidate_2,candidate_1,3,0.0033333333333333335
1788,candidate_3,candidate_2,candidate_1,3,0.0033333333333333335
1789,candidate_3,candidate_2,candidate_1,3,0.0033333333333333335
1790,candidate_3,candidate_2,candidate_1,3,0.0033333333333333335
1791,candidate_3,candidate_2,candidate_1,3,0.0033333333333333335
1792,candidate_3,candidate_2,candidate_1,3,0.0033333333333333335
1793,candidate_3,candidate_2,candidate_1,3,0.0033333333333333335
1794,candidate_3,candidate_2,candidate_1,3,0.0033333333333333335
1795,candidate_3,candidate_2,candidate_1,3,0.0033333333333333335
1796,candidate_3,candidate_2,candidate_1,3,0.0033333333333333335
1797,candidate_3,candidate_2,candidate_1,3,0.0033333333333333335
1798,candidate_3,candidate_2,candidate_1,3,0.0033333333333333335
1799,candidate_3,candidate_2,candidate_1,3,0.0033333333333333335
1800,candidate_3,candidate_2,candidate_1,3,0.0033333333333333335
1801,candidate_3,candidate_2,candidate_1,3,0.0033333333333333335
1802,candidate_3,candidate_2,candidate_1,3,0.0033333333333333335
1803,candidate_3,candidate_2,candidate_1,3,0.0033333333333333335
1804,candidate_3,candidate_2,candidate_1,3,0.0033333333333333335
1805,candidate_3,candidate_2,candidate_1,3,0.0033333333333333335
1806,candidate_3,candidate_2,candidate_1,3,0.0033333333333333335
1807,candidate_3,candidate_2,candidate_1,3,0.0033333333333333335
1808,candidate_3,candidate_2,candidate_1,3,0.0033333333333333335
1809,candidate_3,candidate_2,candidate_1,3,0.0033333333333333335
1810,candidate_3,candidate_2,candidate_1,3,0.0033333333333333335
1811,candidate_3,candidate_2,candidate_1,3,0.0033333333333333335
1812,candidate_3,candidate_2,candidate_1,3,0.0033333333333333335
1813,candidate_3,candidate_2,candidate_1,3,0.0033333333333333335
1814,candidate_3,candidate_2,candidate_1,3,0.0033333333333333335
1815,candidate_3,candidate_2,candidate_1,3,0.0033333333333333335
1816,candidate_3,candidate_2,candidate_1,3,0.0033333333333333335
1817,candidate_3,candidate_2,candidate_1,3,0.0033333333333333335
1818,candidate_3,candidate_2,candidate_1,3,0.0033333333333333335
1819,candidate_3,candidate_2,candidate_1,3,0.0033333333333333335
1820,candidate_3,candidate_2,candidate_1,3,0.0033333333333333335
1821,candidate_3,candidate_2,candidate_1,3,0.0033333333333333335
1822,candidate_3,candidate_2,candidate_1,3,0.0033333333333333335
1823,candidate_3,candidate_2,candidate_1,3,0.0033333333333333335
1824,candidate_3,candidate_2,candidate_1,3,0.0033333333333333335
1825,candidate_3,candidate_2,candidate_1,3,0.0033333333333333335
1826,candidate_3,candidate_2,candidate_1,3,0.0033333333333333335
1827,candidate_3,candidate_2,candidate_1,3,0.0033333333333333335
1828,candidate_3,candidate_2,candidate_1,3,0.0033333333333333335
1829,candidate_3,candidate_2,candidate_1,3,0.0033333333333333335
1830,candidate_3,candidate_2,candidate_1,3,0.0033333333333333335
1831,candidate_3,candidate_2,candidate_1,3,0.0033333333333333335
1832,candidate_3,candidate_2,candidate_1,3,0.0033333333333333335
1833,candidate_3,candidate_2,candidate_1,3,0.0033333333333333335
1834,candidate_3,candidate_2,candidate_1,3,0.0033333333333333335
1835,candidate_3,candidate_2,candidate_1,3,0.0033333333333333335
1836,candidate_3,candidate_2,candidate_1,3,0.0033333333333333335
1837,candidate_3,candidate_2,candidate_1,3,0.0033333333333333335
1838,candidate_3,candidate_2,candidate_1,3,0.0033333333333333335
1839,candidate_3,candidate_2,candidate_1,3,0.0033333333333333335
1840,candidate_3,candidate_2,candidate_1,3,0.0033333333333333335
1841,candidate_3,candidate_2,candidate_1,3,0.0033333333333333335
1842,candidate_3,candidate_2,candidate_1,3,0.0033333333333333335
1843,candidate_3,candidate_2,candidate_1,3,0.0033333333333333335
1844,candidate_3,candidate_2,candidate_1,3,0.0033333333333333335
1845,candidate_3,candidate_2,candidate_1,3,0.0033333333333333335
1846,candidate_3,candidate_2,candidate_1,3,0.0033333333333333335
1847,candidate_3,candidate_2,candidate_1,3,0.0033333333333333335
1848,candidate_3,candidate_2,candidate_1,3,0.0033333333333333335
1849,candidate_3,candidate_2,candidate_1,3,0.0033333333333333335
1850,candidate_3,candidate_2,candidate_1,3,0.0033333333333333335
1851,candidate_3,candidate_2,candidate_1,3,0.0033333333333333335
1852,candidate_3,candidate_2,candidate_1,3,0.0033333333333333335
1853,candidate_3,candidate_2,candidate_1,3,0.0033333333333333335
1854,candidate_3,candidate_2,candidate_1,3,0.0033333333333333335
1855,candidate_3,candidate_2,candidate_1,3,0.0033333333333333335
1856,candidate_3,candidate_2,candidate_1,3,0.0033333333333333335
1857,candidate_3,candidate_2,candidate_1,3,0.0033333333333333335
1858,candidate_3,candidate_2,candidate_1,3,0.0033333333333333335
1859,candidate_3,candidate_2,candidate_1,3,0.0033333333333333335
1860,candidate_3,candidate_2,candidate_1,3,0.0033333333333333335
1861,candidate_3,candidate_2,candidate_1,3,0.0033333333333333335
1862,candidate_3,candidate_2,candidate_1,3,0.0033333333333333335
1863,candidate_3,candidate_2,candidate_1,3,0.0033333333333333335
1864,candidate_3,candidate_2,candidate_1,3,0.0033333333333333335
1865,candidate_3,candidate_2,candidate_1,3,0.0033333333333333335
1866,candidate_3,candidate_2,candidate_1,3,0.0033333333333333335
1867,candidate_3,candidate_2,candidate_1,3,0.0033333333333333335
1868,candidate_3,candidate_2,candidate_1,3,0.0033333333333333335
1869,candidate_3,candidate_2,candidate_1,3,0.0033333333333333335
1870,candidate_3,candidate_2,candidate_1,3,0.0033333333333333335
1871,candidate_3,candidate_2,candidate_1,3,0.0033333333333333335
1872,candidate_3,candidate_2,candidate_1,3,0.0033333333333333335
1873,candidate_3,candidate_2,candidate_1,3,0.0033333333333333335
1874,candidate_3,candidate_2,candidate_1,3,0.0033333333333333335
1875,candidate_3,candidate_2,candidate_1,3,0.0033333333333333335
1876,candidate_3,candidate_2,candidate_1,3,0.0033333333333333335
1877,candidate_3,candidate_2,candidate_1,3,0.0033333333333333335
1878,candidate_3,candidate_2,candidate_1,3,0.0033333333333333335
1879,candidate_3,candidate_2,candidate_1,3,0.0033333333333333335
1880,candidate_3,candidate_2,candidate_1,3,0.0033333333333333335
1881,candidate_3,candidate_2,candidate_1,3,0.0033333333333333335
1882,candidate_3,candidate_2,candidate_1,3,0.0033333333333333335
1883,candidate_3,candidate_2,candidate_1,3,0.0033333333333333335
1884,candidate_3,candidate_2,candidate_1,3,0.0033333333333333335
1885,candidate_3,candidate_2,candidate_1,3,0.0033333333333333335
1886,candidate_3,candidate_2,candidate_1,3,0.0033333333333333335
1887,candidate_3,candidate_2,candidate_1,3,0.0033333333333333335
1888,candidate_3,candidate_2,candidate_1,3,0.0033333333333333335
1889,candidate_3,candidate_2,candidate_1,3,0.0033333333333333335
1890,candidate_3,candidate_2,candidate_1,3,0.0033333333333333335
1891,candidate_3,candidate_2,candidate_1,3,0.0033333333333333335
1892,candidate_3,candidate_2,candidate_1,3,0.0033333333333333335
1893,candidate_3,candidate_2,candidate_1,3,0.0033333333333333335
1894,candidate_3,candidate_2,candidate_1,3,0.0033333333333333335
1895,candidate_3,candidate_2,candidate_1,3,0.0033333333333333335
1896,candidate_3,candidate_2,candidate_1,3,0.0033333333333333335
1897,candidate_3,candidate_2,candidate_1,3,0.0033333333333333335
1898,candidate_3,candidate_2,candidate_1,3,0.0033333333333333335
1899,candidate_3,candidate_2,candidate_1,3,0.0033333333333333335
1900,candidate_3,candidate_2,candidate_1,3,0.0033333333333333335
1901,candidate_3,candidate_2,candidate_1,3,0.0033333333333333335
1902,candidate_3,candidate_2,candidate_1,3,0.0033333333333333335
1903,candidate_3,candidate_2,candidate_1,3,0.0033333333333333335
1904,candidate_3,candidate_2,candidate_1,3,0.0033333333333333335
1905,candidate_3,candidate_2,candidate_1,3,0.0033333333333333335
1906,candidate_3,candidate_2,candidate_1,3,0.0033333333333333335
1907,candidate_3,candidate_2,candidate_1,3,0.0033333333333333335
1908,candidate_3,candidate_2,candidate_1,3,0.0033333333333333335
1909,candidate_3,candidate_2,candidate_1,3,0.0033333333333333335
1910,candidate_3,candidate_2,candidate_1,3,0.0033333333333333335
1911,candidate_3,candidate_2,candidate_1,3,0.0033333333333333335
1912,candidate_3,candidate_2,candidate_1,3,0.0033333333333333335
1913,candidate_3,candidate_2,candidate_1,3,0.0033333333333333335
1914,candidate_3,candidate_2,candidate_1,3,0.0033333333333333335
1915,candidate_3,candidate_2,candidate_1,3,0.0033333333333333335
1916,candidate_3,candidate_2,candidate_1,3,0.0033333333333333335
1917,candidate_3,candidate_2,candidate_1,3,0.0033333333333333335
1918,candidate_3,candidate_2,candidate_1,3,0.0033333333333333335
1919,candidate_3,candidate_2,candidate_1,3,0.0033333333333333335
1920,candidate_3,candidate_2,candidate_1,3,0.0033333333333333335
1921,candidate_3,candidate_2,candidate_1,3,0.0033333333333333335
1922,candidate_3,candidate_2,candidate_1,3,0.0033333333333333335
1923,candidate_3,candidate_2,candidate_1,3,0.0033333333333333335
1924,candidate_3,candidate_2,candidate_1,3,0.0033333333333333335
1925,candidate_3,candidate_2,candidate_1,3,0.0033333333333333335
1926,candidate_3,candidate_2,candidate_1,3,0.0033333333333333335
1927,candidate_3,candidate_2,candidate_1,3,0.0033333333333333335
1928,candidate_3,candidate_2,candidate_1,3,0.0033333333333333335
1929,candidate_3,candidate_2,candidate_1,3,0.0033333333333333335
1930,candidate_3,candidate_2,candidate_1,3,0.0033333333333333335
1931,candidate_3,candidate_2,candidate_1,3,0.0033333333333333335
1932,candidate_3,candidate_2,candidate_1,3,0.0033333333333333335
1933,0,candidate_2,candidate_1,3,0.0033333333333333335
1934,candidate_3,candidate_2,candidate_1,3,0.0033333333333333335
1935,candidate_3,candidate_2,candidate_1,3,0.0033333333333333335
1936,candidate_3,candidate_2,candidate_1,3,0.0033333333333333335
1937,candidate_3,candidate_2,candidate_1,3,0.0033333333333333335
1938,candidate_3,candidate_2,candidate_1,3,0.0033333333333333335
1939,candidate_3,candidate_2,candidate_1,3,0.0033333333333333335
1940,candidate_3,candidate_2,candidate_1,3,0.0033333333333333335
1941,candidate_3,candidate_2,candidate_1,3,0.0033333333333333335
1942,candidate_3,candidate_2,candidate_1,3,0.0033333333333333335
1943,candidate_3,candidate_2,candidate_1,3,0.0033333333333333335
1944,candidate_3,candidate_2,candidate_1,3,0.0033333333333333335
1945,candidate_3,candidate_2,candidate_1,3,0.0033333333333333335
1946,candidate_3,candidate_2,candidate_1,3,0.0033333333333333335
1947,candidate_3,candidate_2,candidate_1,3,0.0033333333333333335
1948,candidate_3,candidate_2,candidate_1,3,0.0033333333333333335
1949,candidate_3,candidate_2,candidate_1,3,0.0033333333333333335
1950,candidate_3,candidate_2,candidate_1,3,0.0033333333333333335
1951,candidate_3,candidate_2,candidate_1,3,0.0033333333333333335
1952,candidate_3,candidate_2,candidate_1,3,0.0033333333333333335
1953,candidate_3,candidate_2,candidate_1,3,0.0033333333333333335
1954,candidate_3,candidate_2,candidate_1,3,0.0033333333333333335
1955,candidate_3,candidate_2,candidate_1,3,0.0033333333333333335
1956,candidate_3,candidate_2,candidate_1,3,0.0033333333333333335
1957,candidate_3,candidate_2,candidate_1,3,0.0033333333333333335
1958,candidate_3,candidate_2,candidate_1,3,0.0033333333333333335
1959,candidate_3,candidate_2,candidate_1,3,0.0033333333333333335
1960,candidate_3,candidate_2,candidate_1,3,0.0033333333333333335
1961,candidate_3,candidate_2,candidate_1,3,0.0033333333333333335
1962,candidate_3,candidate_2,candidate_1,3,0.0033333333333333335
1963,candidate_3,candidate_2,candidate_1,3,0.0033333333333333335
1964,candidate_3,candidate_2,candidate_1,3,0.0033333333333333335
1965,candidate_3,candidate_2,candidate_1,3,0.0033333333333333335
1966,candidate_3,candidate_2,candidate_1,3,0.0033333333333333335
1967,candidate_3,candidate_2,candidate_1,3,0.0033333333333333335
1968,candidate_3,candidate_2,candidate_1,3,0.0033333333333333335
1969,candidate_3,candidate_2,candidate_1,3,0.0033333333333333335
1970,candidate_3,candidate_2,candidate_1,3,0.0033333333333333335
1971,candidate_3,candidate_2,candidate_1,3,0.0033333333333333335
1972,candidate_3,candidate_2,candidate_1,3,0.0033333333333333335
1973,candidate_3,candidate_2,candidate_1,3,0.0033333333333333335
1974,candidate_3,candidate_2,candidate_1,3,0.0033333333333333335
1975,candidate_3,candidate_2,candidate_1,3,0.0033333333333333335
1976,candidate_3,candidate_2,candidate_1,3,0.0033333333333333335
1977,candidate_3,candidate_2,candidate_1,3,0.0033333333333333335
1978,candidate_3,candidate_2,candidate_1,3,0.0033333333333333335
1979,candidate_3,candidate_2,candidate_1,3,0.0033333333333333335
1980,candidate_3,candidate_2,candidate_1,3,0.0033333333333333335
1981,candidate_3,candidate_2,candidate_1,3,0.0033333333333333335
1982,candidate_3,candidate_2,candidate_1,3,0.0033333333333333335
1983,candidate_3,candidate_2,candidate_1,3,0.0033333333333333335
1984,candidate_3,candidate_2,candidate_1,3,0.0033333333333333335
1985,candidate_3,candidate_2,candidate_1,3,0.0033333333333333335
1986,candidate_3,candidate_2,candidate_1,3,0.0033333333333333335
1987,candidate_3,candidate_2,candidate_1,3,0.0033333333333333335
1988,candidate_3,candidate_2,candidate_1,3,0.0033333333333333335
1989,candidate_3,candidate_2,candidate_1,3,0.0033333333333333335
1990,candidate_3,candidate_2,candidate_1,3,0.0033333333333333335
1991,candidate_3,candidate_2,candidate_1,3,0.0033333333333333335
1992,candidate_3,candidate_2,candidate_1,3,0.0033333333333333335
1993,candidate_3,candidate_2,candidate_1,3,0.0033333333333333335
1994,candidate_3,candidate_2,candidate_1,3,0.0033333333333333335
1995,candidate_3,candidate_2,candidate_1,3,0.0033333333333333335
1996,candidate_3,candidate_2,candidate_1,3,0.0033333333333333335
1997,candidate_3,candidate_2,candidate_1,3,0.0033333333333333335
1998,candidate_3,candidate_2,candidate_1,3,0.0033333333333333335
1999,candidate_3,candidate_2,candidate_1,3,0.0033333333333333335
2000,candidate_3,candidate_2,candidate_1,3,0.0033333333333333335
2001,candidate_3,candidate_2,candidate_1,3,0.0033333333333333335
2002,candidate_3,candidate_2,candidate_1,3,0.0033333333333333335
2003,candidate_3,candidate_2,candidate_1,3,0.0033333333333333335
2004,candidate_3,candidate_2,candidate_1,3,0.0033333333333333335
2005,candidate_3,candidate_2,candidate_1,3,0.0033333333333333335
2006,candidate_3,candidate_2,candidate_1,3,0.0033333333333333335
2007,candidate_3,candidate_2,candidate_1,3,0.0033333333333333335
2008,candidate_3,candidate_2,candidate_1,3,0.0033333333333333335
2009,candidate_3,candidate_2,candidate_1,3,0.0033333333333333335
2010,candidate_3,candidate_2,candidate_1,3,0.0033333333333333335
2011,candidate_3,candidate_2,candidate_1,3,0.0033333333333333335
2012,candidate_3,candidate_2,candidate_1,3,0.0033333333333333335
2013,candidate_3,candidate_2,candidate_1,3,0.0033333333333333335
2014,candidate_3,candidate_2,candidate_1,3,0.0033333333333333335
2015,candidate_3,candidate_2,candidate_1,3,0.0033333333333333335
2016,candidate_3,candidate_2,candidate_1,3,0.0033333333333333335
2017,candidate_3,candidate_2,candidate_1,3,0.0033333333333333335
2018,candidate_3,candidate_2,candidate_1,3,0.0033333333333333335
2019,candidate_3,candidate_2,candidate_1,3,0.0033333333333333335
2020,candidate_3,candidate_2,candidate_1,3,0.0033333333333333335
2021,candidate_3,candidate_2,candidate_1,3,0.0033333333333333335
2022,candidate_3,candidate_2,candidate_1,3,0.0033333333333333335
2023,candidate_3,candidate_2,candidate_1,3,0.0033333333333333335
2024,candidate_3,candidate_2,candidate_1,3,0.0033333333333333335
2025,candidate_3,candidate_2,candidate_1,3,0.0033333333333333335
2026,candidate_3,candidate_2,candidate_1,3,0.0033333333333333335
2027,candidate_3,candidate_2,candidate_1,3,0.0033333333333333335
2028,candidate_3,candidate_2,candidate_1,3,0.0033333333333333335
2029,candidate_3,candidate_2,candidate_1,3,0.0033333333333333335
2030,candidate_3,candidate_2,candidate_1,3,0.0033333333333333335
2031,candidate_3,candidate_2,candidate_1,3,0.0033333333333333335
2032,candidate_3,candidate_2,candidate_1,3,0.0033333333333333335
2033,candidate_3,candidate_2,candidate_1,3,0.0033333333333333335
2034,candidate_3,candidate_2,candidate_1,3,0.0033333333333333335
2035,candidate_3,candidate_2,candidate_1,3,0.0033333333333333335
2036,candidate_3,candidate_2,candidate_1,3,0.0033333333333333335
2037,candidate_3,candidate_2,candidate_1,3,0.0033333333333333335
2038,candidate_3,candidate_2,candidate_1,3,0.0033333333333333335
2039,candidate_3,candidate_2,candidate_1,3,0.0033333333333333335
2040,candidate_3,candidate_2,candidate_1,3,0.0033333333333333335
2041,candidate_3,candidate_2,candidate_1,3,0.0033333333333333335
2042,candidate_3,candidate_2,candidate_1,3,0.0033333333333333335
2043,candidate_3,candidate_2,candidate_1,3,0.0033333333333333335
2044,0,candidate_2,candidate_1,3,0.0033333333333333335
2045,candidate_3,candidate_2,candidate_1,3,0.0033333333333333335
2046,candidate_3,candidate_2,candidate_1,3,0.0033333333333333335
2047,candidate_3,candidate_2,candidate_1,3,0.0033333333333333335
2048,candidate_3,candidate_2,candidate_1,3,0.0033333333333333335
2049,candidate_3,candidate_2,candidate_1,3,0.0033333333333333335
2050,candidate_3,candidate_2,candidate_1,3,0.0033333333333333335
2051,candidate_3,candidate_2,candidate_1,3,0.0033333333333333335
2052,candidate_3,candidate_2,candidate_1,3,0.0033333333333333335
2053,candidate_3,candidate_2,candidate_1,3,0.0033333333333333335
2054,candidate_3,candidate_2,candidate_1,3,0.0033333333333333335
2055,candidate_3,candidate_2,candidate_1,3,0.0033333333333333335
2056,candidate_3,candidate_2,candidate_1,3,0.0033333333333333335
2057,candidate_3,candidate_2,candidate_1,3,0.0033333333333333335
2058,candidate_3,candidate_2,candidate_1,3,0.0033333333333333335
2059,candidate_3,candidate_2,candidate_1,3,0.0033333333333333335
2060,candidate_3,candidate_2,candidate_1,3,0.0033333333333333335
2061,candidate_3,candidate_2,candidate_1,3,0.0033333333333333335
2062,candidate_3,candidate_2,candidate_1,3,0.0033333333333333335
2063,candidate_3,candidate_2,candidate_1,3,0.0033333333333333335
2064,candidate_3,candidate_2,candidate_1,3,0.0033333333333333335
2065,candidate_3,candidate_2,candidate_1,3,0.0033333333333333335
2066,candidate_3,candidate_2,0,3,0.0033333333333333335
2067,candidate_3,candidate_2,candidate_1,3,0.0033333333333333335
2068,candidate_3,candidate_2,candidate_1,3,0.0033333333333333335
2069,candidate_3,candidate_2,candidate_1,3,0.0033333333333333335
2070,candidate_3,candidate_2,candidate_1,3,0.0033333333333333335
2071,candidate_3,candidate_2,candidate_1,3,0.0033333333333333335
2072,candidate_3,candidate_2,candidate_1,3,0.0033333333333333335
2073,candidate_3,candidate_2,candidate_1,3,0.0033333333333333335
2074,candidate_3,candidate_2,candidate_1,3,0.0033333333333333335
2075,candidate_3,candidate_2,candidate_1,3,0.0033333333333333335
2076,candidate_3,candidate_2,candidate_1,3,0.0033333333333333335
2077,candidate_3,candidate_2,candidate_1,3,0.0033333333333333335
2078,candidate_3,candidate_2,candidate_1,3,0.0033333333333333335
2079,candidate_3,candidate_2,candidate_1,3,0.0033333333333333335
2080,candidate_3,candidate_2,candidate_1,3,0.0033333333333333335
2081,candidate_3,candidate_2,candidate_1,3,0.0033333333333333335
2082,candidate_3,candidate_2,candidate_1,3,0.0033333333333333335
2083,candidate_3,candidate_2,candidate_1,3,0.0033333333333333335
2084,candidate_3,candidate_2,candidate_1,3,0.0033333333333333335
2085,candidate_3,candidate_2,candidate_1,3,0.0033333333333333335
2086,candidate_3,candidate_2,candidate_1,3,0.0033333333333333335
2087,candidate_3,candidate_2,candidate_1,3,0.0033333333333333335
2088,candidate_3,candidate_2,candidate_1,3,0.0033333333333333335
2089,candidate_3,candidate_2,candidate_1,3,0.0033333333333333335
2090,candidate_3,candidate_2,candidate_1,3,0.0033333333333333335
2091,candidate_3,candidate_2,candidate_1,3,0.0033333333333333335
2092,candidate_3,candidate_2,candidate_1,3,0.0033333333333333335
2093,candidate_3,candidate_2,candidate_1,3,0.0033333333333333335
2094,candidate_3,candidate_2,candidate_1,3,0.0033333333333333335
2095,candidate_3,candidate_2,candidate_1,3,0.0033333333333333335
2096,candidate_3,candidate_2,candidate_1,3,0.0033333333333333335
2097,candidate_3,candidate_2,candidate_1,3,0.0033333333333333335
2098,candidate_3,candidate_2,candidate_1,3,0.0033333333333333335
2099,candidate_3,candidate_2,candidate_1,3,0.0033333333333333335
2100,candidate_3,candidate_2,candidate_1,3,0.0033333333333333335
2101,candidate_3,candidate_2,candidate_1,3,0.0033333333333333335
2102,candidate_3,candidate_2,candidate_1,3,0.0033333333333333335
2103,candidate_3,candidate_2,candidate_1,3,0.0033333333333333335
2104,candidate_3,candidate_2,candidate_1,3,0.0033333333333333335
2105,candidate_3,candidate_2,candidate_1,3,0.0033333333333333335
2106,candidate_3,candidate_2,candidate_1,3,0.0033333333333333335
2107,candidate_3,candidate_2,candidate_1,3,0.0033333333333333335
2108,candidate_3,candidate_2,candidate_1,3,0.0033333333333333335
2109,candidate_3,candidate_2,candidate_1,3,0.0033333333333333335
2110,candidate_3,candidate_2,candidate_1,3,0.0033333333333333335
2111,candidate_3,candidate_2,candidate_1,3,0.0033333333333333335
2112,candidate_3,candidate_2,candidate_1,3,0.0033333333333333335
2113,candidate_3,candidate_2,candidate_1,3,0.0033333333333333335
2114,candidate_3,candidate_2,candidate_1,3,0.0033333333333333335
2115,candidate_3,candidate_2,candidate_1,3,0.0033333333333333335
2116,candidate_3,candidate_2,candidate_1,3,0.0033333333333333335
2117,candidate_3,candidate_2,candidate_1,3,0.0033333333333333335
2118,candidate_3,candidate_2,candidate_1,3,0.0033333333333333335
2119,candidate_3,candidate_2,candidate_1,3,0.0033333333333333335
2120,candidate_3,candidate_2,candidate_1,3,0.0033333333333333335
2121,candidate_3,candidate_2,candidate_1,3,0.0033333333333333335
2122,candidate_3,candidate_2,candidate_1,3,0.0033333333333333335
2123,candidate_3,candidate_2,candidate_1,3,0.0033333333333333335
2124,candidate_3,candidate_2,candidate_1,3,0.0033333333333333335
2125,candidate_3,candidate_2,candidate_1,3,0.0033333333333333335
2126,candidate_3,candidate_2,candidate_1,3,0.0033333333333333335
2127,candidate_3,candidate_2,candidate_1,3,0.0033333333333333335
2128,candidate_3,candidate_2,candidate_1,3,0.0033333333333333335
2129,candidate_3,0,candidate_1,3,0.0033333333333333335
2130,candidate_3,candidate_2,candidate_1,3,0.0033333333333333335
2131,candidate_3,candidate_2,candidate_1,3,0.0033333333333333335
2132,candidate_3,candidate_2,candidate_1,3,0.0033333333333333335
2133,candidate_3,candidate_2,candidate_1,3,0.0033333333333333335
2134,candidate_3,candidate_2,candidate_1,3,0.0033333333333333335
2135,candidate_3,candidate_2,candidate_1,3,0.0033333333333333335
2136,candidate_3,candidate_2,candidate_1,3,0.0033333333333333335
2137,candidate_3,candidate_2,candidate_1,3,0.0033333333333333335
2138,candidate_3,candidate_2,candidate_1,3,0.0033333333333333335
2139,candidate_3,candidate_2,candidate_1,3,0.0033333333333333335
2140,candidate_3,candidate_2,candidate_1,3,0.0033333333333333335
2141,candidate_3,candidate_2,candidate_1,3,0.0033333333333333335
2142,candidate_3,candidate_2,candidate_1,3,0.0033333333333333335
2143,candidate_3,candidate_2,candidate_1,3,0.0033333333333333335
2144,candidate_3,candidate_2,candidate_1,3,0.0033333333333333335
2145,candidate_3,candidate_2,candidate_1,3,0.0033333333333333335
2146,candidate_3,candidate_2,candidate_1,3,0.0033333333333333335
2147,candidate_3,candidate_2,candidate_1,3,0.0033333333333333335
2148,candidate_3,candidate_2,candidate_1,3,0.0033333333333333335
2149,candidate_3,candidate_2,candidate_1,3,0.0033333333333333335
2150,candidate_3,candidate_2,candidate_1,3,0.0033333333333333335
2151,candidate_3,candidate_2,candidate_1,3,0.0033333333333333335
2152,candidate_3,candidate_2,candidate_1,3,0.0033333333333333335
2153,candidate_3,candidate_2,candidate_1,3,0.0033333333333333335
2154,candidate_3,candidate_2,candidate_1,3,0.0033333333333333335
2155,candidate_3,candidate_2,candidate_1,3,0.0033333333333333335
2156,candidate_3,candidate_2,candidate_1,3,0.0033333333333333335
2157,candidate_3,candidate_2,candidate_1,3,0.0033333333333333335
2158,candidate_3,candidate_2,candidate_1,3,0.0033333333333333335
2159,candidate_3,candidate_2,candidate_1,3,0.0033333333333333335
2160,candidate_3,candidate_2,candidate_1,3,0.0033333333333333335
2161,candidate_3,candidate_2,candidate_1,3,0.0033333333333333335
2162,candidate_3,candidate_2,candidate_1,3,0.0033333333333333335
2163,candidate_3,candidate_2,candidate_1,3,0.0033333333333333335
2164,candidate_3,candidate_2,candidate_1,3,0.0033333333333333335
2165,candidate_3,candidate_2,candidate_1,3,0.0033333333333333335
2166,candidate_3,candidate_2,candidate_1,3,0.0033333333333333335
2167,candidate_3,candidate_2,candidate_1,3,0.0033333333333333335
2168,candidate_3,candidate_2,candidate_1,3,0.0033333333333333335
2169,candidate_3,candidate_2,candidate_1,3,0.0033333333333333335
2170,candidate_3,candidate_2,candidate_1,3,0.0033333333333333335
2171,candidate_3,candidate_2,candidate_1,3,0.0033333333333333335
2172,candidate_3,candidate_2,candidate_1,3,0.0033333333333333335
2173,candidate_3,candidate_2,candidate_1,3,0.0033333333333333335
2174,candidate_3,candidate_2,candidate_1,3,0.0033333333333333335
2175,candidate_3,candidate_2,candidate_1,3,0.0033333333333333335
2176,candidate_3,candidate_2,candidate_1,3,0.0033333333333333335
2177,candidate_3,candidate_2,candidate_1,3,0.0033333333333333335
2178,candidate_3,candidate_2,candidate_1,3,0.0033333333333333335
2179,candidate_3,candidate_2,candidate_1,3,0.0033333333333333335
2180,candidate_3,candidate_2,candidate_1,3,0.0033333333333333335
2181,candidate_3,candidate_2,candidate_1,3,0.0033333333333333335
2182,candidate_3,candidate_2,candidate_1,3,0.0033333333333333335
2183,candidate_3,candidate_2,candidate_1,3,0.0033333333333333335
2184,candidate_3,candidate_2,candidate_1,3,0.0033333333333333335
2185,candidate_3,candidate_2,candidate_1,3,0.0033333333333333335
2186,candidate_3,candidate_2,candidate_1,3,0.0033333333333333335
2187,candidate_3,candidate_2,candidate_1,3,0.0033333333333333335
2188,candidate_3,candidate_2,candidate_1,3,0.0033333333333333335
2189,candidate_3,candidate_2,candidate_1,3,0.0033333333333333335
2190,candidate_3,candidate_2,candidate_1,3,0.0033333333333333335
2191,candidate_3,candidate_2,candidate_1,3,0.0033333333333333335
2192,candidate_3,candidate_2,candidate_1,3,0.0033333333333333335
2193,candidate_3,candidate_2,candidate_1,3,0.0033333333333333335
2194,candidate_3,candidate_2,candidate_1,3,0.0033333333333333335
2195,candidate_3,candidate_2,candidate_1,3,0.0033333333333333335
2196,candidate_3,candidate_2,candidate_1,3,0.0033333333333333335
2197,candidate_3,candidate_2,candidate_1,3,0.0033333333333333335
2198,candidate_3,candidate_2,candidate_1,3,0.0033333333333333335
2199,candidate_3,candidate_2,candidate_1,3,0.0033333333333333335
2200,candidate_3,candidate_2,candidate_1,3,0.0033333333333333335
2201,candidate_3,candidate_2,candidate_1,3,0.0033333333333333335
2202,candidate_3,candidate_2,candidate_1,3,0.0033333333333333335
2203,candidate_3,candidate_2,candidate_1,3,0.0033333333333333335
2204,candidate_3,candidate_2,candidate_1,3,0.0033333333333333335
2205,candidate_3,0,candidate_1,3,0.0033333333333333335
2206,candidate_3,candidate_2,candidate_1,3,0.0033333333333333335
2207,candidate_3,candidate_2,candidate_1,3,0.0033333333333333335
2208,candidate_3,candidate_2,candidate_1,3,0.0033333333333333335
2209,candidate_3,candidate_2,candidate_1,3,0.0033333333333333335
2210,candidate_3,candidate_2,candidate_1,3,0.0033333333333333335
2211,candidate_3,candidate_2,candidate_1,3,0.0033333333333333335
2212,candidate_3,candidate_2,candidate_1,3,0.0033333333333333335
2213,candidate_3,candidate_2,candidate_1,3,0.0033333333333333335
2214,candidate_3,candidate_2,candidate_1,3,0.0033333333333333335
2215,candidate_3,candidate_2,candidate_1,3,0.0033333333333333335
2216,candidate_3,candidate_2,candidate_1,3,0.0033333333333333335
2217,candidate_3,candidate_2,candidate_1,3,0.0033333333333333335
2218,candidate_3,candidate_2,candidate_1,3,0.0033333333333333335
2219,candidate_3,candidate_2,candidate_1,3,0.0033333333333333335
2220,candidate_3,candidate_2,candidate_1,3,0.0033333333333333335
2221,candidate_3,candidate_2,candidate_1,3,0.0033333333333333335
2222,candidate_3,candidate_2,candidate_1,3,0.0033333333333333335
2223,candidate_3,candidate_2,candidate_1,3,0.0033333333333333335
2224,candidate_3,candidate_2,candidate_1,3,0.0033333333333333335
2225,candidate_3,candidate_2,candidate_1,3,0.0033333333333333335
2226,candidate_3,candidate_2,candidate_1,3,0.0033333333333333335
2227,candidate_3,candidate_2,candidate_1,3,0.0033333333333333335
2228,candidate_3,candidate_2,candidate_1,3,0.0033333333333333335
2229,candidate_3,candidate_2,candidate_1,3,0.0033333333333333335
2230,candidate_3,candidate_2,candidate_1,3,0.0033333333333333335
2231,candidate_3,candidate_2,candidate_1,3,0.0033333333333333335
2232,candidate_3,candidate_2,candidate_1,3,0.0033333333333333335
2233,candidate_3,candidate_2,candidate_1,3,0.0033333333333333335
2234,candidate_3,candidate_2,candidate_1,3,0.0033333333333333335
2235,candidate_3,candidate_2,candidate_1,3,0.0033333333333333335
2236,candidate_3,candidate_2,candidate_1,3,0.0033333333333333335
2237,candidate_3,candidate_2,candidate_1,3,0.0033333333333333335
2238,candidate_3,candidate_2,candidate_1,3,0.0033333333333333335
2239,candidate_3,candidate_2,candidate_1,3,0.0033333333333333335
2240,candidate_3,candidate_2,candidate_1,3,0.0033333333333333335
2241,candidate_3,candidate_2,candidate_1,3,0.0033333333333333335
2242,candidate_3,candidate_2,candidate_1,3,0.0033333333333333335
2243,candidate_3,candidate_2,candidate_1,3,0.0033333333333333335
2244,candidate_3,candidate_2,candidate_1,3,0.0033333333333333335
2245,candidate_3,candidate_2,candidate_1,3,0.0033333333333333335
2246,candidate_3,candidate_2,candidate_1,3,0.0033333333333333335
2247,candidate_3,candidate_2,candidate_1,3,0.0033333333333333335
2248,candidate_3,candidate_2,candidate_1,3,0.0033333333333333335
2249,candidate_3,candidate_2,candidate_1,3,0.0033333333333333335
2250,candidate_3,candidate_2,candidate_1,3,0.0033333333333333335
2251,candidate_3,candidate_2,candidate_1,3,0.0033333333333333335
2252,candidate_3,candidate_2,candidate_1,3,0.0033333333333333335
2253,candidate_3,candidate_2,candidate_1,3,0.0033333333333333335
2254,candidate_3,candidate_2,candidate_1,3,0.0033333333333333335
2255,candidate_3,candidate_2,candidate_1,3,0.0033333333333333335
2256,candidate_3,candidate_2,candidate_1,3,0.0033333333333333335
2257,candidate_3,candidate_2,candidate_1,3,0.0033333333333333335
2258,candidate_3,candidate_2,candidate_1,3,0.0033333333333333335
2259,candidate_3,candidate_2,candidate_1,3,0.0033333333333333335
2260,candidate_3,candidate_2,candidate_1,3,0.0033333333333333335
2261,candidate_3,candidate_2,candidate_1,3,0.0033333333333333335
2262,candidate_3,candidate_2,candidate_1,3,0.0033333333333333335
2263,candidate_3,candidate_2,candidate_1,3,0.0033333333333333335
2264,candidate_3,candidate_2,candidate_1,3,0.0033333333333333335
2265,candidate_3,candidate_2,candidate_1,3,0.0033333333333333335
2266,candidate_3,candidate_2,candidate_1,3,0.0033333333333333335
2267,candidate_3,candidate_2,candidate_1,3,0.0033333333333333335
2268,candidate_3,candidate_2,candidate_1,3,0.0033333333333333335
2269,candidate_3,candidate_2,candidate_1,3,0.0033333333333333335
2270,candidate_3,candidate_2,candidate_1,3,0.0033333333333333335
2271,candidate_3,candidate_2,candidate_1,3,0.0033333333333333335
2272,candidate_3,candidate_2,candidate_1,3,0.0033333333333333335
2273,candidate_3,candidate_2,candidate_1,3,0.0033333333333333335
2274,candidate_3,candidate_2,candidate_1,3,0.0033333333333333335
2275,candidate_3,candidate_2,candidate_1,3,0.0033333333333333335
2276,candidate_3,candidate_2,candidate_1,3,0.0033333333333333335
2277,candidate_3,candidate_2,candidate_1,3,0.0033333333333333335
2278,candidate_3,candidate_2,candidate_1,3,0.0033333333333333335
2279,candidate_3,candidate_2,candidate_1,3,0.0033333333333333335
2280,candidate_3,candidate_2,candidate_1,3,0.0033333333333333335
2281,candidate_3,candidate_2,candidate_1,3,0.0033333333333333335
2282,candidate_3,candidate_2,candidate_1,3,0.0033333333333333335
2283,candidate_3,candidate_2,candidate_1,3,0.0033333333333333335
2284,candidate_3,candidate_2,candidate_1,3,0.0033333333333333335
2285,candidate_3,candidate_2,candidate_1,3,0.0033333333333333335
2286,candidate_3,candidate_2,candidate_1,3,0.0033333333333333335
2287,candidate_3,candidate_2,candidate_1,3,0.0033333333333333335
2288,candidate_3,candidate_2,candidate_1,3,0.0033333333333333335
2289,candidate_3,candidate_2,candidate_1,3,0.0033333333333333335
2290,candidate_3,candidate_2,candidate_1,3,0.0033333333333333335
2291,candidate_3,candidate_2,candidate_1,3,0.0033333333333333335
2292,candidate_3,candidate_2,candidate_1,3,0.0033333333333333335
2293,candidate_3,candidate_2,candidate_1,3,0.0033333333333333335
2294,candidate_3,candidate_2,candidate_1,3,0.0033333333333333335
2295,candidate_3,candidate_2,candidate_1,3,0.0033333333333333335
2296,candidate_3,candidate_2,candidate_1,3,0.0033333333333333335
2297,candidate_3,candidate_2,candidate_1,3,0.0033333333333333335
2298,candidate_3,candidate_2,candidate_1,3,0.0033333333333333335
2299,candidate_3,candidate_2,candidate_1,3,0.0033333333333333335
2300,candidate_3,candidate_2,candidate_1,3,0.0033333333333333335
2301,candidate_3,candidate_2,candidate_1,3,0.0033333333333333335
2302,candidate_3,candidate_2,candidate_1,3,0.0033333333333333335
2303,candidate_3,candidate_2,candidate_1,3,0.0033333333333333335
2304,candidate_3,candidate_2,candidate_1,3,0.0033333333333333335
2305,candidate_3,candidate_2,candidate_1,3,0.0033333333333333335
2306,candidate_3,candidate_2,candidate_1,3,0.0033333333333333335
2307,candidate_3,candidate_2,candidate_1,3,0.0033333333333333335
2308,candidate_3,candidate_2,candidate_1,3,0.0033333333333333335
2309,candidate_3,candidate_2,candidate_1,3,0.0033333333333333335
2310,candidate_3,candidate_2,candidate_1,3,0.0033333333333333335
2311,candidate_3,candidate_2,candidate_1,3,0.0033333333333333335
2312,candidate_3,candidate_2,candidate_1,3,0.0033333333333333335
2313,candidate_3,candidate_2,candidate_1,3,0.0033333333333333335
2314,candidate_3,candidate_2,candidate_1,3,0.0033333333333333335
2315,candidate_3,candidate_2,candidate_1,3,0.0033333333333333335
2316,candidate_3,candidate_2,candidate_1,3,0.0033333333333333335
2317,candidate_3,candidate_2,candidate_1,3,0.0033333333333333335
2318,candidate_3,candidate_2,candidate_1,3,0.0033333333333333335
2319,candidate_3,candidate_2,candidate_1,3,0.0033333333333333335
2320,candidate_3,candidate_2,candidate_1,3,0.0033333333333333335
2321,candidate_3,candidate_2,candidate_1,3,0.0033333333333333335
2322,candidate_3,candidate_2,candidate_1,3,0.0033333333333333335
2323,candidate_3,candidate_2,candidate_1,3,0.0033333333333333335
2324,candidate_3,candidate_2,candidate_1,3,0.0033333333333333335
2325,candidate_3,candidate_2,candidate_1,3,0.0033333333333333335
2326,candidate_3,candidate_2,candidate_1,3,0.0033333333333333335
2327,candidate_3,candidate_2,candidate_1,3,0.0033333333333333335
2328,candidate_3,candidate_2,candidate_1,3,0.0033333333333333335
2329,candidate_3,candidate_2,candidate_1,3,0.0033333333333333335
2330,candidate_3,candidate_2,candidate_1,3,0.0033333333333333335
2331,candidate_3,candidate_2,candidate_1,3,0.0033333333333333335
2332,candidate_3,candidate_2,candidate_1,3,0.0033333333333333335
2333,candidate_3,candidate_2,candidate_1,3,0.0033333333333333335
2334,candidate_3,candidate_2,candidate_1,3,0.0033333333333333335
2335,candidate_3,candidate_2,candidate_1,3,0.0033333333333333335
2336,candidate_3,candidate_2,candidate_1,3,0.0033333333333333335
2337,candidate_3,candidate_2,candidate_1,3,0.0033333333333333335
2338,candidate_3,candidate_2,candidate_1,3,0.0033333333333333335
2339,candidate_3,candidate_2,candidate_1,3,0.0033333333333333335
2340,candidate_3,candidate_2,candidate_1,3,0.0033333333333333335
2341,candidate_3,candidate_2,candidate_1,3,0.0033333333333333335
2342,candidate_3,candidate_2,candidate_1,3,0.0033333333333333335
2343,candidate_3,candidate_2,candidate_1,3,0.0033333333333333335
2344,candidate_3,candidate_2,candidate_1,3,0.0033333333333333335
2345,candidate_3,candidate_2,candidate_1,3,0.0033333333333333335
2346,candidate_3,candidate_2,candidate_1,3,0.0033333333333333335
2347,candidate_3,candidate_2,candidate_1,3,0.0033333333333333335
2348,candidate_3,candidate_2,candidate_1,3,0.0033333333333333335
2349,candidate_3,candidate_2,candidate_1,3,0.0033333333333333335
2350,candidate_3,candidate_2,candidate_1,3,0.0033333333333333335
2351,candidate_3,candidate_2,candidate_1,3,0.0033333333333333335
2352,candidate_3,candidate_2,candidate_1,3,0.0033333333333333335
2353,candidate_3,candidate_2,candidate_1,3,0.0033333333333333335
2354,candidate_3,candidate_2,candidate_1,3,0.0033333333333333335
2355,candidate_3,candidate_2,candidate_1,3,0.0033333333333333335
2356,candidate_3,candidate_2,candidate_1,3,0.0033333333333333335
2357,candidate_3,candidate_2,candidate_1,3,0.0033333333333333335
2358,candidate_3,candidate_2,candidate_1,3,0.0033333333333333335
2359,candidate_3,candidate_2,candidate_1,3,0.0033333333333333335
2360,candidate_3,candidate_2,candidate_1,3,0.0033333333333333335
2361,candidate_3,candidate_2,candidate_1,3,0.0033333333333333335
2362,candidate_3,candidate_2,candidate_1,3,0.0033333333333333335
2363,candidate_3,candidate_2,candidate_1,3,0.0033333333333333335
2364,candidate_3,candidate_2,candidate_1,3,0.0033333333333333335
2365,candidate_3,candidate_2,candidate_1,3,0.0033333333333333335
2366,candidate_3,candidate_2,candidate_1,3,0.0033333333333333335
2367,candidate_3,candidate_2,candidate_1,3,0.0033333333333333335
2368,candidate_3,candidate_2,candidate_1,3,0.0033333333333333335
2369,candidate_3,candidate_2,candidate_1,3,0.0033333333333333335
2370,candidate_3,candidate_2,candidate_1,3,0.0033333333333333335
2371,candidate_3,candidate_2,candidate_1,3,0.0033333333333333335
2372,candidate_3,candidate_2,candidate_1,3,0.0033333333333333335
2373,candidate_3,candidate_2,candidate_1,3,0.0033333333333333335
2374,candidate_3,candidate_2,candidate_1,3,0.0033333333333333335
2375,candidate_3,candidate_2,candidate_1,3,0.0033333333333333335
2376,candidate_3,candidate_2,candidate_1,3,0.0033333333333333335
2377,candidate_3,candidate_2,candidate_1,3,0.0033333333333333335
2378,candidate_3,candidate_2,candidate_1,3,0.0033333333333333335
2379,candidate_3,candidate_2,candidate_1,3,0.0033333333333333335
2380,candidate_3,candidate_2,candidate_1,3,0.0033333333333333335
2381,candidate_3,candidate_2,candidate_1,3,0.0033333333333333335
2382,candidate_3,candidate_2,candidate_1,3,0.0033333333333333335
2383,candidate_3,candidate_2,candidate_1,3,0.0033333333333333335
2384,candidate_3,candidate_2,candidate_1,3,0.0033333333333333335
2385,candidate_3,candidate_2,candidate_1,3,0.0033333333333333335
2386,candidate_3,candidate_2,candidate_1,3,0.0033333333333333335
2387,candidate_3,candidate_2,candidate_1,3,0.0033333333333333335
2388,candidate_3,candidate_2,candidate_1,3,0.0033333333333333335
2389,candidate_3,candidate_2,candidate_1,3,0.0033333333333333335
2390,candidate_3,candidate_2,candidate_1,3,0.0033333333333333335
2391,candidate_3,candidate_2,candidate_1,3,0.0033333333333333335
2392,candidate_3,candidate_2,candidate_1,3,0.0033333333333333335
2393,candidate_3,candidate_2,candidate_1,3,0.0033333333333333335
2394,candidate_3,candidate_2,candidate_1,3,0.0033333333333333335
2395,candidate_3,candidate_2,candidate_1,3,0.0033333333333333335
2396,candidate_3,candidate_2,candidate_1,3,0.0033333333333333335
2397,candidate_3,candidate_2,candidate_1,3,0.0033333333333333335
2398,candidate_3,candidate_2,candidate_1,3,0.0033333333333333335
2399,candidate_3,candidate_2,candidate_1,3,0.0033333333333333335
2400,candidate_3,candidate_2,candidate_1,3,0.0033333333333333335
2401,candidate_3,candidate_2,candidate_1,3,0.0033333333333333335
2402,candidate_3,candidate_2,candidate_1,3,0.0033333333333333335
2403,candidate_3,candidate_2,candidate_1,3,0.0033333333333333335
2404,candidate_3,candidate_2,candidate_1,3,0.0033333333333333335
2405,candidate_3,candidate_2,candidate_1,3,0.0033333333333333335
2406,candidate_3,candidate_2,candidate_1,3,0.0033333333333333335
2407,candidate_3,candidate_2,candidate_1,3,0.0033333333333333335
2408,candidate_3,candidate_2,candidate_1,3,0.0033333333333333335
2409,candidate_3,candidate_2,candidate_1,3,0.0033333333333333335
2410,candidate_3,candidate_2,candidate_1,3,0.0033333333333333335
2411,candidate_3,candidate_2,candidate_1,3,0.0033333333333333335
2412,candidate_3,candidate_2,candidate_1,3,0.0033333333333333335
2413,candidate_3,candidate_2,candidate_1,3,0.0033333333333333335
2414,candidate_3,candidate_2,candidate_1,3,0.0033333333333333335
2415,candidate_3,candidate_2,candidate_1,3,0.0033333333333333335
2416,candidate_3,candidate_2,candidate_1,3,0.0033333333333333335
2417,candidate_3,candidate_2,candidate_1,3,0.0033333333333333335
2418,candidate_3,candidate_2,candidate_1,3,0.0033333333333333335
2419,candidate_3,candidate_2,candidate_1,3,0.0033333333333333335
2420,candidate_3,candidate_2,candidate_1,3,0.0033333333333333335
2421,candidate_3,candidate_2,candidate_1,3,0.0033333333333333335
2422,candidate_3,candidate_2,candidate_1,3,0.0033333333333333335
2423,candidate_3,candidate_2,candidate_1,3,0.0033333333333333335
2424,candidate_3,candidate_2,candidate_1,3,0.0033333333333333335
2425,candidate_3,candidate_2,candidate_1,3,0.0033333333333333335
2426,candidate_3,candidate_2,candidate_1,3,0.0033333333333333335
2427,candidate_3,candidate_2,candidate_1,3,0.0033333333333333335
2428,candidate_3,candidate_2,candidate_1,3,0.0033333333333333335
2429,candidate_3,candidate_2,candidate_1,3,0.0033333333333333335
2430,candidate_3,candidate_2,candidate_1,3,0.0033333333333333335
2431,candidate_3,candidate_2,candidate_1,3,0.0033333333333333335
2432,candidate_3,candidate_2,candidate_1,3,0.0033333333333333335
2433,candidate_3,candidate_2,candidate_1,3,0.0033333333333333335
2434,candidate_3,candidate_2,candidate_1,3,0.0033333333333333335
2435,candidate_3,candidate_2,candidate_1,3,0.0033333333333333335
2436,candidate_3,candidate_2,candidate_1,3,0.0033333333333333335
2437,candidate_3,candidate_2,candidate_1,3,0.0033333333333333335
2438,candidate_3,candidate_2,candidate_1,3,0.0033333333333333335
2439,candidate_3,candidate_2,candidate_1,3,0.0033333333333333335
2440,candidate_3,candidate_2,candidate_1,3,0.0033333333333333335
2441,candidate_3,candidate_2,candidate_1,3,0.0033333333333333335
2442,candidate_3,candidate_2,candidate_1,3,0.0033333333333333335
2443,candidate_3,candidate_2,candidate_1,3,0.0033333333333333335
2444,candidate_3,candidate_2,candidate_1,3,0.0033333333333333335
2445,candidate_3,candidate_2,candidate_1,3,0.0033333333333333335
2446,candidate_3,candidate_2,candidate_1,3,0.0033333333333333335
2447,candidate_3,candidate_2,candidate_1,3,0.0033333333333333335
2448,candidate_3,candidate_2,candidate_1,3,0.0033333333333333335
2449,candidate_3,candidate_2,candidate_1,3,0.0033333333333333335
2450,candidate_3,candidate_2,candidate_1,3,0.0033333333333333335
2451,candidate_3,candidate_2,candidate_1,3,0.0033333333333333335
2452,candidate_3,candidate_2,candidate_1,3,0.0033333333333333335
2453,candidate_3,candidate_2,candidate_1,3,0.0033333333333333335
2454,candidate_3,candidate_2,candidate_1,3,0.0033333333333333335
2455,candidate_3,candidate_2,candidate_1,3,0.0033333333333333335
2456,candidate_3,0,candidate_1,3,0.0033333333333333335
2457,candidate_3,candidate_2,candidate_1,3,0.0033333333333333335
2458,candidate_3,candidate_2,candidate_1,3,0.0033333333333333335
2459,candidate_3,candidate_2,candidate_1,3,0.0033333333333333335
2460,candidate_3,candidate_2,candidate_1,3,0.0033333333333333335
2461,candidate_3,candidate_2,candidate_1,3,0.0033333333333333335
2462,candidate_3,candidate_2,candidate_1,3,0.0033333333333333335
2463,candidate_3,candidate_2,candidate_1,3,0.0033333333333333335
2464,candidate_3,candidate_2,candidate_1,3,0.0033333333333333335
2465,candidate_3,candidate_2,candidate_1,3,0.0033333333333333335
2466,candidate_3,candidate_2,candidate_1,3,0.0033333333333333335
2467,candidate_3,candidate_2,candidate_1,3,0.0033333333333333335
2468,candidate_3,candidate_2,candidate_1,3,0.0033333333333333335
2469,candidate_3,candidate_2,candidate_1,3,0.0033333333333333335
2470,candidate_3,candidate_2,candidate_1,3,0.0033333333333333335
2471,candidate_3,candidate_2,candidate_1,3,0.0033333333333333335
2472,candidate_3,candidate_2,candidate_1,3,0.0033333333333333335
2473,candidate_3,candidate_2,candidate_1,3,0.0033333333333333335
2474,candidate_3,candidate_2,candidate_1,3,0.0033333333333333335
2475,candidate_3,candidate_2,candidate_1,3,0.0033333333333333335
2476,candidate_3,candidate_2,candidate_1,3,0.0033333333333333335
2477,0,candidate_2,0,3,0.0033333333333333335
2478,candidate_3,candidate_2,candidate_1,3,0.0033333333333333335
2479,candidate_3,candidate_2,candidate_1,3,0.0033333333333333335
2480,candidate_3,candidate_2,candidate_1,3,0.0033333333333333335
2481,candidate_3,candidate_2,candidate_1,3,0.0033333333333333335
2482,candidate_3,candidate_2,candidate_1,3,0.0033333333333333335
2483,candidate_3,candidate_2,candidate_1,3,0.0033333333333333335
2484,candidate_3,candidate_2,candidate_1,3,0.0033333333333333335
2485,candidate_3,candidate_2,candidate_1,3,0.0033333333333333335
2486,candidate_3,candidate_2,candidate_1,3,0.0033333333333333335
2487,candidate_3,candidate_2,candidate_1,3,0.0033333333333333335
2488,candidate_3,candidate_2,candidate_1,3,0.0033333333333333335
2489,candidate_3,candidate_2,candidate_1,3,0.0033333333333333335
2490,candidate_3,candidate_2,candidate_1,3,0.0033333333333333335
2491,candidate_3,candidate_2,candidate_1,3,0.0033333333333333335
2492,candidate_3,candidate_2,candidate_1,3,0.0033333333333333335
2493,candidate_3,candidate_2,candidate_1,3,0.0033333333333333335
2494,candidate_3,candidate_2,candidate_1,3,0.0033333333333333335
2495,candidate_3,candidate_2,candidate_1,3,0.0033333333333333335
2496,candidate_3,candidate_2,candidate_1,3,0.0033333333333333335
2497,candidate_3,candidate_2,candidate_1,3,0.0033333333333333335
2498,candidate_3,candidate_2,candidate_1,3,0.0033333333333333335
2499,candidate_3,candidate_2,candidate_1,3,0.0033333333333333335
2500,candidate_3,candidate_2,candidate_1,3,0.0033333333333333335
2501,candidate_3,0,candidate_1,3,0.0033333333333333335
2502,candidate_3,candidate_2,candidate_1,3,0.0033333333333333335
2503,candidate_3,candidate_2,candidate_1,3,0.0033333333333333335
2504,candidate_3,candidate_2,candidate_1,3,0.0033333333333333335
2505,candidate_3,candidate_2,candidate_1,3,0.0033333333333333335
2506,candidate_3,candidate_2,candidate_1,3,0.0033333333333333335
2507,candidate_3,candidate_2,candidate_1,3,0.0033333333333333335
2508,candidate_3,candidate_2,candidate_1,3,0.0033333333333333335
2509,candidate_3,candidate_2,candidate_1,3,0.0033333333333333335
2510,candidate_3,candidate_2,candidate_1,3,0.0033333333333333335
2511,candidate_3,candidate_2,candidate_1,3,0.0033333333333333335
2512,candidate_3,candidate_2,candidate_1,3,0.0033333333333333335
2513,candidate_3,candidate_2,candidate_1,3,0.0033333333333333335
2514,candidate_3,candidate_2,candidate_1,3,0.0033333333333333335
2515,candidate_3,candidate_2,candidate_1,3,0.0033333333333333335
2516,candidate_3,candidate_2,candidate_1,3,0.0033333333333333335
2517,candidate_3,candidate_2,candidate_1,3,0.0033333333333333335
2518,candidate_3,candidate_2,candidate_1,3,0.0033333333333333335
2519,candidate_3,candidate_2,candidate_1,3,0.0033333333333333335
2520,candidate_3,candidate_2,candidate_1,3,0.0033333333333333335
2521,candidate_3,candidate_2,candidate_1,3,0.0033333333333333335
2522,candidate_3,candidate_2,candidate_1,3,0.0033333333333333335
2523,candidate_3,candidate_2,candidate_1,3,0.0033333333333333335
2524,candidate_3,candidate_2,candidate_1,3,0.0033333333333333335
2525,candidate_3,candidate_2,candidate_1,3,0.0033333333333333335
2526,candidate_3,candidate_2,candidate_1,3,0.0033333333333333335
2527,candidate_3,candidate_2,candidate_1,3,0.0033333333333333335
2528,candidate_3,candidate_2,candidate_1,3,0.0033333333333333335
2529,candidate_3,candidate_2,candidate_1,3,0.0033333333333333335
2530,candidate_3,candidate_2,candidate_1,3,0.0033333333333333335
2531,candidate_3,candidate_2,candidate_1,3,0.0033333333333333335
2532,candidate_3,candidate_2,candidate_1,3,0.0033333333333333335
2533,candidate_3,candidate_2,candidate_1,3,0.0033333333333333335
2534,candidate_3,candidate_2,candidate_1,3,0.0033333333333333335
2535,candidate_3,candidate_2,candidate_1,3,0.0033333333333333335
2536,candidate_3,candidate_2,candidate_1,3,0.0033333333333333335
2537,candidate_3,candidate_2,candidate_1,3,0.0033333333333333335
2538,candidate_3,candidate_2,candidate_1,3,0.0033333333333333335
2539,candidate_3,candidate_2,candidate_1,3,0.0033333333333333335
2540,candidate_3,candidate_2,candidate_1,3,0.0033333333333333335
2541,candidate_3,candidate_2,candidate_1,3,0.0033333333333333335
2542,candidate_3,candidate_2,candidate_1,3,0.0033333333333333335
2543,candidate_3,candidate_2,candidate_1,3,0.0033333333333333335
2544,candidate_3,candidate_2,candidate_1,3,0.0033333333333333335
2545,candidate_3,candidate_2,candidate_1,3,0.0033333333333333335
2546,candidate_3,candidate_2,candidate_1,3,0.0033333333333333335
2547,candidate_3,candidate_2,candidate_1,3,0.0033333333333333335
2548,candidate_3,candidate_2,candidate_1,3,0.0033333333333333335
2549,candidate_3,candidate_2,candidate_1,3,0.0033333333333333335
2550,candidate_3,candidate_2,candidate_1,3,0.0033333333333333335
2551,candidate_3,candidate_2,candidate_1,3,0.0033333333333333335
2552,candidate_3,candidate_2,candidate_1,3,0.0033333333333333335
2553,candidate_3,candidate_2,candidate_1,3,0.0033333333333333335
2554,candidate_3,candidate_2,candidate_1,3,0.0033333333333333335
2555,candidate_3,candidate_2,candidate_1,3,0.0033333333333333335
2556,candidate_3,candidate_2,candidate_1,3,0.0033333333333333335
2557,candidate_3,candidate_2,candidate_1,3,0.0033333333333333335
2558,candidate_3,candidate_2,candidate_1,3,0.0033333333333333335
2559,candidate_3,candidate_2,candidate_1,3,0.0033333333333333335
2560,candidate_3,candidate_2,candidate_1,3,0.0033333333333333335
2561,candidate_3,candidate_2,candidate_1,3,0.0033333333333333335
2562,candidate_3,candidate_2,candidate_1,3,0.0033333333333333335
2563,candidate_3,candidate_2,candidate_1,3,0.0033333333333333335
2564,candidate_3,candidate_2,candidate_1,3,0.0033333333333333335
2565,candidate_3,candidate_2,candidate_1,3,0.0033333333333333335
2566,candidate_3,candidate_2,candidate_1,3,0.0033333333333333335
2567,candidate_3,candidate_2,candidate_1,3,0.0033333333333333335
2568,candidate_3,candidate_2,candidate_1,3,0.0033333333333333335
2569,candidate_3,candidate_2,candidate_1,3,0.0033333333333333335
2570,candidate_3,candidate_2,candidate_1,3,0.0033333333333333335
2571,candidate_3,candidate_2,candidate_1,3,0.0033333333333333335
2572,candidate_3,candidate_2,candidate_1,3,0.0033333333333333335
2573,candidate_3,candidate_2,candidate_1,3,0.0033333333333333335
2574,candidate_3,candidate_2,candidate_1,3,0.0033333333333333335
2575,candidate_3,candidate_2,candidate_1,3,0.0033333333333333335
2576,candidate_3,candidate_2,candidate_1,3,0.0033333333333333335
2577,candidate_3,candidate_2,candidate_1,3,0.0033333333333333335
2578,candidate_3,candidate_2,candidate_1,3,0.0033333333333333335
2579,candidate_3,candidate_2,candidate_1,3,0.0033333333333333335
2580,candidate_3,candidate_2,candidate_1,3,0.0033333333333333335
2581,candidate_3,candidate_2,candidate_1,3,0.0033333333333333335
2582,candidate_3,candidate_2,candidate_1,3,0.0033333333333333335
2583,candidate_3,candidate_2,candidate_1,3,0.0033333333333333335
2584,candidate_3,candidate_2,candidate_1,3,0.0033333333333333335
2585,candidate_3,candidate_2,candidate_1,3,0.0033333333333333335
2586,candidate_3,candidate_2,candidate_1,3,0.0033333333333333335
2587,candidate_3,candidate_2,candidate_1,3,0.0033333333333333335
2588,candidate_3,candidate_2,candidate_1,3,0.0033333333333333335
2589,candidate_3,candidate_2,candidate_1,3,0.0033333333333333335
2590,candidate_3,candidate_2,candidate_1,3,0.0033333333333333335
2591,candidate_3,candidate_2,candidate_1,3,0.0033333333333333335
2592,candidate_3,candidate_2,candidate_1,3,0.0033333333333333335
2593,candidate_3,candidate_2,candidate_1,3,0.0033333333333333335
2594,candidate_3,candidate_2,candidate_1,3,0.0033333333333333335
2595,candidate_3,candidate_2,candidate_1,3,0.0033333333333333335
2596,candidate_3,candidate_2,candidate_1,3,0.0033333333333333335
2597,candidate_3,candidate_2,candidate_1,3,0.0033333333333333335
2598,candidate_3,candidate_2,candidate_1,3,0.0033333333333333335
2599,candidate_3,candidate_2,candidate_1,3,0.0033333333333333335
2600,candidate_3,candidate_2,candidate_1,3,0.0033333333333333335
2601,candidate_3,candidate_2,candidate_1,3,0.0033333333333333335
2602,candidate_3,candidate_2,candidate_1,3,0.0033333333333333335
2603,candidate_3,candidate_2,candidate_1,3,0.0033333333333333335
2604,candidate_3,candidate_2,candidate_1,3,0.0033333333333333335
2605,candidate_3,candidate_2,candidate_1,3,0.0033333333333333335
2606,candidate_3,candidate_2,candidate_1,3,0.0033333333333333335
2607,candidate_3,candidate_2,candidate_1,3,0.0033333333333333335
2608,candidate_3,candidate_2,candidate_1,3,0.0033333333333333335
2609,candidate_3,candidate_2,candidate_1,3,0.0033333333333333335
2610,candidate_3,candidate_2,candidate_1,3,0.0033333333333333335
2611,candidate_3,candidate_2,candidate_1,3,0.0033333333333333335
2612,candidate_3,candidate_2,candidate_1,3,0.0033333333333333335
2613,candidate_3,candidate_2,candidate_1,3,0.0033333333333333335
2614,candidate_3,candidate_2,candidate_1,3,0.0033333333333333335
2615,candidate_3,candidate_2,candidate_1,3,0.0033333333333333335
2616,candidate_3,candidate_2,candidate_1,3,0.0033333333333333335
2617,candidate_3,candidate_2,candidate_1,3,0.0033333333333333335
2618,candidate_3,candidate_2,candidate_1,3,0.0033333333333333335
2619,candidate_3,candidate_2,candidate_1,3,0.0033333333333333335
2620,candidate_3,candidate_2,candidate_1,3,0.0033333333333333335
2621,candidate_3,candidate_2,candidate_1,3,0.0033333333333333335
2622,candidate_3,candidate_2,candidate_1,3,0.0033333333333333335
2623,candidate_3,candidate_2,candidate_1,3,0.0033333333333333335
2624,candidate_3,candidate_2,candidate_1,3,0.0033333333333333335
2625,candidate_3,candidate_2,candidate_1,3,0.0033333333333333335
2626,candidate_3,candidate_2,candidate_1,3,0.0033333333333333335
2627,candidate_3,candidate_2,candidate_1,3,0.0033333333333333335
2628,candidate_3,candidate_2,candidate_1,3,0.0033333333333333335
2629,candidate_3,candidate_2,candidate_1,3,0.0033333333333333335
2630,candidate_3,candidate_2,candidate_1,3,0.0033333333333333335
2631,candidate_3,candidate_2,candidate_1,3,0.0033333333333333335
2632,candidate_3,candidate_2,candidate_1,3,0.0033333333333333335
2633,candidate_3,candidate_2,candidate_1,3,0.0033333333333333335
2634,candidate_3,candidate_2,candidate_1,3,0.0033333333333333335
2635,candidate_3,candidate_2,candidate_1,3,0.0033333333333333335
2636,candidate_3,candidate_2,candidate_1,3,0.0033333333333333335
2637,candidate_3,candidate_2,candidate_1,3,0.0033333333333333335
2638,candidate_3,candidate_2,candidate_1,3,0.0033333333333333335
2639,candidate_3,candidate_2,candidate_1,3,0.0033333333333333335
2640,candidate_3,candidate_2,candidate_1,3,0.0033333333333333335
2641,candidate_3,candidate_2,candidate_1,3,0.0033333333333333335
2642,candidate_3,candidate_2,candidate_1,3,0.0033333333333333335
2643,candidate_3,candidate_2,candidate_1,3,0.0033333333333333335
2644,candidate_3,candidate_2,candidate_1,3,0.0033333333333333335
2645,candidate_3,candidate_2,candidate_1,3,0.0033333333333333335
2646,candidate_3,candidate_2,candidate_1,3,0.0033333333333333335
2647,candidate_3,candidate_2,candidate_1,3,0.0033333333333333335
2648,candidate_3,candidate_2,candidate_1,3,0.0033333333333333335
2649,candidate_3,candidate_2,candidate_1,3,0.0033333333333333335
2650,candidate_3,candidate_2,candidate_1,3,0.0033333333333333335
2651,candidate_3,candidate_2,candidate_1,3,0.0033333333333333335
2652,candidate_3,candidate_2,candidate_1,3,0.0033333333333333335
2653,candidate_3,candidate_2,candidate_1,3,0.0033333333333333335
2654,candidate_3,candidate_2,candidate_1,3,0.0033333333333333335
2655,candidate_3,candidate_2,candidate_1,3,0.0033333333333333335
2656,candidate_3,candidate_2,candidate_1,3,0.0033333333333333335
2657,candidate_3,candidate_2,candidate_1,3,0.0033333333333333335
2658,candidate_3,candidate_2,candidate_1,3,0.0033333333333333335
2659,candidate_3,candidate_2,candidate_1,3,0.0033333333333333335
2660,candidate_3,candidate_2,candidate_1,3,0.0033333333333333335
2661,candidate_3,candidate_2,candidate_1,3,0.0033333333333333335
2662,candidate_3,candidate_2,candidate_1,3,0.0033333333333333335
2663,candidate_3,candidate_2,candidate_1,3,0.0033333333333333335
