,candidate_1,candidate_2,candidate_3,candidate_4,num_candidates,noise
0,candidate_1,candidate_2,candidate_3,candidate_4,4,0.1475
1,candidate_1,0,candidate_3,0,4,0.1475
2,candidate_1,candidate_2,0,candidate_4,4,0.1475
3,candidate_1,0,candidate_3,candidate_4,4,0.1475
4,candidate_1,candidate_2,candidate_3,0,4,0.1475
5,candidate_1,candidate_2,candidate_3,candidate_4,4,0.1475
6,0,candidate_2,candidate_3,candidate_4,4,0.1475
7,candidate_1,candidate_2,candidate_3,candidate_4,4,0.1475
8,0,0,0,candidate_4,4,0.1475
9,candidate_1,candidate_2,0,candidate_4,4,0.1475
10,candidate_1,candidate_2,candidate_3,candidate_4,4,0.1475
11,candidate_1,0,candidate_3,candidate_4,4,0.1475
12,candidate_1,candidate_2,candidate_3,candidate_4,4,0.1475
13,candidate_1,candidate_2,candidate_3,0,4,0.1475
14,candidate_1,candidate_2,candidate_3,candidate_4,4,0.1475
15,0,candidate_2,candidate_3,candidate_4,4,0.1475
16,candidate_1,candidate_2,candidate_3,candidate_4,4,0.1475
17,candidate_1,candidate_2,0,candidate_4,4,0.1475
18,candidate_1,candidate_2,0,candidate_4,4,0.1475
19,candidate_1,0,candidate_3,candidate_4,4,0.1475
20,candidate_1,candidate_2,candidate_3,candidate_4,4,0.1475
21,candidate_1,0,candidate_3,candidate_4,4,0.1475
22,0,0,candidate_3,candidate_4,4,0.1475
23,candidate_1,candidate_2,candidate_3,0,4,0.1475
24,candidate_1,candidate_2,candidate_3,candidate_4,4,0.1475
25,candidate_1,candidate_2,candidate_3,candidate_4,4,0.1475
26,candidate_1,0,candidate_3,candidate_4,4,0.1475
27,0,candidate_2,candidate_3,candidate_4,4,0.1475
28,candidate_1,candidate_2,candidate_3,candidate_4,4,0.1475
29,candidate_1,candidate_2,candidate_3,candidate_4,4,0.1475
30,candidate_1,candidate_2,candidate_3,candidate_4,4,0.1475
31,candidate_1,0,candidate_3,candidate_4,4,0.1475
32,candidate_1,candidate_2,candidate_3,candidate_4,4,0.1475
33,candidate_1,0,candidate_3,candidate_4,4,0.1475
34,candidate_1,candidate_2,candidate_3,0,4,0.1475
35,candidate_1,candidate_2,0,0,4,0.1475
36,candidate_1,0,candidate_3,candidate_4,4,0.1475
37,candidate_1,candidate_2,candidate_3,0,4,0.1475
38,candidate_1,candidate_2,candidate_3,candidate_4,4,0.1475
39,candidate_1,candidate_2,candidate_3,candidate_4,4,0.1475
40,candidate_1,candidate_2,candidate_3,0,4,0.1475
41,candidate_1,candidate_2,candidate_3,candidate_4,4,0.1475
42,candidate_1,candidate_2,0,candidate_4,4,0.1475
43,candidate_1,candidate_2,candidate_3,candidate_4,4,0.1475
44,0,candidate_2,candidate_3,0,4,0.1475
45,candidate_1,candidate_2,0,0,4,0.1475
46,candidate_1,candidate_2,candidate_3,0,4,0.1475
47,candidate_1,candidate_2,candidate_3,candidate_4,4,0.1475
48,candidate_1,0,candidate_3,candidate_4,4,0.1475
49,candidate_1,candidate_2,candidate_3,0,4,0.1475
50,candidate_1,0,candidate_3,candidate_4,4,0.1475
51,candidate_1,candidate_2,candidate_3,candidate_4,4,0.1475
52,candidate_1,candidate_2,candidate_3,candidate_4,4,0.1475
53,candidate_1,candidate_2,candidate_3,candidate_4,4,0.1475
54,0,candidate_2,0,candidate_4,4,0.1475
55,0,candidate_2,candidate_3,candidate_4,4,0.1475
56,0,candidate_2,candidate_3,candidate_4,4,0.1475
57,0,candidate_2,candidate_3,candidate_4,4,0.1475
58,candidate_1,candidate_2,candidate_3,candidate_4,4,0.1475
59,candidate_1,candidate_2,candidate_3,candidate_4,4,0.1475
60,0,candidate_2,candidate_3,0,4,0.1475
61,candidate_1,candidate_2,candidate_3,candidate_4,4,0.1475
62,candidate_1,candidate_2,candidate_3,candidate_4,4,0.1475
63,candidate_1,candidate_2,candidate_3,candidate_4,4,0.1475
64,0,candidate_2,candidate_3,0,4,0.1475
65,candidate_1,candidate_2,candidate_3,0,4,0.1475
66,candidate_1,candidate_2,candidate_3,candidate_4,4,0.1475
67,candidate_1,candidate_2,candidate_3,candidate_4,4,0.1475
68,0,candidate_2,candidate_3,0,4,0.1475
69,0,candidate_2,candidate_3,candidate_4,4,0.1475
70,0,0,candidate_3,candidate_4,4,0.1475
71,candidate_1,0,candidate_3,candidate_4,4,0.1475
72,candidate_1,candidate_2,candidate_3,candidate_4,4,0.1475
73,candidate_1,candidate_2,candidate_3,candidate_4,4,0.1475
74,candidate_1,candidate_2,candidate_3,candidate_4,4,0.1475
75,candidate_1,candidate_2,candidate_3,candidate_4,4,0.1475
76,candidate_1,candidate_2,0,candidate_4,4,0.1475
77,0,0,candidate_3,0,4,0.1475
78,candidate_1,candidate_2,candidate_3,candidate_4,4,0.1475
79,candidate_1,candidate_2,0,candidate_4,4,0.1475
80,candidate_1,candidate_2,candidate_3,candidate_4,4,0.1475
81,candidate_1,candidate_2,candidate_3,candidate_4,4,0.1475
82,candidate_1,0,candidate_3,candidate_4,4,0.1475
83,candidate_1,candidate_2,candidate_3,candidate_4,4,0.1475
84,candidate_1,0,0,0,4,0.1475
85,candidate_1,candidate_2,candidate_3,0,4,0.1475
86,candidate_1,candidate_2,candidate_3,candidate_4,4,0.1475
87,candidate_1,0,candidate_3,candidate_4,4,0.1475
88,candidate_1,candidate_2,candidate_3,candidate_4,4,0.1475
89,candidate_1,candidate_2,candidate_3,candidate_4,4,0.1475
90,candidate_1,0,candidate_3,0,4,0.1475
91,candidate_1,candidate_2,0,0,4,0.1475
92,candidate_1,0,candidate_3,candidate_4,4,0.1475
93,0,candidate_2,candidate_3,candidate_4,4,0.1475
94,candidate_1,candidate_2,candidate_3,0,4,0.1475
95,candidate_1,candidate_2,candidate_3,candidate_4,4,0.1475
96,candidate_1,candidate_2,candidate_3,candidate_4,4,0.1475
97,candidate_1,candidate_2,0,candidate_4,4,0.1475
98,candidate_1,0,0,candidate_4,4,0.1475
99,candidate_1,0,candidate_3,candidate_4,4,0.1475
100,candidate_1,candidate_2,candidate_3,candidate_4,4,0.1475
101,candidate_1,candidate_2,candidate_3,candidate_4,4,0.1475
102,candidate_1,candidate_2,candidate_3,0,4,0.1475
103,candidate_1,candidate_2,0,candidate_4,4,0.1475
104,candidate_1,candidate_2,candidate_3,0,4,0.1475
105,candidate_1,candidate_2,0,candidate_4,4,0.1475
106,candidate_1,0,0,candidate_4,4,0.1475
107,candidate_1,candidate_2,candidate_3,0,4,0.1475
108,candidate_1,candidate_2,candidate_3,candidate_4,4,0.1475
109,candidate_1,candidate_2,candidate_3,candidate_4,4,0.1475
110,0,candidate_2,0,candidate_4,4,0.1475
111,candidate_1,candidate_2,candidate_3,candidate_4,4,0.1475
112,0,candidate_2,candidate_3,0,4,0.1475
113,candidate_1,0,candidate_3,candidate_4,4,0.1475
114,candidate_1,0,0,candidate_4,4,0.1475
115,candidate_1,candidate_2,candidate_3,candidate_4,4,0.1475
116,candidate_1,candidate_2,candidate_3,candidate_4,4,0.1475
117,candidate_1,candidate_2,0,candidate_4,4,0.1475
118,candidate_1,0,candidate_3,candidate_4,4,0.1475
119,candidate_1,candidate_2,candidate_3,candidate_4,4,0.1475
120,candidate_1,candidate_2,0,candidate_4,4,0.1475
121,candidate_1,candidate_2,candidate_3,candidate_4,4,0.1475
122,0,candidate_2,candidate_3,candidate_4,4,0.1475
123,candidate_1,candidate_2,candidate_3,candidate_4,4,0.1475
124,candidate_1,candidate_2,candidate_3,candidate_4,4,0.1475
125,candidate_1,candidate_2,candidate_3,0,4,0.1475
126,0,candidate_2,candidate_3,candidate_4,4,0.1475
127,candidate_1,candidate_2,candidate_3,candidate_4,4,0.1475
128,0,candidate_2,candidate_3,candidate_4,4,0.1475
129,0,candidate_2,candidate_3,candidate_4,4,0.1475
130,candidate_1,candidate_2,candidate_3,candidate_4,4,0.1475
131,candidate_1,candidate_2,candidate_3,candidate_4,4,0.1475
132,candidate_1,candidate_2,candidate_3,candidate_4,4,0.1475
133,candidate_1,candidate_2,candidate_3,candidate_4,4,0.1475
134,candidate_1,0,candidate_3,candidate_4,4,0.1475
135,candidate_1,0,candidate_3,candidate_4,4,0.1475
136,0,candidate_2,candidate_3,candidate_4,4,0.1475
137,candidate_1,candidate_2,candidate_3,candidate_4,4,0.1475
138,candidate_1,candidate_2,candidate_3,candidate_4,4,0.1475
139,candidate_1,candidate_2,candidate_3,candidate_4,4,0.1475
140,candidate_1,0,candidate_3,candidate_4,4,0.1475
141,candidate_1,candidate_2,candidate_3,candidate_4,4,0.1475
142,candidate_1,candidate_2,candidate_3,candidate_4,4,0.1475
143,candidate_1,candidate_2,0,candidate_4,4,0.1475
144,candidate_1,candidate_2,candidate_3,candidate_4,4,0.1475
145,candidate_1,candidate_2,candidate_3,candidate_4,4,0.1475
146,candidate_1,candidate_2,candidate_3,candidate_4,4,0.1475
147,candidate_1,candidate_2,candidate_3,0,4,0.1475
148,candidate_1,candidate_2,0,candidate_4,4,0.1475
149,candidate_1,candidate_2,candidate_3,0,4,0.1475
150,candidate_1,candidate_2,candidate_3,candidate_4,4,0.1475
151,candidate_1,candidate_2,candidate_3,candidate_4,4,0.1475
152,0,candidate_2,candidate_3,0,4,0.1475
153,candidate_1,candidate_2,candidate_3,candidate_4,4,0.1475
154,candidate_1,candidate_2,candidate_3,candidate_4,4,0.1475
155,candidate_1,candidate_2,candidate_3,candidate_4,4,0.1475
156,candidate_1,candidate_2,candidate_3,candidate_4,4,0.1475
157,candidate_1,candidate_2,candidate_3,candidate_4,4,0.1475
158,0,candidate_2,candidate_3,candidate_4,4,0.1475
159,candidate_1,candidate_2,0,candidate_4,4,0.1475
160,candidate_1,candidate_2,candidate_3,candidate_4,4,0.1475
161,0,candidate_2,candidate_3,candidate_4,4,0.1475
162,candidate_1,candidate_2,candidate_3,candidate_4,4,0.1475
163,candidate_1,0,candidate_3,candidate_4,4,0.1475
164,candidate_1,candidate_2,candidate_3,candidate_4,4,0.1475
165,candidate_1,candidate_2,candidate_3,0,4,0.1475
166,candidate_1,candidate_2,candidate_3,candidate_4,4,0.1475
167,candidate_1,candidate_2,candidate_3,candidate_4,4,0.1475
168,0,candidate_2,candidate_3,candidate_4,4,0.1475
169,candidate_1,candidate_2,candidate_3,candidate_4,4,0.1475
170,candidate_1,candidate_2,0,candidate_4,4,0.1475
171,candidate_1,candidate_2,candidate_3,candidate_4,4,0.1475
172,candidate_1,candidate_2,candidate_3,candidate_4,4,0.1475
173,candidate_1,candidate_2,candidate_3,candidate_4,4,0.1475
174,candidate_1,0,candidate_3,candidate_4,4,0.1475
175,candidate_1,candidate_2,candidate_3,candidate_4,4,0.1475
176,candidate_1,candidate_2,candidate_3,candidate_4,4,0.1475
177,candidate_1,candidate_2,candidate_3,candidate_4,4,0.1475
178,candidate_1,candidate_2,candidate_3,0,4,0.1475
179,0,candidate_2,0,candidate_4,4,0.1475
180,candidate_1,candidate_2,candidate_3,0,4,0.1475
181,candidate_1,candidate_2,candidate_3,candidate_4,4,0.1475
182,candidate_1,candidate_2,candidate_3,candidate_4,4,0.1475
183,candidate_1,candidate_2,candidate_3,candidate_4,4,0.1475
184,0,candidate_2,candidate_3,candidate_4,4,0.1475
185,candidate_1,0,0,candidate_4,4,0.1475
186,candidate_1,candidate_2,candidate_3,candidate_4,4,0.1475
187,candidate_1,candidate_2,candidate_3,candidate_4,4,0.1475
188,candidate_1,candidate_2,candidate_3,candidate_4,4,0.1475
189,candidate_1,0,0,0,4,0.1475
190,candidate_1,candidate_2,candidate_3,candidate_4,4,0.1475
191,candidate_1,candidate_2,candidate_3,0,4,0.1475
192,candidate_1,candidate_2,candidate_3,candidate_4,4,0.1475
193,candidate_1,candidate_2,candidate_3,candidate_4,4,0.1475
194,0,candidate_2,0,candidate_4,4,0.1475
195,candidate_1,candidate_2,candidate_3,candidate_4,4,0.1475
196,candidate_1,0,candidate_3,candidate_4,4,0.1475
197,candidate_1,candidate_2,0,candidate_4,4,0.1475
198,0,candidate_2,candidate_3,candidate_4,4,0.1475
199,candidate_1,candidate_2,candidate_3,candidate_4,4,0.1475
200,candidate_1,candidate_2,candidate_3,candidate_4,4,0.1475
201,candidate_1,0,candidate_3,candidate_4,4,0.1475
202,candidate_1,candidate_2,candidate_3,candidate_4,4,0.1475
203,candidate_1,candidate_2,candidate_3,candidate_4,4,0.1475
204,0,candidate_2,candidate_3,candidate_4,4,0.1475
205,0,candidate_2,candidate_3,candidate_4,4,0.1475
206,candidate_1,candidate_2,candidate_3,0,4,0.1475
207,candidate_1,candidate_2,candidate_3,candidate_4,4,0.1475
208,0,candidate_2,candidate_3,0,4,0.1475
209,candidate_1,candidate_2,candidate_3,candidate_4,4,0.1475
210,candidate_1,candidate_2,candidate_3,candidate_4,4,0.1475
211,candidate_1,0,0,candidate_4,4,0.1475
212,candidate_1,candidate_2,0,0,4,0.1475
213,candidate_1,candidate_2,candidate_3,candidate_4,4,0.1475
214,candidate_1,0,candidate_3,candidate_4,4,0.1475
215,0,candidate_2,candidate_3,candidate_4,4,0.1475
216,0,candidate_2,candidate_3,candidate_4,4,0.1475
217,candidate_1,candidate_2,0,candidate_4,4,0.1475
218,candidate_1,0,candidate_3,candidate_4,4,0.1475
219,0,candidate_2,candidate_3,candidate_4,4,0.1475
220,candidate_1,candidate_2,candidate_3,candidate_4,4,0.1475
221,0,0,candidate_3,candidate_4,4,0.1475
222,candidate_1,candidate_2,candidate_3,0,4,0.1475
223,0,candidate_2,0,0,4,0.1475
224,candidate_1,0,0,candidate_4,4,0.1475
225,candidate_1,candidate_2,candidate_3,candidate_4,4,0.1475
226,candidate_1,candidate_2,candidate_3,candidate_4,4,0.1475
227,candidate_1,candidate_2,0,candidate_4,4,0.1475
228,candidate_1,candidate_2,candidate_3,candidate_4,4,0.1475
229,candidate_1,candidate_2,candidate_3,candidate_4,4,0.1475
230,candidate_1,candidate_2,candidate_3,candidate_4,4,0.1475
231,candidate_1,candidate_2,candidate_3,candidate_4,4,0.1475
232,candidate_1,candidate_2,candidate_3,candidate_4,4,0.1475
233,candidate_1,candidate_2,candidate_3,0,4,0.1475
234,candidate_1,candidate_2,candidate_3,0,4,0.1475
235,candidate_1,candidate_2,0,candidate_4,4,0.1475
236,candidate_1,candidate_2,candidate_3,candidate_4,4,0.1475
237,0,0,candidate_3,candidate_4,4,0.1475
238,candidate_1,candidate_2,candidate_3,candidate_4,4,0.1475
239,candidate_1,candidate_2,candidate_3,0,4,0.1475
240,candidate_1,0,candidate_3,candidate_4,4,0.1475
241,candidate_1,candidate_2,candidate_3,candidate_4,4,0.1475
242,candidate_1,0,candidate_3,candidate_4,4,0.1475
243,candidate_1,candidate_2,candidate_3,candidate_4,4,0.1475
244,candidate_1,candidate_2,candidate_3,candidate_4,4,0.1475
245,0,candidate_2,candidate_3,candidate_4,4,0.1475
246,candidate_1,candidate_2,candidate_3,candidate_4,4,0.1475
247,0,candidate_2,candidate_3,candidate_4,4,0.1475
248,candidate_1,0,candidate_3,candidate_4,4,0.1475
249,candidate_1,candidate_2,candidate_3,candidate_4,4,0.1475
250,candidate_1,candidate_2,candidate_3,candidate_4,4,0.1475
251,candidate_1,candidate_2,candidate_3,candidate_4,4,0.1475
252,0,candidate_2,candidate_3,candidate_4,4,0.1475
253,candidate_1,candidate_2,candidate_3,candidate_4,4,0.1475
254,candidate_1,candidate_2,candidate_3,candidate_4,4,0.1475
255,candidate_1,candidate_2,0,candidate_4,4,0.1475
256,0,0,candidate_3,candidate_4,4,0.1475
257,candidate_1,candidate_2,candidate_3,candidate_4,4,0.1475
258,candidate_1,candidate_2,0,candidate_4,4,0.1475
259,candidate_1,candidate_2,candidate_3,candidate_4,4,0.1475
260,0,candidate_2,candidate_3,0,4,0.1475
261,0,candidate_2,candidate_3,candidate_4,4,0.1475
262,candidate_1,candidate_2,candidate_3,candidate_4,4,0.1475
263,candidate_1,candidate_2,0,0,4,0.1475
264,candidate_1,candidate_2,candidate_3,candidate_4,4,0.1475
265,candidate_1,0,candidate_3,candidate_4,4,0.1475
266,candidate_1,candidate_2,candidate_3,0,4,0.1475
267,candidate_1,candidate_2,candidate_3,candidate_4,4,0.1475
268,candidate_1,candidate_2,candidate_3,candidate_4,4,0.1475
269,candidate_1,candidate_2,candidate_3,candidate_4,4,0.1475
270,candidate_1,0,candidate_3,candidate_4,4,0.1475
271,candidate_1,candidate_2,candidate_3,candidate_4,4,0.1475
272,candidate_1,candidate_2,candidate_3,candidate_4,4,0.1475
273,0,candidate_2,candidate_3,candidate_4,4,0.1475
274,candidate_1,candidate_2,candidate_3,candidate_4,4,0.1475
275,candidate_1,candidate_2,candidate_3,candidate_4,4,0.1475
276,0,0,candidate_3,candidate_4,4,0.1475
277,candidate_1,candidate_2,0,candidate_4,4,0.1475
278,candidate_1,candidate_2,candidate_3,0,4,0.1475
279,candidate_1,candidate_2,candidate_3,candidate_4,4,0.1475
280,candidate_1,candidate_2,0,0,4,0.1475
281,candidate_1,candidate_2,candidate_3,candidate_4,4,0.1475
282,0,candidate_2,candidate_3,candidate_4,4,0.1475
283,candidate_1,0,candidate_3,candidate_4,4,0.1475
284,candidate_1,candidate_2,candidate_3,candidate_4,4,0.1475
285,candidate_1,candidate_2,candidate_3,candidate_4,4,0.1475
286,candidate_1,candidate_2,candidate_3,candidate_4,4,0.1475
287,candidate_1,candidate_2,candidate_3,candidate_4,4,0.1475
288,candidate_1,candidate_2,candidate_3,candidate_4,4,0.1475
289,candidate_1,candidate_2,candidate_3,candidate_4,4,0.1475
290,candidate_1,candidate_2,candidate_3,candidate_4,4,0.1475
291,candidate_1,candidate_2,candidate_3,0,4,0.1475
292,candidate_1,candidate_2,candidate_3,0,4,0.1475
293,candidate_1,candidate_2,candidate_3,candidate_4,4,0.1475
294,candidate_1,candidate_2,candidate_3,candidate_4,4,0.1475
295,candidate_1,0,candidate_3,candidate_4,4,0.1475
296,candidate_1,candidate_2,candidate_3,candidate_4,4,0.1475
297,candidate_1,candidate_2,0,0,4,0.1475
298,candidate_1,candidate_2,candidate_3,candidate_4,4,0.1475
299,candidate_1,0,candidate_3,candidate_4,4,0.1475
300,candidate_1,candidate_2,candidate_3,candidate_4,4,0.1475
301,candidate_1,candidate_2,candidate_3,candidate_4,4,0.1475
302,0,candidate_2,0,candidate_4,4,0.1475
303,candidate_1,candidate_2,candidate_3,candidate_4,4,0.1475
304,candidate_1,candidate_2,candidate_3,candidate_4,4,0.1475
305,0,candidate_2,candidate_3,candidate_4,4,0.1475
306,candidate_1,candidate_2,0,0,4,0.1475
307,candidate_1,candidate_2,candidate_3,candidate_4,4,0.1475
308,candidate_1,0,candidate_3,candidate_4,4,0.1475
309,candidate_1,candidate_2,candidate_3,candidate_4,4,0.1475
310,candidate_1,candidate_2,candidate_3,candidate_4,4,0.1475
311,candidate_1,candidate_2,0,candidate_4,4,0.1475
312,0,candidate_2,candidate_3,candidate_4,4,0.1475
313,candidate_1,0,candidate_3,candidate_4,4,0.1475
314,candidate_1,candidate_2,candidate_3,candidate_4,4,0.1475
315,candidate_1,0,candidate_3,candidate_4,4,0.1475
316,candidate_1,candidate_2,candidate_3,candidate_4,4,0.1475
317,candidate_1,candidate_2,candidate_3,candidate_4,4,0.1475
318,candidate_1,candidate_2,candidate_3,0,4,0.1475
319,candidate_1,0,candidate_3,0,4,0.1475
320,candidate_1,candidate_2,0,0,4,0.1475
321,candidate_1,candidate_2,candidate_3,candidate_4,4,0.1475
322,candidate_1,candidate_2,candidate_3,candidate_4,4,0.1475
323,candidate_1,candidate_2,0,candidate_4,4,0.1475
324,candidate_1,candidate_2,candidate_3,candidate_4,4,0.1475
325,candidate_1,candidate_2,0,candidate_4,4,0.1475
326,candidate_1,candidate_2,candidate_3,candidate_4,4,0.1475
327,candidate_1,candidate_2,candidate_3,candidate_4,4,0.1475
328,candidate_1,candidate_2,candidate_3,candidate_4,4,0.1475
329,candidate_1,0,candidate_3,candidate_4,4,0.1475
330,candidate_1,candidate_2,candidate_3,candidate_4,4,0.1475
331,0,candidate_2,candidate_3,candidate_4,4,0.1475
332,candidate_1,candidate_2,candidate_3,0,4,0.1475
333,0,candidate_2,candidate_3,candidate_4,4,0.1475
334,candidate_1,0,candidate_3,candidate_4,4,0.1475
335,0,candidate_2,candidate_3,0,4,0.1475
336,candidate_1,candidate_2,candidate_3,candidate_4,4,0.1475
337,candidate_1,candidate_2,candidate_3,0,4,0.1475
338,0,candidate_2,candidate_3,candidate_4,4,0.1475
339,0,candidate_2,candidate_3,candidate_4,4,0.1475
340,candidate_1,candidate_2,candidate_3,candidate_4,4,0.1475
341,0,0,0,candidate_4,4,0.1475
342,candidate_1,candidate_2,0,candidate_4,4,0.1475
343,0,candidate_2,candidate_3,candidate_4,4,0.1475
344,candidate_1,candidate_2,0,candidate_4,4,0.1475
345,candidate_1,candidate_2,candidate_3,candidate_4,4,0.1475
346,candidate_1,candidate_2,candidate_3,candidate_4,4,0.1475
347,0,0,candidate_3,candidate_4,4,0.1475
348,candidate_1,candidate_2,candidate_3,0,4,0.1475
349,candidate_1,candidate_2,candidate_3,candidate_4,4,0.1475
350,candidate_1,candidate_2,candidate_3,candidate_4,4,0.1475
351,candidate_1,candidate_2,candidate_3,candidate_4,4,0.1475
352,candidate_1,candidate_2,candidate_3,candidate_4,4,0.1475
353,candidate_1,candidate_2,candidate_3,candidate_4,4,0.1475
354,candidate_1,candidate_2,candidate_3,candidate_4,4,0.1475
355,candidate_1,candidate_2,candidate_3,candidate_4,4,0.1475
356,candidate_1,candidate_2,candidate_3,candidate_4,4,0.1475
357,candidate_1,0,candidate_3,candidate_4,4,0.1475
358,0,0,candidate_3,candidate_4,4,0.1475
359,candidate_1,candidate_2,candidate_3,candidate_4,4,0.1475
360,candidate_1,candidate_2,0,candidate_4,4,0.1475
361,candidate_1,candidate_2,candidate_3,candidate_4,4,0.1475
362,candidate_1,candidate_2,candidate_3,candidate_4,4,0.1475
363,0,candidate_2,candidate_3,candidate_4,4,0.1475
364,candidate_1,candidate_2,0,candidate_4,4,0.1475
365,0,candidate_2,candidate_3,candidate_4,4,0.1475
366,candidate_1,candidate_2,candidate_3,0,4,0.1475
367,0,candidate_2,candidate_3,candidate_4,4,0.1475
368,candidate_1,candidate_2,candidate_3,candidate_4,4,0.1475
369,0,candidate_2,candidate_3,candidate_4,4,0.1475
370,candidate_1,candidate_2,candidate_3,candidate_4,4,0.1475
371,0,candidate_2,candidate_3,candidate_4,4,0.1475
372,candidate_1,candidate_2,candidate_3,candidate_4,4,0.1475
373,candidate_1,candidate_2,candidate_3,candidate_4,4,0.1475
0,candidate_1,candidate_2,candidate_4,candidate_3,4,0.1475
1,0,candidate_2,candidate_4,candidate_3,4,0.1475
2,candidate_1,0,0,candidate_3,4,0.1475
3,candidate_1,candidate_2,0,0,4,0.1475
4,candidate_1,candidate_2,0,candidate_3,4,0.1475
5,candidate_1,candidate_2,0,candidate_3,4,0.1475
6,candidate_1,candidate_2,candidate_4,candidate_3,4,0.1475
7,candidate_1,candidate_2,candidate_4,0,4,0.1475
8,candidate_1,candidate_2,candidate_4,candidate_3,4,0.1475
9,candidate_1,candidate_2,0,candidate_3,4,0.1475
10,candidate_1,0,candidate_4,candidate_3,4,0.1475
11,candidate_1,candidate_2,candidate_4,0,4,0.1475
12,0,candidate_2,0,0,4,0.1475
13,candidate_1,candidate_2,candidate_4,candidate_3,4,0.1475
14,candidate_1,candidate_2,candidate_4,candidate_3,4,0.1475
15,candidate_1,candidate_2,0,candidate_3,4,0.1475
16,candidate_1,candidate_2,0,0,4,0.1475
17,0,candidate_2,candidate_4,candidate_3,4,0.1475
18,candidate_1,candidate_2,candidate_4,candidate_3,4,0.1475
19,candidate_1,candidate_2,candidate_4,candidate_3,4,0.1475
20,candidate_1,candidate_2,0,candidate_3,4,0.1475
21,candidate_1,candidate_2,candidate_4,candidate_3,4,0.1475
22,0,0,candidate_4,candidate_3,4,0.1475
23,candidate_1,candidate_2,candidate_4,candidate_3,4,0.1475
24,candidate_1,candidate_2,candidate_4,0,4,0.1475
25,candidate_1,candidate_2,0,candidate_3,4,0.1475
26,candidate_1,candidate_2,0,candidate_3,4,0.1475
27,candidate_1,candidate_2,candidate_4,candidate_3,4,0.1475
28,candidate_1,candidate_2,0,candidate_3,4,0.1475
29,0,candidate_2,0,0,4,0.1475
30,candidate_1,candidate_2,candidate_4,candidate_3,4,0.1475
31,candidate_1,candidate_2,0,candidate_3,4,0.1475
32,candidate_1,candidate_2,candidate_4,0,4,0.1475
33,candidate_1,candidate_2,candidate_4,candidate_3,4,0.1475
34,candidate_1,candidate_2,candidate_4,candidate_3,4,0.1475
35,candidate_1,candidate_2,candidate_4,candidate_3,4,0.1475
36,candidate_1,candidate_2,candidate_4,0,4,0.1475
37,0,candidate_2,candidate_4,0,4,0.1475
38,0,candidate_2,candidate_4,candidate_3,4,0.1475
39,candidate_1,candidate_2,candidate_4,candidate_3,4,0.1475
40,candidate_1,candidate_2,candidate_4,candidate_3,4,0.1475
41,candidate_1,candidate_2,candidate_4,candidate_3,4,0.1475
42,candidate_1,candidate_2,candidate_4,candidate_3,4,0.1475
43,candidate_1,candidate_2,candidate_4,candidate_3,4,0.1475
44,candidate_1,candidate_2,candidate_4,candidate_3,4,0.1475
45,0,0,candidate_4,candidate_3,4,0.1475
46,0,candidate_2,candidate_4,candidate_3,4,0.1475
47,candidate_1,candidate_2,0,0,4,0.1475
48,candidate_1,candidate_2,candidate_4,candidate_3,4,0.1475
49,candidate_1,candidate_2,candidate_4,candidate_3,4,0.1475
50,candidate_1,candidate_2,candidate_4,candidate_3,4,0.1475
51,candidate_1,candidate_2,0,candidate_3,4,0.1475
52,candidate_1,candidate_2,candidate_4,candidate_3,4,0.1475
53,candidate_1,candidate_2,candidate_4,candidate_3,4,0.1475
54,candidate_1,candidate_2,candidate_4,0,4,0.1475
55,0,candidate_2,0,candidate_3,4,0.1475
56,candidate_1,0,candidate_4,candidate_3,4,0.1475
57,candidate_1,candidate_2,candidate_4,candidate_3,4,0.1475
58,candidate_1,candidate_2,0,candidate_3,4,0.1475
59,candidate_1,candidate_2,candidate_4,candidate_3,4,0.1475
60,candidate_1,candidate_2,candidate_4,candidate_3,4,0.1475
61,candidate_1,candidate_2,0,candidate_3,4,0.1475
62,candidate_1,candidate_2,candidate_4,candidate_3,4,0.1475
63,candidate_1,candidate_2,candidate_4,candidate_3,4,0.1475
64,candidate_1,candidate_2,candidate_4,candidate_3,4,0.1475
65,candidate_1,candidate_2,candidate_4,candidate_3,4,0.1475
66,0,candidate_2,0,candidate_3,4,0.1475
67,candidate_1,candidate_2,candidate_4,candidate_3,4,0.1475
68,candidate_1,candidate_2,candidate_4,candidate_3,4,0.1475
69,candidate_1,candidate_2,candidate_4,candidate_3,4,0.1475
70,candidate_1,0,candidate_4,candidate_3,4,0.1475
71,candidate_1,candidate_2,candidate_4,candidate_3,4,0.1475
72,0,candidate_2,0,candidate_3,4,0.1475
73,candidate_1,candidate_2,candidate_4,candidate_3,4,0.1475
74,candidate_1,candidate_2,candidate_4,candidate_3,4,0.1475
75,candidate_1,candidate_2,candidate_4,candidate_3,4,0.1475
76,candidate_1,candidate_2,candidate_4,candidate_3,4,0.1475
77,candidate_1,candidate_2,candidate_4,0,4,0.1475
78,candidate_1,0,candidate_4,0,4,0.1475
79,candidate_1,0,candidate_4,0,4,0.1475
80,candidate_1,candidate_2,0,0,4,0.1475
81,0,candidate_2,0,candidate_3,4,0.1475
82,candidate_1,candidate_2,candidate_4,candidate_3,4,0.1475
83,0,candidate_2,0,candidate_3,4,0.1475
84,candidate_1,candidate_2,candidate_4,0,4,0.1475
85,candidate_1,candidate_2,0,candidate_3,4,0.1475
86,candidate_1,candidate_2,0,candidate_3,4,0.1475
87,candidate_1,0,candidate_4,candidate_3,4,0.1475
88,0,candidate_2,candidate_4,0,4,0.1475
89,candidate_1,candidate_2,candidate_4,candidate_3,4,0.1475
90,candidate_1,candidate_2,candidate_4,candidate_3,4,0.1475
91,candidate_1,candidate_2,candidate_4,candidate_3,4,0.1475
92,candidate_1,candidate_2,candidate_4,candidate_3,4,0.1475
93,candidate_1,candidate_2,candidate_4,candidate_3,4,0.1475
94,candidate_1,0,candidate_4,candidate_3,4,0.1475
95,0,candidate_2,candidate_4,candidate_3,4,0.1475
96,candidate_1,candidate_2,candidate_4,candidate_3,4,0.1475
97,candidate_1,0,candidate_4,candidate_3,4,0.1475
98,candidate_1,candidate_2,0,candidate_3,4,0.1475
99,candidate_1,candidate_2,0,0,4,0.1475
100,candidate_1,candidate_2,candidate_4,candidate_3,4,0.1475
101,candidate_1,candidate_2,candidate_4,candidate_3,4,0.1475
102,candidate_1,candidate_2,candidate_4,candidate_3,4,0.1475
103,0,candidate_2,candidate_4,candidate_3,4,0.1475
104,candidate_1,candidate_2,candidate_4,candidate_3,4,0.1475
105,candidate_1,candidate_2,candidate_4,candidate_3,4,0.1475
106,candidate_1,candidate_2,candidate_4,candidate_3,4,0.1475
107,0,candidate_2,candidate_4,candidate_3,4,0.1475
108,candidate_1,candidate_2,candidate_4,candidate_3,4,0.1475
109,candidate_1,candidate_2,candidate_4,0,4,0.1475
110,candidate_1,candidate_2,candidate_4,candidate_3,4,0.1475
111,candidate_1,candidate_2,candidate_4,candidate_3,4,0.1475
112,candidate_1,candidate_2,0,candidate_3,4,0.1475
113,0,candidate_2,candidate_4,candidate_3,4,0.1475
114,candidate_1,0,candidate_4,0,4,0.1475
115,candidate_1,candidate_2,candidate_4,0,4,0.1475
116,candidate_1,candidate_2,candidate_4,candidate_3,4,0.1475
117,candidate_1,candidate_2,candidate_4,candidate_3,4,0.1475
118,0,candidate_2,candidate_4,candidate_3,4,0.1475
119,candidate_1,candidate_2,candidate_4,candidate_3,4,0.1475
120,candidate_1,candidate_2,candidate_4,candidate_3,4,0.1475
121,candidate_1,candidate_2,candidate_4,candidate_3,4,0.1475
122,candidate_1,candidate_2,candidate_4,candidate_3,4,0.1475
123,0,0,candidate_4,candidate_3,4,0.1475
124,candidate_1,candidate_2,candidate_4,candidate_3,4,0.1475
125,0,candidate_2,0,candidate_3,4,0.1475
126,candidate_1,candidate_2,candidate_4,0,4,0.1475
127,candidate_1,candidate_2,0,candidate_3,4,0.1475
128,candidate_1,candidate_2,candidate_4,candidate_3,4,0.1475
129,candidate_1,candidate_2,candidate_4,0,4,0.1475
130,candidate_1,candidate_2,candidate_4,candidate_3,4,0.1475
131,candidate_1,candidate_2,0,candidate_3,4,0.1475
132,0,candidate_2,candidate_4,candidate_3,4,0.1475
133,candidate_1,candidate_2,candidate_4,candidate_3,4,0.1475
134,candidate_1,candidate_2,candidate_4,candidate_3,4,0.1475
135,candidate_1,0,0,0,4,0.1475
136,candidate_1,candidate_2,candidate_4,candidate_3,4,0.1475
137,candidate_1,candidate_2,candidate_4,candidate_3,4,0.1475
138,candidate_1,0,candidate_4,0,4,0.1475
139,candidate_1,candidate_2,candidate_4,candidate_3,4,0.1475
140,candidate_1,candidate_2,candidate_4,candidate_3,4,0.1475
141,candidate_1,candidate_2,candidate_4,candidate_3,4,0.1475
142,0,0,candidate_4,candidate_3,4,0.1475
143,candidate_1,candidate_2,candidate_4,candidate_3,4,0.1475
144,candidate_1,candidate_2,0,candidate_3,4,0.1475
145,candidate_1,candidate_2,candidate_4,candidate_3,4,0.1475
146,candidate_1,0,candidate_4,candidate_3,4,0.1475
147,candidate_1,candidate_2,candidate_4,0,4,0.1475
148,candidate_1,candidate_2,candidate_4,0,4,0.1475
149,candidate_1,candidate_2,candidate_4,candidate_3,4,0.1475
150,candidate_1,candidate_2,candidate_4,candidate_3,4,0.1475
151,candidate_1,candidate_2,candidate_4,candidate_3,4,0.1475
152,candidate_1,candidate_2,candidate_4,candidate_3,4,0.1475
153,0,candidate_2,candidate_4,0,4,0.1475
154,candidate_1,candidate_2,candidate_4,candidate_3,4,0.1475
155,candidate_1,0,candidate_4,candidate_3,4,0.1475
156,0,candidate_2,candidate_4,candidate_3,4,0.1475
157,candidate_1,candidate_2,0,candidate_3,4,0.1475
158,candidate_1,candidate_2,candidate_4,candidate_3,4,0.1475
159,candidate_1,0,candidate_4,candidate_3,4,0.1475
160,candidate_1,candidate_2,candidate_4,candidate_3,4,0.1475
161,candidate_1,candidate_2,candidate_4,candidate_3,4,0.1475
162,candidate_1,candidate_2,candidate_4,0,4,0.1475
163,candidate_1,candidate_2,candidate_4,candidate_3,4,0.1475
164,candidate_1,0,candidate_4,candidate_3,4,0.1475
165,candidate_1,candidate_2,candidate_4,candidate_3,4,0.1475
166,candidate_1,candidate_2,candidate_4,candidate_3,4,0.1475
167,candidate_1,candidate_2,candidate_4,candidate_3,4,0.1475
168,candidate_1,candidate_2,candidate_4,candidate_3,4,0.1475
169,candidate_1,candidate_2,0,candidate_3,4,0.1475
170,candidate_1,0,candidate_4,candidate_3,4,0.1475
171,0,candidate_2,0,candidate_3,4,0.1475
172,candidate_1,candidate_2,candidate_4,candidate_3,4,0.1475
173,candidate_1,candidate_2,0,candidate_3,4,0.1475
174,candidate_1,candidate_2,0,candidate_3,4,0.1475
175,candidate_1,0,candidate_4,candidate_3,4,0.1475
176,candidate_1,candidate_2,candidate_4,candidate_3,4,0.1475
177,candidate_1,candidate_2,candidate_4,candidate_3,4,0.1475
178,candidate_1,candidate_2,candidate_4,candidate_3,4,0.1475
179,candidate_1,0,candidate_4,candidate_3,4,0.1475
180,candidate_1,candidate_2,candidate_4,candidate_3,4,0.1475
181,candidate_1,candidate_2,candidate_4,candidate_3,4,0.1475
182,0,candidate_2,0,candidate_3,4,0.1475
183,candidate_1,0,candidate_4,candidate_3,4,0.1475
184,candidate_1,candidate_2,candidate_4,candidate_3,4,0.1475
185,candidate_1,candidate_2,candidate_4,candidate_3,4,0.1475
186,candidate_1,candidate_2,candidate_4,candidate_3,4,0.1475
187,candidate_1,candidate_2,candidate_4,candidate_3,4,0.1475
188,candidate_1,candidate_2,candidate_4,candidate_3,4,0.1475
189,candidate_1,candidate_2,candidate_4,candidate_3,4,0.1475
190,candidate_1,0,candidate_4,candidate_3,4,0.1475
191,candidate_1,candidate_2,candidate_4,candidate_3,4,0.1475
192,candidate_1,candidate_2,candidate_4,0,4,0.1475
193,0,0,0,candidate_3,4,0.1475
194,candidate_1,0,candidate_4,candidate_3,4,0.1475
195,candidate_1,candidate_2,0,candidate_3,4,0.1475
196,candidate_1,candidate_2,candidate_4,0,4,0.1475
197,0,candidate_2,candidate_4,0,4,0.1475
198,candidate_1,candidate_2,candidate_4,0,4,0.1475
199,0,0,candidate_4,candidate_3,4,0.1475
200,candidate_1,candidate_2,candidate_4,0,4,0.1475
201,0,candidate_2,candidate_4,candidate_3,4,0.1475
202,candidate_1,candidate_2,candidate_4,candidate_3,4,0.1475
203,candidate_1,candidate_2,candidate_4,candidate_3,4,0.1475
204,candidate_1,candidate_2,0,candidate_3,4,0.1475
205,candidate_1,candidate_2,0,candidate_3,4,0.1475
206,candidate_1,candidate_2,candidate_4,candidate_3,4,0.1475
207,candidate_1,candidate_2,candidate_4,candidate_3,4,0.1475
208,0,candidate_2,candidate_4,candidate_3,4,0.1475
209,candidate_1,candidate_2,candidate_4,candidate_3,4,0.1475
210,candidate_1,candidate_2,0,0,4,0.1475
211,0,candidate_2,candidate_4,candidate_3,4,0.1475
212,candidate_1,candidate_2,candidate_4,candidate_3,4,0.1475
213,candidate_1,candidate_2,candidate_4,candidate_3,4,0.1475
214,candidate_1,candidate_2,candidate_4,0,4,0.1475
215,candidate_1,candidate_2,candidate_4,candidate_3,4,0.1475
216,candidate_1,candidate_2,candidate_4,candidate_3,4,0.1475
217,candidate_1,0,candidate_4,candidate_3,4,0.1475
218,candidate_1,candidate_2,candidate_4,candidate_3,4,0.1475
219,0,candidate_2,candidate_4,candidate_3,4,0.1475
220,candidate_1,candidate_2,0,candidate_3,4,0.1475
221,candidate_1,candidate_2,candidate_4,candidate_3,4,0.1475
222,0,candidate_2,candidate_4,candidate_3,4,0.1475
223,candidate_1,candidate_2,candidate_4,0,4,0.1475
224,candidate_1,candidate_2,candidate_4,candidate_3,4,0.1475
225,candidate_1,candidate_2,0,candidate_3,4,0.1475
226,candidate_1,candidate_2,candidate_4,candidate_3,4,0.1475
227,0,0,candidate_4,candidate_3,4,0.1475
228,candidate_1,candidate_2,candidate_4,0,4,0.1475
229,candidate_1,candidate_2,candidate_4,candidate_3,4,0.1475
230,candidate_1,candidate_2,candidate_4,candidate_3,4,0.1475
231,candidate_1,candidate_2,0,candidate_3,4,0.1475
232,candidate_1,candidate_2,candidate_4,candidate_3,4,0.1475
233,candidate_1,candidate_2,candidate_4,candidate_3,4,0.1475
234,0,0,candidate_4,candidate_3,4,0.1475
235,candidate_1,candidate_2,candidate_4,0,4,0.1475
236,candidate_1,candidate_2,candidate_4,0,4,0.1475
237,candidate_1,candidate_2,candidate_4,candidate_3,4,0.1475
238,candidate_1,candidate_2,candidate_4,candidate_3,4,0.1475
239,candidate_1,candidate_2,0,candidate_3,4,0.1475
240,candidate_1,candidate_2,candidate_4,candidate_3,4,0.1475
241,candidate_1,candidate_2,candidate_4,candidate_3,4,0.1475
242,candidate_1,0,candidate_4,candidate_3,4,0.1475
243,0,candidate_2,candidate_4,candidate_3,4,0.1475
244,candidate_1,candidate_2,candidate_4,candidate_3,4,0.1475
245,candidate_1,0,candidate_4,candidate_3,4,0.1475
246,candidate_1,candidate_2,candidate_4,candidate_3,4,0.1475
247,candidate_1,candidate_2,candidate_4,0,4,0.1475
248,0,candidate_2,candidate_4,candidate_3,4,0.1475
249,candidate_1,candidate_2,candidate_4,0,4,0.1475
250,candidate_1,candidate_2,candidate_4,candidate_3,4,0.1475
251,candidate_1,0,candidate_4,candidate_3,4,0.1475
252,candidate_1,candidate_2,candidate_4,candidate_3,4,0.1475
253,0,candidate_2,candidate_4,candidate_3,4,0.1475
254,0,candidate_2,0,0,4,0.1475
255,candidate_1,candidate_2,candidate_4,candidate_3,4,0.1475
256,candidate_1,candidate_2,0,candidate_3,4,0.1475
257,candidate_1,candidate_2,candidate_4,candidate_3,4,0.1475
258,candidate_1,candidate_2,0,candidate_3,4,0.1475
259,0,0,candidate_4,candidate_3,4,0.1475
260,candidate_1,0,candidate_4,0,4,0.1475
261,0,candidate_2,candidate_4,candidate_3,4,0.1475
262,candidate_1,candidate_2,candidate_4,candidate_3,4,0.1475
263,candidate_1,0,candidate_4,candidate_3,4,0.1475
264,candidate_1,candidate_2,0,candidate_3,4,0.1475
265,candidate_1,candidate_2,candidate_4,0,4,0.1475
266,candidate_1,candidate_2,candidate_4,0,4,0.1475
267,0,candidate_2,candidate_4,candidate_3,4,0.1475
268,candidate_1,candidate_2,candidate_4,candidate_3,4,0.1475
269,candidate_1,0,0,candidate_3,4,0.1475
270,candidate_1,candidate_2,candidate_4,candidate_3,4,0.1475
271,candidate_1,0,0,candidate_3,4,0.1475
272,0,candidate_2,candidate_4,0,4,0.1475
273,candidate_1,candidate_2,candidate_4,candidate_3,4,0.1475
274,0,candidate_2,candidate_4,0,4,0.1475
275,candidate_1,0,0,candidate_3,4,0.1475
276,candidate_1,candidate_2,candidate_4,0,4,0.1475
277,candidate_1,candidate_2,candidate_4,candidate_3,4,0.1475
278,candidate_1,candidate_2,candidate_4,candidate_3,4,0.1475
279,candidate_1,0,candidate_4,candidate_3,4,0.1475
280,candidate_1,candidate_2,candidate_4,candidate_3,4,0.1475
281,candidate_1,0,candidate_4,candidate_3,4,0.1475
282,candidate_1,candidate_2,candidate_4,candidate_3,4,0.1475
283,candidate_1,candidate_2,candidate_4,candidate_3,4,0.1475
284,candidate_1,candidate_2,candidate_4,candidate_3,4,0.1475
285,candidate_1,candidate_2,candidate_4,candidate_3,4,0.1475
286,candidate_1,candidate_2,candidate_4,0,4,0.1475
287,candidate_1,candidate_2,candidate_4,candidate_3,4,0.1475
288,candidate_1,candidate_2,candidate_4,candidate_3,4,0.1475
289,candidate_1,candidate_2,candidate_4,0,4,0.1475
290,0,candidate_2,candidate_4,candidate_3,4,0.1475
291,candidate_1,candidate_2,candidate_4,candidate_3,4,0.1475
292,candidate_1,candidate_2,candidate_4,candidate_3,4,0.1475
293,candidate_1,candidate_2,candidate_4,0,4,0.1475
294,candidate_1,candidate_2,candidate_4,candidate_3,4,0.1475
295,candidate_1,candidate_2,candidate_4,candidate_3,4,0.1475
296,candidate_1,candidate_2,candidate_4,candidate_3,4,0.1475
297,candidate_1,candidate_2,candidate_4,candidate_3,4,0.1475
298,candidate_1,candidate_2,candidate_4,candidate_3,4,0.1475
299,candidate_1,0,candidate_4,candidate_3,4,0.1475
300,candidate_1,candidate_2,candidate_4,candidate_3,4,0.1475
301,candidate_1,candidate_2,candidate_4,candidate_3,4,0.1475
302,candidate_1,candidate_2,candidate_4,candidate_3,4,0.1475
303,candidate_1,candidate_2,candidate_4,candidate_3,4,0.1475
304,candidate_1,candidate_2,candidate_4,0,4,0.1475
305,candidate_1,candidate_2,candidate_4,candidate_3,4,0.1475
306,0,candidate_2,candidate_4,candidate_3,4,0.1475
307,candidate_1,candidate_2,candidate_4,candidate_3,4,0.1475
308,candidate_1,0,candidate_4,candidate_3,4,0.1475
309,candidate_1,candidate_2,candidate_4,candidate_3,4,0.1475
310,candidate_1,candidate_2,0,candidate_3,4,0.1475
311,candidate_1,candidate_2,candidate_4,candidate_3,4,0.1475
312,candidate_1,candidate_2,candidate_4,candidate_3,4,0.1475
313,candidate_1,candidate_2,0,candidate_3,4,0.1475
314,candidate_1,candidate_2,candidate_4,candidate_3,4,0.1475
315,candidate_1,candidate_2,candidate_4,0,4,0.1475
316,candidate_1,0,candidate_4,candidate_3,4,0.1475
317,candidate_1,0,candidate_4,candidate_3,4,0.1475
318,candidate_1,candidate_2,candidate_4,candidate_3,4,0.1475
319,candidate_1,candidate_2,candidate_4,candidate_3,4,0.1475
320,candidate_1,candidate_2,candidate_4,candidate_3,4,0.1475
321,candidate_1,candidate_2,candidate_4,candidate_3,4,0.1475
322,candidate_1,candidate_2,candidate_4,candidate_3,4,0.1475
323,candidate_1,candidate_2,candidate_4,candidate_3,4,0.1475
324,candidate_1,candidate_2,candidate_4,candidate_3,4,0.1475
325,candidate_1,candidate_2,candidate_4,0,4,0.1475
326,0,candidate_2,candidate_4,candidate_3,4,0.1475
0,candidate_1,candidate_3,candidate_2,candidate_4,4,0.1475
1,candidate_1,candidate_3,candidate_2,candidate_4,4,0.1475
2,candidate_1,candidate_3,0,candidate_4,4,0.1475
3,0,candidate_3,candidate_2,candidate_4,4,0.1475
4,candidate_1,0,candidate_2,candidate_4,4,0.1475
5,0,candidate_3,0,candidate_4,4,0.1475
6,candidate_1,0,candidate_2,candidate_4,4,0.1475
7,candidate_1,candidate_3,candidate_2,candidate_4,4,0.1475
8,candidate_1,candidate_3,0,candidate_4,4,0.1475
9,candidate_1,candidate_3,candidate_2,0,4,0.1475
10,candidate_1,candidate_3,candidate_2,candidate_4,4,0.1475
11,candidate_1,candidate_3,0,0,4,0.1475
12,0,candidate_3,candidate_2,candidate_4,4,0.1475
13,candidate_1,0,candidate_2,candidate_4,4,0.1475
14,0,candidate_3,candidate_2,candidate_4,4,0.1475
15,candidate_1,candidate_3,candidate_2,0,4,0.1475
16,candidate_1,candidate_3,candidate_2,candidate_4,4,0.1475
17,candidate_1,candidate_3,candidate_2,candidate_4,4,0.1475
18,candidate_1,candidate_3,candidate_2,candidate_4,4,0.1475
19,candidate_1,candidate_3,candidate_2,0,4,0.1475
20,candidate_1,0,candidate_2,candidate_4,4,0.1475
21,candidate_1,0,candidate_2,candidate_4,4,0.1475
22,candidate_1,candidate_3,candidate_2,candidate_4,4,0.1475
23,candidate_1,candidate_3,candidate_2,candidate_4,4,0.1475
24,candidate_1,candidate_3,candidate_2,candidate_4,4,0.1475
25,candidate_1,candidate_3,candidate_2,candidate_4,4,0.1475
26,candidate_1,0,candidate_2,candidate_4,4,0.1475
27,candidate_1,candidate_3,0,candidate_4,4,0.1475
28,candidate_1,candidate_3,candidate_2,candidate_4,4,0.1475
29,candidate_1,candidate_3,candidate_2,0,4,0.1475
30,candidate_1,candidate_3,candidate_2,candidate_4,4,0.1475
31,candidate_1,0,candidate_2,candidate_4,4,0.1475
32,candidate_1,candidate_3,candidate_2,candidate_4,4,0.1475
33,candidate_1,candidate_3,candidate_2,candidate_4,4,0.1475
34,candidate_1,candidate_3,0,candidate_4,4,0.1475
35,candidate_1,candidate_3,candidate_2,0,4,0.1475
36,0,candidate_3,candidate_2,candidate_4,4,0.1475
37,candidate_1,0,candidate_2,candidate_4,4,0.1475
38,candidate_1,candidate_3,candidate_2,candidate_4,4,0.1475
39,candidate_1,0,candidate_2,candidate_4,4,0.1475
40,candidate_1,candidate_3,candidate_2,candidate_4,4,0.1475
41,candidate_1,candidate_3,candidate_2,candidate_4,4,0.1475
42,0,candidate_3,candidate_2,candidate_4,4,0.1475
43,candidate_1,candidate_3,candidate_2,candidate_4,4,0.1475
44,candidate_1,candidate_3,candidate_2,candidate_4,4,0.1475
45,candidate_1,candidate_3,candidate_2,candidate_4,4,0.1475
46,candidate_1,candidate_3,candidate_2,candidate_4,4,0.1475
47,candidate_1,candidate_3,candidate_2,candidate_4,4,0.1475
48,candidate_1,0,candidate_2,candidate_4,4,0.1475
49,candidate_1,candidate_3,candidate_2,candidate_4,4,0.1475
50,candidate_1,candidate_3,candidate_2,candidate_4,4,0.1475
51,candidate_1,0,0,candidate_4,4,0.1475
52,candidate_1,candidate_3,candidate_2,candidate_4,4,0.1475
53,0,candidate_3,candidate_2,0,4,0.1475
54,candidate_1,0,candidate_2,candidate_4,4,0.1475
55,candidate_1,candidate_3,candidate_2,0,4,0.1475
56,candidate_1,0,candidate_2,candidate_4,4,0.1475
57,candidate_1,candidate_3,candidate_2,candidate_4,4,0.1475
58,candidate_1,candidate_3,candidate_2,candidate_4,4,0.1475
59,0,candidate_3,0,candidate_4,4,0.1475
60,candidate_1,candidate_3,0,candidate_4,4,0.1475
61,candidate_1,candidate_3,0,candidate_4,4,0.1475
62,candidate_1,0,candidate_2,candidate_4,4,0.1475
63,candidate_1,candidate_3,candidate_2,candidate_4,4,0.1475
64,candidate_1,candidate_3,candidate_2,candidate_4,4,0.1475
65,candidate_1,candidate_3,candidate_2,candidate_4,4,0.1475
66,candidate_1,candidate_3,candidate_2,candidate_4,4,0.1475
67,candidate_1,candidate_3,candidate_2,candidate_4,4,0.1475
68,candidate_1,candidate_3,candidate_2,candidate_4,4,0.1475
69,candidate_1,candidate_3,0,candidate_4,4,0.1475
70,candidate_1,candidate_3,candidate_2,candidate_4,4,0.1475
71,candidate_1,0,candidate_2,candidate_4,4,0.1475
72,candidate_1,candidate_3,candidate_2,0,4,0.1475
73,candidate_1,candidate_3,candidate_2,0,4,0.1475
74,candidate_1,candidate_3,candidate_2,candidate_4,4,0.1475
75,candidate_1,candidate_3,candidate_2,candidate_4,4,0.1475
76,candidate_1,candidate_3,candidate_2,candidate_4,4,0.1475
77,candidate_1,candidate_3,candidate_2,0,4,0.1475
78,candidate_1,0,candidate_2,candidate_4,4,0.1475
79,0,candidate_3,candidate_2,candidate_4,4,0.1475
80,0,0,candidate_2,candidate_4,4,0.1475
81,0,candidate_3,candidate_2,candidate_4,4,0.1475
82,candidate_1,candidate_3,candidate_2,0,4,0.1475
83,candidate_1,candidate_3,candidate_2,0,4,0.1475
84,0,candidate_3,candidate_2,candidate_4,4,0.1475
85,candidate_1,candidate_3,candidate_2,candidate_4,4,0.1475
86,candidate_1,0,candidate_2,candidate_4,4,0.1475
87,candidate_1,candidate_3,candidate_2,candidate_4,4,0.1475
88,candidate_1,candidate_3,candidate_2,candidate_4,4,0.1475
89,candidate_1,0,candidate_2,0,4,0.1475
90,0,0,candidate_2,candidate_4,4,0.1475
91,candidate_1,candidate_3,candidate_2,candidate_4,4,0.1475
92,candidate_1,candidate_3,candidate_2,0,4,0.1475
93,candidate_1,candidate_3,candidate_2,candidate_4,4,0.1475
94,candidate_1,candidate_3,candidate_2,candidate_4,4,0.1475
95,candidate_1,candidate_3,0,candidate_4,4,0.1475
96,candidate_1,candidate_3,candidate_2,candidate_4,4,0.1475
97,candidate_1,0,candidate_2,candidate_4,4,0.1475
98,candidate_1,candidate_3,candidate_2,candidate_4,4,0.1475
99,candidate_1,candidate_3,0,candidate_4,4,0.1475
100,candidate_1,candidate_3,0,candidate_4,4,0.1475
101,0,0,0,candidate_4,4,0.1475
102,0,0,candidate_2,candidate_4,4,0.1475
103,candidate_1,candidate_3,0,candidate_4,4,0.1475
104,candidate_1,candidate_3,0,candidate_4,4,0.1475
105,candidate_1,candidate_3,candidate_2,candidate_4,4,0.1475
106,candidate_1,0,candidate_2,candidate_4,4,0.1475
107,0,0,candidate_2,0,4,0.1475
108,candidate_1,0,0,candidate_4,4,0.1475
109,candidate_1,candidate_3,candidate_2,candidate_4,4,0.1475
110,candidate_1,candidate_3,candidate_2,candidate_4,4,0.1475
111,candidate_1,0,candidate_2,candidate_4,4,0.1475
112,candidate_1,candidate_3,candidate_2,candidate_4,4,0.1475
113,candidate_1,candidate_3,candidate_2,candidate_4,4,0.1475
114,candidate_1,candidate_3,candidate_2,0,4,0.1475
115,candidate_1,candidate_3,candidate_2,0,4,0.1475
116,0,candidate_3,candidate_2,candidate_4,4,0.1475
117,candidate_1,candidate_3,candidate_2,candidate_4,4,0.1475
118,candidate_1,candidate_3,candidate_2,candidate_4,4,0.1475
119,0,candidate_3,candidate_2,candidate_4,4,0.1475
120,candidate_1,candidate_3,0,candidate_4,4,0.1475
121,0,candidate_3,candidate_2,candidate_4,4,0.1475
122,candidate_1,candidate_3,candidate_2,candidate_4,4,0.1475
123,candidate_1,candidate_3,0,0,4,0.1475
124,candidate_1,candidate_3,candidate_2,0,4,0.1475
125,candidate_1,candidate_3,candidate_2,candidate_4,4,0.1475
126,candidate_1,0,0,candidate_4,4,0.1475
127,candidate_1,candidate_3,candidate_2,candidate_4,4,0.1475
128,candidate_1,candidate_3,candidate_2,candidate_4,4,0.1475
129,candidate_1,candidate_3,candidate_2,candidate_4,4,0.1475
130,candidate_1,candidate_3,candidate_2,candidate_4,4,0.1475
131,candidate_1,candidate_3,candidate_2,candidate_4,4,0.1475
132,candidate_1,candidate_3,candidate_2,0,4,0.1475
133,candidate_1,candidate_3,candidate_2,candidate_4,4,0.1475
134,candidate_1,candidate_3,candidate_2,candidate_4,4,0.1475
135,candidate_1,candidate_3,candidate_2,candidate_4,4,0.1475
136,candidate_1,0,candidate_2,candidate_4,4,0.1475
137,candidate_1,candidate_3,candidate_2,candidate_4,4,0.1475
138,0,candidate_3,candidate_2,candidate_4,4,0.1475
139,candidate_1,candidate_3,candidate_2,candidate_4,4,0.1475
140,candidate_1,candidate_3,candidate_2,0,4,0.1475
141,0,candidate_3,candidate_2,candidate_4,4,0.1475
142,candidate_1,candidate_3,candidate_2,candidate_4,4,0.1475
143,candidate_1,candidate_3,0,candidate_4,4,0.1475
144,0,candidate_3,candidate_2,candidate_4,4,0.1475
145,candidate_1,candidate_3,candidate_2,candidate_4,4,0.1475
146,candidate_1,0,candidate_2,candidate_4,4,0.1475
147,candidate_1,0,candidate_2,candidate_4,4,0.1475
148,candidate_1,candidate_3,candidate_2,0,4,0.1475
149,candidate_1,candidate_3,0,candidate_4,4,0.1475
150,0,candidate_3,candidate_2,candidate_4,4,0.1475
151,candidate_1,candidate_3,0,candidate_4,4,0.1475
152,candidate_1,candidate_3,candidate_2,0,4,0.1475
153,candidate_1,0,0,0,4,0.1475
154,candidate_1,candidate_3,candidate_2,0,4,0.1475
155,candidate_1,candidate_3,0,candidate_4,4,0.1475
156,candidate_1,candidate_3,candidate_2,candidate_4,4,0.1475
157,0,candidate_3,candidate_2,candidate_4,4,0.1475
158,candidate_1,candidate_3,candidate_2,candidate_4,4,0.1475
159,candidate_1,candidate_3,candidate_2,candidate_4,4,0.1475
160,candidate_1,candidate_3,candidate_2,candidate_4,4,0.1475
161,candidate_1,candidate_3,candidate_2,0,4,0.1475
162,candidate_1,0,candidate_2,candidate_4,4,0.1475
163,0,0,candidate_2,candidate_4,4,0.1475
164,candidate_1,candidate_3,candidate_2,0,4,0.1475
165,candidate_1,candidate_3,candidate_2,candidate_4,4,0.1475
166,candidate_1,candidate_3,candidate_2,candidate_4,4,0.1475
167,candidate_1,candidate_3,candidate_2,candidate_4,4,0.1475
168,candidate_1,candidate_3,candidate_2,candidate_4,4,0.1475
169,candidate_1,candidate_3,candidate_2,candidate_4,4,0.1475
170,candidate_1,0,candidate_2,candidate_4,4,0.1475
171,candidate_1,candidate_3,candidate_2,candidate_4,4,0.1475
172,candidate_1,0,candidate_2,candidate_4,4,0.1475
173,candidate_1,candidate_3,candidate_2,candidate_4,4,0.1475
174,candidate_1,candidate_3,candidate_2,candidate_4,4,0.1475
175,0,candidate_3,candidate_2,candidate_4,4,0.1475
176,0,0,candidate_2,candidate_4,4,0.1475
177,candidate_1,candidate_3,candidate_2,0,4,0.1475
178,candidate_1,candidate_3,0,candidate_4,4,0.1475
179,candidate_1,candidate_3,candidate_2,0,4,0.1475
180,0,candidate_3,candidate_2,candidate_4,4,0.1475
181,candidate_1,candidate_3,candidate_2,candidate_4,4,0.1475
182,candidate_1,candidate_3,candidate_2,candidate_4,4,0.1475
183,0,candidate_3,candidate_2,candidate_4,4,0.1475
184,candidate_1,candidate_3,candidate_2,candidate_4,4,0.1475
185,candidate_1,candidate_3,candidate_2,candidate_4,4,0.1475
186,candidate_1,candidate_3,candidate_2,candidate_4,4,0.1475
187,candidate_1,0,candidate_2,candidate_4,4,0.1475
188,candidate_1,candidate_3,candidate_2,candidate_4,4,0.1475
189,candidate_1,candidate_3,0,candidate_4,4,0.1475
190,candidate_1,candidate_3,candidate_2,candidate_4,4,0.1475
191,candidate_1,0,candidate_2,candidate_4,4,0.1475
192,candidate_1,candidate_3,candidate_2,candidate_4,4,0.1475
193,candidate_1,candidate_3,candidate_2,candidate_4,4,0.1475
194,candidate_1,candidate_3,candidate_2,candidate_4,4,0.1475
195,0,candidate_3,candidate_2,candidate_4,4,0.1475
196,candidate_1,0,0,candidate_4,4,0.1475
197,candidate_1,0,candidate_2,candidate_4,4,0.1475
198,candidate_1,candidate_3,candidate_2,candidate_4,4,0.1475
199,candidate_1,candidate_3,candidate_2,candidate_4,4,0.1475
200,candidate_1,candidate_3,candidate_2,0,4,0.1475
201,0,candidate_3,candidate_2,candidate_4,4,0.1475
202,candidate_1,candidate_3,0,candidate_4,4,0.1475
203,candidate_1,candidate_3,candidate_2,candidate_4,4,0.1475
204,candidate_1,candidate_3,candidate_2,candidate_4,4,0.1475
205,candidate_1,candidate_3,candidate_2,candidate_4,4,0.1475
206,0,0,candidate_2,candidate_4,4,0.1475
207,candidate_1,candidate_3,candidate_2,candidate_4,4,0.1475
208,candidate_1,candidate_3,candidate_2,candidate_4,4,0.1475
209,candidate_1,candidate_3,candidate_2,candidate_4,4,0.1475
210,0,candidate_3,0,candidate_4,4,0.1475
211,candidate_1,candidate_3,candidate_2,candidate_4,4,0.1475
212,candidate_1,candidate_3,candidate_2,candidate_4,4,0.1475
213,candidate_1,0,candidate_2,candidate_4,4,0.1475
214,candidate_1,candidate_3,candidate_2,candidate_4,4,0.1475
215,candidate_1,candidate_3,0,candidate_4,4,0.1475
216,candidate_1,candidate_3,candidate_2,0,4,0.1475
217,candidate_1,0,candidate_2,candidate_4,4,0.1475
218,candidate_1,candidate_3,candidate_2,0,4,0.1475
219,candidate_1,candidate_3,0,candidate_4,4,0.1475
220,0,candidate_3,0,candidate_4,4,0.1475
221,candidate_1,candidate_3,0,candidate_4,4,0.1475
222,candidate_1,candidate_3,candidate_2,candidate_4,4,0.1475
223,candidate_1,candidate_3,candidate_2,0,4,0.1475
224,candidate_1,candidate_3,candidate_2,candidate_4,4,0.1475
225,candidate_1,candidate_3,candidate_2,candidate_4,4,0.1475
226,0,candidate_3,candidate_2,candidate_4,4,0.1475
227,candidate_1,0,0,candidate_4,4,0.1475
228,candidate_1,0,0,candidate_4,4,0.1475
229,candidate_1,candidate_3,candidate_2,candidate_4,4,0.1475
230,candidate_1,candidate_3,candidate_2,candidate_4,4,0.1475
231,candidate_1,0,candidate_2,candidate_4,4,0.1475
232,candidate_1,candidate_3,candidate_2,candidate_4,4,0.1475
233,candidate_1,candidate_3,candidate_2,candidate_4,4,0.1475
234,candidate_1,candidate_3,candidate_2,0,4,0.1475
235,candidate_1,candidate_3,0,candidate_4,4,0.1475
236,candidate_1,candidate_3,0,candidate_4,4,0.1475
237,0,candidate_3,candidate_2,candidate_4,4,0.1475
238,candidate_1,candidate_3,candidate_2,candidate_4,4,0.1475
239,candidate_1,0,candidate_2,0,4,0.1475
240,candidate_1,candidate_3,candidate_2,0,4,0.1475
241,candidate_1,candidate_3,candidate_2,candidate_4,4,0.1475
242,candidate_1,candidate_3,candidate_2,candidate_4,4,0.1475
243,candidate_1,candidate_3,candidate_2,0,4,0.1475
244,0,candidate_3,candidate_2,candidate_4,4,0.1475
245,candidate_1,candidate_3,candidate_2,candidate_4,4,0.1475
246,candidate_1,candidate_3,candidate_2,candidate_4,4,0.1475
247,candidate_1,0,candidate_2,candidate_4,4,0.1475
248,candidate_1,candidate_3,candidate_2,candidate_4,4,0.1475
249,candidate_1,candidate_3,candidate_2,candidate_4,4,0.1475
250,candidate_1,candidate_3,candidate_2,candidate_4,4,0.1475
251,candidate_1,candidate_3,candidate_2,0,4,0.1475
252,candidate_1,candidate_3,candidate_2,candidate_4,4,0.1475
253,candidate_1,0,candidate_2,candidate_4,4,0.1475
254,candidate_1,candidate_3,0,candidate_4,4,0.1475
255,0,candidate_3,candidate_2,candidate_4,4,0.1475
256,candidate_1,candidate_3,candidate_2,candidate_4,4,0.1475
257,candidate_1,candidate_3,candidate_2,candidate_4,4,0.1475
258,candidate_1,0,candidate_2,0,4,0.1475
259,candidate_1,candidate_3,candidate_2,candidate_4,4,0.1475
260,candidate_1,candidate_3,candidate_2,candidate_4,4,0.1475
261,candidate_1,candidate_3,candidate_2,0,4,0.1475
262,candidate_1,candidate_3,candidate_2,candidate_4,4,0.1475
263,candidate_1,candidate_3,candidate_2,candidate_4,4,0.1475
264,candidate_1,candidate_3,0,0,4,0.1475
265,candidate_1,candidate_3,candidate_2,candidate_4,4,0.1475
266,candidate_1,candidate_3,0,candidate_4,4,0.1475
267,candidate_1,candidate_3,candidate_2,candidate_4,4,0.1475
268,candidate_1,candidate_3,0,candidate_4,4,0.1475
269,candidate_1,candidate_3,candidate_2,candidate_4,4,0.1475
270,candidate_1,candidate_3,candidate_2,candidate_4,4,0.1475
271,0,candidate_3,candidate_2,candidate_4,4,0.1475
272,0,0,candidate_2,candidate_4,4,0.1475
273,candidate_1,candidate_3,candidate_2,candidate_4,4,0.1475
274,candidate_1,candidate_3,candidate_2,candidate_4,4,0.1475
275,candidate_1,candidate_3,candidate_2,candidate_4,4,0.1475
276,candidate_1,0,candidate_2,0,4,0.1475
277,candidate_1,candidate_3,candidate_2,0,4,0.1475
278,candidate_1,candidate_3,0,candidate_4,4,0.1475
279,candidate_1,candidate_3,candidate_2,candidate_4,4,0.1475
280,candidate_1,candidate_3,candidate_2,candidate_4,4,0.1475
281,candidate_1,candidate_3,candidate_2,candidate_4,4,0.1475
282,0,candidate_3,candidate_2,candidate_4,4,0.1475
283,candidate_1,candidate_3,candidate_2,candidate_4,4,0.1475
284,candidate_1,candidate_3,candidate_2,candidate_4,4,0.1475
285,candidate_1,candidate_3,candidate_2,candidate_4,4,0.1475
286,candidate_1,candidate_3,candidate_2,0,4,0.1475
287,candidate_1,candidate_3,candidate_2,candidate_4,4,0.1475
288,candidate_1,0,candidate_2,candidate_4,4,0.1475
289,candidate_1,candidate_3,candidate_2,candidate_4,4,0.1475
290,candidate_1,candidate_3,candidate_2,candidate_4,4,0.1475
291,candidate_1,candidate_3,candidate_2,candidate_4,4,0.1475
292,candidate_1,candidate_3,candidate_2,candidate_4,4,0.1475
293,candidate_1,candidate_3,0,candidate_4,4,0.1475
294,candidate_1,candidate_3,candidate_2,candidate_4,4,0.1475
295,candidate_1,candidate_3,candidate_2,0,4,0.1475
296,candidate_1,candidate_3,candidate_2,candidate_4,4,0.1475
297,candidate_1,candidate_3,0,candidate_4,4,0.1475
298,candidate_1,candidate_3,candidate_2,candidate_4,4,0.1475
299,candidate_1,candidate_3,candidate_2,candidate_4,4,0.1475
300,candidate_1,candidate_3,candidate_2,0,4,0.1475
301,0,candidate_3,candidate_2,candidate_4,4,0.1475
302,candidate_1,0,candidate_2,0,4,0.1475
303,candidate_1,candidate_3,candidate_2,candidate_4,4,0.1475
304,candidate_1,candidate_3,candidate_2,0,4,0.1475
305,candidate_1,candidate_3,candidate_2,candidate_4,4,0.1475
306,candidate_1,0,candidate_2,0,4,0.1475
307,candidate_1,candidate_3,candidate_2,candidate_4,4,0.1475
308,candidate_1,candidate_3,0,0,4,0.1475
309,candidate_1,candidate_3,candidate_2,candidate_4,4,0.1475
310,candidate_1,0,0,candidate_4,4,0.1475
311,candidate_1,candidate_3,candidate_2,candidate_4,4,0.1475
312,candidate_1,candidate_3,candidate_2,candidate_4,4,0.1475
313,candidate_1,candidate_3,candidate_2,candidate_4,4,0.1475
314,0,candidate_3,candidate_2,candidate_4,4,0.1475
315,0,candidate_3,candidate_2,candidate_4,4,0.1475
316,0,candidate_3,candidate_2,candidate_4,4,0.1475
317,candidate_1,candidate_3,candidate_2,candidate_4,4,0.1475
318,0,candidate_3,candidate_2,candidate_4,4,0.1475
319,candidate_1,candidate_3,candidate_2,candidate_4,4,0.1475
320,candidate_1,candidate_3,0,candidate_4,4,0.1475
321,candidate_1,candidate_3,candidate_2,candidate_4,4,0.1475
322,candidate_1,candidate_3,candidate_2,candidate_4,4,0.1475
323,candidate_1,0,0,candidate_4,4,0.1475
324,candidate_1,candidate_3,candidate_2,candidate_4,4,0.1475
325,candidate_1,candidate_3,0,candidate_4,4,0.1475
326,0,candidate_3,candidate_2,candidate_4,4,0.1475
327,candidate_1,candidate_3,candidate_2,candidate_4,4,0.1475
328,candidate_1,candidate_3,candidate_2,0,4,0.1475
329,candidate_1,candidate_3,candidate_2,candidate_4,4,0.1475
330,candidate_1,candidate_3,candidate_2,candidate_4,4,0.1475
331,candidate_1,candidate_3,candidate_2,candidate_4,4,0.1475
332,candidate_1,candidate_3,candidate_2,candidate_4,4,0.1475
333,candidate_1,candidate_3,candidate_2,candidate_4,4,0.1475
334,candidate_1,candidate_3,candidate_2,candidate_4,4,0.1475
335,candidate_1,candidate_3,candidate_2,candidate_4,4,0.1475
336,candidate_1,candidate_3,candidate_2,0,4,0.1475
337,candidate_1,0,0,candidate_4,4,0.1475
338,candidate_1,candidate_3,candidate_2,candidate_4,4,0.1475
339,candidate_1,candidate_3,candidate_2,candidate_4,4,0.1475
340,candidate_1,candidate_3,candidate_2,candidate_4,4,0.1475
341,candidate_1,0,candidate_2,candidate_4,4,0.1475
342,candidate_1,candidate_3,candidate_2,0,4,0.1475
343,candidate_1,candidate_3,candidate_2,0,4,0.1475
344,candidate_1,0,candidate_2,candidate_4,4,0.1475
345,candidate_1,candidate_3,candidate_2,candidate_4,4,0.1475
346,candidate_1,candidate_3,candidate_2,candidate_4,4,0.1475
347,candidate_1,0,candidate_2,candidate_4,4,0.1475
348,candidate_1,candidate_3,candidate_2,candidate_4,4,0.1475
349,candidate_1,0,candidate_2,candidate_4,4,0.1475
350,candidate_1,candidate_3,candidate_2,candidate_4,4,0.1475
351,candidate_1,candidate_3,candidate_2,candidate_4,4,0.1475
352,candidate_1,candidate_3,candidate_2,candidate_4,4,0.1475
353,candidate_1,candidate_3,0,candidate_4,4,0.1475
354,candidate_1,0,candidate_2,candidate_4,4,0.1475
355,candidate_1,candidate_3,candidate_2,0,4,0.1475
356,candidate_1,candidate_3,candidate_2,candidate_4,4,0.1475
357,candidate_1,candidate_3,candidate_2,0,4,0.1475
0,candidate_1,candidate_3,candidate_4,candidate_2,4,0.1475
1,candidate_1,candidate_3,0,candidate_2,4,0.1475
2,candidate_1,candidate_3,0,candidate_2,4,0.1475
3,candidate_1,candidate_3,0,0,4,0.1475
4,candidate_1,0,candidate_4,candidate_2,4,0.1475
5,candidate_1,candidate_3,candidate_4,candidate_2,4,0.1475
6,candidate_1,candidate_3,candidate_4,candidate_2,4,0.1475
7,candidate_1,0,0,candidate_2,4,0.1475
8,candidate_1,candidate_3,candidate_4,candidate_2,4,0.1475
9,candidate_1,candidate_3,candidate_4,candidate_2,4,0.1475
10,candidate_1,candidate_3,candidate_4,candidate_2,4,0.1475
11,candidate_1,candidate_3,candidate_4,candidate_2,4,0.1475
12,candidate_1,candidate_3,0,0,4,0.1475
13,candidate_1,candidate_3,0,candidate_2,4,0.1475
14,candidate_1,candidate_3,candidate_4,candidate_2,4,0.1475
15,candidate_1,candidate_3,candidate_4,candidate_2,4,0.1475
16,candidate_1,candidate_3,candidate_4,candidate_2,4,0.1475
17,candidate_1,candidate_3,candidate_4,candidate_2,4,0.1475
18,candidate_1,candidate_3,candidate_4,candidate_2,4,0.1475
19,0,candidate_3,candidate_4,candidate_2,4,0.1475
20,candidate_1,candidate_3,0,candidate_2,4,0.1475
21,candidate_1,0,candidate_4,candidate_2,4,0.1475
22,candidate_1,candidate_3,candidate_4,candidate_2,4,0.1475
23,candidate_1,candidate_3,candidate_4,candidate_2,4,0.1475
24,candidate_1,candidate_3,candidate_4,candidate_2,4,0.1475
25,candidate_1,candidate_3,candidate_4,candidate_2,4,0.1475
26,candidate_1,candidate_3,0,candidate_2,4,0.1475
27,candidate_1,candidate_3,0,candidate_2,4,0.1475
28,candidate_1,0,candidate_4,candidate_2,4,0.1475
29,candidate_1,candidate_3,0,candidate_2,4,0.1475
30,candidate_1,candidate_3,0,candidate_2,4,0.1475
31,candidate_1,candidate_3,candidate_4,candidate_2,4,0.1475
32,candidate_1,candidate_3,candidate_4,candidate_2,4,0.1475
33,candidate_1,candidate_3,candidate_4,candidate_2,4,0.1475
34,candidate_1,candidate_3,candidate_4,candidate_2,4,0.1475
35,candidate_1,candidate_3,candidate_4,0,4,0.1475
36,candidate_1,candidate_3,candidate_4,candidate_2,4,0.1475
37,candidate_1,candidate_3,candidate_4,0,4,0.1475
38,candidate_1,candidate_3,0,candidate_2,4,0.1475
39,candidate_1,candidate_3,candidate_4,candidate_2,4,0.1475
40,candidate_1,candidate_3,candidate_4,candidate_2,4,0.1475
41,0,candidate_3,candidate_4,candidate_2,4,0.1475
42,candidate_1,candidate_3,candidate_4,candidate_2,4,0.1475
43,candidate_1,candidate_3,candidate_4,candidate_2,4,0.1475
44,candidate_1,candidate_3,candidate_4,candidate_2,4,0.1475
45,candidate_1,candidate_3,candidate_4,candidate_2,4,0.1475
46,candidate_1,candidate_3,candidate_4,candidate_2,4,0.1475
47,candidate_1,candidate_3,candidate_4,candidate_2,4,0.1475
48,0,candidate_3,candidate_4,candidate_2,4,0.1475
49,candidate_1,candidate_3,candidate_4,candidate_2,4,0.1475
50,0,candidate_3,candidate_4,0,4,0.1475
51,candidate_1,candidate_3,candidate_4,0,4,0.1475
52,candidate_1,candidate_3,candidate_4,candidate_2,4,0.1475
53,candidate_1,candidate_3,candidate_4,candidate_2,4,0.1475
54,candidate_1,candidate_3,0,0,4,0.1475
55,candidate_1,candidate_3,candidate_4,candidate_2,4,0.1475
56,candidate_1,candidate_3,candidate_4,candidate_2,4,0.1475
57,candidate_1,candidate_3,candidate_4,candidate_2,4,0.1475
58,candidate_1,0,candidate_4,candidate_2,4,0.1475
59,candidate_1,candidate_3,candidate_4,candidate_2,4,0.1475
60,candidate_1,candidate_3,0,candidate_2,4,0.1475
61,0,candidate_3,0,candidate_2,4,0.1475
62,candidate_1,candidate_3,candidate_4,candidate_2,4,0.1475
63,candidate_1,candidate_3,candidate_4,candidate_2,4,0.1475
64,candidate_1,candidate_3,candidate_4,candidate_2,4,0.1475
65,0,candidate_3,candidate_4,candidate_2,4,0.1475
66,0,candidate_3,candidate_4,0,4,0.1475
67,0,candidate_3,candidate_4,candidate_2,4,0.1475
68,candidate_1,candidate_3,candidate_4,candidate_2,4,0.1475
69,candidate_1,candidate_3,0,candidate_2,4,0.1475
70,candidate_1,candidate_3,candidate_4,0,4,0.1475
71,candidate_1,candidate_3,candidate_4,candidate_2,4,0.1475
72,candidate_1,candidate_3,candidate_4,candidate_2,4,0.1475
73,candidate_1,candidate_3,candidate_4,candidate_2,4,0.1475
74,candidate_1,candidate_3,0,candidate_2,4,0.1475
75,candidate_1,candidate_3,candidate_4,candidate_2,4,0.1475
76,candidate_1,candidate_3,candidate_4,candidate_2,4,0.1475
77,candidate_1,candidate_3,candidate_4,candidate_2,4,0.1475
78,candidate_1,candidate_3,candidate_4,0,4,0.1475
79,candidate_1,candidate_3,candidate_4,candidate_2,4,0.1475
80,candidate_1,candidate_3,candidate_4,candidate_2,4,0.1475
81,0,candidate_3,candidate_4,candidate_2,4,0.1475
82,candidate_1,candidate_3,candidate_4,candidate_2,4,0.1475
83,candidate_1,candidate_3,candidate_4,candidate_2,4,0.1475
84,candidate_1,candidate_3,candidate_4,candidate_2,4,0.1475
85,candidate_1,candidate_3,candidate_4,candidate_2,4,0.1475
86,candidate_1,candidate_3,candidate_4,candidate_2,4,0.1475
87,0,candidate_3,0,candidate_2,4,0.1475
88,candidate_1,candidate_3,0,candidate_2,4,0.1475
89,candidate_1,0,candidate_4,candidate_2,4,0.1475
90,candidate_1,candidate_3,candidate_4,candidate_2,4,0.1475
91,0,candidate_3,candidate_4,candidate_2,4,0.1475
92,candidate_1,candidate_3,0,0,4,0.1475
93,candidate_1,candidate_3,candidate_4,candidate_2,4,0.1475
94,candidate_1,candidate_3,candidate_4,candidate_2,4,0.1475
95,candidate_1,candidate_3,candidate_4,candidate_2,4,0.1475
96,candidate_1,candidate_3,candidate_4,candidate_2,4,0.1475
97,0,candidate_3,candidate_4,0,4,0.1475
98,0,0,candidate_4,candidate_2,4,0.1475
99,candidate_1,candidate_3,candidate_4,candidate_2,4,0.1475
100,candidate_1,candidate_3,candidate_4,candidate_2,4,0.1475
101,candidate_1,candidate_3,0,candidate_2,4,0.1475
102,candidate_1,candidate_3,candidate_4,candidate_2,4,0.1475
103,candidate_1,candidate_3,candidate_4,candidate_2,4,0.1475
104,candidate_1,candidate_3,0,0,4,0.1475
105,candidate_1,candidate_3,candidate_4,candidate_2,4,0.1475
106,0,candidate_3,candidate_4,0,4,0.1475
107,candidate_1,candidate_3,candidate_4,candidate_2,4,0.1475
108,candidate_1,0,candidate_4,candidate_2,4,0.1475
109,candidate_1,candidate_3,candidate_4,candidate_2,4,0.1475
110,candidate_1,candidate_3,candidate_4,candidate_2,4,0.1475
111,candidate_1,candidate_3,candidate_4,candidate_2,4,0.1475
112,candidate_1,candidate_3,0,candidate_2,4,0.1475
113,candidate_1,candidate_3,candidate_4,candidate_2,4,0.1475
114,candidate_1,candidate_3,candidate_4,candidate_2,4,0.1475
115,candidate_1,0,candidate_4,candidate_2,4,0.1475
116,candidate_1,candidate_3,candidate_4,0,4,0.1475
117,candidate_1,0,candidate_4,candidate_2,4,0.1475
118,candidate_1,candidate_3,candidate_4,candidate_2,4,0.1475
119,candidate_1,candidate_3,candidate_4,candidate_2,4,0.1475
120,candidate_1,candidate_3,candidate_4,candidate_2,4,0.1475
121,candidate_1,candidate_3,candidate_4,candidate_2,4,0.1475
122,candidate_1,candidate_3,0,candidate_2,4,0.1475
123,candidate_1,candidate_3,candidate_4,0,4,0.1475
124,candidate_1,candidate_3,candidate_4,0,4,0.1475
125,candidate_1,candidate_3,candidate_4,candidate_2,4,0.1475
126,candidate_1,candidate_3,0,candidate_2,4,0.1475
127,candidate_1,candidate_3,0,candidate_2,4,0.1475
128,candidate_1,candidate_3,candidate_4,candidate_2,4,0.1475
129,candidate_1,candidate_3,candidate_4,candidate_2,4,0.1475
130,candidate_1,candidate_3,candidate_4,candidate_2,4,0.1475
131,0,0,candidate_4,candidate_2,4,0.1475
132,candidate_1,candidate_3,candidate_4,candidate_2,4,0.1475
133,candidate_1,candidate_3,candidate_4,candidate_2,4,0.1475
134,candidate_1,candidate_3,candidate_4,0,4,0.1475
135,0,0,candidate_4,candidate_2,4,0.1475
136,0,candidate_3,candidate_4,candidate_2,4,0.1475
137,candidate_1,0,candidate_4,candidate_2,4,0.1475
138,candidate_1,candidate_3,candidate_4,candidate_2,4,0.1475
139,candidate_1,0,candidate_4,candidate_2,4,0.1475
140,candidate_1,candidate_3,candidate_4,candidate_2,4,0.1475
141,candidate_1,candidate_3,0,candidate_2,4,0.1475
142,candidate_1,0,0,candidate_2,4,0.1475
143,candidate_1,candidate_3,candidate_4,candidate_2,4,0.1475
144,0,candidate_3,candidate_4,candidate_2,4,0.1475
145,candidate_1,candidate_3,candidate_4,candidate_2,4,0.1475
146,0,candidate_3,0,candidate_2,4,0.1475
147,candidate_1,candidate_3,candidate_4,0,4,0.1475
148,candidate_1,candidate_3,candidate_4,0,4,0.1475
149,0,candidate_3,0,candidate_2,4,0.1475
150,candidate_1,candidate_3,0,candidate_2,4,0.1475
151,candidate_1,candidate_3,candidate_4,candidate_2,4,0.1475
152,candidate_1,candidate_3,candidate_4,candidate_2,4,0.1475
153,candidate_1,candidate_3,candidate_4,0,4,0.1475
154,0,candidate_3,candidate_4,candidate_2,4,0.1475
155,candidate_1,candidate_3,candidate_4,0,4,0.1475
156,candidate_1,candidate_3,0,candidate_2,4,0.1475
157,candidate_1,candidate_3,candidate_4,candidate_2,4,0.1475
158,0,candidate_3,candidate_4,candidate_2,4,0.1475
159,candidate_1,0,candidate_4,0,4,0.1475
160,candidate_1,candidate_3,candidate_4,candidate_2,4,0.1475
161,0,candidate_3,0,candidate_2,4,0.1475
162,candidate_1,candidate_3,candidate_4,candidate_2,4,0.1475
163,candidate_1,candidate_3,candidate_4,0,4,0.1475
164,candidate_1,candidate_3,candidate_4,0,4,0.1475
165,candidate_1,candidate_3,0,candidate_2,4,0.1475
166,candidate_1,candidate_3,candidate_4,candidate_2,4,0.1475
167,candidate_1,0,0,candidate_2,4,0.1475
168,candidate_1,candidate_3,candidate_4,candidate_2,4,0.1475
169,candidate_1,candidate_3,candidate_4,0,4,0.1475
170,candidate_1,candidate_3,candidate_4,candidate_2,4,0.1475
0,candidate_1,candidate_4,candidate_2,candidate_3,4,0.1475
1,candidate_1,candidate_4,0,candidate_3,4,0.1475
2,candidate_1,candidate_4,candidate_2,candidate_3,4,0.1475
3,candidate_1,0,candidate_2,candidate_3,4,0.1475
4,candidate_1,candidate_4,0,candidate_3,4,0.1475
5,candidate_1,candidate_4,candidate_2,candidate_3,4,0.1475
6,candidate_1,0,candidate_2,candidate_3,4,0.1475
7,candidate_1,candidate_4,candidate_2,candidate_3,4,0.1475
8,candidate_1,candidate_4,candidate_2,candidate_3,4,0.1475
9,candidate_1,candidate_4,candidate_2,0,4,0.1475
10,0,candidate_4,candidate_2,candidate_3,4,0.1475
11,candidate_1,candidate_4,candidate_2,candidate_3,4,0.1475
12,candidate_1,0,candidate_2,candidate_3,4,0.1475
13,0,candidate_4,0,candidate_3,4,0.1475
14,candidate_1,candidate_4,candidate_2,candidate_3,4,0.1475
15,candidate_1,0,candidate_2,candidate_3,4,0.1475
16,candidate_1,0,candidate_2,candidate_3,4,0.1475
17,candidate_1,candidate_4,0,candidate_3,4,0.1475
18,candidate_1,candidate_4,candidate_2,candidate_3,4,0.1475
19,candidate_1,candidate_4,candidate_2,0,4,0.1475
20,candidate_1,candidate_4,candidate_2,candidate_3,4,0.1475
21,candidate_1,0,candidate_2,candidate_3,4,0.1475
22,candidate_1,candidate_4,candidate_2,candidate_3,4,0.1475
23,candidate_1,0,candidate_2,candidate_3,4,0.1475
24,candidate_1,candidate_4,candidate_2,candidate_3,4,0.1475
25,candidate_1,candidate_4,candidate_2,candidate_3,4,0.1475
26,candidate_1,candidate_4,candidate_2,candidate_3,4,0.1475
27,candidate_1,candidate_4,0,candidate_3,4,0.1475
28,candidate_1,candidate_4,candidate_2,candidate_3,4,0.1475
29,candidate_1,0,candidate_2,candidate_3,4,0.1475
30,0,candidate_4,candidate_2,candidate_3,4,0.1475
31,candidate_1,candidate_4,candidate_2,candidate_3,4,0.1475
32,candidate_1,candidate_4,candidate_2,0,4,0.1475
33,candidate_1,candidate_4,candidate_2,candidate_3,4,0.1475
34,candidate_1,0,candidate_2,0,4,0.1475
35,candidate_1,candidate_4,candidate_2,0,4,0.1475
36,candidate_1,candidate_4,candidate_2,candidate_3,4,0.1475
37,candidate_1,candidate_4,candidate_2,candidate_3,4,0.1475
38,candidate_1,candidate_4,candidate_2,candidate_3,4,0.1475
39,candidate_1,candidate_4,0,candidate_3,4,0.1475
40,candidate_1,candidate_4,candidate_2,candidate_3,4,0.1475
41,candidate_1,candidate_4,candidate_2,candidate_3,4,0.1475
42,candidate_1,candidate_4,candidate_2,0,4,0.1475
43,0,candidate_4,candidate_2,0,4,0.1475
44,candidate_1,0,candidate_2,candidate_3,4,0.1475
45,candidate_1,candidate_4,candidate_2,candidate_3,4,0.1475
46,candidate_1,candidate_4,candidate_2,candidate_3,4,0.1475
47,candidate_1,candidate_4,candidate_2,candidate_3,4,0.1475
48,candidate_1,candidate_4,0,candidate_3,4,0.1475
49,0,0,candidate_2,candidate_3,4,0.1475
50,candidate_1,candidate_4,candidate_2,candidate_3,4,0.1475
51,candidate_1,candidate_4,0,candidate_3,4,0.1475
52,candidate_1,candidate_4,candidate_2,candidate_3,4,0.1475
53,0,candidate_4,candidate_2,0,4,0.1475
54,candidate_1,candidate_4,candidate_2,candidate_3,4,0.1475
55,candidate_1,candidate_4,candidate_2,candidate_3,4,0.1475
56,candidate_1,candidate_4,candidate_2,candidate_3,4,0.1475
57,candidate_1,candidate_4,candidate_2,candidate_3,4,0.1475
58,candidate_1,candidate_4,candidate_2,candidate_3,4,0.1475
59,0,0,candidate_2,candidate_3,4,0.1475
60,0,candidate_4,candidate_2,candidate_3,4,0.1475
61,candidate_1,candidate_4,candidate_2,candidate_3,4,0.1475
62,candidate_1,candidate_4,0,candidate_3,4,0.1475
63,candidate_1,candidate_4,candidate_2,candidate_3,4,0.1475
64,candidate_1,candidate_4,candidate_2,candidate_3,4,0.1475
65,0,candidate_4,candidate_2,candidate_3,4,0.1475
66,candidate_1,candidate_4,candidate_2,candidate_3,4,0.1475
67,candidate_1,candidate_4,candidate_2,candidate_3,4,0.1475
68,candidate_1,candidate_4,candidate_2,candidate_3,4,0.1475
69,candidate_1,candidate_4,0,candidate_3,4,0.1475
70,candidate_1,candidate_4,candidate_2,candidate_3,4,0.1475
71,candidate_1,candidate_4,candidate_2,candidate_3,4,0.1475
72,candidate_1,candidate_4,candidate_2,candidate_3,4,0.1475
73,candidate_1,candidate_4,0,candidate_3,4,0.1475
74,candidate_1,candidate_4,candidate_2,candidate_3,4,0.1475
75,candidate_1,candidate_4,candidate_2,candidate_3,4,0.1475
76,candidate_1,candidate_4,0,candidate_3,4,0.1475
77,0,candidate_4,candidate_2,0,4,0.1475
78,candidate_1,candidate_4,candidate_2,0,4,0.1475
79,candidate_1,candidate_4,candidate_2,candidate_3,4,0.1475
80,candidate_1,candidate_4,candidate_2,candidate_3,4,0.1475
81,0,0,0,candidate_3,4,0.1475
82,candidate_1,candidate_4,candidate_2,candidate_3,4,0.1475
83,candidate_1,candidate_4,candidate_2,candidate_3,4,0.1475
84,0,candidate_4,candidate_2,candidate_3,4,0.1475
85,candidate_1,candidate_4,candidate_2,0,4,0.1475
86,candidate_1,candidate_4,0,candidate_3,4,0.1475
87,candidate_1,candidate_4,candidate_2,candidate_3,4,0.1475
88,candidate_1,candidate_4,0,candidate_3,4,0.1475
89,candidate_1,0,candidate_2,candidate_3,4,0.1475
90,candidate_1,candidate_4,candidate_2,candidate_3,4,0.1475
91,candidate_1,candidate_4,candidate_2,candidate_3,4,0.1475
92,candidate_1,candidate_4,candidate_2,candidate_3,4,0.1475
93,candidate_1,0,candidate_2,candidate_3,4,0.1475
94,candidate_1,candidate_4,0,0,4,0.1475
95,candidate_1,candidate_4,candidate_2,0,4,0.1475
96,candidate_1,candidate_4,candidate_2,candidate_3,4,0.1475
97,0,candidate_4,candidate_2,candidate_3,4,0.1475
98,0,0,candidate_2,0,4,0.1475
99,candidate_1,candidate_4,candidate_2,candidate_3,4,0.1475
100,0,candidate_4,candidate_2,candidate_3,4,0.1475
101,candidate_1,candidate_4,candidate_2,candidate_3,4,0.1475
102,candidate_1,candidate_4,candidate_2,candidate_3,4,0.1475
103,candidate_1,candidate_4,0,candidate_3,4,0.1475
104,candidate_1,candidate_4,candidate_2,candidate_3,4,0.1475
105,candidate_1,candidate_4,candidate_2,candidate_3,4,0.1475
106,candidate_1,candidate_4,candidate_2,candidate_3,4,0.1475
107,candidate_1,candidate_4,0,0,4,0.1475
108,candidate_1,candidate_4,candidate_2,candidate_3,4,0.1475
109,candidate_1,candidate_4,0,candidate_3,4,0.1475
110,candidate_1,0,candidate_2,candidate_3,4,0.1475
111,candidate_1,candidate_4,candidate_2,candidate_3,4,0.1475
112,candidate_1,0,candidate_2,candidate_3,4,0.1475
113,0,candidate_4,0,candidate_3,4,0.1475
114,candidate_1,candidate_4,candidate_2,0,4,0.1475
115,candidate_1,candidate_4,0,0,4,0.1475
116,candidate_1,candidate_4,candidate_2,candidate_3,4,0.1475
117,candidate_1,candidate_4,0,candidate_3,4,0.1475
118,candidate_1,0,candidate_2,candidate_3,4,0.1475
119,candidate_1,candidate_4,candidate_2,0,4,0.1475
120,0,candidate_4,candidate_2,candidate_3,4,0.1475
121,candidate_1,candidate_4,candidate_2,0,4,0.1475
122,candidate_1,candidate_4,candidate_2,candidate_3,4,0.1475
123,candidate_1,candidate_4,0,candidate_3,4,0.1475
124,candidate_1,candidate_4,0,candidate_3,4,0.1475
125,candidate_1,candidate_4,candidate_2,candidate_3,4,0.1475
126,candidate_1,candidate_4,candidate_2,candidate_3,4,0.1475
127,candidate_1,candidate_4,candidate_2,candidate_3,4,0.1475
128,candidate_1,candidate_4,candidate_2,candidate_3,4,0.1475
129,0,candidate_4,candidate_2,candidate_3,4,0.1475
130,candidate_1,candidate_4,candidate_2,candidate_3,4,0.1475
131,candidate_1,candidate_4,candidate_2,0,4,0.1475
132,candidate_1,candidate_4,candidate_2,candidate_3,4,0.1475
133,candidate_1,candidate_4,candidate_2,candidate_3,4,0.1475
134,candidate_1,candidate_4,candidate_2,candidate_3,4,0.1475
135,candidate_1,candidate_4,candidate_2,candidate_3,4,0.1475
136,candidate_1,candidate_4,candidate_2,candidate_3,4,0.1475
137,candidate_1,0,candidate_2,candidate_3,4,0.1475
138,candidate_1,candidate_4,candidate_2,candidate_3,4,0.1475
139,candidate_1,candidate_4,candidate_2,candidate_3,4,0.1475
140,candidate_1,candidate_4,candidate_2,candidate_3,4,0.1475
141,candidate_1,candidate_4,candidate_2,candidate_3,4,0.1475
142,candidate_1,candidate_4,candidate_2,candidate_3,4,0.1475
143,candidate_1,candidate_4,candidate_2,candidate_3,4,0.1475
144,candidate_1,candidate_4,candidate_2,candidate_3,4,0.1475
145,candidate_1,candidate_4,candidate_2,candidate_3,4,0.1475
146,candidate_1,candidate_4,candidate_2,candidate_3,4,0.1475
147,candidate_1,candidate_4,candidate_2,candidate_3,4,0.1475
148,candidate_1,candidate_4,candidate_2,candidate_3,4,0.1475
149,candidate_1,candidate_4,0,candidate_3,4,0.1475
150,candidate_1,candidate_4,candidate_2,candidate_3,4,0.1475
151,candidate_1,candidate_4,0,candidate_3,4,0.1475
152,candidate_1,candidate_4,candidate_2,candidate_3,4,0.1475
153,candidate_1,candidate_4,candidate_2,candidate_3,4,0.1475
154,candidate_1,0,candidate_2,candidate_3,4,0.1475
155,candidate_1,candidate_4,0,0,4,0.1475
156,0,candidate_4,candidate_2,0,4,0.1475
157,0,candidate_4,0,candidate_3,4,0.1475
158,candidate_1,candidate_4,candidate_2,candidate_3,4,0.1475
159,0,candidate_4,candidate_2,candidate_3,4,0.1475
160,candidate_1,candidate_4,candidate_2,candidate_3,4,0.1475
161,candidate_1,candidate_4,candidate_2,candidate_3,4,0.1475
162,candidate_1,candidate_4,candidate_2,candidate_3,4,0.1475
163,candidate_1,candidate_4,candidate_2,candidate_3,4,0.1475
164,candidate_1,candidate_4,candidate_2,candidate_3,4,0.1475
165,candidate_1,0,candidate_2,candidate_3,4,0.1475
166,candidate_1,0,candidate_2,candidate_3,4,0.1475
167,candidate_1,candidate_4,candidate_2,candidate_3,4,0.1475
168,candidate_1,candidate_4,candidate_2,candidate_3,4,0.1475
169,candidate_1,0,candidate_2,candidate_3,4,0.1475
170,0,candidate_4,candidate_2,candidate_3,4,0.1475
171,candidate_1,candidate_4,candidate_2,candidate_3,4,0.1475
172,candidate_1,candidate_4,candidate_2,0,4,0.1475
173,candidate_1,candidate_4,candidate_2,candidate_3,4,0.1475
174,candidate_1,candidate_4,candidate_2,candidate_3,4,0.1475
175,candidate_1,candidate_4,0,candidate_3,4,0.1475
176,0,candidate_4,candidate_2,candidate_3,4,0.1475
177,0,candidate_4,candidate_2,candidate_3,4,0.1475
178,0,candidate_4,candidate_2,candidate_3,4,0.1475
179,candidate_1,candidate_4,0,candidate_3,4,0.1475
180,candidate_1,0,candidate_2,candidate_3,4,0.1475
181,candidate_1,0,candidate_2,candidate_3,4,0.1475
182,candidate_1,0,candidate_2,candidate_3,4,0.1475
183,candidate_1,candidate_4,candidate_2,candidate_3,4,0.1475
184,candidate_1,candidate_4,candidate_2,candidate_3,4,0.1475
185,candidate_1,candidate_4,candidate_2,candidate_3,4,0.1475
186,candidate_1,candidate_4,candidate_2,candidate_3,4,0.1475
187,candidate_1,candidate_4,candidate_2,candidate_3,4,0.1475
188,candidate_1,candidate_4,0,candidate_3,4,0.1475
189,0,candidate_4,candidate_2,candidate_3,4,0.1475
190,candidate_1,candidate_4,candidate_2,candidate_3,4,0.1475
191,candidate_1,0,0,candidate_3,4,0.1475
192,0,candidate_4,candidate_2,candidate_3,4,0.1475
193,candidate_1,candidate_4,candidate_2,candidate_3,4,0.1475
194,candidate_1,candidate_4,candidate_2,candidate_3,4,0.1475
195,candidate_1,candidate_4,candidate_2,0,4,0.1475
196,candidate_1,candidate_4,candidate_2,candidate_3,4,0.1475
197,candidate_1,0,candidate_2,candidate_3,4,0.1475
198,candidate_1,candidate_4,candidate_2,candidate_3,4,0.1475
199,0,candidate_4,candidate_2,candidate_3,4,0.1475
200,candidate_1,candidate_4,candidate_2,candidate_3,4,0.1475
201,candidate_1,candidate_4,candidate_2,candidate_3,4,0.1475
202,candidate_1,candidate_4,candidate_2,candidate_3,4,0.1475
203,candidate_1,candidate_4,candidate_2,0,4,0.1475
204,candidate_1,candidate_4,candidate_2,candidate_3,4,0.1475
205,candidate_1,candidate_4,candidate_2,candidate_3,4,0.1475
206,candidate_1,candidate_4,candidate_2,candidate_3,4,0.1475
207,candidate_1,candidate_4,candidate_2,candidate_3,4,0.1475
208,candidate_1,candidate_4,0,candidate_3,4,0.1475
209,0,candidate_4,candidate_2,0,4,0.1475
210,candidate_1,candidate_4,candidate_2,candidate_3,4,0.1475
211,candidate_1,0,candidate_2,candidate_3,4,0.1475
212,candidate_1,candidate_4,candidate_2,0,4,0.1475
213,candidate_1,candidate_4,candidate_2,candidate_3,4,0.1475
214,0,candidate_4,candidate_2,0,4,0.1475
215,candidate_1,candidate_4,candidate_2,candidate_3,4,0.1475
216,candidate_1,candidate_4,candidate_2,candidate_3,4,0.1475
217,candidate_1,candidate_4,candidate_2,0,4,0.1475
218,candidate_1,candidate_4,0,candidate_3,4,0.1475
219,candidate_1,candidate_4,candidate_2,candidate_3,4,0.1475
220,candidate_1,candidate_4,candidate_2,candidate_3,4,0.1475
221,candidate_1,0,0,candidate_3,4,0.1475
222,candidate_1,candidate_4,candidate_2,candidate_3,4,0.1475
223,candidate_1,0,candidate_2,candidate_3,4,0.1475
224,candidate_1,candidate_4,candidate_2,candidate_3,4,0.1475
225,candidate_1,candidate_4,candidate_2,candidate_3,4,0.1475
226,candidate_1,candidate_4,candidate_2,candidate_3,4,0.1475
227,candidate_1,candidate_4,0,candidate_3,4,0.1475
228,candidate_1,candidate_4,candidate_2,candidate_3,4,0.1475
229,candidate_1,candidate_4,candidate_2,candidate_3,4,0.1475
230,candidate_1,candidate_4,candidate_2,candidate_3,4,0.1475
231,candidate_1,candidate_4,candidate_2,0,4,0.1475
232,0,candidate_4,candidate_2,candidate_3,4,0.1475
233,candidate_1,candidate_4,candidate_2,candidate_3,4,0.1475
234,candidate_1,candidate_4,candidate_2,candidate_3,4,0.1475
235,candidate_1,0,candidate_2,candidate_3,4,0.1475
236,candidate_1,candidate_4,candidate_2,candidate_3,4,0.1475
237,0,candidate_4,candidate_2,0,4,0.1475
238,candidate_1,candidate_4,candidate_2,0,4,0.1475
239,candidate_1,candidate_4,candidate_2,candidate_3,4,0.1475
240,candidate_1,candidate_4,candidate_2,0,4,0.1475
241,candidate_1,0,candidate_2,candidate_3,4,0.1475
242,candidate_1,candidate_4,candidate_2,candidate_3,4,0.1475
243,candidate_1,candidate_4,candidate_2,candidate_3,4,0.1475
244,candidate_1,candidate_4,candidate_2,candidate_3,4,0.1475
245,candidate_1,candidate_4,candidate_2,candidate_3,4,0.1475
246,candidate_1,candidate_4,candidate_2,candidate_3,4,0.1475
247,candidate_1,candidate_4,candidate_2,candidate_3,4,0.1475
248,candidate_1,candidate_4,candidate_2,candidate_3,4,0.1475
249,candidate_1,candidate_4,candidate_2,0,4,0.1475
250,candidate_1,0,candidate_2,candidate_3,4,0.1475
251,candidate_1,candidate_4,candidate_2,candidate_3,4,0.1475
252,candidate_1,candidate_4,0,0,4,0.1475
253,candidate_1,candidate_4,candidate_2,candidate_3,4,0.1475
254,candidate_1,candidate_4,0,candidate_3,4,0.1475
255,candidate_1,candidate_4,candidate_2,candidate_3,4,0.1475
256,candidate_1,0,candidate_2,candidate_3,4,0.1475
257,candidate_1,candidate_4,candidate_2,candidate_3,4,0.1475
258,0,candidate_4,candidate_2,candidate_3,4,0.1475
259,candidate_1,candidate_4,candidate_2,candidate_3,4,0.1475
260,candidate_1,candidate_4,candidate_2,candidate_3,4,0.1475
261,candidate_1,candidate_4,candidate_2,candidate_3,4,0.1475
262,candidate_1,candidate_4,candidate_2,candidate_3,4,0.1475
263,candidate_1,candidate_4,candidate_2,candidate_3,4,0.1475
264,candidate_1,candidate_4,candidate_2,candidate_3,4,0.1475
265,candidate_1,candidate_4,candidate_2,candidate_3,4,0.1475
266,candidate_1,candidate_4,candidate_2,candidate_3,4,0.1475
267,candidate_1,candidate_4,candidate_2,0,4,0.1475
268,candidate_1,candidate_4,candidate_2,candidate_3,4,0.1475
269,candidate_1,candidate_4,candidate_2,candidate_3,4,0.1475
270,candidate_1,candidate_4,candidate_2,candidate_3,4,0.1475
271,candidate_1,candidate_4,candidate_2,0,4,0.1475
272,candidate_1,0,candidate_2,candidate_3,4,0.1475
273,candidate_1,candidate_4,0,candidate_3,4,0.1475
274,candidate_1,0,candidate_2,candidate_3,4,0.1475
275,candidate_1,0,candidate_2,candidate_3,4,0.1475
276,0,candidate_4,candidate_2,candidate_3,4,0.1475
277,candidate_1,candidate_4,candidate_2,candidate_3,4,0.1475
278,candidate_1,candidate_4,candidate_2,candidate_3,4,0.1475
279,candidate_1,candidate_4,candidate_2,candidate_3,4,0.1475
280,candidate_1,candidate_4,candidate_2,candidate_3,4,0.1475
281,candidate_1,candidate_4,0,0,4,0.1475
282,0,candidate_4,candidate_2,candidate_3,4,0.1475
283,candidate_1,candidate_4,candidate_2,candidate_3,4,0.1475
284,candidate_1,candidate_4,candidate_2,candidate_3,4,0.1475
285,candidate_1,candidate_4,candidate_2,candidate_3,4,0.1475
286,candidate_1,candidate_4,0,candidate_3,4,0.1475
287,candidate_1,candidate_4,candidate_2,candidate_3,4,0.1475
288,candidate_1,candidate_4,candidate_2,candidate_3,4,0.1475
289,candidate_1,candidate_4,candidate_2,0,4,0.1475
290,0,0,candidate_2,candidate_3,4,0.1475
291,0,candidate_4,candidate_2,0,4,0.1475
292,candidate_1,candidate_4,candidate_2,candidate_3,4,0.1475
293,candidate_1,candidate_4,candidate_2,candidate_3,4,0.1475
294,candidate_1,0,candidate_2,candidate_3,4,0.1475
295,0,candidate_4,candidate_2,candidate_3,4,0.1475
296,candidate_1,candidate_4,candidate_2,candidate_3,4,0.1475
297,candidate_1,candidate_4,candidate_2,0,4,0.1475
298,0,candidate_4,candidate_2,candidate_3,4,0.1475
299,0,candidate_4,candidate_2,candidate_3,4,0.1475
300,candidate_1,candidate_4,candidate_2,candidate_3,4,0.1475
301,candidate_1,candidate_4,candidate_2,candidate_3,4,0.1475
302,0,candidate_4,candidate_2,candidate_3,4,0.1475
303,candidate_1,candidate_4,candidate_2,candidate_3,4,0.1475
304,candidate_1,candidate_4,candidate_2,candidate_3,4,0.1475
305,candidate_1,candidate_4,0,0,4,0.1475
306,candidate_1,candidate_4,candidate_2,candidate_3,4,0.1475
307,candidate_1,candidate_4,candidate_2,candidate_3,4,0.1475
308,candidate_1,candidate_4,candidate_2,candidate_3,4,0.1475
309,candidate_1,0,candidate_2,candidate_3,4,0.1475
310,0,candidate_4,candidate_2,candidate_3,4,0.1475
311,candidate_1,candidate_4,candidate_2,candidate_3,4,0.1475
312,candidate_1,candidate_4,0,candidate_3,4,0.1475
313,0,candidate_4,candidate_2,candidate_3,4,0.1475
314,candidate_1,candidate_4,candidate_2,0,4,0.1475
315,candidate_1,candidate_4,candidate_2,candidate_3,4,0.1475
316,0,0,candidate_2,candidate_3,4,0.1475
317,candidate_1,candidate_4,candidate_2,candidate_3,4,0.1475
318,candidate_1,candidate_4,candidate_2,candidate_3,4,0.1475
319,candidate_1,candidate_4,candidate_2,candidate_3,4,0.1475
320,candidate_1,candidate_4,candidate_2,candidate_3,4,0.1475
321,0,candidate_4,candidate_2,candidate_3,4,0.1475
322,candidate_1,candidate_4,candidate_2,candidate_3,4,0.1475
323,candidate_1,0,candidate_2,0,4,0.1475
324,candidate_1,candidate_4,candidate_2,0,4,0.1475
325,candidate_1,candidate_4,candidate_2,candidate_3,4,0.1475
326,candidate_1,candidate_4,candidate_2,candidate_3,4,0.1475
327,candidate_1,candidate_4,0,candidate_3,4,0.1475
328,candidate_1,candidate_4,candidate_2,candidate_3,4,0.1475
329,candidate_1,candidate_4,candidate_2,candidate_3,4,0.1475
330,0,candidate_4,candidate_2,candidate_3,4,0.1475
331,candidate_1,candidate_4,candidate_2,0,4,0.1475
332,0,candidate_4,candidate_2,candidate_3,4,0.1475
333,0,0,0,candidate_3,4,0.1475
334,0,candidate_4,candidate_2,candidate_3,4,0.1475
335,candidate_1,candidate_4,candidate_2,candidate_3,4,0.1475
336,0,candidate_4,candidate_2,candidate_3,4,0.1475
337,candidate_1,candidate_4,candidate_2,0,4,0.1475
338,candidate_1,0,candidate_2,0,4,0.1475
339,candidate_1,candidate_4,candidate_2,candidate_3,4,0.1475
340,candidate_1,0,candidate_2,candidate_3,4,0.1475
341,candidate_1,candidate_4,candidate_2,candidate_3,4,0.1475
342,candidate_1,candidate_4,candidate_2,candidate_3,4,0.1475
343,candidate_1,0,candidate_2,candidate_3,4,0.1475
344,candidate_1,candidate_4,candidate_2,candidate_3,4,0.1475
345,candidate_1,candidate_4,candidate_2,candidate_3,4,0.1475
346,0,candidate_4,candidate_2,0,4,0.1475
347,candidate_1,candidate_4,candidate_2,candidate_3,4,0.1475
348,candidate_1,candidate_4,0,0,4,0.1475
349,candidate_1,candidate_4,candidate_2,candidate_3,4,0.1475
350,candidate_1,candidate_4,candidate_2,candidate_3,4,0.1475
351,candidate_1,candidate_4,candidate_2,candidate_3,4,0.1475
352,candidate_1,candidate_4,candidate_2,candidate_3,4,0.1475
353,0,candidate_4,candidate_2,candidate_3,4,0.1475
354,candidate_1,0,candidate_2,candidate_3,4,0.1475
355,candidate_1,candidate_4,candidate_2,0,4,0.1475
356,0,candidate_4,candidate_2,candidate_3,4,0.1475
357,0,candidate_4,0,candidate_3,4,0.1475
358,candidate_1,0,candidate_2,candidate_3,4,0.1475
359,candidate_1,candidate_4,0,candidate_3,4,0.1475
360,candidate_1,candidate_4,0,candidate_3,4,0.1475
361,candidate_1,0,candidate_2,candidate_3,4,0.1475
362,candidate_1,candidate_4,candidate_2,candidate_3,4,0.1475
363,candidate_1,candidate_4,0,0,4,0.1475
364,candidate_1,candidate_4,candidate_2,candidate_3,4,0.1475
365,0,candidate_4,candidate_2,candidate_3,4,0.1475
366,0,candidate_4,candidate_2,candidate_3,4,0.1475
367,candidate_1,candidate_4,candidate_2,candidate_3,4,0.1475
368,candidate_1,candidate_4,candidate_2,candidate_3,4,0.1475
369,candidate_1,0,candidate_2,candidate_3,4,0.1475
370,candidate_1,candidate_4,candidate_2,candidate_3,4,0.1475
371,candidate_1,candidate_4,candidate_2,candidate_3,4,0.1475
372,candidate_1,candidate_4,candidate_2,candidate_3,4,0.1475
373,candidate_1,candidate_4,candidate_2,candidate_3,4,0.1475
374,candidate_1,candidate_4,candidate_2,candidate_3,4,0.1475
375,candidate_1,candidate_4,candidate_2,candidate_3,4,0.1475
376,candidate_1,candidate_4,candidate_2,candidate_3,4,0.1475
377,candidate_1,candidate_4,candidate_2,candidate_3,4,0.1475
378,candidate_1,candidate_4,candidate_2,candidate_3,4,0.1475
379,candidate_1,candidate_4,candidate_2,candidate_3,4,0.1475
380,0,candidate_4,candidate_2,candidate_3,4,0.1475
381,candidate_1,candidate_4,candidate_2,candidate_3,4,0.1475
382,candidate_1,candidate_4,candidate_2,candidate_3,4,0.1475
383,candidate_1,candidate_4,candidate_2,candidate_3,4,0.1475
384,candidate_1,candidate_4,candidate_2,candidate_3,4,0.1475
385,candidate_1,candidate_4,candidate_2,candidate_3,4,0.1475
386,candidate_1,candidate_4,0,candidate_3,4,0.1475
387,candidate_1,candidate_4,candidate_2,candidate_3,4,0.1475
388,candidate_1,candidate_4,candidate_2,candidate_3,4,0.1475
389,candidate_1,0,candidate_2,0,4,0.1475
390,candidate_1,candidate_4,candidate_2,candidate_3,4,0.1475
391,candidate_1,candidate_4,candidate_2,candidate_3,4,0.1475
392,0,0,candidate_2,0,4,0.1475
393,candidate_1,candidate_4,candidate_2,candidate_3,4,0.1475
394,candidate_1,candidate_4,candidate_2,candidate_3,4,0.1475
395,candidate_1,candidate_4,candidate_2,candidate_3,4,0.1475
396,candidate_1,candidate_4,candidate_2,candidate_3,4,0.1475
397,candidate_1,candidate_4,candidate_2,candidate_3,4,0.1475
398,candidate_1,candidate_4,candidate_2,0,4,0.1475
399,candidate_1,0,candidate_2,candidate_3,4,0.1475
400,candidate_1,candidate_4,candidate_2,candidate_3,4,0.1475
401,candidate_1,candidate_4,candidate_2,candidate_3,4,0.1475
402,candidate_1,candidate_4,candidate_2,candidate_3,4,0.1475
403,candidate_1,candidate_4,candidate_2,candidate_3,4,0.1475
404,candidate_1,candidate_4,candidate_2,candidate_3,4,0.1475
405,candidate_1,candidate_4,candidate_2,candidate_3,4,0.1475
406,candidate_1,candidate_4,candidate_2,0,4,0.1475
407,candidate_1,0,candidate_2,candidate_3,4,0.1475
408,candidate_1,candidate_4,candidate_2,candidate_3,4,0.1475
409,candidate_1,candidate_4,candidate_2,candidate_3,4,0.1475
410,candidate_1,candidate_4,candidate_2,0,4,0.1475
411,candidate_1,candidate_4,candidate_2,candidate_3,4,0.1475
412,candidate_1,candidate_4,0,candidate_3,4,0.1475
413,candidate_1,candidate_4,candidate_2,candidate_3,4,0.1475
414,0,candidate_4,candidate_2,candidate_3,4,0.1475
415,0,candidate_4,candidate_2,0,4,0.1475
416,candidate_1,0,candidate_2,0,4,0.1475
417,0,candidate_4,candidate_2,candidate_3,4,0.1475
418,candidate_1,candidate_4,candidate_2,0,4,0.1475
419,candidate_1,0,candidate_2,candidate_3,4,0.1475
420,candidate_1,0,candidate_2,candidate_3,4,0.1475
421,candidate_1,candidate_4,candidate_2,candidate_3,4,0.1475
422,candidate_1,candidate_4,candidate_2,candidate_3,4,0.1475
423,candidate_1,0,candidate_2,candidate_3,4,0.1475
424,candidate_1,candidate_4,candidate_2,candidate_3,4,0.1475
425,candidate_1,candidate_4,candidate_2,candidate_3,4,0.1475
426,candidate_1,0,candidate_2,candidate_3,4,0.1475
427,0,candidate_4,candidate_2,candidate_3,4,0.1475
428,candidate_1,candidate_4,candidate_2,candidate_3,4,0.1475
429,candidate_1,candidate_4,0,candidate_3,4,0.1475
430,candidate_1,0,candidate_2,candidate_3,4,0.1475
431,candidate_1,candidate_4,candidate_2,candidate_3,4,0.1475
432,candidate_1,candidate_4,0,candidate_3,4,0.1475
433,candidate_1,candidate_4,candidate_2,candidate_3,4,0.1475
434,candidate_1,candidate_4,candidate_2,candidate_3,4,0.1475
435,candidate_1,candidate_4,candidate_2,candidate_3,4,0.1475
436,candidate_1,candidate_4,candidate_2,candidate_3,4,0.1475
437,0,candidate_4,candidate_2,candidate_3,4,0.1475
438,0,candidate_4,candidate_2,candidate_3,4,0.1475
439,candidate_1,candidate_4,candidate_2,0,4,0.1475
440,candidate_1,candidate_4,candidate_2,candidate_3,4,0.1475
441,candidate_1,candidate_4,candidate_2,candidate_3,4,0.1475
442,candidate_1,candidate_4,candidate_2,candidate_3,4,0.1475
443,candidate_1,candidate_4,candidate_2,candidate_3,4,0.1475
444,candidate_1,candidate_4,candidate_2,candidate_3,4,0.1475
445,candidate_1,candidate_4,candidate_2,candidate_3,4,0.1475
446,candidate_1,0,candidate_2,candidate_3,4,0.1475
447,candidate_1,candidate_4,0,candidate_3,4,0.1475
448,candidate_1,candidate_4,candidate_2,candidate_3,4,0.1475
449,candidate_1,candidate_4,0,candidate_3,4,0.1475
450,0,candidate_4,candidate_2,candidate_3,4,0.1475
451,candidate_1,candidate_4,candidate_2,candidate_3,4,0.1475
452,candidate_1,candidate_4,candidate_2,candidate_3,4,0.1475
453,candidate_1,candidate_4,candidate_2,candidate_3,4,0.1475
454,candidate_1,candidate_4,candidate_2,candidate_3,4,0.1475
455,candidate_1,candidate_4,0,candidate_3,4,0.1475
456,0,candidate_4,candidate_2,candidate_3,4,0.1475
457,candidate_1,0,candidate_2,candidate_3,4,0.1475
458,0,candidate_4,candidate_2,candidate_3,4,0.1475
459,candidate_1,0,candidate_2,candidate_3,4,0.1475
460,candidate_1,candidate_4,candidate_2,candidate_3,4,0.1475
461,candidate_1,candidate_4,candidate_2,0,4,0.1475
462,0,candidate_4,candidate_2,candidate_3,4,0.1475
463,candidate_1,candidate_4,candidate_2,candidate_3,4,0.1475
464,candidate_1,candidate_4,candidate_2,candidate_3,4,0.1475
465,candidate_1,candidate_4,candidate_2,candidate_3,4,0.1475
466,candidate_1,candidate_4,0,candidate_3,4,0.1475
467,candidate_1,candidate_4,candidate_2,candidate_3,4,0.1475
468,0,candidate_4,candidate_2,candidate_3,4,0.1475
469,candidate_1,candidate_4,candidate_2,candidate_3,4,0.1475
470,candidate_1,candidate_4,0,0,4,0.1475
471,candidate_1,candidate_4,candidate_2,candidate_3,4,0.1475
472,candidate_1,candidate_4,candidate_2,0,4,0.1475
473,candidate_1,candidate_4,candidate_2,0,4,0.1475
474,candidate_1,candidate_4,candidate_2,candidate_3,4,0.1475
475,0,candidate_4,candidate_2,candidate_3,4,0.1475
476,0,candidate_4,candidate_2,0,4,0.1475
477,0,candidate_4,candidate_2,candidate_3,4,0.1475
478,candidate_1,candidate_4,0,candidate_3,4,0.1475
479,candidate_1,candidate_4,candidate_2,candidate_3,4,0.1475
480,candidate_1,candidate_4,candidate_2,candidate_3,4,0.1475
481,candidate_1,candidate_4,candidate_2,candidate_3,4,0.1475
482,candidate_1,candidate_4,candidate_2,0,4,0.1475
483,candidate_1,candidate_4,0,candidate_3,4,0.1475
484,candidate_1,candidate_4,candidate_2,candidate_3,4,0.1475
485,0,candidate_4,candidate_2,0,4,0.1475
486,candidate_1,candidate_4,candidate_2,candidate_3,4,0.1475
487,candidate_1,candidate_4,candidate_2,candidate_3,4,0.1475
488,candidate_1,candidate_4,candidate_2,candidate_3,4,0.1475
489,candidate_1,candidate_4,candidate_2,candidate_3,4,0.1475
490,0,candidate_4,candidate_2,candidate_3,4,0.1475
491,candidate_1,candidate_4,candidate_2,candidate_3,4,0.1475
492,candidate_1,candidate_4,candidate_2,0,4,0.1475
493,0,candidate_4,candidate_2,0,4,0.1475
494,candidate_1,0,candidate_2,candidate_3,4,0.1475
495,candidate_1,candidate_4,candidate_2,0,4,0.1475
496,candidate_1,candidate_4,candidate_2,candidate_3,4,0.1475
497,candidate_1,candidate_4,candidate_2,candidate_3,4,0.1475
498,candidate_1,candidate_4,candidate_2,candidate_3,4,0.1475
499,candidate_1,0,candidate_2,candidate_3,4,0.1475
500,0,candidate_4,candidate_2,candidate_3,4,0.1475
501,candidate_1,0,candidate_2,candidate_3,4,0.1475
502,candidate_1,candidate_4,0,candidate_3,4,0.1475
503,candidate_1,candidate_4,candidate_2,candidate_3,4,0.1475
504,candidate_1,0,candidate_2,0,4,0.1475
505,candidate_1,candidate_4,0,candidate_3,4,0.1475
506,candidate_1,0,candidate_2,candidate_3,4,0.1475
507,candidate_1,candidate_4,candidate_2,0,4,0.1475
508,candidate_1,candidate_4,candidate_2,candidate_3,4,0.1475
509,candidate_1,candidate_4,candidate_2,0,4,0.1475
510,candidate_1,candidate_4,candidate_2,candidate_3,4,0.1475
511,candidate_1,candidate_4,candidate_2,candidate_3,4,0.1475
512,candidate_1,candidate_4,candidate_2,candidate_3,4,0.1475
513,candidate_1,candidate_4,candidate_2,candidate_3,4,0.1475
514,candidate_1,candidate_4,candidate_2,candidate_3,4,0.1475
515,candidate_1,candidate_4,candidate_2,candidate_3,4,0.1475
516,0,candidate_4,0,candidate_3,4,0.1475
517,candidate_1,candidate_4,candidate_2,candidate_3,4,0.1475
518,0,0,candidate_2,candidate_3,4,0.1475
519,0,0,candidate_2,candidate_3,4,0.1475
520,0,candidate_4,candidate_2,candidate_3,4,0.1475
521,candidate_1,candidate_4,0,0,4,0.1475
522,candidate_1,candidate_4,candidate_2,candidate_3,4,0.1475
523,candidate_1,candidate_4,candidate_2,candidate_3,4,0.1475
524,candidate_1,candidate_4,candidate_2,candidate_3,4,0.1475
525,candidate_1,candidate_4,candidate_2,candidate_3,4,0.1475
526,candidate_1,candidate_4,candidate_2,candidate_3,4,0.1475
527,candidate_1,candidate_4,0,0,4,0.1475
528,candidate_1,candidate_4,candidate_2,0,4,0.1475
529,candidate_1,candidate_4,0,candidate_3,4,0.1475
530,candidate_1,candidate_4,0,candidate_3,4,0.1475
531,candidate_1,candidate_4,candidate_2,candidate_3,4,0.1475
532,candidate_1,candidate_4,candidate_2,candidate_3,4,0.1475
533,candidate_1,0,candidate_2,candidate_3,4,0.1475
534,candidate_1,candidate_4,candidate_2,candidate_3,4,0.1475
535,candidate_1,candidate_4,candidate_2,candidate_3,4,0.1475
536,0,candidate_4,candidate_2,candidate_3,4,0.1475
537,candidate_1,0,candidate_2,candidate_3,4,0.1475
538,candidate_1,candidate_4,0,candidate_3,4,0.1475
539,0,candidate_4,candidate_2,candidate_3,4,0.1475
540,0,candidate_4,candidate_2,candidate_3,4,0.1475
541,candidate_1,candidate_4,candidate_2,candidate_3,4,0.1475
542,candidate_1,candidate_4,candidate_2,candidate_3,4,0.1475
543,candidate_1,candidate_4,candidate_2,candidate_3,4,0.1475
544,candidate_1,candidate_4,candidate_2,0,4,0.1475
545,candidate_1,candidate_4,candidate_2,0,4,0.1475
546,candidate_1,candidate_4,candidate_2,candidate_3,4,0.1475
547,candidate_1,candidate_4,candidate_2,candidate_3,4,0.1475
548,candidate_1,candidate_4,0,candidate_3,4,0.1475
549,candidate_1,candidate_4,candidate_2,candidate_3,4,0.1475
550,candidate_1,candidate_4,candidate_2,candidate_3,4,0.1475
551,candidate_1,candidate_4,candidate_2,candidate_3,4,0.1475
552,candidate_1,candidate_4,candidate_2,candidate_3,4,0.1475
553,candidate_1,candidate_4,candidate_2,candidate_3,4,0.1475
554,candidate_1,candidate_4,candidate_2,0,4,0.1475
555,candidate_1,candidate_4,candidate_2,candidate_3,4,0.1475
556,candidate_1,candidate_4,candidate_2,candidate_3,4,0.1475
557,candidate_1,candidate_4,candidate_2,candidate_3,4,0.1475
558,candidate_1,candidate_4,0,candidate_3,4,0.1475
559,candidate_1,0,candidate_2,candidate_3,4,0.1475
560,candidate_1,candidate_4,candidate_2,candidate_3,4,0.1475
561,candidate_1,candidate_4,candidate_2,candidate_3,4,0.1475
562,candidate_1,candidate_4,candidate_2,candidate_3,4,0.1475
563,candidate_1,candidate_4,candidate_2,candidate_3,4,0.1475
564,candidate_1,candidate_4,0,candidate_3,4,0.1475
565,candidate_1,candidate_4,candidate_2,candidate_3,4,0.1475
566,candidate_1,candidate_4,candidate_2,candidate_3,4,0.1475
567,candidate_1,candidate_4,0,candidate_3,4,0.1475
568,candidate_1,candidate_4,candidate_2,candidate_3,4,0.1475
569,0,candidate_4,candidate_2,candidate_3,4,0.1475
570,0,candidate_4,candidate_2,candidate_3,4,0.1475
571,candidate_1,0,0,candidate_3,4,0.1475
572,candidate_1,candidate_4,0,candidate_3,4,0.1475
573,candidate_1,candidate_4,candidate_2,candidate_3,4,0.1475
574,0,candidate_4,0,candidate_3,4,0.1475
575,candidate_1,candidate_4,candidate_2,candidate_3,4,0.1475
576,0,candidate_4,candidate_2,candidate_3,4,0.1475
577,candidate_1,candidate_4,candidate_2,candidate_3,4,0.1475
578,candidate_1,candidate_4,candidate_2,candidate_3,4,0.1475
579,candidate_1,candidate_4,candidate_2,candidate_3,4,0.1475
580,candidate_1,0,0,0,4,0.1475
581,candidate_1,candidate_4,candidate_2,candidate_3,4,0.1475
582,candidate_1,candidate_4,candidate_2,candidate_3,4,0.1475
583,candidate_1,candidate_4,0,candidate_3,4,0.1475
584,0,candidate_4,candidate_2,candidate_3,4,0.1475
585,candidate_1,candidate_4,candidate_2,candidate_3,4,0.1475
586,candidate_1,candidate_4,0,candidate_3,4,0.1475
587,0,candidate_4,candidate_2,candidate_3,4,0.1475
588,candidate_1,candidate_4,candidate_2,candidate_3,4,0.1475
589,candidate_1,candidate_4,candidate_2,candidate_3,4,0.1475
590,candidate_1,candidate_4,candidate_2,candidate_3,4,0.1475
591,candidate_1,candidate_4,candidate_2,candidate_3,4,0.1475
592,candidate_1,candidate_4,candidate_2,candidate_3,4,0.1475
593,0,candidate_4,0,0,4,0.1475
594,candidate_1,candidate_4,candidate_2,candidate_3,4,0.1475
595,candidate_1,candidate_4,0,0,4,0.1475
596,candidate_1,candidate_4,candidate_2,candidate_3,4,0.1475
597,candidate_1,0,candidate_2,candidate_3,4,0.1475
598,candidate_1,candidate_4,0,candidate_3,4,0.1475
599,candidate_1,candidate_4,candidate_2,candidate_3,4,0.1475
600,candidate_1,candidate_4,candidate_2,candidate_3,4,0.1475
601,candidate_1,0,candidate_2,candidate_3,4,0.1475
602,candidate_1,candidate_4,0,candidate_3,4,0.1475
603,candidate_1,candidate_4,candidate_2,candidate_3,4,0.1475
604,0,candidate_4,0,candidate_3,4,0.1475
605,candidate_1,candidate_4,candidate_2,candidate_3,4,0.1475
606,0,candidate_4,candidate_2,0,4,0.1475
607,candidate_1,candidate_4,candidate_2,candidate_3,4,0.1475
608,candidate_1,candidate_4,candidate_2,candidate_3,4,0.1475
609,0,0,candidate_2,candidate_3,4,0.1475
610,candidate_1,candidate_4,candidate_2,candidate_3,4,0.1475
611,candidate_1,candidate_4,candidate_2,candidate_3,4,0.1475
612,candidate_1,candidate_4,candidate_2,candidate_3,4,0.1475
613,candidate_1,candidate_4,candidate_2,0,4,0.1475
614,candidate_1,candidate_4,candidate_2,candidate_3,4,0.1475
615,candidate_1,candidate_4,0,candidate_3,4,0.1475
616,candidate_1,candidate_4,candidate_2,0,4,0.1475
617,candidate_1,candidate_4,candidate_2,0,4,0.1475
618,candidate_1,candidate_4,0,candidate_3,4,0.1475
619,candidate_1,0,0,0,4,0.1475
620,candidate_1,candidate_4,candidate_2,0,4,0.1475
621,0,candidate_4,0,candidate_3,4,0.1475
622,candidate_1,candidate_4,candidate_2,0,4,0.1475
623,candidate_1,candidate_4,candidate_2,candidate_3,4,0.1475
624,candidate_1,candidate_4,candidate_2,candidate_3,4,0.1475
625,candidate_1,candidate_4,0,candidate_3,4,0.1475
626,candidate_1,candidate_4,candidate_2,candidate_3,4,0.1475
627,candidate_1,0,candidate_2,candidate_3,4,0.1475
628,candidate_1,candidate_4,0,0,4,0.1475
629,candidate_1,candidate_4,candidate_2,candidate_3,4,0.1475
630,candidate_1,candidate_4,candidate_2,candidate_3,4,0.1475
631,candidate_1,candidate_4,candidate_2,candidate_3,4,0.1475
632,candidate_1,0,candidate_2,candidate_3,4,0.1475
633,candidate_1,candidate_4,0,0,4,0.1475
634,candidate_1,candidate_4,candidate_2,0,4,0.1475
635,candidate_1,candidate_4,candidate_2,candidate_3,4,0.1475
636,0,candidate_4,candidate_2,candidate_3,4,0.1475
637,candidate_1,candidate_4,candidate_2,candidate_3,4,0.1475
638,candidate_1,candidate_4,candidate_2,candidate_3,4,0.1475
639,candidate_1,candidate_4,candidate_2,candidate_3,4,0.1475
640,candidate_1,candidate_4,0,candidate_3,4,0.1475
641,0,candidate_4,candidate_2,0,4,0.1475
642,0,candidate_4,candidate_2,0,4,0.1475
643,candidate_1,candidate_4,candidate_2,0,4,0.1475
644,candidate_1,candidate_4,candidate_2,candidate_3,4,0.1475
645,candidate_1,candidate_4,candidate_2,candidate_3,4,0.1475
646,candidate_1,candidate_4,candidate_2,candidate_3,4,0.1475
647,candidate_1,candidate_4,candidate_2,candidate_3,4,0.1475
648,candidate_1,candidate_4,candidate_2,candidate_3,4,0.1475
649,candidate_1,candidate_4,candidate_2,candidate_3,4,0.1475
650,candidate_1,candidate_4,candidate_2,candidate_3,4,0.1475
651,candidate_1,candidate_4,candidate_2,candidate_3,4,0.1475
652,candidate_1,candidate_4,candidate_2,candidate_3,4,0.1475
653,candidate_1,candidate_4,candidate_2,candidate_3,4,0.1475
654,candidate_1,candidate_4,candidate_2,candidate_3,4,0.1475
655,candidate_1,0,candidate_2,0,4,0.1475
656,candidate_1,candidate_4,candidate_2,candidate_3,4,0.1475
657,0,candidate_4,candidate_2,0,4,0.1475
658,candidate_1,candidate_4,candidate_2,candidate_3,4,0.1475
659,0,candidate_4,candidate_2,candidate_3,4,0.1475
660,0,candidate_4,candidate_2,0,4,0.1475
661,candidate_1,candidate_4,candidate_2,candidate_3,4,0.1475
662,candidate_1,candidate_4,candidate_2,0,4,0.1475
663,candidate_1,candidate_4,candidate_2,0,4,0.1475
664,0,candidate_4,candidate_2,candidate_3,4,0.1475
665,0,candidate_4,candidate_2,candidate_3,4,0.1475
666,candidate_1,candidate_4,candidate_2,candidate_3,4,0.1475
667,candidate_1,candidate_4,candidate_2,candidate_3,4,0.1475
668,candidate_1,candidate_4,candidate_2,candidate_3,4,0.1475
669,candidate_1,candidate_4,candidate_2,0,4,0.1475
670,candidate_1,candidate_4,candidate_2,0,4,0.1475
671,candidate_1,candidate_4,candidate_2,0,4,0.1475
672,candidate_1,candidate_4,candidate_2,candidate_3,4,0.1475
673,candidate_1,candidate_4,candidate_2,0,4,0.1475
674,candidate_1,candidate_4,candidate_2,0,4,0.1475
675,candidate_1,candidate_4,candidate_2,0,4,0.1475
676,candidate_1,candidate_4,candidate_2,candidate_3,4,0.1475
677,candidate_1,candidate_4,candidate_2,candidate_3,4,0.1475
678,0,candidate_4,candidate_2,candidate_3,4,0.1475
679,0,candidate_4,candidate_2,candidate_3,4,0.1475
680,candidate_1,0,0,0,4,0.1475
681,candidate_1,0,candidate_2,candidate_3,4,0.1475
682,candidate_1,candidate_4,candidate_2,candidate_3,4,0.1475
683,candidate_1,candidate_4,candidate_2,candidate_3,4,0.1475
684,0,candidate_4,candidate_2,0,4,0.1475
685,candidate_1,candidate_4,candidate_2,candidate_3,4,0.1475
686,0,candidate_4,candidate_2,candidate_3,4,0.1475
687,candidate_1,candidate_4,candidate_2,candidate_3,4,0.1475
688,candidate_1,candidate_4,candidate_2,candidate_3,4,0.1475
689,candidate_1,candidate_4,candidate_2,candidate_3,4,0.1475
690,candidate_1,candidate_4,candidate_2,candidate_3,4,0.1475
691,0,candidate_4,candidate_2,candidate_3,4,0.1475
692,0,candidate_4,candidate_2,candidate_3,4,0.1475
693,candidate_1,candidate_4,candidate_2,candidate_3,4,0.1475
694,candidate_1,candidate_4,0,candidate_3,4,0.1475
695,candidate_1,candidate_4,candidate_2,candidate_3,4,0.1475
696,0,candidate_4,candidate_2,candidate_3,4,0.1475
697,candidate_1,candidate_4,candidate_2,candidate_3,4,0.1475
698,candidate_1,0,candidate_2,0,4,0.1475
699,candidate_1,candidate_4,0,candidate_3,4,0.1475
700,candidate_1,candidate_4,candidate_2,candidate_3,4,0.1475
701,candidate_1,candidate_4,candidate_2,candidate_3,4,0.1475
702,0,candidate_4,candidate_2,candidate_3,4,0.1475
703,candidate_1,candidate_4,0,candidate_3,4,0.1475
704,candidate_1,candidate_4,candidate_2,candidate_3,4,0.1475
705,candidate_1,candidate_4,candidate_2,candidate_3,4,0.1475
706,0,candidate_4,candidate_2,candidate_3,4,0.1475
707,candidate_1,candidate_4,candidate_2,candidate_3,4,0.1475
708,0,candidate_4,candidate_2,candidate_3,4,0.1475
709,candidate_1,candidate_4,candidate_2,0,4,0.1475
710,candidate_1,candidate_4,candidate_2,candidate_3,4,0.1475
711,candidate_1,candidate_4,candidate_2,candidate_3,4,0.1475
712,candidate_1,candidate_4,0,candidate_3,4,0.1475
713,0,candidate_4,candidate_2,candidate_3,4,0.1475
714,0,candidate_4,candidate_2,0,4,0.1475
715,candidate_1,candidate_4,candidate_2,candidate_3,4,0.1475
716,candidate_1,candidate_4,candidate_2,candidate_3,4,0.1475
717,candidate_1,candidate_4,candidate_2,candidate_3,4,0.1475
718,candidate_1,candidate_4,0,candidate_3,4,0.1475
719,candidate_1,candidate_4,candidate_2,candidate_3,4,0.1475
720,candidate_1,candidate_4,candidate_2,candidate_3,4,0.1475
721,candidate_1,candidate_4,candidate_2,candidate_3,4,0.1475
722,candidate_1,candidate_4,candidate_2,candidate_3,4,0.1475
723,0,candidate_4,candidate_2,candidate_3,4,0.1475
724,candidate_1,candidate_4,candidate_2,candidate_3,4,0.1475
725,candidate_1,candidate_4,candidate_2,candidate_3,4,0.1475
726,candidate_1,candidate_4,candidate_2,candidate_3,4,0.1475
727,candidate_1,candidate_4,candidate_2,candidate_3,4,0.1475
728,candidate_1,candidate_4,candidate_2,candidate_3,4,0.1475
729,candidate_1,0,candidate_2,candidate_3,4,0.1475
730,candidate_1,0,0,candidate_3,4,0.1475
731,candidate_1,0,candidate_2,candidate_3,4,0.1475
732,candidate_1,candidate_4,candidate_2,candidate_3,4,0.1475
733,candidate_1,candidate_4,candidate_2,0,4,0.1475
734,candidate_1,candidate_4,candidate_2,candidate_3,4,0.1475
735,candidate_1,candidate_4,candidate_2,candidate_3,4,0.1475
736,candidate_1,candidate_4,candidate_2,candidate_3,4,0.1475
737,0,candidate_4,candidate_2,candidate_3,4,0.1475
738,candidate_1,candidate_4,candidate_2,candidate_3,4,0.1475
739,candidate_1,candidate_4,candidate_2,candidate_3,4,0.1475
740,candidate_1,0,candidate_2,candidate_3,4,0.1475
741,candidate_1,0,candidate_2,candidate_3,4,0.1475
742,candidate_1,candidate_4,candidate_2,0,4,0.1475
743,candidate_1,candidate_4,candidate_2,0,4,0.1475
744,candidate_1,candidate_4,candidate_2,candidate_3,4,0.1475
745,candidate_1,candidate_4,candidate_2,candidate_3,4,0.1475
746,candidate_1,candidate_4,candidate_2,candidate_3,4,0.1475
747,0,candidate_4,candidate_2,candidate_3,4,0.1475
748,candidate_1,candidate_4,candidate_2,candidate_3,4,0.1475
749,candidate_1,candidate_4,candidate_2,candidate_3,4,0.1475
750,0,candidate_4,0,candidate_3,4,0.1475
751,candidate_1,candidate_4,candidate_2,candidate_3,4,0.1475
752,candidate_1,candidate_4,candidate_2,candidate_3,4,0.1475
753,0,candidate_4,candidate_2,candidate_3,4,0.1475
754,candidate_1,0,candidate_2,0,4,0.1475
755,candidate_1,candidate_4,candidate_2,candidate_3,4,0.1475
756,candidate_1,candidate_4,candidate_2,0,4,0.1475
757,0,candidate_4,candidate_2,candidate_3,4,0.1475
758,candidate_1,candidate_4,candidate_2,candidate_3,4,0.1475
759,candidate_1,candidate_4,candidate_2,0,4,0.1475
760,0,0,candidate_2,candidate_3,4,0.1475
761,candidate_1,candidate_4,candidate_2,candidate_3,4,0.1475
762,candidate_1,candidate_4,candidate_2,candidate_3,4,0.1475
763,candidate_1,candidate_4,candidate_2,candidate_3,4,0.1475
764,candidate_1,candidate_4,candidate_2,candidate_3,4,0.1475
765,candidate_1,candidate_4,candidate_2,candidate_3,4,0.1475
766,candidate_1,candidate_4,candidate_2,candidate_3,4,0.1475
767,candidate_1,0,candidate_2,candidate_3,4,0.1475
768,candidate_1,candidate_4,candidate_2,candidate_3,4,0.1475
769,candidate_1,candidate_4,candidate_2,candidate_3,4,0.1475
770,candidate_1,candidate_4,candidate_2,0,4,0.1475
771,0,0,candidate_2,candidate_3,4,0.1475
772,candidate_1,0,candidate_2,candidate_3,4,0.1475
773,candidate_1,candidate_4,0,candidate_3,4,0.1475
774,0,candidate_4,candidate_2,candidate_3,4,0.1475
775,candidate_1,candidate_4,candidate_2,candidate_3,4,0.1475
776,candidate_1,candidate_4,0,candidate_3,4,0.1475
777,candidate_1,0,candidate_2,candidate_3,4,0.1475
778,candidate_1,candidate_4,0,candidate_3,4,0.1475
779,candidate_1,candidate_4,0,0,4,0.1475
780,candidate_1,candidate_4,candidate_2,candidate_3,4,0.1475
781,candidate_1,candidate_4,0,candidate_3,4,0.1475
782,candidate_1,candidate_4,candidate_2,candidate_3,4,0.1475
783,candidate_1,candidate_4,candidate_2,candidate_3,4,0.1475
784,candidate_1,candidate_4,candidate_2,0,4,0.1475
785,candidate_1,0,candidate_2,candidate_3,4,0.1475
786,candidate_1,0,candidate_2,candidate_3,4,0.1475
787,candidate_1,candidate_4,candidate_2,candidate_3,4,0.1475
788,candidate_1,candidate_4,candidate_2,candidate_3,4,0.1475
789,candidate_1,candidate_4,0,candidate_3,4,0.1475
790,candidate_1,0,candidate_2,candidate_3,4,0.1475
791,candidate_1,candidate_4,candidate_2,0,4,0.1475
792,candidate_1,0,candidate_2,candidate_3,4,0.1475
793,0,candidate_4,candidate_2,candidate_3,4,0.1475
794,0,candidate_4,candidate_2,candidate_3,4,0.1475
795,candidate_1,candidate_4,0,candidate_3,4,0.1475
796,candidate_1,candidate_4,candidate_2,candidate_3,4,0.1475
797,candidate_1,0,candidate_2,candidate_3,4,0.1475
798,0,0,candidate_2,candidate_3,4,0.1475
799,candidate_1,0,candidate_2,candidate_3,4,0.1475
800,0,candidate_4,candidate_2,candidate_3,4,0.1475
801,candidate_1,candidate_4,candidate_2,candidate_3,4,0.1475
802,candidate_1,candidate_4,candidate_2,candidate_3,4,0.1475
803,candidate_1,candidate_4,0,candidate_3,4,0.1475
804,candidate_1,candidate_4,0,candidate_3,4,0.1475
805,candidate_1,candidate_4,candidate_2,candidate_3,4,0.1475
806,candidate_1,candidate_4,candidate_2,candidate_3,4,0.1475
807,candidate_1,candidate_4,candidate_2,candidate_3,4,0.1475
808,candidate_1,candidate_4,candidate_2,candidate_3,4,0.1475
809,0,0,candidate_2,candidate_3,4,0.1475
810,candidate_1,candidate_4,candidate_2,candidate_3,4,0.1475
811,candidate_1,candidate_4,0,candidate_3,4,0.1475
812,candidate_1,candidate_4,0,candidate_3,4,0.1475
813,candidate_1,candidate_4,candidate_2,0,4,0.1475
814,candidate_1,candidate_4,candidate_2,candidate_3,4,0.1475
815,0,0,0,candidate_3,4,0.1475
816,candidate_1,candidate_4,candidate_2,0,4,0.1475
817,candidate_1,candidate_4,candidate_2,candidate_3,4,0.1475
818,0,candidate_4,candidate_2,candidate_3,4,0.1475
819,candidate_1,candidate_4,candidate_2,candidate_3,4,0.1475
820,candidate_1,candidate_4,candidate_2,0,4,0.1475
821,candidate_1,candidate_4,candidate_2,candidate_3,4,0.1475
822,candidate_1,candidate_4,candidate_2,candidate_3,4,0.1475
823,candidate_1,candidate_4,candidate_2,0,4,0.1475
824,candidate_1,candidate_4,0,candidate_3,4,0.1475
825,candidate_1,candidate_4,candidate_2,candidate_3,4,0.1475
826,candidate_1,candidate_4,candidate_2,0,4,0.1475
827,candidate_1,candidate_4,candidate_2,0,4,0.1475
828,0,candidate_4,0,candidate_3,4,0.1475
829,candidate_1,candidate_4,candidate_2,candidate_3,4,0.1475
830,0,candidate_4,candidate_2,candidate_3,4,0.1475
831,candidate_1,0,candidate_2,candidate_3,4,0.1475
832,candidate_1,candidate_4,candidate_2,candidate_3,4,0.1475
833,candidate_1,candidate_4,candidate_2,0,4,0.1475
834,0,candidate_4,candidate_2,candidate_3,4,0.1475
835,candidate_1,0,0,candidate_3,4,0.1475
836,candidate_1,candidate_4,candidate_2,candidate_3,4,0.1475
837,candidate_1,candidate_4,0,candidate_3,4,0.1475
838,0,candidate_4,candidate_2,candidate_3,4,0.1475
839,candidate_1,0,candidate_2,candidate_3,4,0.1475
840,candidate_1,candidate_4,candidate_2,candidate_3,4,0.1475
841,candidate_1,candidate_4,candidate_2,candidate_3,4,0.1475
842,candidate_1,candidate_4,candidate_2,candidate_3,4,0.1475
843,candidate_1,candidate_4,0,candidate_3,4,0.1475
844,candidate_1,candidate_4,candidate_2,candidate_3,4,0.1475
845,candidate_1,candidate_4,candidate_2,candidate_3,4,0.1475
846,0,candidate_4,candidate_2,candidate_3,4,0.1475
847,candidate_1,candidate_4,candidate_2,candidate_3,4,0.1475
848,candidate_1,candidate_4,candidate_2,candidate_3,4,0.1475
849,candidate_1,candidate_4,candidate_2,candidate_3,4,0.1475
850,candidate_1,candidate_4,candidate_2,0,4,0.1475
851,0,candidate_4,candidate_2,candidate_3,4,0.1475
852,candidate_1,candidate_4,candidate_2,candidate_3,4,0.1475
853,candidate_1,candidate_4,candidate_2,candidate_3,4,0.1475
854,0,0,candidate_2,candidate_3,4,0.1475
855,candidate_1,0,candidate_2,candidate_3,4,0.1475
856,candidate_1,candidate_4,candidate_2,candidate_3,4,0.1475
857,candidate_1,0,candidate_2,candidate_3,4,0.1475
858,candidate_1,candidate_4,candidate_2,candidate_3,4,0.1475
859,0,candidate_4,0,candidate_3,4,0.1475
860,candidate_1,candidate_4,candidate_2,candidate_3,4,0.1475
861,candidate_1,candidate_4,candidate_2,candidate_3,4,0.1475
862,candidate_1,candidate_4,candidate_2,0,4,0.1475
863,candidate_1,0,candidate_2,candidate_3,4,0.1475
864,candidate_1,candidate_4,candidate_2,candidate_3,4,0.1475
865,candidate_1,candidate_4,candidate_2,candidate_3,4,0.1475
866,candidate_1,candidate_4,candidate_2,candidate_3,4,0.1475
867,candidate_1,candidate_4,candidate_2,candidate_3,4,0.1475
868,candidate_1,candidate_4,candidate_2,0,4,0.1475
869,candidate_1,candidate_4,candidate_2,candidate_3,4,0.1475
870,candidate_1,candidate_4,candidate_2,candidate_3,4,0.1475
871,0,candidate_4,0,candidate_3,4,0.1475
872,0,0,candidate_2,candidate_3,4,0.1475
873,candidate_1,candidate_4,candidate_2,0,4,0.1475
874,candidate_1,0,candidate_2,candidate_3,4,0.1475
875,candidate_1,candidate_4,candidate_2,candidate_3,4,0.1475
876,candidate_1,candidate_4,candidate_2,candidate_3,4,0.1475
877,candidate_1,candidate_4,0,candidate_3,4,0.1475
878,candidate_1,candidate_4,candidate_2,candidate_3,4,0.1475
879,candidate_1,candidate_4,0,candidate_3,4,0.1475
880,candidate_1,candidate_4,candidate_2,candidate_3,4,0.1475
881,candidate_1,candidate_4,0,0,4,0.1475
882,candidate_1,candidate_4,candidate_2,0,4,0.1475
883,candidate_1,candidate_4,candidate_2,0,4,0.1475
884,candidate_1,candidate_4,candidate_2,0,4,0.1475
885,candidate_1,candidate_4,candidate_2,0,4,0.1475
886,0,candidate_4,0,candidate_3,4,0.1475
887,candidate_1,candidate_4,candidate_2,candidate_3,4,0.1475
888,candidate_1,candidate_4,candidate_2,candidate_3,4,0.1475
889,candidate_1,candidate_4,candidate_2,candidate_3,4,0.1475
890,0,candidate_4,0,0,4,0.1475
891,0,candidate_4,candidate_2,0,4,0.1475
892,candidate_1,candidate_4,candidate_2,0,4,0.1475
893,candidate_1,candidate_4,candidate_2,0,4,0.1475
894,candidate_1,candidate_4,candidate_2,candidate_3,4,0.1475
895,candidate_1,candidate_4,0,candidate_3,4,0.1475
896,candidate_1,candidate_4,candidate_2,candidate_3,4,0.1475
897,candidate_1,candidate_4,candidate_2,candidate_3,4,0.1475
898,candidate_1,candidate_4,candidate_2,0,4,0.1475
899,candidate_1,candidate_4,candidate_2,candidate_3,4,0.1475
900,candidate_1,candidate_4,0,candidate_3,4,0.1475
901,candidate_1,candidate_4,0,candidate_3,4,0.1475
902,candidate_1,candidate_4,candidate_2,candidate_3,4,0.1475
903,0,candidate_4,candidate_2,candidate_3,4,0.1475
904,candidate_1,candidate_4,candidate_2,candidate_3,4,0.1475
905,candidate_1,0,candidate_2,candidate_3,4,0.1475
906,candidate_1,candidate_4,candidate_2,candidate_3,4,0.1475
907,candidate_1,candidate_4,0,0,4,0.1475
908,candidate_1,candidate_4,candidate_2,candidate_3,4,0.1475
909,candidate_1,candidate_4,candidate_2,candidate_3,4,0.1475
910,candidate_1,candidate_4,candidate_2,candidate_3,4,0.1475
911,0,candidate_4,candidate_2,0,4,0.1475
912,candidate_1,candidate_4,candidate_2,candidate_3,4,0.1475
913,0,0,candidate_2,candidate_3,4,0.1475
914,0,candidate_4,candidate_2,candidate_3,4,0.1475
915,candidate_1,0,candidate_2,candidate_3,4,0.1475
916,candidate_1,candidate_4,candidate_2,candidate_3,4,0.1475
917,candidate_1,candidate_4,candidate_2,candidate_3,4,0.1475
918,0,candidate_4,candidate_2,candidate_3,4,0.1475
919,0,candidate_4,candidate_2,candidate_3,4,0.1475
920,candidate_1,candidate_4,candidate_2,candidate_3,4,0.1475
921,0,candidate_4,candidate_2,0,4,0.1475
922,candidate_1,candidate_4,candidate_2,candidate_3,4,0.1475
923,candidate_1,candidate_4,candidate_2,candidate_3,4,0.1475
924,candidate_1,candidate_4,candidate_2,candidate_3,4,0.1475
925,candidate_1,candidate_4,candidate_2,candidate_3,4,0.1475
926,candidate_1,candidate_4,candidate_2,candidate_3,4,0.1475
927,candidate_1,candidate_4,candidate_2,candidate_3,4,0.1475
928,candidate_1,candidate_4,0,candidate_3,4,0.1475
929,candidate_1,candidate_4,candidate_2,candidate_3,4,0.1475
930,candidate_1,candidate_4,candidate_2,candidate_3,4,0.1475
931,0,candidate_4,candidate_2,0,4,0.1475
932,0,candidate_4,candidate_2,candidate_3,4,0.1475
933,candidate_1,candidate_4,candidate_2,candidate_3,4,0.1475
934,0,candidate_4,candidate_2,candidate_3,4,0.1475
935,candidate_1,candidate_4,0,0,4,0.1475
936,candidate_1,candidate_4,0,candidate_3,4,0.1475
937,candidate_1,candidate_4,candidate_2,candidate_3,4,0.1475
938,candidate_1,candidate_4,candidate_2,candidate_3,4,0.1475
939,candidate_1,candidate_4,candidate_2,candidate_3,4,0.1475
940,candidate_1,candidate_4,candidate_2,candidate_3,4,0.1475
941,candidate_1,candidate_4,candidate_2,candidate_3,4,0.1475
942,candidate_1,candidate_4,candidate_2,candidate_3,4,0.1475
943,candidate_1,candidate_4,candidate_2,candidate_3,4,0.1475
944,candidate_1,0,candidate_2,candidate_3,4,0.1475
945,candidate_1,candidate_4,candidate_2,candidate_3,4,0.1475
946,0,candidate_4,0,0,4,0.1475
947,0,candidate_4,candidate_2,candidate_3,4,0.1475
948,candidate_1,0,candidate_2,candidate_3,4,0.1475
949,candidate_1,0,candidate_2,0,4,0.1475
950,0,candidate_4,candidate_2,candidate_3,4,0.1475
951,candidate_1,0,candidate_2,candidate_3,4,0.1475
952,candidate_1,0,0,candidate_3,4,0.1475
953,candidate_1,candidate_4,candidate_2,candidate_3,4,0.1475
954,candidate_1,candidate_4,candidate_2,candidate_3,4,0.1475
955,candidate_1,candidate_4,candidate_2,candidate_3,4,0.1475
956,candidate_1,0,candidate_2,candidate_3,4,0.1475
957,candidate_1,candidate_4,0,0,4,0.1475
958,candidate_1,candidate_4,candidate_2,candidate_3,4,0.1475
959,candidate_1,candidate_4,candidate_2,0,4,0.1475
960,0,candidate_4,candidate_2,candidate_3,4,0.1475
961,candidate_1,0,candidate_2,candidate_3,4,0.1475
962,candidate_1,candidate_4,candidate_2,candidate_3,4,0.1475
963,candidate_1,candidate_4,candidate_2,candidate_3,4,0.1475
964,candidate_1,0,candidate_2,candidate_3,4,0.1475
965,candidate_1,candidate_4,candidate_2,candidate_3,4,0.1475
966,candidate_1,candidate_4,candidate_2,0,4,0.1475
967,candidate_1,0,candidate_2,candidate_3,4,0.1475
968,candidate_1,candidate_4,candidate_2,candidate_3,4,0.1475
969,candidate_1,0,candidate_2,candidate_3,4,0.1475
970,candidate_1,0,candidate_2,candidate_3,4,0.1475
971,candidate_1,candidate_4,candidate_2,candidate_3,4,0.1475
972,0,candidate_4,candidate_2,candidate_3,4,0.1475
973,candidate_1,candidate_4,0,candidate_3,4,0.1475
974,0,candidate_4,candidate_2,candidate_3,4,0.1475
975,candidate_1,candidate_4,candidate_2,candidate_3,4,0.1475
976,candidate_1,candidate_4,candidate_2,candidate_3,4,0.1475
977,candidate_1,candidate_4,candidate_2,candidate_3,4,0.1475
978,candidate_1,candidate_4,candidate_2,candidate_3,4,0.1475
979,candidate_1,candidate_4,candidate_2,candidate_3,4,0.1475
980,candidate_1,candidate_4,candidate_2,0,4,0.1475
981,candidate_1,candidate_4,candidate_2,candidate_3,4,0.1475
982,candidate_1,candidate_4,candidate_2,candidate_3,4,0.1475
983,candidate_1,candidate_4,0,0,4,0.1475
984,0,0,candidate_2,candidate_3,4,0.1475
985,candidate_1,candidate_4,candidate_2,0,4,0.1475
986,0,candidate_4,candidate_2,candidate_3,4,0.1475
987,candidate_1,candidate_4,candidate_2,candidate_3,4,0.1475
988,candidate_1,candidate_4,0,candidate_3,4,0.1475
989,candidate_1,0,candidate_2,candidate_3,4,0.1475
990,0,0,candidate_2,candidate_3,4,0.1475
991,candidate_1,0,candidate_2,candidate_3,4,0.1475
992,candidate_1,candidate_4,candidate_2,candidate_3,4,0.1475
993,0,candidate_4,0,candidate_3,4,0.1475
994,candidate_1,0,candidate_2,candidate_3,4,0.1475
995,candidate_1,0,candidate_2,candidate_3,4,0.1475
996,candidate_1,candidate_4,candidate_2,candidate_3,4,0.1475
997,candidate_1,candidate_4,candidate_2,0,4,0.1475
998,candidate_1,candidate_4,candidate_2,candidate_3,4,0.1475
999,candidate_1,candidate_4,candidate_2,candidate_3,4,0.1475
1000,candidate_1,candidate_4,candidate_2,candidate_3,4,0.1475
1001,candidate_1,candidate_4,candidate_2,candidate_3,4,0.1475
1002,candidate_1,candidate_4,candidate_2,candidate_3,4,0.1475
1003,candidate_1,candidate_4,candidate_2,candidate_3,4,0.1475
1004,candidate_1,candidate_4,candidate_2,0,4,0.1475
1005,candidate_1,candidate_4,candidate_2,candidate_3,4,0.1475
1006,0,candidate_4,0,candidate_3,4,0.1475
1007,candidate_1,candidate_4,candidate_2,candidate_3,4,0.1475
1008,candidate_1,0,candidate_2,candidate_3,4,0.1475
1009,0,candidate_4,candidate_2,candidate_3,4,0.1475
1010,candidate_1,0,candidate_2,0,4,0.1475
1011,0,candidate_4,candidate_2,candidate_3,4,0.1475
1012,candidate_1,0,candidate_2,candidate_3,4,0.1475
1013,candidate_1,candidate_4,candidate_2,candidate_3,4,0.1475
1014,candidate_1,candidate_4,0,candidate_3,4,0.1475
1015,candidate_1,candidate_4,0,candidate_3,4,0.1475
1016,candidate_1,candidate_4,candidate_2,candidate_3,4,0.1475
1017,candidate_1,candidate_4,0,candidate_3,4,0.1475
1018,candidate_1,candidate_4,candidate_2,candidate_3,4,0.1475
1019,candidate_1,candidate_4,0,candidate_3,4,0.1475
1020,candidate_1,candidate_4,candidate_2,0,4,0.1475
1021,candidate_1,candidate_4,candidate_2,0,4,0.1475
1022,candidate_1,0,candidate_2,candidate_3,4,0.1475
1023,candidate_1,0,candidate_2,candidate_3,4,0.1475
1024,candidate_1,candidate_4,candidate_2,candidate_3,4,0.1475
1025,candidate_1,candidate_4,candidate_2,candidate_3,4,0.1475
1026,0,candidate_4,candidate_2,0,4,0.1475
1027,candidate_1,candidate_4,candidate_2,candidate_3,4,0.1475
1028,candidate_1,0,candidate_2,candidate_3,4,0.1475
1029,candidate_1,candidate_4,candidate_2,candidate_3,4,0.1475
1030,candidate_1,candidate_4,candidate_2,candidate_3,4,0.1475
1031,candidate_1,candidate_4,candidate_2,0,4,0.1475
1032,candidate_1,candidate_4,candidate_2,candidate_3,4,0.1475
1033,candidate_1,candidate_4,candidate_2,0,4,0.1475
1034,candidate_1,candidate_4,candidate_2,candidate_3,4,0.1475
1035,candidate_1,candidate_4,candidate_2,candidate_3,4,0.1475
1036,candidate_1,candidate_4,candidate_2,candidate_3,4,0.1475
1037,candidate_1,candidate_4,candidate_2,candidate_3,4,0.1475
1038,0,candidate_4,candidate_2,0,4,0.1475
1039,candidate_1,candidate_4,candidate_2,candidate_3,4,0.1475
1040,candidate_1,candidate_4,0,0,4,0.1475
1041,candidate_1,0,candidate_2,candidate_3,4,0.1475
1042,0,candidate_4,candidate_2,0,4,0.1475
1043,candidate_1,candidate_4,candidate_2,candidate_3,4,0.1475
1044,candidate_1,candidate_4,candidate_2,candidate_3,4,0.1475
1045,candidate_1,candidate_4,candidate_2,0,4,0.1475
1046,candidate_1,0,candidate_2,candidate_3,4,0.1475
1047,candidate_1,candidate_4,candidate_2,0,4,0.1475
1048,candidate_1,0,candidate_2,candidate_3,4,0.1475
1049,candidate_1,candidate_4,0,candidate_3,4,0.1475
1050,candidate_1,candidate_4,candidate_2,candidate_3,4,0.1475
1051,candidate_1,candidate_4,candidate_2,candidate_3,4,0.1475
1052,0,0,candidate_2,0,4,0.1475
1053,candidate_1,candidate_4,candidate_2,candidate_3,4,0.1475
1054,0,0,0,candidate_3,4,0.1475
1055,candidate_1,candidate_4,candidate_2,candidate_3,4,0.1475
1056,candidate_1,candidate_4,candidate_2,candidate_3,4,0.1475
1057,candidate_1,candidate_4,0,candidate_3,4,0.1475
1058,candidate_1,candidate_4,candidate_2,candidate_3,4,0.1475
1059,candidate_1,candidate_4,candidate_2,candidate_3,4,0.1475
1060,candidate_1,0,candidate_2,candidate_3,4,0.1475
1061,candidate_1,candidate_4,candidate_2,candidate_3,4,0.1475
1062,candidate_1,candidate_4,candidate_2,candidate_3,4,0.1475
1063,candidate_1,candidate_4,candidate_2,candidate_3,4,0.1475
1064,0,0,candidate_2,0,4,0.1475
1065,candidate_1,candidate_4,candidate_2,candidate_3,4,0.1475
1066,candidate_1,candidate_4,candidate_2,candidate_3,4,0.1475
1067,candidate_1,candidate_4,candidate_2,candidate_3,4,0.1475
1068,candidate_1,candidate_4,candidate_2,candidate_3,4,0.1475
1069,candidate_1,candidate_4,candidate_2,candidate_3,4,0.1475
1070,candidate_1,candidate_4,candidate_2,0,4,0.1475
1071,0,candidate_4,candidate_2,candidate_3,4,0.1475
1072,candidate_1,0,0,0,4,0.1475
1073,candidate_1,candidate_4,candidate_2,candidate_3,4,0.1475
1074,candidate_1,candidate_4,candidate_2,candidate_3,4,0.1475
1075,candidate_1,0,candidate_2,candidate_3,4,0.1475
1076,candidate_1,candidate_4,candidate_2,candidate_3,4,0.1475
1077,candidate_1,0,candidate_2,0,4,0.1475
1078,candidate_1,candidate_4,candidate_2,0,4,0.1475
1079,candidate_1,candidate_4,candidate_2,candidate_3,4,0.1475
1080,0,candidate_4,candidate_2,0,4,0.1475
1081,candidate_1,candidate_4,candidate_2,candidate_3,4,0.1475
1082,candidate_1,candidate_4,candidate_2,candidate_3,4,0.1475
1083,candidate_1,candidate_4,candidate_2,0,4,0.1475
1084,0,candidate_4,candidate_2,candidate_3,4,0.1475
1085,candidate_1,candidate_4,candidate_2,candidate_3,4,0.1475
1086,candidate_1,candidate_4,candidate_2,candidate_3,4,0.1475
1087,candidate_1,candidate_4,candidate_2,candidate_3,4,0.1475
1088,candidate_1,candidate_4,candidate_2,candidate_3,4,0.1475
1089,0,candidate_4,candidate_2,candidate_3,4,0.1475
1090,candidate_1,candidate_4,candidate_2,candidate_3,4,0.1475
1091,candidate_1,candidate_4,0,candidate_3,4,0.1475
1092,candidate_1,0,candidate_2,0,4,0.1475
1093,candidate_1,0,candidate_2,candidate_3,4,0.1475
1094,0,candidate_4,candidate_2,candidate_3,4,0.1475
1095,candidate_1,candidate_4,candidate_2,candidate_3,4,0.1475
1096,candidate_1,candidate_4,candidate_2,0,4,0.1475
1097,candidate_1,candidate_4,0,candidate_3,4,0.1475
1098,candidate_1,candidate_4,candidate_2,0,4,0.1475
1099,candidate_1,candidate_4,candidate_2,candidate_3,4,0.1475
1100,candidate_1,candidate_4,0,candidate_3,4,0.1475
1101,candidate_1,candidate_4,candidate_2,0,4,0.1475
1102,0,candidate_4,0,candidate_3,4,0.1475
1103,candidate_1,candidate_4,0,candidate_3,4,0.1475
1104,candidate_1,candidate_4,0,candidate_3,4,0.1475
1105,candidate_1,candidate_4,candidate_2,candidate_3,4,0.1475
1106,candidate_1,candidate_4,candidate_2,candidate_3,4,0.1475
1107,candidate_1,candidate_4,candidate_2,candidate_3,4,0.1475
1108,candidate_1,candidate_4,candidate_2,candidate_3,4,0.1475
1109,candidate_1,candidate_4,candidate_2,candidate_3,4,0.1475
1110,candidate_1,candidate_4,candidate_2,candidate_3,4,0.1475
1111,candidate_1,candidate_4,candidate_2,candidate_3,4,0.1475
1112,candidate_1,candidate_4,candidate_2,candidate_3,4,0.1475
1113,candidate_1,candidate_4,candidate_2,0,4,0.1475
1114,candidate_1,candidate_4,candidate_2,candidate_3,4,0.1475
1115,candidate_1,0,candidate_2,candidate_3,4,0.1475
1116,candidate_1,0,candidate_2,candidate_3,4,0.1475
1117,candidate_1,0,candidate_2,candidate_3,4,0.1475
1118,candidate_1,0,candidate_2,candidate_3,4,0.1475
1119,candidate_1,candidate_4,candidate_2,candidate_3,4,0.1475
1120,candidate_1,candidate_4,candidate_2,candidate_3,4,0.1475
1121,0,0,candidate_2,candidate_3,4,0.1475
1122,0,candidate_4,candidate_2,candidate_3,4,0.1475
1123,candidate_1,0,candidate_2,candidate_3,4,0.1475
1124,0,candidate_4,candidate_2,candidate_3,4,0.1475
1125,candidate_1,candidate_4,candidate_2,candidate_3,4,0.1475
1126,candidate_1,candidate_4,candidate_2,candidate_3,4,0.1475
1127,candidate_1,candidate_4,candidate_2,0,4,0.1475
1128,candidate_1,candidate_4,candidate_2,candidate_3,4,0.1475
1129,candidate_1,candidate_4,candidate_2,candidate_3,4,0.1475
1130,candidate_1,candidate_4,candidate_2,candidate_3,4,0.1475
1131,candidate_1,candidate_4,candidate_2,candidate_3,4,0.1475
1132,candidate_1,candidate_4,candidate_2,candidate_3,4,0.1475
1133,candidate_1,candidate_4,candidate_2,candidate_3,4,0.1475
1134,candidate_1,candidate_4,candidate_2,candidate_3,4,0.1475
1135,candidate_1,candidate_4,candidate_2,0,4,0.1475
1136,0,0,candidate_2,candidate_3,4,0.1475
1137,candidate_1,candidate_4,candidate_2,candidate_3,4,0.1475
1138,candidate_1,candidate_4,candidate_2,candidate_3,4,0.1475
1139,candidate_1,candidate_4,candidate_2,candidate_3,4,0.1475
1140,candidate_1,candidate_4,0,candidate_3,4,0.1475
1141,0,candidate_4,candidate_2,candidate_3,4,0.1475
1142,candidate_1,0,candidate_2,0,4,0.1475
1143,0,candidate_4,0,candidate_3,4,0.1475
1144,0,candidate_4,candidate_2,candidate_3,4,0.1475
1145,0,candidate_4,0,candidate_3,4,0.1475
1146,candidate_1,candidate_4,candidate_2,candidate_3,4,0.1475
1147,candidate_1,candidate_4,candidate_2,0,4,0.1475
1148,candidate_1,0,candidate_2,candidate_3,4,0.1475
1149,candidate_1,candidate_4,0,candidate_3,4,0.1475
1150,candidate_1,candidate_4,candidate_2,candidate_3,4,0.1475
1151,candidate_1,candidate_4,candidate_2,candidate_3,4,0.1475
1152,candidate_1,candidate_4,candidate_2,candidate_3,4,0.1475
1153,candidate_1,0,candidate_2,candidate_3,4,0.1475
1154,candidate_1,candidate_4,0,candidate_3,4,0.1475
1155,candidate_1,candidate_4,candidate_2,candidate_3,4,0.1475
1156,0,0,candidate_2,candidate_3,4,0.1475
1157,candidate_1,candidate_4,candidate_2,0,4,0.1475
1158,candidate_1,candidate_4,candidate_2,candidate_3,4,0.1475
1159,candidate_1,candidate_4,candidate_2,candidate_3,4,0.1475
1160,candidate_1,candidate_4,candidate_2,candidate_3,4,0.1475
1161,candidate_1,candidate_4,candidate_2,candidate_3,4,0.1475
1162,candidate_1,candidate_4,candidate_2,candidate_3,4,0.1475
1163,candidate_1,candidate_4,candidate_2,candidate_3,4,0.1475
1164,candidate_1,candidate_4,candidate_2,0,4,0.1475
1165,candidate_1,candidate_4,candidate_2,candidate_3,4,0.1475
1166,candidate_1,candidate_4,candidate_2,0,4,0.1475
1167,candidate_1,candidate_4,candidate_2,candidate_3,4,0.1475
1168,candidate_1,0,candidate_2,candidate_3,4,0.1475
1169,candidate_1,0,candidate_2,candidate_3,4,0.1475
1170,candidate_1,candidate_4,candidate_2,candidate_3,4,0.1475
1171,candidate_1,candidate_4,candidate_2,candidate_3,4,0.1475
1172,candidate_1,candidate_4,candidate_2,candidate_3,4,0.1475
1173,candidate_1,0,candidate_2,candidate_3,4,0.1475
1174,candidate_1,0,candidate_2,0,4,0.1475
1175,candidate_1,candidate_4,candidate_2,0,4,0.1475
1176,candidate_1,candidate_4,0,candidate_3,4,0.1475
1177,candidate_1,candidate_4,candidate_2,0,4,0.1475
1178,candidate_1,candidate_4,candidate_2,candidate_3,4,0.1475
1179,candidate_1,candidate_4,candidate_2,candidate_3,4,0.1475
1180,candidate_1,candidate_4,0,0,4,0.1475
1181,candidate_1,candidate_4,candidate_2,candidate_3,4,0.1475
1182,candidate_1,candidate_4,0,candidate_3,4,0.1475
1183,0,candidate_4,candidate_2,candidate_3,4,0.1475
1184,0,candidate_4,candidate_2,candidate_3,4,0.1475
1185,candidate_1,candidate_4,candidate_2,candidate_3,4,0.1475
1186,candidate_1,candidate_4,candidate_2,candidate_3,4,0.1475
1187,candidate_1,0,candidate_2,candidate_3,4,0.1475
1188,candidate_1,candidate_4,candidate_2,candidate_3,4,0.1475
1189,candidate_1,candidate_4,candidate_2,candidate_3,4,0.1475
1190,candidate_1,candidate_4,candidate_2,candidate_3,4,0.1475
1191,0,candidate_4,candidate_2,candidate_3,4,0.1475
1192,candidate_1,candidate_4,candidate_2,candidate_3,4,0.1475
1193,candidate_1,candidate_4,candidate_2,0,4,0.1475
1194,candidate_1,candidate_4,candidate_2,candidate_3,4,0.1475
1195,candidate_1,candidate_4,candidate_2,candidate_3,4,0.1475
1196,candidate_1,candidate_4,candidate_2,candidate_3,4,0.1475
1197,0,candidate_4,0,candidate_3,4,0.1475
1198,candidate_1,candidate_4,candidate_2,0,4,0.1475
1199,candidate_1,0,candidate_2,candidate_3,4,0.1475
1200,0,candidate_4,0,candidate_3,4,0.1475
1201,0,candidate_4,0,candidate_3,4,0.1475
1202,candidate_1,0,candidate_2,candidate_3,4,0.1475
1203,candidate_1,candidate_4,0,candidate_3,4,0.1475
1204,candidate_1,candidate_4,candidate_2,candidate_3,4,0.1475
1205,candidate_1,candidate_4,0,0,4,0.1475
1206,candidate_1,0,0,candidate_3,4,0.1475
1207,candidate_1,0,candidate_2,candidate_3,4,0.1475
1208,candidate_1,candidate_4,candidate_2,candidate_3,4,0.1475
1209,candidate_1,candidate_4,candidate_2,candidate_3,4,0.1475
1210,0,candidate_4,candidate_2,0,4,0.1475
1211,candidate_1,candidate_4,candidate_2,candidate_3,4,0.1475
1212,candidate_1,candidate_4,candidate_2,0,4,0.1475
1213,candidate_1,candidate_4,candidate_2,candidate_3,4,0.1475
1214,candidate_1,candidate_4,0,candidate_3,4,0.1475
1215,candidate_1,0,candidate_2,candidate_3,4,0.1475
1216,candidate_1,0,candidate_2,candidate_3,4,0.1475
1217,candidate_1,0,candidate_2,candidate_3,4,0.1475
1218,candidate_1,candidate_4,candidate_2,candidate_3,4,0.1475
1219,0,candidate_4,candidate_2,candidate_3,4,0.1475
1220,candidate_1,candidate_4,candidate_2,candidate_3,4,0.1475
1221,0,candidate_4,candidate_2,candidate_3,4,0.1475
1222,candidate_1,candidate_4,0,candidate_3,4,0.1475
1223,candidate_1,candidate_4,candidate_2,candidate_3,4,0.1475
1224,candidate_1,candidate_4,candidate_2,0,4,0.1475
1225,candidate_1,0,candidate_2,candidate_3,4,0.1475
1226,candidate_1,candidate_4,candidate_2,candidate_3,4,0.1475
1227,candidate_1,candidate_4,candidate_2,candidate_3,4,0.1475
1228,candidate_1,candidate_4,0,candidate_3,4,0.1475
1229,candidate_1,candidate_4,0,candidate_3,4,0.1475
1230,candidate_1,candidate_4,candidate_2,candidate_3,4,0.1475
1231,candidate_1,candidate_4,candidate_2,candidate_3,4,0.1475
1232,candidate_1,candidate_4,0,candidate_3,4,0.1475
1233,candidate_1,candidate_4,candidate_2,candidate_3,4,0.1475
1234,0,candidate_4,candidate_2,candidate_3,4,0.1475
1235,candidate_1,candidate_4,candidate_2,candidate_3,4,0.1475
1236,candidate_1,candidate_4,candidate_2,candidate_3,4,0.1475
1237,candidate_1,candidate_4,candidate_2,candidate_3,4,0.1475
1238,0,0,0,candidate_3,4,0.1475
1239,candidate_1,candidate_4,candidate_2,candidate_3,4,0.1475
1240,candidate_1,candidate_4,candidate_2,candidate_3,4,0.1475
1241,candidate_1,candidate_4,candidate_2,candidate_3,4,0.1475
1242,candidate_1,0,candidate_2,candidate_3,4,0.1475
1243,candidate_1,candidate_4,candidate_2,candidate_3,4,0.1475
1244,0,candidate_4,candidate_2,candidate_3,4,0.1475
1245,candidate_1,candidate_4,candidate_2,candidate_3,4,0.1475
1246,0,candidate_4,candidate_2,candidate_3,4,0.1475
1247,candidate_1,candidate_4,candidate_2,candidate_3,4,0.1475
1248,candidate_1,candidate_4,candidate_2,candidate_3,4,0.1475
1249,candidate_1,candidate_4,candidate_2,candidate_3,4,0.1475
1250,candidate_1,candidate_4,candidate_2,candidate_3,4,0.1475
1251,candidate_1,candidate_4,candidate_2,candidate_3,4,0.1475
1252,candidate_1,candidate_4,candidate_2,candidate_3,4,0.1475
1253,candidate_1,candidate_4,candidate_2,candidate_3,4,0.1475
1254,candidate_1,0,candidate_2,candidate_3,4,0.1475
1255,candidate_1,candidate_4,candidate_2,candidate_3,4,0.1475
1256,candidate_1,candidate_4,candidate_2,0,4,0.1475
1257,candidate_1,candidate_4,candidate_2,candidate_3,4,0.1475
1258,candidate_1,0,candidate_2,candidate_3,4,0.1475
1259,candidate_1,candidate_4,candidate_2,candidate_3,4,0.1475
1260,candidate_1,candidate_4,candidate_2,candidate_3,4,0.1475
1261,candidate_1,candidate_4,candidate_2,0,4,0.1475
1262,candidate_1,candidate_4,candidate_2,candidate_3,4,0.1475
1263,candidate_1,candidate_4,candidate_2,candidate_3,4,0.1475
1264,candidate_1,candidate_4,0,candidate_3,4,0.1475
1265,candidate_1,candidate_4,candidate_2,candidate_3,4,0.1475
1266,candidate_1,candidate_4,candidate_2,candidate_3,4,0.1475
1267,candidate_1,candidate_4,0,candidate_3,4,0.1475
1268,candidate_1,0,candidate_2,candidate_3,4,0.1475
1269,0,candidate_4,candidate_2,candidate_3,4,0.1475
1270,candidate_1,0,candidate_2,candidate_3,4,0.1475
1271,candidate_1,0,candidate_2,candidate_3,4,0.1475
1272,0,candidate_4,candidate_2,candidate_3,4,0.1475
1273,candidate_1,candidate_4,candidate_2,candidate_3,4,0.1475
1274,candidate_1,candidate_4,candidate_2,candidate_3,4,0.1475
1275,candidate_1,candidate_4,candidate_2,candidate_3,4,0.1475
1276,candidate_1,candidate_4,candidate_2,candidate_3,4,0.1475
1277,candidate_1,candidate_4,candidate_2,candidate_3,4,0.1475
1278,candidate_1,candidate_4,candidate_2,candidate_3,4,0.1475
1279,candidate_1,candidate_4,candidate_2,candidate_3,4,0.1475
1280,candidate_1,candidate_4,0,candidate_3,4,0.1475
1281,candidate_1,candidate_4,candidate_2,candidate_3,4,0.1475
1282,candidate_1,candidate_4,candidate_2,0,4,0.1475
1283,candidate_1,candidate_4,candidate_2,candidate_3,4,0.1475
1284,candidate_1,candidate_4,candidate_2,candidate_3,4,0.1475
1285,0,candidate_4,candidate_2,candidate_3,4,0.1475
1286,candidate_1,candidate_4,candidate_2,candidate_3,4,0.1475
1287,candidate_1,candidate_4,candidate_2,candidate_3,4,0.1475
1288,candidate_1,0,candidate_2,candidate_3,4,0.1475
1289,0,candidate_4,0,0,4,0.1475
1290,candidate_1,candidate_4,candidate_2,0,4,0.1475
1291,candidate_1,candidate_4,candidate_2,candidate_3,4,0.1475
1292,candidate_1,candidate_4,0,candidate_3,4,0.1475
1293,candidate_1,candidate_4,candidate_2,candidate_3,4,0.1475
1294,candidate_1,candidate_4,candidate_2,candidate_3,4,0.1475
1295,candidate_1,candidate_4,candidate_2,candidate_3,4,0.1475
1296,candidate_1,candidate_4,candidate_2,candidate_3,4,0.1475
1297,candidate_1,candidate_4,candidate_2,candidate_3,4,0.1475
1298,candidate_1,candidate_4,0,candidate_3,4,0.1475
1299,candidate_1,0,candidate_2,candidate_3,4,0.1475
1300,candidate_1,candidate_4,candidate_2,candidate_3,4,0.1475
1301,candidate_1,candidate_4,candidate_2,candidate_3,4,0.1475
1302,candidate_1,candidate_4,0,candidate_3,4,0.1475
1303,candidate_1,candidate_4,candidate_2,candidate_3,4,0.1475
1304,candidate_1,candidate_4,candidate_2,candidate_3,4,0.1475
1305,candidate_1,candidate_4,candidate_2,0,4,0.1475
1306,candidate_1,candidate_4,candidate_2,candidate_3,4,0.1475
1307,candidate_1,candidate_4,candidate_2,0,4,0.1475
1308,candidate_1,candidate_4,candidate_2,candidate_3,4,0.1475
1309,candidate_1,candidate_4,candidate_2,candidate_3,4,0.1475
1310,candidate_1,0,candidate_2,candidate_3,4,0.1475
1311,candidate_1,0,candidate_2,0,4,0.1475
1312,candidate_1,candidate_4,candidate_2,candidate_3,4,0.1475
1313,candidate_1,candidate_4,candidate_2,candidate_3,4,0.1475
1314,candidate_1,candidate_4,0,candidate_3,4,0.1475
1315,candidate_1,candidate_4,candidate_2,candidate_3,4,0.1475
1316,candidate_1,candidate_4,candidate_2,candidate_3,4,0.1475
1317,candidate_1,candidate_4,candidate_2,0,4,0.1475
1318,0,candidate_4,0,candidate_3,4,0.1475
1319,candidate_1,candidate_4,candidate_2,candidate_3,4,0.1475
1320,candidate_1,0,candidate_2,candidate_3,4,0.1475
1321,candidate_1,candidate_4,candidate_2,candidate_3,4,0.1475
1322,candidate_1,candidate_4,candidate_2,candidate_3,4,0.1475
1323,candidate_1,candidate_4,0,candidate_3,4,0.1475
1324,candidate_1,candidate_4,candidate_2,candidate_3,4,0.1475
1325,0,candidate_4,candidate_2,candidate_3,4,0.1475
1326,candidate_1,candidate_4,candidate_2,candidate_3,4,0.1475
1327,candidate_1,candidate_4,candidate_2,0,4,0.1475
1328,candidate_1,candidate_4,0,candidate_3,4,0.1475
1329,candidate_1,0,candidate_2,candidate_3,4,0.1475
1330,candidate_1,0,candidate_2,candidate_3,4,0.1475
1331,candidate_1,candidate_4,candidate_2,candidate_3,4,0.1475
1332,candidate_1,candidate_4,0,candidate_3,4,0.1475
1333,candidate_1,candidate_4,0,candidate_3,4,0.1475
1334,candidate_1,candidate_4,candidate_2,candidate_3,4,0.1475
1335,candidate_1,candidate_4,candidate_2,candidate_3,4,0.1475
1336,candidate_1,0,candidate_2,candidate_3,4,0.1475
1337,candidate_1,candidate_4,candidate_2,candidate_3,4,0.1475
1338,candidate_1,candidate_4,candidate_2,candidate_3,4,0.1475
1339,0,candidate_4,candidate_2,candidate_3,4,0.1475
1340,candidate_1,candidate_4,candidate_2,candidate_3,4,0.1475
1341,candidate_1,0,candidate_2,candidate_3,4,0.1475
1342,0,candidate_4,candidate_2,candidate_3,4,0.1475
1343,candidate_1,candidate_4,0,0,4,0.1475
1344,candidate_1,candidate_4,candidate_2,0,4,0.1475
1345,candidate_1,candidate_4,candidate_2,candidate_3,4,0.1475
1346,candidate_1,0,candidate_2,candidate_3,4,0.1475
1347,candidate_1,candidate_4,candidate_2,candidate_3,4,0.1475
1348,candidate_1,candidate_4,candidate_2,candidate_3,4,0.1475
1349,candidate_1,candidate_4,0,candidate_3,4,0.1475
1350,0,candidate_4,candidate_2,candidate_3,4,0.1475
1351,candidate_1,candidate_4,candidate_2,candidate_3,4,0.1475
1352,candidate_1,candidate_4,candidate_2,candidate_3,4,0.1475
1353,candidate_1,candidate_4,candidate_2,candidate_3,4,0.1475
1354,candidate_1,candidate_4,candidate_2,candidate_3,4,0.1475
1355,candidate_1,candidate_4,candidate_2,candidate_3,4,0.1475
1356,candidate_1,candidate_4,candidate_2,0,4,0.1475
1357,candidate_1,candidate_4,candidate_2,candidate_3,4,0.1475
1358,candidate_1,candidate_4,candidate_2,candidate_3,4,0.1475
1359,candidate_1,candidate_4,candidate_2,candidate_3,4,0.1475
1360,candidate_1,0,candidate_2,candidate_3,4,0.1475
1361,candidate_1,candidate_4,candidate_2,candidate_3,4,0.1475
1362,candidate_1,0,candidate_2,candidate_3,4,0.1475
1363,candidate_1,candidate_4,candidate_2,candidate_3,4,0.1475
1364,candidate_1,candidate_4,candidate_2,candidate_3,4,0.1475
1365,candidate_1,candidate_4,candidate_2,candidate_3,4,0.1475
1366,candidate_1,candidate_4,candidate_2,candidate_3,4,0.1475
1367,candidate_1,candidate_4,candidate_2,candidate_3,4,0.1475
1368,candidate_1,0,candidate_2,candidate_3,4,0.1475
1369,0,candidate_4,candidate_2,candidate_3,4,0.1475
1370,candidate_1,candidate_4,candidate_2,candidate_3,4,0.1475
1371,candidate_1,candidate_4,candidate_2,candidate_3,4,0.1475
1372,candidate_1,0,candidate_2,0,4,0.1475
1373,candidate_1,0,candidate_2,candidate_3,4,0.1475
1374,0,0,candidate_2,candidate_3,4,0.1475
1375,candidate_1,candidate_4,candidate_2,candidate_3,4,0.1475
1376,candidate_1,candidate_4,0,0,4,0.1475
1377,candidate_1,0,candidate_2,candidate_3,4,0.1475
1378,candidate_1,candidate_4,candidate_2,candidate_3,4,0.1475
1379,candidate_1,candidate_4,candidate_2,candidate_3,4,0.1475
1380,candidate_1,0,candidate_2,0,4,0.1475
1381,candidate_1,0,candidate_2,candidate_3,4,0.1475
1382,candidate_1,candidate_4,candidate_2,candidate_3,4,0.1475
1383,0,candidate_4,candidate_2,candidate_3,4,0.1475
1384,candidate_1,candidate_4,candidate_2,candidate_3,4,0.1475
1385,0,candidate_4,candidate_2,candidate_3,4,0.1475
1386,candidate_1,candidate_4,candidate_2,candidate_3,4,0.1475
1387,candidate_1,candidate_4,candidate_2,0,4,0.1475
1388,candidate_1,candidate_4,candidate_2,candidate_3,4,0.1475
1389,candidate_1,candidate_4,0,candidate_3,4,0.1475
1390,candidate_1,candidate_4,candidate_2,candidate_3,4,0.1475
1391,candidate_1,candidate_4,candidate_2,0,4,0.1475
1392,candidate_1,0,0,candidate_3,4,0.1475
1393,candidate_1,candidate_4,candidate_2,candidate_3,4,0.1475
1394,candidate_1,candidate_4,0,0,4,0.1475
1395,candidate_1,candidate_4,candidate_2,candidate_3,4,0.1475
1396,candidate_1,candidate_4,candidate_2,candidate_3,4,0.1475
1397,candidate_1,candidate_4,candidate_2,0,4,0.1475
1398,candidate_1,candidate_4,0,candidate_3,4,0.1475
1399,candidate_1,candidate_4,candidate_2,0,4,0.1475
1400,candidate_1,candidate_4,candidate_2,candidate_3,4,0.1475
1401,candidate_1,candidate_4,candidate_2,candidate_3,4,0.1475
1402,candidate_1,candidate_4,candidate_2,0,4,0.1475
1403,candidate_1,candidate_4,candidate_2,candidate_3,4,0.1475
1404,candidate_1,0,candidate_2,candidate_3,4,0.1475
1405,candidate_1,candidate_4,0,candidate_3,4,0.1475
1406,candidate_1,candidate_4,candidate_2,candidate_3,4,0.1475
1407,candidate_1,candidate_4,candidate_2,0,4,0.1475
1408,candidate_1,candidate_4,candidate_2,candidate_3,4,0.1475
1409,candidate_1,candidate_4,candidate_2,candidate_3,4,0.1475
1410,candidate_1,candidate_4,candidate_2,0,4,0.1475
1411,candidate_1,candidate_4,candidate_2,candidate_3,4,0.1475
1412,candidate_1,candidate_4,candidate_2,candidate_3,4,0.1475
1413,candidate_1,candidate_4,candidate_2,candidate_3,4,0.1475
1414,candidate_1,candidate_4,candidate_2,candidate_3,4,0.1475
1415,candidate_1,candidate_4,candidate_2,0,4,0.1475
1416,0,candidate_4,0,candidate_3,4,0.1475
1417,candidate_1,candidate_4,candidate_2,candidate_3,4,0.1475
1418,candidate_1,candidate_4,candidate_2,candidate_3,4,0.1475
1419,candidate_1,candidate_4,candidate_2,candidate_3,4,0.1475
1420,candidate_1,candidate_4,candidate_2,candidate_3,4,0.1475
1421,0,candidate_4,candidate_2,0,4,0.1475
1422,candidate_1,0,candidate_2,0,4,0.1475
1423,candidate_1,candidate_4,candidate_2,candidate_3,4,0.1475
1424,candidate_1,candidate_4,candidate_2,candidate_3,4,0.1475
1425,candidate_1,0,candidate_2,candidate_3,4,0.1475
1426,candidate_1,candidate_4,candidate_2,candidate_3,4,0.1475
1427,candidate_1,candidate_4,candidate_2,candidate_3,4,0.1475
1428,candidate_1,candidate_4,candidate_2,0,4,0.1475
1429,candidate_1,candidate_4,0,candidate_3,4,0.1475
1430,candidate_1,candidate_4,candidate_2,0,4,0.1475
1431,candidate_1,candidate_4,candidate_2,0,4,0.1475
1432,candidate_1,candidate_4,candidate_2,candidate_3,4,0.1475
1433,candidate_1,candidate_4,candidate_2,candidate_3,4,0.1475
1434,candidate_1,0,0,candidate_3,4,0.1475
1435,candidate_1,candidate_4,candidate_2,candidate_3,4,0.1475
1436,candidate_1,candidate_4,candidate_2,candidate_3,4,0.1475
1437,candidate_1,candidate_4,candidate_2,candidate_3,4,0.1475
1438,candidate_1,candidate_4,candidate_2,candidate_3,4,0.1475
1439,candidate_1,0,candidate_2,candidate_3,4,0.1475
1440,candidate_1,candidate_4,candidate_2,candidate_3,4,0.1475
1441,candidate_1,candidate_4,candidate_2,candidate_3,4,0.1475
1442,candidate_1,candidate_4,0,candidate_3,4,0.1475
1443,candidate_1,candidate_4,candidate_2,candidate_3,4,0.1475
1444,candidate_1,0,0,candidate_3,4,0.1475
1445,candidate_1,candidate_4,candidate_2,candidate_3,4,0.1475
1446,0,candidate_4,candidate_2,candidate_3,4,0.1475
1447,candidate_1,candidate_4,candidate_2,candidate_3,4,0.1475
1448,0,candidate_4,candidate_2,candidate_3,4,0.1475
1449,candidate_1,candidate_4,candidate_2,candidate_3,4,0.1475
1450,0,candidate_4,candidate_2,candidate_3,4,0.1475
1451,candidate_1,0,candidate_2,candidate_3,4,0.1475
1452,candidate_1,candidate_4,candidate_2,candidate_3,4,0.1475
1453,candidate_1,candidate_4,candidate_2,candidate_3,4,0.1475
1454,candidate_1,candidate_4,candidate_2,candidate_3,4,0.1475
1455,candidate_1,candidate_4,candidate_2,0,4,0.1475
1456,candidate_1,candidate_4,candidate_2,candidate_3,4,0.1475
1457,candidate_1,candidate_4,candidate_2,candidate_3,4,0.1475
1458,candidate_1,candidate_4,candidate_2,candidate_3,4,0.1475
1459,candidate_1,candidate_4,candidate_2,candidate_3,4,0.1475
1460,candidate_1,candidate_4,candidate_2,0,4,0.1475
1461,candidate_1,candidate_4,candidate_2,candidate_3,4,0.1475
1462,candidate_1,candidate_4,0,candidate_3,4,0.1475
1463,candidate_1,candidate_4,0,candidate_3,4,0.1475
1464,candidate_1,0,candidate_2,candidate_3,4,0.1475
1465,candidate_1,candidate_4,candidate_2,candidate_3,4,0.1475
1466,candidate_1,candidate_4,candidate_2,candidate_3,4,0.1475
1467,candidate_1,candidate_4,candidate_2,candidate_3,4,0.1475
1468,0,candidate_4,candidate_2,candidate_3,4,0.1475
1469,candidate_1,candidate_4,candidate_2,0,4,0.1475
1470,candidate_1,candidate_4,candidate_2,candidate_3,4,0.1475
1471,candidate_1,candidate_4,0,candidate_3,4,0.1475
1472,candidate_1,0,0,candidate_3,4,0.1475
1473,candidate_1,candidate_4,candidate_2,candidate_3,4,0.1475
1474,candidate_1,candidate_4,candidate_2,candidate_3,4,0.1475
1475,candidate_1,candidate_4,candidate_2,candidate_3,4,0.1475
1476,candidate_1,0,candidate_2,candidate_3,4,0.1475
1477,0,0,candidate_2,candidate_3,4,0.1475
1478,candidate_1,candidate_4,candidate_2,candidate_3,4,0.1475
0,0,candidate_4,candidate_3,candidate_2,4,0.1475
1,candidate_1,candidate_4,candidate_3,candidate_2,4,0.1475
2,candidate_1,0,candidate_3,0,4,0.1475
3,candidate_1,candidate_4,candidate_3,candidate_2,4,0.1475
4,candidate_1,candidate_4,candidate_3,0,4,0.1475
5,candidate_1,candidate_4,candidate_3,candidate_2,4,0.1475
6,candidate_1,candidate_4,candidate_3,candidate_2,4,0.1475
7,candidate_1,candidate_4,candidate_3,candidate_2,4,0.1475
8,candidate_1,candidate_4,candidate_3,candidate_2,4,0.1475
9,candidate_1,candidate_4,candidate_3,candidate_2,4,0.1475
10,candidate_1,candidate_4,candidate_3,candidate_2,4,0.1475
11,candidate_1,candidate_4,candidate_3,candidate_2,4,0.1475
12,candidate_1,candidate_4,candidate_3,candidate_2,4,0.1475
13,candidate_1,candidate_4,candidate_3,candidate_2,4,0.1475
14,candidate_1,candidate_4,candidate_3,0,4,0.1475
15,candidate_1,0,candidate_3,candidate_2,4,0.1475
16,0,candidate_4,candidate_3,candidate_2,4,0.1475
17,candidate_1,candidate_4,candidate_3,0,4,0.1475
18,candidate_1,candidate_4,candidate_3,candidate_2,4,0.1475
19,candidate_1,candidate_4,0,candidate_2,4,0.1475
20,candidate_1,candidate_4,candidate_3,candidate_2,4,0.1475
21,candidate_1,candidate_4,candidate_3,candidate_2,4,0.1475
22,candidate_1,0,candidate_3,candidate_2,4,0.1475
23,candidate_1,candidate_4,candidate_3,candidate_2,4,0.1475
24,candidate_1,0,candidate_3,0,4,0.1475
25,candidate_1,candidate_4,candidate_3,0,4,0.1475
26,candidate_1,candidate_4,candidate_3,candidate_2,4,0.1475
27,candidate_1,candidate_4,candidate_3,candidate_2,4,0.1475
28,candidate_1,candidate_4,candidate_3,candidate_2,4,0.1475
29,candidate_1,candidate_4,0,candidate_2,4,0.1475
30,candidate_1,candidate_4,candidate_3,candidate_2,4,0.1475
31,candidate_1,candidate_4,candidate_3,candidate_2,4,0.1475
32,candidate_1,candidate_4,candidate_3,candidate_2,4,0.1475
33,candidate_1,candidate_4,candidate_3,candidate_2,4,0.1475
34,candidate_1,candidate_4,candidate_3,candidate_2,4,0.1475
35,candidate_1,candidate_4,candidate_3,candidate_2,4,0.1475
36,candidate_1,candidate_4,candidate_3,candidate_2,4,0.1475
37,candidate_1,0,0,candidate_2,4,0.1475
38,candidate_1,candidate_4,candidate_3,candidate_2,4,0.1475
39,candidate_1,candidate_4,candidate_3,candidate_2,4,0.1475
40,candidate_1,candidate_4,candidate_3,candidate_2,4,0.1475
41,candidate_1,candidate_4,candidate_3,0,4,0.1475
42,candidate_1,candidate_4,candidate_3,candidate_2,4,0.1475
43,candidate_1,candidate_4,candidate_3,0,4,0.1475
44,candidate_1,candidate_4,candidate_3,candidate_2,4,0.1475
45,candidate_1,0,candidate_3,candidate_2,4,0.1475
46,candidate_1,candidate_4,candidate_3,candidate_2,4,0.1475
47,0,candidate_4,candidate_3,0,4,0.1475
48,candidate_1,candidate_4,candidate_3,candidate_2,4,0.1475
49,candidate_1,candidate_4,candidate_3,0,4,0.1475
50,candidate_1,candidate_4,0,candidate_2,4,0.1475
51,candidate_1,candidate_4,candidate_3,candidate_2,4,0.1475
52,0,candidate_4,0,candidate_2,4,0.1475
53,candidate_1,candidate_4,candidate_3,candidate_2,4,0.1475
54,candidate_1,candidate_4,candidate_3,candidate_2,4,0.1475
55,candidate_1,candidate_4,candidate_3,candidate_2,4,0.1475
56,candidate_1,candidate_4,candidate_3,candidate_2,4,0.1475
57,candidate_1,candidate_4,candidate_3,candidate_2,4,0.1475
58,candidate_1,candidate_4,0,candidate_2,4,0.1475
59,candidate_1,0,candidate_3,0,4,0.1475
60,candidate_1,candidate_4,candidate_3,candidate_2,4,0.1475
61,0,0,0,candidate_2,4,0.1475
62,candidate_1,candidate_4,0,candidate_2,4,0.1475
63,candidate_1,candidate_4,candidate_3,candidate_2,4,0.1475
64,candidate_1,candidate_4,0,candidate_2,4,0.1475
65,candidate_1,candidate_4,candidate_3,candidate_2,4,0.1475
66,candidate_1,0,candidate_3,candidate_2,4,0.1475
67,0,candidate_4,candidate_3,0,4,0.1475
68,candidate_1,candidate_4,candidate_3,candidate_2,4,0.1475
69,candidate_1,candidate_4,candidate_3,candidate_2,4,0.1475
70,candidate_1,candidate_4,candidate_3,0,4,0.1475
71,candidate_1,candidate_4,0,candidate_2,4,0.1475
72,candidate_1,candidate_4,candidate_3,candidate_2,4,0.1475
73,candidate_1,candidate_4,candidate_3,candidate_2,4,0.1475
74,candidate_1,candidate_4,candidate_3,candidate_2,4,0.1475
75,candidate_1,candidate_4,candidate_3,0,4,0.1475
76,candidate_1,candidate_4,candidate_3,candidate_2,4,0.1475
77,candidate_1,candidate_4,candidate_3,candidate_2,4,0.1475
78,0,candidate_4,candidate_3,candidate_2,4,0.1475
79,candidate_1,candidate_4,candidate_3,candidate_2,4,0.1475
80,candidate_1,candidate_4,0,candidate_2,4,0.1475
81,candidate_1,candidate_4,candidate_3,candidate_2,4,0.1475
82,candidate_1,candidate_4,candidate_3,0,4,0.1475
83,candidate_1,candidate_4,candidate_3,candidate_2,4,0.1475
84,candidate_1,0,candidate_3,candidate_2,4,0.1475
85,candidate_1,0,0,candidate_2,4,0.1475
86,candidate_1,0,0,candidate_2,4,0.1475
87,0,candidate_4,candidate_3,candidate_2,4,0.1475
88,candidate_1,candidate_4,0,0,4,0.1475
89,0,candidate_4,candidate_3,candidate_2,4,0.1475
90,candidate_1,candidate_4,candidate_3,0,4,0.1475
91,candidate_1,candidate_4,0,candidate_2,4,0.1475
92,candidate_1,candidate_4,candidate_3,candidate_2,4,0.1475
93,candidate_1,0,candidate_3,candidate_2,4,0.1475
94,0,candidate_4,candidate_3,candidate_2,4,0.1475
95,candidate_1,candidate_4,candidate_3,candidate_2,4,0.1475
96,0,candidate_4,candidate_3,candidate_2,4,0.1475
97,candidate_1,candidate_4,candidate_3,0,4,0.1475
98,candidate_1,candidate_4,candidate_3,candidate_2,4,0.1475
99,candidate_1,candidate_4,candidate_3,candidate_2,4,0.1475
100,candidate_1,candidate_4,0,candidate_2,4,0.1475
101,candidate_1,0,candidate_3,candidate_2,4,0.1475
102,candidate_1,candidate_4,0,candidate_2,4,0.1475
103,0,candidate_4,candidate_3,candidate_2,4,0.1475
104,candidate_1,candidate_4,candidate_3,candidate_2,4,0.1475
105,candidate_1,candidate_4,0,0,4,0.1475
106,candidate_1,0,0,candidate_2,4,0.1475
107,candidate_1,candidate_4,candidate_3,candidate_2,4,0.1475
108,candidate_1,0,candidate_3,candidate_2,4,0.1475
109,candidate_1,candidate_4,0,candidate_2,4,0.1475
110,candidate_1,candidate_4,candidate_3,candidate_2,4,0.1475
111,candidate_1,0,candidate_3,candidate_2,4,0.1475
112,candidate_1,candidate_4,candidate_3,candidate_2,4,0.1475
113,candidate_1,candidate_4,candidate_3,candidate_2,4,0.1475
114,candidate_1,candidate_4,candidate_3,candidate_2,4,0.1475
115,candidate_1,candidate_4,candidate_3,candidate_2,4,0.1475
116,candidate_1,candidate_4,candidate_3,candidate_2,4,0.1475
117,candidate_1,candidate_4,candidate_3,candidate_2,4,0.1475
118,candidate_1,candidate_4,candidate_3,candidate_2,4,0.1475
119,candidate_1,candidate_4,candidate_3,candidate_2,4,0.1475
120,candidate_1,candidate_4,candidate_3,candidate_2,4,0.1475
121,candidate_1,candidate_4,0,candidate_2,4,0.1475
122,candidate_1,candidate_4,candidate_3,candidate_2,4,0.1475
123,candidate_1,0,0,candidate_2,4,0.1475
124,0,candidate_4,0,candidate_2,4,0.1475
125,candidate_1,candidate_4,candidate_3,candidate_2,4,0.1475
126,0,candidate_4,candidate_3,candidate_2,4,0.1475
127,candidate_1,candidate_4,candidate_3,candidate_2,4,0.1475
128,candidate_1,candidate_4,candidate_3,candidate_2,4,0.1475
129,candidate_1,0,candidate_3,candidate_2,4,0.1475
130,0,candidate_4,candidate_3,candidate_2,4,0.1475
131,0,candidate_4,candidate_3,candidate_2,4,0.1475
132,0,candidate_4,candidate_3,candidate_2,4,0.1475
133,candidate_1,candidate_4,candidate_3,candidate_2,4,0.1475
134,0,candidate_4,candidate_3,0,4,0.1475
135,candidate_1,candidate_4,candidate_3,candidate_2,4,0.1475
136,candidate_1,candidate_4,candidate_3,candidate_2,4,0.1475
137,candidate_1,candidate_4,candidate_3,candidate_2,4,0.1475
138,0,candidate_4,candidate_3,candidate_2,4,0.1475
139,candidate_1,candidate_4,candidate_3,candidate_2,4,0.1475
140,candidate_1,candidate_4,candidate_3,0,4,0.1475
141,candidate_1,candidate_4,candidate_3,candidate_2,4,0.1475
142,candidate_1,candidate_4,candidate_3,candidate_2,4,0.1475
143,candidate_1,candidate_4,candidate_3,candidate_2,4,0.1475
144,candidate_1,candidate_4,candidate_3,candidate_2,4,0.1475
145,0,0,0,candidate_2,4,0.1475
146,0,candidate_4,0,0,4,0.1475
147,candidate_1,candidate_4,candidate_3,candidate_2,4,0.1475
148,candidate_1,candidate_4,0,0,4,0.1475
149,0,candidate_4,candidate_3,candidate_2,4,0.1475
150,candidate_1,candidate_4,candidate_3,candidate_2,4,0.1475
151,candidate_1,candidate_4,0,candidate_2,4,0.1475
152,candidate_1,0,candidate_3,candidate_2,4,0.1475
153,candidate_1,candidate_4,candidate_3,candidate_2,4,0.1475
154,candidate_1,candidate_4,0,candidate_2,4,0.1475
155,candidate_1,candidate_4,candidate_3,candidate_2,4,0.1475
156,candidate_1,candidate_4,candidate_3,candidate_2,4,0.1475
157,0,candidate_4,candidate_3,candidate_2,4,0.1475
158,0,candidate_4,candidate_3,candidate_2,4,0.1475
159,candidate_1,candidate_4,candidate_3,candidate_2,4,0.1475
160,candidate_1,candidate_4,candidate_3,candidate_2,4,0.1475
161,candidate_1,candidate_4,candidate_3,candidate_2,4,0.1475
162,candidate_1,candidate_4,candidate_3,0,4,0.1475
163,candidate_1,candidate_4,candidate_3,candidate_2,4,0.1475
164,0,candidate_4,candidate_3,candidate_2,4,0.1475
165,candidate_1,candidate_4,candidate_3,0,4,0.1475
166,0,candidate_4,candidate_3,candidate_2,4,0.1475
167,candidate_1,candidate_4,candidate_3,candidate_2,4,0.1475
168,candidate_1,candidate_4,candidate_3,candidate_2,4,0.1475
169,candidate_1,candidate_4,candidate_3,candidate_2,4,0.1475
170,candidate_1,candidate_4,candidate_3,candidate_2,4,0.1475
171,candidate_1,0,candidate_3,candidate_2,4,0.1475
172,candidate_1,candidate_4,candidate_3,candidate_2,4,0.1475
173,candidate_1,0,0,candidate_2,4,0.1475
174,candidate_1,candidate_4,candidate_3,candidate_2,4,0.1475
175,0,candidate_4,candidate_3,candidate_2,4,0.1475
176,candidate_1,candidate_4,0,candidate_2,4,0.1475
177,0,candidate_4,candidate_3,candidate_2,4,0.1475
178,candidate_1,candidate_4,0,candidate_2,4,0.1475
179,candidate_1,candidate_4,candidate_3,candidate_2,4,0.1475
180,candidate_1,0,candidate_3,candidate_2,4,0.1475
181,0,candidate_4,candidate_3,candidate_2,4,0.1475
182,candidate_1,candidate_4,candidate_3,candidate_2,4,0.1475
183,candidate_1,candidate_4,candidate_3,candidate_2,4,0.1475
184,candidate_1,candidate_4,candidate_3,candidate_2,4,0.1475
185,candidate_1,candidate_4,candidate_3,candidate_2,4,0.1475
186,candidate_1,candidate_4,candidate_3,candidate_2,4,0.1475
187,candidate_1,candidate_4,candidate_3,candidate_2,4,0.1475
188,candidate_1,candidate_4,candidate_3,candidate_2,4,0.1475
189,candidate_1,candidate_4,candidate_3,candidate_2,4,0.1475
190,0,candidate_4,candidate_3,candidate_2,4,0.1475
191,0,candidate_4,candidate_3,candidate_2,4,0.1475
192,0,candidate_4,0,candidate_2,4,0.1475
193,candidate_1,candidate_4,candidate_3,0,4,0.1475
194,candidate_1,candidate_4,candidate_3,candidate_2,4,0.1475
195,candidate_1,0,candidate_3,candidate_2,4,0.1475
196,candidate_1,0,candidate_3,candidate_2,4,0.1475
197,candidate_1,candidate_4,candidate_3,candidate_2,4,0.1475
198,candidate_1,candidate_4,candidate_3,candidate_2,4,0.1475
199,candidate_1,candidate_4,candidate_3,candidate_2,4,0.1475
200,candidate_1,0,candidate_3,candidate_2,4,0.1475
201,candidate_1,candidate_4,candidate_3,0,4,0.1475
202,candidate_1,candidate_4,0,candidate_2,4,0.1475
203,candidate_1,candidate_4,candidate_3,candidate_2,4,0.1475
204,candidate_1,candidate_4,candidate_3,candidate_2,4,0.1475
205,candidate_1,candidate_4,candidate_3,candidate_2,4,0.1475
206,candidate_1,candidate_4,0,0,4,0.1475
207,candidate_1,candidate_4,0,candidate_2,4,0.1475
208,candidate_1,0,candidate_3,candidate_2,4,0.1475
209,candidate_1,candidate_4,candidate_3,candidate_2,4,0.1475
210,candidate_1,candidate_4,0,candidate_2,4,0.1475
211,0,0,candidate_3,0,4,0.1475
212,candidate_1,candidate_4,candidate_3,candidate_2,4,0.1475
213,candidate_1,candidate_4,candidate_3,candidate_2,4,0.1475
214,candidate_1,0,candidate_3,candidate_2,4,0.1475
215,candidate_1,candidate_4,candidate_3,candidate_2,4,0.1475
216,candidate_1,candidate_4,0,candidate_2,4,0.1475
217,candidate_1,candidate_4,candidate_3,candidate_2,4,0.1475
218,candidate_1,candidate_4,candidate_3,candidate_2,4,0.1475
219,candidate_1,candidate_4,candidate_3,0,4,0.1475
220,candidate_1,candidate_4,candidate_3,candidate_2,4,0.1475
221,candidate_1,candidate_4,0,candidate_2,4,0.1475
222,candidate_1,candidate_4,candidate_3,candidate_2,4,0.1475
223,candidate_1,candidate_4,candidate_3,candidate_2,4,0.1475
224,candidate_1,candidate_4,candidate_3,0,4,0.1475
225,candidate_1,candidate_4,candidate_3,candidate_2,4,0.1475
226,0,candidate_4,candidate_3,0,4,0.1475
227,candidate_1,candidate_4,0,candidate_2,4,0.1475
228,0,candidate_4,0,candidate_2,4,0.1475
229,candidate_1,candidate_4,candidate_3,candidate_2,4,0.1475
230,candidate_1,candidate_4,candidate_3,candidate_2,4,0.1475
231,candidate_1,candidate_4,candidate_3,candidate_2,4,0.1475
232,candidate_1,0,candidate_3,candidate_2,4,0.1475
233,candidate_1,candidate_4,candidate_3,candidate_2,4,0.1475
234,candidate_1,0,candidate_3,0,4,0.1475
235,candidate_1,candidate_4,candidate_3,candidate_2,4,0.1475
236,candidate_1,candidate_4,candidate_3,candidate_2,4,0.1475
237,candidate_1,candidate_4,candidate_3,candidate_2,4,0.1475
238,candidate_1,candidate_4,candidate_3,candidate_2,4,0.1475
239,candidate_1,candidate_4,candidate_3,candidate_2,4,0.1475
240,candidate_1,candidate_4,candidate_3,candidate_2,4,0.1475
241,candidate_1,candidate_4,candidate_3,candidate_2,4,0.1475
242,candidate_1,candidate_4,candidate_3,candidate_2,4,0.1475
243,candidate_1,candidate_4,candidate_3,candidate_2,4,0.1475
244,candidate_1,candidate_4,candidate_3,candidate_2,4,0.1475
245,candidate_1,candidate_4,candidate_3,candidate_2,4,0.1475
246,candidate_1,candidate_4,0,candidate_2,4,0.1475
247,candidate_1,candidate_4,candidate_3,candidate_2,4,0.1475
248,candidate_1,candidate_4,candidate_3,candidate_2,4,0.1475
249,candidate_1,candidate_4,candidate_3,0,4,0.1475
250,candidate_1,candidate_4,0,candidate_2,4,0.1475
251,candidate_1,candidate_4,candidate_3,candidate_2,4,0.1475
252,candidate_1,candidate_4,0,candidate_2,4,0.1475
253,candidate_1,candidate_4,candidate_3,candidate_2,4,0.1475
254,candidate_1,0,candidate_3,candidate_2,4,0.1475
255,0,candidate_4,candidate_3,candidate_2,4,0.1475
256,candidate_1,candidate_4,0,candidate_2,4,0.1475
257,candidate_1,0,candidate_3,candidate_2,4,0.1475
258,candidate_1,candidate_4,0,0,4,0.1475
259,candidate_1,0,candidate_3,candidate_2,4,0.1475
260,candidate_1,candidate_4,candidate_3,candidate_2,4,0.1475
261,candidate_1,candidate_4,0,candidate_2,4,0.1475
262,candidate_1,candidate_4,candidate_3,candidate_2,4,0.1475
263,candidate_1,candidate_4,candidate_3,0,4,0.1475
264,candidate_1,candidate_4,candidate_3,candidate_2,4,0.1475
265,candidate_1,candidate_4,candidate_3,candidate_2,4,0.1475
266,candidate_1,candidate_4,0,candidate_2,4,0.1475
267,candidate_1,candidate_4,0,candidate_2,4,0.1475
268,candidate_1,candidate_4,candidate_3,candidate_2,4,0.1475
269,candidate_1,candidate_4,candidate_3,candidate_2,4,0.1475
270,candidate_1,candidate_4,candidate_3,0,4,0.1475
271,candidate_1,candidate_4,candidate_3,candidate_2,4,0.1475
272,candidate_1,candidate_4,candidate_3,candidate_2,4,0.1475
273,candidate_1,candidate_4,candidate_3,candidate_2,4,0.1475
274,0,candidate_4,candidate_3,candidate_2,4,0.1475
275,candidate_1,candidate_4,candidate_3,candidate_2,4,0.1475
276,candidate_1,candidate_4,candidate_3,candidate_2,4,0.1475
277,candidate_1,candidate_4,candidate_3,candidate_2,4,0.1475
278,candidate_1,candidate_4,candidate_3,0,4,0.1475
279,0,candidate_4,candidate_3,candidate_2,4,0.1475
280,candidate_1,candidate_4,candidate_3,candidate_2,4,0.1475
281,candidate_1,0,candidate_3,candidate_2,4,0.1475
282,0,candidate_4,0,candidate_2,4,0.1475
283,candidate_1,candidate_4,0,candidate_2,4,0.1475
284,candidate_1,candidate_4,candidate_3,candidate_2,4,0.1475
285,candidate_1,candidate_4,0,candidate_2,4,0.1475
286,candidate_1,candidate_4,candidate_3,candidate_2,4,0.1475
287,candidate_1,candidate_4,candidate_3,candidate_2,4,0.1475
288,candidate_1,candidate_4,candidate_3,candidate_2,4,0.1475
289,candidate_1,candidate_4,candidate_3,candidate_2,4,0.1475
290,candidate_1,candidate_4,candidate_3,candidate_2,4,0.1475
291,candidate_1,0,candidate_3,candidate_2,4,0.1475
292,candidate_1,candidate_4,candidate_3,candidate_2,4,0.1475
293,candidate_1,candidate_4,candidate_3,candidate_2,4,0.1475
294,candidate_1,0,0,candidate_2,4,0.1475
295,candidate_1,candidate_4,candidate_3,candidate_2,4,0.1475
296,candidate_1,candidate_4,candidate_3,candidate_2,4,0.1475
297,candidate_1,0,candidate_3,candidate_2,4,0.1475
298,candidate_1,candidate_4,0,candidate_2,4,0.1475
299,candidate_1,candidate_4,candidate_3,candidate_2,4,0.1475
300,candidate_1,0,candidate_3,candidate_2,4,0.1475
301,candidate_1,candidate_4,0,candidate_2,4,0.1475
302,candidate_1,candidate_4,candidate_3,0,4,0.1475
303,candidate_1,candidate_4,candidate_3,candidate_2,4,0.1475
304,0,candidate_4,candidate_3,candidate_2,4,0.1475
305,0,candidate_4,candidate_3,candidate_2,4,0.1475
306,candidate_1,candidate_4,candidate_3,candidate_2,4,0.1475
307,candidate_1,candidate_4,candidate_3,candidate_2,4,0.1475
308,candidate_1,candidate_4,candidate_3,candidate_2,4,0.1475
309,candidate_1,candidate_4,0,candidate_2,4,0.1475
310,candidate_1,0,0,candidate_2,4,0.1475
311,candidate_1,candidate_4,candidate_3,candidate_2,4,0.1475
312,candidate_1,candidate_4,candidate_3,0,4,0.1475
313,candidate_1,0,0,candidate_2,4,0.1475
314,candidate_1,candidate_4,candidate_3,0,4,0.1475
315,candidate_1,candidate_4,candidate_3,candidate_2,4,0.1475
316,candidate_1,candidate_4,candidate_3,candidate_2,4,0.1475
317,candidate_1,candidate_4,candidate_3,candidate_2,4,0.1475
318,candidate_1,candidate_4,0,candidate_2,4,0.1475
319,candidate_1,candidate_4,0,candidate_2,4,0.1475
320,candidate_1,candidate_4,candidate_3,0,4,0.1475
321,candidate_1,candidate_4,candidate_3,candidate_2,4,0.1475
322,candidate_1,candidate_4,candidate_3,candidate_2,4,0.1475
323,0,candidate_4,candidate_3,candidate_2,4,0.1475
324,candidate_1,candidate_4,candidate_3,candidate_2,4,0.1475
325,candidate_1,candidate_4,candidate_3,candidate_2,4,0.1475
326,candidate_1,candidate_4,candidate_3,candidate_2,4,0.1475
327,candidate_1,candidate_4,candidate_3,candidate_2,4,0.1475
328,candidate_1,candidate_4,candidate_3,candidate_2,4,0.1475
329,candidate_1,candidate_4,candidate_3,0,4,0.1475
330,candidate_1,0,candidate_3,candidate_2,4,0.1475
331,candidate_1,0,0,candidate_2,4,0.1475
332,candidate_1,candidate_4,candidate_3,candidate_2,4,0.1475
333,candidate_1,0,candidate_3,candidate_2,4,0.1475
334,candidate_1,0,candidate_3,candidate_2,4,0.1475
335,candidate_1,candidate_4,candidate_3,0,4,0.1475
336,candidate_1,candidate_4,candidate_3,candidate_2,4,0.1475
337,candidate_1,candidate_4,candidate_3,candidate_2,4,0.1475
338,candidate_1,candidate_4,candidate_3,candidate_2,4,0.1475
339,candidate_1,candidate_4,0,0,4,0.1475
340,0,candidate_4,0,candidate_2,4,0.1475
341,candidate_1,candidate_4,candidate_3,0,4,0.1475
342,candidate_1,candidate_4,candidate_3,candidate_2,4,0.1475
343,candidate_1,candidate_4,0,candidate_2,4,0.1475
344,candidate_1,candidate_4,candidate_3,candidate_2,4,0.1475
345,candidate_1,candidate_4,candidate_3,0,4,0.1475
346,candidate_1,candidate_4,candidate_3,0,4,0.1475
347,0,candidate_4,candidate_3,candidate_2,4,0.1475
348,candidate_1,candidate_4,0,candidate_2,4,0.1475
349,candidate_1,candidate_4,candidate_3,candidate_2,4,0.1475
350,candidate_1,candidate_4,candidate_3,0,4,0.1475
351,candidate_1,candidate_4,0,candidate_2,4,0.1475
352,candidate_1,candidate_4,candidate_3,0,4,0.1475
353,candidate_1,candidate_4,0,candidate_2,4,0.1475
354,candidate_1,0,candidate_3,0,4,0.1475
355,candidate_1,candidate_4,candidate_3,candidate_2,4,0.1475
356,candidate_1,0,0,candidate_2,4,0.1475
357,candidate_1,candidate_4,candidate_3,candidate_2,4,0.1475
358,candidate_1,candidate_4,candidate_3,candidate_2,4,0.1475
359,0,candidate_4,candidate_3,candidate_2,4,0.1475
360,candidate_1,candidate_4,candidate_3,0,4,0.1475
361,candidate_1,0,candidate_3,candidate_2,4,0.1475
362,candidate_1,candidate_4,candidate_3,0,4,0.1475
363,candidate_1,0,candidate_3,0,4,0.1475
364,candidate_1,candidate_4,candidate_3,candidate_2,4,0.1475
365,candidate_1,candidate_4,candidate_3,0,4,0.1475
366,candidate_1,candidate_4,candidate_3,candidate_2,4,0.1475
367,candidate_1,candidate_4,0,candidate_2,4,0.1475
368,candidate_1,candidate_4,candidate_3,candidate_2,4,0.1475
369,candidate_1,candidate_4,candidate_3,candidate_2,4,0.1475
370,candidate_1,0,candidate_3,candidate_2,4,0.1475
371,candidate_1,candidate_4,candidate_3,candidate_2,4,0.1475
372,candidate_1,candidate_4,candidate_3,candidate_2,4,0.1475
373,candidate_1,candidate_4,0,candidate_2,4,0.1475
374,candidate_1,candidate_4,candidate_3,candidate_2,4,0.1475
375,candidate_1,candidate_4,0,candidate_2,4,0.1475
376,candidate_1,candidate_4,candidate_3,candidate_2,4,0.1475
377,candidate_1,candidate_4,candidate_3,candidate_2,4,0.1475
378,candidate_1,0,candidate_3,0,4,0.1475
379,candidate_1,candidate_4,candidate_3,0,4,0.1475
380,candidate_1,candidate_4,candidate_3,candidate_2,4,0.1475
381,candidate_1,candidate_4,candidate_3,candidate_2,4,0.1475
382,candidate_1,candidate_4,candidate_3,candidate_2,4,0.1475
383,candidate_1,0,candidate_3,candidate_2,4,0.1475
384,candidate_1,candidate_4,candidate_3,candidate_2,4,0.1475
385,candidate_1,candidate_4,candidate_3,candidate_2,4,0.1475
386,candidate_1,candidate_4,candidate_3,0,4,0.1475
387,candidate_1,candidate_4,candidate_3,candidate_2,4,0.1475
388,candidate_1,0,candidate_3,candidate_2,4,0.1475
389,candidate_1,0,candidate_3,candidate_2,4,0.1475
390,candidate_1,candidate_4,candidate_3,0,4,0.1475
391,candidate_1,candidate_4,candidate_3,candidate_2,4,0.1475
392,candidate_1,candidate_4,candidate_3,candidate_2,4,0.1475
393,candidate_1,candidate_4,candidate_3,candidate_2,4,0.1475
394,candidate_1,candidate_4,candidate_3,candidate_2,4,0.1475
395,candidate_1,0,candidate_3,0,4,0.1475
396,candidate_1,candidate_4,candidate_3,candidate_2,4,0.1475
397,candidate_1,0,candidate_3,candidate_2,4,0.1475
398,0,0,0,0,4,0.1475
399,0,0,candidate_3,candidate_2,4,0.1475
400,candidate_1,candidate_4,candidate_3,candidate_2,4,0.1475
401,candidate_1,candidate_4,candidate_3,candidate_2,4,0.1475
402,candidate_1,candidate_4,candidate_3,candidate_2,4,0.1475
403,candidate_1,candidate_4,candidate_3,candidate_2,4,0.1475
404,candidate_1,candidate_4,candidate_3,candidate_2,4,0.1475
405,candidate_1,candidate_4,candidate_3,candidate_2,4,0.1475
406,candidate_1,candidate_4,candidate_3,0,4,0.1475
407,candidate_1,candidate_4,candidate_3,candidate_2,4,0.1475
408,candidate_1,candidate_4,candidate_3,candidate_2,4,0.1475
409,candidate_1,0,candidate_3,candidate_2,4,0.1475
410,candidate_1,candidate_4,candidate_3,candidate_2,4,0.1475
411,candidate_1,candidate_4,candidate_3,candidate_2,4,0.1475
412,0,candidate_4,candidate_3,candidate_2,4,0.1475
413,candidate_1,candidate_4,candidate_3,candidate_2,4,0.1475
414,candidate_1,candidate_4,candidate_3,candidate_2,4,0.1475
415,0,candidate_4,candidate_3,candidate_2,4,0.1475
416,candidate_1,0,candidate_3,candidate_2,4,0.1475
417,0,candidate_4,candidate_3,candidate_2,4,0.1475
418,candidate_1,0,candidate_3,0,4,0.1475
419,candidate_1,candidate_4,candidate_3,candidate_2,4,0.1475
420,candidate_1,candidate_4,0,0,4,0.1475
421,0,candidate_4,0,candidate_2,4,0.1475
422,candidate_1,candidate_4,candidate_3,candidate_2,4,0.1475
423,candidate_1,candidate_4,candidate_3,candidate_2,4,0.1475
424,candidate_1,candidate_4,candidate_3,0,4,0.1475
425,0,candidate_4,0,candidate_2,4,0.1475
426,candidate_1,candidate_4,candidate_3,candidate_2,4,0.1475
427,candidate_1,candidate_4,candidate_3,candidate_2,4,0.1475
428,candidate_1,0,candidate_3,0,4,0.1475
429,0,candidate_4,candidate_3,candidate_2,4,0.1475
430,candidate_1,candidate_4,candidate_3,candidate_2,4,0.1475
431,candidate_1,candidate_4,0,candidate_2,4,0.1475
432,candidate_1,candidate_4,candidate_3,candidate_2,4,0.1475
433,0,0,candidate_3,candidate_2,4,0.1475
434,0,0,candidate_3,candidate_2,4,0.1475
435,candidate_1,candidate_4,candidate_3,candidate_2,4,0.1475
436,candidate_1,candidate_4,candidate_3,candidate_2,4,0.1475
437,candidate_1,candidate_4,candidate_3,candidate_2,4,0.1475
438,candidate_1,candidate_4,candidate_3,candidate_2,4,0.1475
439,candidate_1,candidate_4,candidate_3,candidate_2,4,0.1475
440,candidate_1,candidate_4,candidate_3,0,4,0.1475
441,candidate_1,candidate_4,candidate_3,candidate_2,4,0.1475
442,candidate_1,candidate_4,candidate_3,candidate_2,4,0.1475
443,candidate_1,0,candidate_3,candidate_2,4,0.1475
444,candidate_1,candidate_4,candidate_3,candidate_2,4,0.1475
445,candidate_1,candidate_4,0,candidate_2,4,0.1475
446,candidate_1,candidate_4,candidate_3,candidate_2,4,0.1475
447,candidate_1,candidate_4,candidate_3,candidate_2,4,0.1475
448,candidate_1,candidate_4,candidate_3,candidate_2,4,0.1475
449,candidate_1,candidate_4,candidate_3,candidate_2,4,0.1475
450,candidate_1,0,candidate_3,candidate_2,4,0.1475
451,candidate_1,candidate_4,candidate_3,candidate_2,4,0.1475
452,candidate_1,candidate_4,0,candidate_2,4,0.1475
453,0,candidate_4,candidate_3,candidate_2,4,0.1475
454,candidate_1,candidate_4,candidate_3,candidate_2,4,0.1475
455,0,candidate_4,candidate_3,candidate_2,4,0.1475
456,0,0,candidate_3,0,4,0.1475
457,candidate_1,candidate_4,candidate_3,candidate_2,4,0.1475
458,candidate_1,candidate_4,candidate_3,candidate_2,4,0.1475
459,0,candidate_4,candidate_3,candidate_2,4,0.1475
460,0,candidate_4,candidate_3,candidate_2,4,0.1475
461,0,candidate_4,candidate_3,candidate_2,4,0.1475
462,candidate_1,candidate_4,candidate_3,0,4,0.1475
463,candidate_1,candidate_4,candidate_3,candidate_2,4,0.1475
464,0,0,candidate_3,candidate_2,4,0.1475
465,candidate_1,candidate_4,0,candidate_2,4,0.1475
466,0,candidate_4,candidate_3,0,4,0.1475
467,candidate_1,0,candidate_3,candidate_2,4,0.1475
468,candidate_1,0,candidate_3,candidate_2,4,0.1475
469,candidate_1,candidate_4,candidate_3,0,4,0.1475
470,candidate_1,candidate_4,0,0,4,0.1475
471,candidate_1,candidate_4,candidate_3,candidate_2,4,0.1475
472,0,candidate_4,0,0,4,0.1475
473,candidate_1,candidate_4,candidate_3,0,4,0.1475
474,0,0,candidate_3,candidate_2,4,0.1475
475,candidate_1,candidate_4,candidate_3,0,4,0.1475
476,candidate_1,candidate_4,candidate_3,candidate_2,4,0.1475
477,candidate_1,candidate_4,candidate_3,candidate_2,4,0.1475
478,candidate_1,candidate_4,candidate_3,candidate_2,4,0.1475
479,0,candidate_4,candidate_3,candidate_2,4,0.1475
480,candidate_1,candidate_4,candidate_3,candidate_2,4,0.1475
481,candidate_1,candidate_4,0,candidate_2,4,0.1475
482,0,candidate_4,candidate_3,candidate_2,4,0.1475
483,candidate_1,0,candidate_3,candidate_2,4,0.1475
484,candidate_1,candidate_4,0,candidate_2,4,0.1475
485,0,candidate_4,candidate_3,candidate_2,4,0.1475
486,candidate_1,0,candidate_3,0,4,0.1475
487,candidate_1,candidate_4,candidate_3,candidate_2,4,0.1475
488,0,candidate_4,0,candidate_2,4,0.1475
489,0,candidate_4,candidate_3,candidate_2,4,0.1475
490,0,0,candidate_3,candidate_2,4,0.1475
491,candidate_1,candidate_4,candidate_3,candidate_2,4,0.1475
492,0,0,0,0,4,0.1475
493,candidate_1,candidate_4,candidate_3,0,4,0.1475
494,0,candidate_4,candidate_3,candidate_2,4,0.1475
495,candidate_1,candidate_4,candidate_3,candidate_2,4,0.1475
496,candidate_1,candidate_4,0,candidate_2,4,0.1475
497,0,candidate_4,0,candidate_2,4,0.1475
498,candidate_1,0,candidate_3,candidate_2,4,0.1475
499,candidate_1,candidate_4,candidate_3,candidate_2,4,0.1475
500,candidate_1,0,0,candidate_2,4,0.1475
501,0,candidate_4,candidate_3,candidate_2,4,0.1475
502,candidate_1,0,candidate_3,candidate_2,4,0.1475
503,candidate_1,candidate_4,candidate_3,candidate_2,4,0.1475
504,0,candidate_4,candidate_3,candidate_2,4,0.1475
505,candidate_1,candidate_4,candidate_3,0,4,0.1475
506,candidate_1,candidate_4,candidate_3,candidate_2,4,0.1475
507,candidate_1,0,candidate_3,candidate_2,4,0.1475
508,0,candidate_4,candidate_3,candidate_2,4,0.1475
509,candidate_1,0,0,candidate_2,4,0.1475
510,candidate_1,candidate_4,0,candidate_2,4,0.1475
511,candidate_1,candidate_4,candidate_3,0,4,0.1475
512,candidate_1,candidate_4,candidate_3,candidate_2,4,0.1475
513,candidate_1,0,0,candidate_2,4,0.1475
514,0,candidate_4,candidate_3,candidate_2,4,0.1475
515,candidate_1,candidate_4,candidate_3,candidate_2,4,0.1475
516,candidate_1,0,0,candidate_2,4,0.1475
517,candidate_1,candidate_4,candidate_3,candidate_2,4,0.1475
518,candidate_1,0,candidate_3,0,4,0.1475
519,candidate_1,candidate_4,candidate_3,candidate_2,4,0.1475
520,candidate_1,candidate_4,candidate_3,candidate_2,4,0.1475
521,0,candidate_4,candidate_3,candidate_2,4,0.1475
522,0,candidate_4,candidate_3,candidate_2,4,0.1475
523,candidate_1,0,0,candidate_2,4,0.1475
524,candidate_1,0,candidate_3,0,4,0.1475
525,candidate_1,candidate_4,candidate_3,candidate_2,4,0.1475
526,candidate_1,candidate_4,candidate_3,0,4,0.1475
527,candidate_1,candidate_4,0,candidate_2,4,0.1475
528,candidate_1,candidate_4,candidate_3,candidate_2,4,0.1475
529,candidate_1,candidate_4,0,candidate_2,4,0.1475
530,candidate_1,candidate_4,candidate_3,candidate_2,4,0.1475
531,candidate_1,candidate_4,candidate_3,0,4,0.1475
532,candidate_1,0,candidate_3,candidate_2,4,0.1475
533,candidate_1,candidate_4,candidate_3,0,4,0.1475
534,candidate_1,candidate_4,candidate_3,candidate_2,4,0.1475
535,candidate_1,candidate_4,candidate_3,candidate_2,4,0.1475
536,candidate_1,candidate_4,candidate_3,candidate_2,4,0.1475
537,0,candidate_4,candidate_3,0,4,0.1475
538,candidate_1,candidate_4,candidate_3,candidate_2,4,0.1475
539,candidate_1,candidate_4,candidate_3,candidate_2,4,0.1475
540,candidate_1,candidate_4,candidate_3,candidate_2,4,0.1475
541,candidate_1,candidate_4,candidate_3,candidate_2,4,0.1475
542,0,candidate_4,candidate_3,candidate_2,4,0.1475
543,candidate_1,candidate_4,candidate_3,candidate_2,4,0.1475
544,0,candidate_4,candidate_3,candidate_2,4,0.1475
545,candidate_1,candidate_4,candidate_3,candidate_2,4,0.1475
546,candidate_1,candidate_4,candidate_3,candidate_2,4,0.1475
547,candidate_1,candidate_4,candidate_3,0,4,0.1475
548,candidate_1,candidate_4,candidate_3,candidate_2,4,0.1475
549,candidate_1,candidate_4,candidate_3,candidate_2,4,0.1475
550,candidate_1,candidate_4,candidate_3,candidate_2,4,0.1475
551,candidate_1,candidate_4,candidate_3,candidate_2,4,0.1475
552,0,candidate_4,candidate_3,candidate_2,4,0.1475
553,candidate_1,candidate_4,candidate_3,candidate_2,4,0.1475
554,candidate_1,candidate_4,candidate_3,candidate_2,4,0.1475
555,candidate_1,candidate_4,candidate_3,0,4,0.1475
556,candidate_1,candidate_4,candidate_3,0,4,0.1475
557,candidate_1,0,candidate_3,candidate_2,4,0.1475
558,0,candidate_4,candidate_3,candidate_2,4,0.1475
559,0,candidate_4,candidate_3,candidate_2,4,0.1475
560,0,candidate_4,candidate_3,candidate_2,4,0.1475
561,candidate_1,0,candidate_3,0,4,0.1475
562,candidate_1,candidate_4,candidate_3,0,4,0.1475
563,candidate_1,candidate_4,candidate_3,candidate_2,4,0.1475
564,candidate_1,candidate_4,candidate_3,candidate_2,4,0.1475
565,candidate_1,candidate_4,candidate_3,candidate_2,4,0.1475
566,candidate_1,candidate_4,candidate_3,candidate_2,4,0.1475
567,candidate_1,0,candidate_3,candidate_2,4,0.1475
568,candidate_1,candidate_4,0,candidate_2,4,0.1475
569,candidate_1,candidate_4,candidate_3,candidate_2,4,0.1475
570,candidate_1,candidate_4,candidate_3,candidate_2,4,0.1475
571,candidate_1,0,candidate_3,candidate_2,4,0.1475
572,candidate_1,candidate_4,candidate_3,candidate_2,4,0.1475
573,candidate_1,candidate_4,0,candidate_2,4,0.1475
574,candidate_1,candidate_4,0,0,4,0.1475
575,candidate_1,candidate_4,candidate_3,candidate_2,4,0.1475
576,candidate_1,candidate_4,candidate_3,candidate_2,4,0.1475
577,candidate_1,candidate_4,candidate_3,candidate_2,4,0.1475
578,candidate_1,candidate_4,candidate_3,candidate_2,4,0.1475
579,candidate_1,candidate_4,candidate_3,candidate_2,4,0.1475
580,candidate_1,0,candidate_3,candidate_2,4,0.1475
581,candidate_1,candidate_4,candidate_3,candidate_2,4,0.1475
582,candidate_1,candidate_4,candidate_3,0,4,0.1475
583,0,candidate_4,candidate_3,candidate_2,4,0.1475
584,candidate_1,candidate_4,candidate_3,candidate_2,4,0.1475
585,candidate_1,candidate_4,candidate_3,candidate_2,4,0.1475
586,candidate_1,candidate_4,candidate_3,candidate_2,4,0.1475
587,candidate_1,candidate_4,candidate_3,candidate_2,4,0.1475
588,candidate_1,candidate_4,candidate_3,0,4,0.1475
589,0,candidate_4,candidate_3,0,4,0.1475
590,candidate_1,candidate_4,candidate_3,candidate_2,4,0.1475
591,candidate_1,candidate_4,candidate_3,candidate_2,4,0.1475
592,candidate_1,candidate_4,candidate_3,candidate_2,4,0.1475
593,candidate_1,candidate_4,0,candidate_2,4,0.1475
594,0,candidate_4,candidate_3,candidate_2,4,0.1475
595,candidate_1,candidate_4,candidate_3,candidate_2,4,0.1475
596,candidate_1,candidate_4,0,candidate_2,4,0.1475
597,candidate_1,candidate_4,candidate_3,candidate_2,4,0.1475
598,candidate_1,candidate_4,candidate_3,candidate_2,4,0.1475
599,candidate_1,candidate_4,candidate_3,0,4,0.1475
600,candidate_1,candidate_4,candidate_3,candidate_2,4,0.1475
601,candidate_1,candidate_4,candidate_3,candidate_2,4,0.1475
602,candidate_1,candidate_4,candidate_3,candidate_2,4,0.1475
603,candidate_1,candidate_4,candidate_3,0,4,0.1475
604,candidate_1,candidate_4,candidate_3,candidate_2,4,0.1475
605,candidate_1,0,candidate_3,candidate_2,4,0.1475
606,candidate_1,candidate_4,candidate_3,candidate_2,4,0.1475
607,candidate_1,0,candidate_3,candidate_2,4,0.1475
608,candidate_1,candidate_4,candidate_3,candidate_2,4,0.1475
609,0,candidate_4,candidate_3,candidate_2,4,0.1475
610,candidate_1,candidate_4,0,candidate_2,4,0.1475
611,candidate_1,candidate_4,candidate_3,0,4,0.1475
612,candidate_1,candidate_4,candidate_3,candidate_2,4,0.1475
613,candidate_1,candidate_4,candidate_3,candidate_2,4,0.1475
614,candidate_1,candidate_4,candidate_3,candidate_2,4,0.1475
615,candidate_1,candidate_4,candidate_3,0,4,0.1475
616,candidate_1,candidate_4,candidate_3,0,4,0.1475
617,candidate_1,candidate_4,candidate_3,candidate_2,4,0.1475
618,0,candidate_4,candidate_3,candidate_2,4,0.1475
619,candidate_1,candidate_4,candidate_3,candidate_2,4,0.1475
620,candidate_1,candidate_4,candidate_3,candidate_2,4,0.1475
621,candidate_1,candidate_4,candidate_3,candidate_2,4,0.1475
622,0,0,candidate_3,candidate_2,4,0.1475
623,candidate_1,candidate_4,0,candidate_2,4,0.1475
624,candidate_1,0,candidate_3,candidate_2,4,0.1475
625,candidate_1,candidate_4,candidate_3,candidate_2,4,0.1475
626,candidate_1,0,candidate_3,candidate_2,4,0.1475
627,candidate_1,candidate_4,0,candidate_2,4,0.1475
628,candidate_1,candidate_4,candidate_3,candidate_2,4,0.1475
629,candidate_1,0,candidate_3,candidate_2,4,0.1475
630,candidate_1,candidate_4,candidate_3,candidate_2,4,0.1475
631,candidate_1,0,0,candidate_2,4,0.1475
632,candidate_1,candidate_4,candidate_3,candidate_2,4,0.1475
633,candidate_1,candidate_4,candidate_3,candidate_2,4,0.1475
634,candidate_1,candidate_4,candidate_3,candidate_2,4,0.1475
635,candidate_1,candidate_4,candidate_3,candidate_2,4,0.1475
636,candidate_1,candidate_4,0,candidate_2,4,0.1475
637,candidate_1,candidate_4,candidate_3,candidate_2,4,0.1475
638,0,candidate_4,0,candidate_2,4,0.1475
639,candidate_1,candidate_4,0,0,4,0.1475
640,candidate_1,candidate_4,candidate_3,candidate_2,4,0.1475
641,candidate_1,candidate_4,candidate_3,candidate_2,4,0.1475
642,candidate_1,candidate_4,candidate_3,candidate_2,4,0.1475
643,candidate_1,candidate_4,0,candidate_2,4,0.1475
644,candidate_1,candidate_4,candidate_3,0,4,0.1475
645,candidate_1,candidate_4,candidate_3,candidate_2,4,0.1475
646,candidate_1,candidate_4,candidate_3,candidate_2,4,0.1475
647,0,candidate_4,0,candidate_2,4,0.1475
648,candidate_1,candidate_4,candidate_3,candidate_2,4,0.1475
649,candidate_1,candidate_4,candidate_3,candidate_2,4,0.1475
650,candidate_1,candidate_4,candidate_3,candidate_2,4,0.1475
651,candidate_1,0,candidate_3,candidate_2,4,0.1475
652,0,candidate_4,candidate_3,0,4,0.1475
653,candidate_1,0,0,candidate_2,4,0.1475
654,candidate_1,candidate_4,candidate_3,candidate_2,4,0.1475
655,0,candidate_4,candidate_3,0,4,0.1475
656,candidate_1,candidate_4,candidate_3,candidate_2,4,0.1475
657,candidate_1,candidate_4,candidate_3,candidate_2,4,0.1475
658,candidate_1,candidate_4,candidate_3,candidate_2,4,0.1475
659,candidate_1,0,candidate_3,candidate_2,4,0.1475
660,candidate_1,candidate_4,candidate_3,candidate_2,4,0.1475
661,candidate_1,candidate_4,0,candidate_2,4,0.1475
662,candidate_1,candidate_4,candidate_3,candidate_2,4,0.1475
663,candidate_1,candidate_4,candidate_3,candidate_2,4,0.1475
664,candidate_1,candidate_4,candidate_3,0,4,0.1475
665,candidate_1,candidate_4,candidate_3,candidate_2,4,0.1475
666,candidate_1,candidate_4,candidate_3,candidate_2,4,0.1475
667,0,0,candidate_3,candidate_2,4,0.1475
668,candidate_1,candidate_4,candidate_3,candidate_2,4,0.1475
669,candidate_1,candidate_4,candidate_3,candidate_2,4,0.1475
670,candidate_1,candidate_4,candidate_3,candidate_2,4,0.1475
671,candidate_1,candidate_4,candidate_3,candidate_2,4,0.1475
672,candidate_1,candidate_4,0,candidate_2,4,0.1475
673,candidate_1,candidate_4,candidate_3,candidate_2,4,0.1475
674,candidate_1,candidate_4,0,candidate_2,4,0.1475
675,candidate_1,candidate_4,candidate_3,candidate_2,4,0.1475
676,candidate_1,0,0,candidate_2,4,0.1475
677,candidate_1,candidate_4,candidate_3,candidate_2,4,0.1475
678,candidate_1,candidate_4,candidate_3,candidate_2,4,0.1475
679,candidate_1,candidate_4,candidate_3,candidate_2,4,0.1475
680,candidate_1,candidate_4,candidate_3,candidate_2,4,0.1475
681,0,candidate_4,candidate_3,candidate_2,4,0.1475
682,candidate_1,0,candidate_3,candidate_2,4,0.1475
683,candidate_1,candidate_4,0,candidate_2,4,0.1475
684,candidate_1,candidate_4,candidate_3,0,4,0.1475
685,0,candidate_4,candidate_3,candidate_2,4,0.1475
686,candidate_1,candidate_4,candidate_3,candidate_2,4,0.1475
687,candidate_1,candidate_4,candidate_3,candidate_2,4,0.1475
688,candidate_1,candidate_4,candidate_3,candidate_2,4,0.1475
689,candidate_1,candidate_4,0,candidate_2,4,0.1475
690,candidate_1,candidate_4,candidate_3,candidate_2,4,0.1475
691,candidate_1,candidate_4,candidate_3,candidate_2,4,0.1475
692,0,candidate_4,candidate_3,0,4,0.1475
693,candidate_1,0,candidate_3,candidate_2,4,0.1475
694,0,candidate_4,candidate_3,candidate_2,4,0.1475
695,candidate_1,candidate_4,candidate_3,candidate_2,4,0.1475
696,candidate_1,candidate_4,candidate_3,candidate_2,4,0.1475
697,candidate_1,candidate_4,candidate_3,0,4,0.1475
698,0,candidate_4,candidate_3,candidate_2,4,0.1475
699,candidate_1,candidate_4,candidate_3,candidate_2,4,0.1475
700,candidate_1,candidate_4,candidate_3,candidate_2,4,0.1475
701,candidate_1,candidate_4,candidate_3,candidate_2,4,0.1475
702,candidate_1,candidate_4,candidate_3,candidate_2,4,0.1475
703,candidate_1,candidate_4,candidate_3,candidate_2,4,0.1475
704,candidate_1,candidate_4,candidate_3,0,4,0.1475
705,candidate_1,candidate_4,candidate_3,candidate_2,4,0.1475
706,candidate_1,candidate_4,candidate_3,candidate_2,4,0.1475
707,0,candidate_4,candidate_3,candidate_2,4,0.1475
708,0,0,candidate_3,0,4,0.1475
709,candidate_1,candidate_4,candidate_3,candidate_2,4,0.1475
710,candidate_1,candidate_4,candidate_3,candidate_2,4,0.1475
711,0,candidate_4,candidate_3,candidate_2,4,0.1475
712,candidate_1,candidate_4,candidate_3,0,4,0.1475
713,candidate_1,candidate_4,candidate_3,0,4,0.1475
714,candidate_1,candidate_4,0,candidate_2,4,0.1475
715,0,candidate_4,0,0,4,0.1475
716,candidate_1,candidate_4,candidate_3,candidate_2,4,0.1475
717,candidate_1,candidate_4,0,candidate_2,4,0.1475
718,candidate_1,candidate_4,0,0,4,0.1475
719,candidate_1,candidate_4,candidate_3,candidate_2,4,0.1475
720,candidate_1,candidate_4,candidate_3,candidate_2,4,0.1475
721,candidate_1,candidate_4,candidate_3,candidate_2,4,0.1475
722,candidate_1,candidate_4,candidate_3,candidate_2,4,0.1475
723,candidate_1,candidate_4,candidate_3,candidate_2,4,0.1475
724,candidate_1,candidate_4,candidate_3,candidate_2,4,0.1475
725,0,candidate_4,0,candidate_2,4,0.1475
726,0,candidate_4,candidate_3,candidate_2,4,0.1475
727,candidate_1,candidate_4,candidate_3,candidate_2,4,0.1475
728,0,0,candidate_3,candidate_2,4,0.1475
729,candidate_1,candidate_4,candidate_3,candidate_2,4,0.1475
730,candidate_1,0,candidate_3,0,4,0.1475
731,candidate_1,candidate_4,candidate_3,candidate_2,4,0.1475
732,candidate_1,candidate_4,candidate_3,candidate_2,4,0.1475
733,candidate_1,candidate_4,0,0,4,0.1475
734,candidate_1,candidate_4,candidate_3,0,4,0.1475
735,candidate_1,candidate_4,candidate_3,candidate_2,4,0.1475
736,candidate_1,0,candidate_3,0,4,0.1475
737,candidate_1,candidate_4,candidate_3,candidate_2,4,0.1475
738,0,0,candidate_3,candidate_2,4,0.1475
739,candidate_1,0,candidate_3,0,4,0.1475
740,candidate_1,candidate_4,candidate_3,candidate_2,4,0.1475
741,candidate_1,candidate_4,0,candidate_2,4,0.1475
742,0,candidate_4,candidate_3,candidate_2,4,0.1475
743,candidate_1,candidate_4,candidate_3,candidate_2,4,0.1475
744,candidate_1,candidate_4,candidate_3,candidate_2,4,0.1475
745,candidate_1,candidate_4,candidate_3,0,4,0.1475
746,candidate_1,candidate_4,candidate_3,candidate_2,4,0.1475
747,candidate_1,candidate_4,candidate_3,candidate_2,4,0.1475
748,candidate_1,candidate_4,candidate_3,candidate_2,4,0.1475
749,0,candidate_4,candidate_3,candidate_2,4,0.1475
750,candidate_1,candidate_4,candidate_3,candidate_2,4,0.1475
751,candidate_1,candidate_4,0,candidate_2,4,0.1475
752,candidate_1,candidate_4,candidate_3,candidate_2,4,0.1475
753,candidate_1,candidate_4,candidate_3,candidate_2,4,0.1475
754,candidate_1,candidate_4,candidate_3,0,4,0.1475
755,candidate_1,candidate_4,candidate_3,candidate_2,4,0.1475
756,candidate_1,candidate_4,candidate_3,candidate_2,4,0.1475
757,candidate_1,candidate_4,candidate_3,candidate_2,4,0.1475
758,candidate_1,candidate_4,candidate_3,candidate_2,4,0.1475
759,candidate_1,candidate_4,candidate_3,candidate_2,4,0.1475
760,candidate_1,candidate_4,candidate_3,0,4,0.1475
761,candidate_1,candidate_4,0,candidate_2,4,0.1475
762,candidate_1,candidate_4,candidate_3,0,4,0.1475
763,candidate_1,candidate_4,candidate_3,candidate_2,4,0.1475
764,candidate_1,0,candidate_3,candidate_2,4,0.1475
765,candidate_1,candidate_4,candidate_3,candidate_2,4,0.1475
766,candidate_1,candidate_4,0,candidate_2,4,0.1475
767,candidate_1,candidate_4,candidate_3,candidate_2,4,0.1475
768,candidate_1,candidate_4,candidate_3,candidate_2,4,0.1475
769,candidate_1,candidate_4,candidate_3,candidate_2,4,0.1475
770,candidate_1,candidate_4,candidate_3,candidate_2,4,0.1475
771,candidate_1,candidate_4,candidate_3,0,4,0.1475
772,candidate_1,candidate_4,candidate_3,candidate_2,4,0.1475
773,candidate_1,candidate_4,candidate_3,candidate_2,4,0.1475
774,candidate_1,candidate_4,0,candidate_2,4,0.1475
775,candidate_1,candidate_4,candidate_3,candidate_2,4,0.1475
776,candidate_1,candidate_4,candidate_3,candidate_2,4,0.1475
777,candidate_1,candidate_4,candidate_3,candidate_2,4,0.1475
778,candidate_1,candidate_4,candidate_3,candidate_2,4,0.1475
779,candidate_1,0,candidate_3,0,4,0.1475
780,candidate_1,0,0,candidate_2,4,0.1475
781,candidate_1,candidate_4,candidate_3,candidate_2,4,0.1475
782,candidate_1,candidate_4,0,candidate_2,4,0.1475
783,candidate_1,candidate_4,0,0,4,0.1475
784,candidate_1,candidate_4,candidate_3,0,4,0.1475
785,candidate_1,0,0,candidate_2,4,0.1475
786,candidate_1,candidate_4,candidate_3,candidate_2,4,0.1475
787,0,candidate_4,candidate_3,candidate_2,4,0.1475
788,candidate_1,candidate_4,candidate_3,candidate_2,4,0.1475
789,candidate_1,candidate_4,candidate_3,candidate_2,4,0.1475
790,candidate_1,candidate_4,candidate_3,0,4,0.1475
791,candidate_1,candidate_4,candidate_3,0,4,0.1475
792,candidate_1,candidate_4,candidate_3,candidate_2,4,0.1475
793,candidate_1,candidate_4,candidate_3,candidate_2,4,0.1475
794,candidate_1,candidate_4,candidate_3,candidate_2,4,0.1475
795,candidate_1,0,candidate_3,candidate_2,4,0.1475
796,candidate_1,0,0,candidate_2,4,0.1475
797,candidate_1,candidate_4,candidate_3,candidate_2,4,0.1475
798,candidate_1,candidate_4,candidate_3,0,4,0.1475
799,candidate_1,candidate_4,candidate_3,candidate_2,4,0.1475
800,candidate_1,candidate_4,candidate_3,candidate_2,4,0.1475
801,candidate_1,candidate_4,candidate_3,candidate_2,4,0.1475
802,0,0,candidate_3,candidate_2,4,0.1475
803,candidate_1,candidate_4,candidate_3,candidate_2,4,0.1475
804,0,candidate_4,0,candidate_2,4,0.1475
805,candidate_1,candidate_4,candidate_3,candidate_2,4,0.1475
806,candidate_1,candidate_4,candidate_3,candidate_2,4,0.1475
807,candidate_1,candidate_4,0,candidate_2,4,0.1475
808,0,candidate_4,0,candidate_2,4,0.1475
809,candidate_1,candidate_4,candidate_3,candidate_2,4,0.1475
810,candidate_1,candidate_4,candidate_3,candidate_2,4,0.1475
811,0,candidate_4,candidate_3,candidate_2,4,0.1475
812,0,candidate_4,candidate_3,candidate_2,4,0.1475
813,candidate_1,candidate_4,0,candidate_2,4,0.1475
814,0,candidate_4,candidate_3,candidate_2,4,0.1475
815,candidate_1,candidate_4,candidate_3,candidate_2,4,0.1475
816,candidate_1,candidate_4,candidate_3,candidate_2,4,0.1475
817,candidate_1,candidate_4,0,candidate_2,4,0.1475
818,candidate_1,candidate_4,0,candidate_2,4,0.1475
819,candidate_1,candidate_4,candidate_3,candidate_2,4,0.1475
820,0,candidate_4,candidate_3,candidate_2,4,0.1475
821,candidate_1,candidate_4,candidate_3,candidate_2,4,0.1475
822,0,candidate_4,candidate_3,candidate_2,4,0.1475
823,candidate_1,candidate_4,candidate_3,candidate_2,4,0.1475
824,candidate_1,candidate_4,candidate_3,candidate_2,4,0.1475
825,0,candidate_4,0,candidate_2,4,0.1475
826,candidate_1,candidate_4,candidate_3,candidate_2,4,0.1475
827,candidate_1,candidate_4,candidate_3,candidate_2,4,0.1475
828,candidate_1,candidate_4,candidate_3,candidate_2,4,0.1475
829,candidate_1,candidate_4,0,0,4,0.1475
830,0,candidate_4,candidate_3,candidate_2,4,0.1475
831,0,candidate_4,candidate_3,candidate_2,4,0.1475
832,candidate_1,0,candidate_3,candidate_2,4,0.1475
833,candidate_1,0,0,0,4,0.1475
834,candidate_1,candidate_4,0,candidate_2,4,0.1475
835,candidate_1,candidate_4,candidate_3,candidate_2,4,0.1475
836,candidate_1,0,candidate_3,candidate_2,4,0.1475
837,candidate_1,candidate_4,candidate_3,candidate_2,4,0.1475
838,candidate_1,candidate_4,candidate_3,candidate_2,4,0.1475
839,candidate_1,0,candidate_3,candidate_2,4,0.1475
840,0,candidate_4,candidate_3,candidate_2,4,0.1475
841,candidate_1,candidate_4,0,0,4,0.1475
842,candidate_1,candidate_4,candidate_3,candidate_2,4,0.1475
843,candidate_1,candidate_4,candidate_3,0,4,0.1475
844,candidate_1,0,candidate_3,candidate_2,4,0.1475
845,candidate_1,candidate_4,candidate_3,candidate_2,4,0.1475
846,candidate_1,candidate_4,candidate_3,candidate_2,4,0.1475
847,candidate_1,0,candidate_3,candidate_2,4,0.1475
848,candidate_1,candidate_4,candidate_3,candidate_2,4,0.1475
849,candidate_1,candidate_4,candidate_3,candidate_2,4,0.1475
850,candidate_1,candidate_4,candidate_3,candidate_2,4,0.1475
851,candidate_1,0,candidate_3,candidate_2,4,0.1475
852,candidate_1,candidate_4,0,candidate_2,4,0.1475
853,candidate_1,candidate_4,candidate_3,candidate_2,4,0.1475
854,candidate_1,candidate_4,0,candidate_2,4,0.1475
855,candidate_1,candidate_4,0,candidate_2,4,0.1475
856,0,candidate_4,candidate_3,candidate_2,4,0.1475
857,candidate_1,candidate_4,candidate_3,0,4,0.1475
858,0,candidate_4,candidate_3,candidate_2,4,0.1475
859,0,candidate_4,candidate_3,candidate_2,4,0.1475
860,candidate_1,candidate_4,candidate_3,candidate_2,4,0.1475
861,candidate_1,0,candidate_3,candidate_2,4,0.1475
862,candidate_1,candidate_4,candidate_3,candidate_2,4,0.1475
863,candidate_1,candidate_4,candidate_3,candidate_2,4,0.1475
864,candidate_1,candidate_4,candidate_3,0,4,0.1475
865,0,candidate_4,candidate_3,candidate_2,4,0.1475
866,candidate_1,candidate_4,candidate_3,candidate_2,4,0.1475
867,candidate_1,candidate_4,candidate_3,candidate_2,4,0.1475
868,candidate_1,candidate_4,candidate_3,0,4,0.1475
869,candidate_1,candidate_4,candidate_3,candidate_2,4,0.1475
870,candidate_1,candidate_4,0,candidate_2,4,0.1475
871,candidate_1,0,candidate_3,candidate_2,4,0.1475
872,candidate_1,candidate_4,candidate_3,candidate_2,4,0.1475
873,candidate_1,candidate_4,candidate_3,0,4,0.1475
874,candidate_1,candidate_4,candidate_3,candidate_2,4,0.1475
875,candidate_1,candidate_4,candidate_3,candidate_2,4,0.1475
876,candidate_1,candidate_4,candidate_3,candidate_2,4,0.1475
877,candidate_1,candidate_4,0,candidate_2,4,0.1475
878,candidate_1,candidate_4,candidate_3,candidate_2,4,0.1475
879,candidate_1,candidate_4,candidate_3,candidate_2,4,0.1475
880,candidate_1,candidate_4,candidate_3,candidate_2,4,0.1475
881,candidate_1,candidate_4,candidate_3,candidate_2,4,0.1475
882,candidate_1,candidate_4,candidate_3,candidate_2,4,0.1475
883,candidate_1,candidate_4,candidate_3,candidate_2,4,0.1475
884,candidate_1,candidate_4,candidate_3,candidate_2,4,0.1475
885,candidate_1,candidate_4,candidate_3,candidate_2,4,0.1475
886,0,candidate_4,candidate_3,0,4,0.1475
887,candidate_1,candidate_4,candidate_3,candidate_2,4,0.1475
888,candidate_1,candidate_4,candidate_3,candidate_2,4,0.1475
889,candidate_1,candidate_4,candidate_3,candidate_2,4,0.1475
890,candidate_1,candidate_4,candidate_3,0,4,0.1475
891,candidate_1,candidate_4,0,candidate_2,4,0.1475
892,candidate_1,candidate_4,candidate_3,candidate_2,4,0.1475
893,candidate_1,candidate_4,candidate_3,candidate_2,4,0.1475
894,candidate_1,0,candidate_3,candidate_2,4,0.1475
895,candidate_1,candidate_4,candidate_3,candidate_2,4,0.1475
896,candidate_1,candidate_4,candidate_3,candidate_2,4,0.1475
897,candidate_1,candidate_4,candidate_3,candidate_2,4,0.1475
898,0,candidate_4,candidate_3,0,4,0.1475
899,candidate_1,candidate_4,candidate_3,candidate_2,4,0.1475
900,candidate_1,candidate_4,candidate_3,candidate_2,4,0.1475
901,candidate_1,candidate_4,candidate_3,candidate_2,4,0.1475
902,candidate_1,candidate_4,candidate_3,candidate_2,4,0.1475
903,candidate_1,candidate_4,candidate_3,0,4,0.1475
904,candidate_1,candidate_4,candidate_3,candidate_2,4,0.1475
905,candidate_1,0,candidate_3,candidate_2,4,0.1475
906,0,candidate_4,candidate_3,candidate_2,4,0.1475
907,candidate_1,candidate_4,candidate_3,candidate_2,4,0.1475
908,candidate_1,candidate_4,candidate_3,candidate_2,4,0.1475
909,0,candidate_4,0,0,4,0.1475
910,candidate_1,candidate_4,candidate_3,candidate_2,4,0.1475
911,candidate_1,0,candidate_3,candidate_2,4,0.1475
912,candidate_1,0,candidate_3,candidate_2,4,0.1475
913,candidate_1,0,candidate_3,0,4,0.1475
914,candidate_1,0,candidate_3,0,4,0.1475
915,candidate_1,0,candidate_3,candidate_2,4,0.1475
916,candidate_1,candidate_4,candidate_3,candidate_2,4,0.1475
917,candidate_1,candidate_4,candidate_3,0,4,0.1475
918,candidate_1,candidate_4,candidate_3,candidate_2,4,0.1475
919,candidate_1,0,candidate_3,candidate_2,4,0.1475
920,0,candidate_4,candidate_3,candidate_2,4,0.1475
921,candidate_1,candidate_4,candidate_3,candidate_2,4,0.1475
922,candidate_1,candidate_4,candidate_3,candidate_2,4,0.1475
923,candidate_1,candidate_4,0,candidate_2,4,0.1475
924,candidate_1,candidate_4,candidate_3,candidate_2,4,0.1475
925,0,candidate_4,candidate_3,candidate_2,4,0.1475
926,0,candidate_4,candidate_3,candidate_2,4,0.1475
927,candidate_1,candidate_4,candidate_3,candidate_2,4,0.1475
928,candidate_1,candidate_4,candidate_3,candidate_2,4,0.1475
929,candidate_1,candidate_4,candidate_3,candidate_2,4,0.1475
930,candidate_1,candidate_4,0,candidate_2,4,0.1475
931,0,candidate_4,candidate_3,candidate_2,4,0.1475
932,0,0,candidate_3,candidate_2,4,0.1475
933,candidate_1,candidate_4,candidate_3,candidate_2,4,0.1475
934,candidate_1,candidate_4,candidate_3,candidate_2,4,0.1475
935,candidate_1,candidate_4,candidate_3,candidate_2,4,0.1475
936,candidate_1,candidate_4,0,0,4,0.1475
937,candidate_1,candidate_4,candidate_3,candidate_2,4,0.1475
938,candidate_1,candidate_4,candidate_3,candidate_2,4,0.1475
939,candidate_1,0,candidate_3,candidate_2,4,0.1475
940,candidate_1,candidate_4,candidate_3,candidate_2,4,0.1475
941,candidate_1,candidate_4,candidate_3,0,4,0.1475
942,candidate_1,candidate_4,candidate_3,candidate_2,4,0.1475
943,0,0,candidate_3,candidate_2,4,0.1475
944,candidate_1,candidate_4,candidate_3,candidate_2,4,0.1475
945,candidate_1,candidate_4,candidate_3,0,4,0.1475
946,candidate_1,candidate_4,candidate_3,candidate_2,4,0.1475
947,candidate_1,candidate_4,candidate_3,candidate_2,4,0.1475
948,candidate_1,candidate_4,candidate_3,candidate_2,4,0.1475
949,candidate_1,candidate_4,candidate_3,candidate_2,4,0.1475
950,candidate_1,candidate_4,candidate_3,candidate_2,4,0.1475
951,candidate_1,candidate_4,candidate_3,candidate_2,4,0.1475
952,candidate_1,candidate_4,candidate_3,candidate_2,4,0.1475
953,candidate_1,candidate_4,0,candidate_2,4,0.1475
954,candidate_1,0,candidate_3,candidate_2,4,0.1475
955,candidate_1,candidate_4,candidate_3,candidate_2,4,0.1475
956,candidate_1,0,candidate_3,0,4,0.1475
957,candidate_1,candidate_4,candidate_3,candidate_2,4,0.1475
958,candidate_1,0,candidate_3,candidate_2,4,0.1475
959,candidate_1,candidate_4,candidate_3,candidate_2,4,0.1475
960,candidate_1,0,0,candidate_2,4,0.1475
961,candidate_1,candidate_4,candidate_3,candidate_2,4,0.1475
962,candidate_1,0,candidate_3,candidate_2,4,0.1475
963,candidate_1,candidate_4,0,candidate_2,4,0.1475
964,candidate_1,candidate_4,candidate_3,candidate_2,4,0.1475
965,candidate_1,candidate_4,candidate_3,candidate_2,4,0.1475
966,candidate_1,0,0,0,4,0.1475
967,0,candidate_4,candidate_3,candidate_2,4,0.1475
968,0,candidate_4,candidate_3,candidate_2,4,0.1475
969,candidate_1,candidate_4,0,candidate_2,4,0.1475
970,candidate_1,candidate_4,candidate_3,0,4,0.1475
971,candidate_1,candidate_4,candidate_3,candidate_2,4,0.1475
972,candidate_1,candidate_4,candidate_3,candidate_2,4,0.1475
973,candidate_1,candidate_4,candidate_3,candidate_2,4,0.1475
974,0,candidate_4,candidate_3,0,4,0.1475
975,0,candidate_4,candidate_3,candidate_2,4,0.1475
976,candidate_1,candidate_4,0,candidate_2,4,0.1475
977,candidate_1,candidate_4,candidate_3,candidate_2,4,0.1475
978,candidate_1,candidate_4,candidate_3,candidate_2,4,0.1475
979,candidate_1,candidate_4,candidate_3,candidate_2,4,0.1475
980,candidate_1,candidate_4,0,candidate_2,4,0.1475
0,candidate_2,candidate_1,candidate_3,candidate_4,4,0.1475
1,candidate_2,candidate_1,candidate_3,candidate_4,4,0.1475
2,candidate_2,candidate_1,candidate_3,candidate_4,4,0.1475
3,0,candidate_1,candidate_3,candidate_4,4,0.1475
4,candidate_2,0,candidate_3,candidate_4,4,0.1475
5,candidate_2,candidate_1,candidate_3,candidate_4,4,0.1475
6,candidate_2,candidate_1,candidate_3,candidate_4,4,0.1475
7,candidate_2,candidate_1,candidate_3,candidate_4,4,0.1475
8,candidate_2,candidate_1,candidate_3,candidate_4,4,0.1475
9,candidate_2,0,0,candidate_4,4,0.1475
10,candidate_2,candidate_1,candidate_3,candidate_4,4,0.1475
11,candidate_2,candidate_1,candidate_3,candidate_4,4,0.1475
12,candidate_2,candidate_1,candidate_3,candidate_4,4,0.1475
13,candidate_2,candidate_1,0,candidate_4,4,0.1475
14,0,0,candidate_3,candidate_4,4,0.1475
15,candidate_2,candidate_1,candidate_3,candidate_4,4,0.1475
16,candidate_2,candidate_1,candidate_3,candidate_4,4,0.1475
17,candidate_2,candidate_1,candidate_3,candidate_4,4,0.1475
18,candidate_2,candidate_1,candidate_3,candidate_4,4,0.1475
19,candidate_2,candidate_1,0,candidate_4,4,0.1475
20,candidate_2,0,candidate_3,candidate_4,4,0.1475
21,candidate_2,candidate_1,candidate_3,candidate_4,4,0.1475
22,candidate_2,0,candidate_3,candidate_4,4,0.1475
23,candidate_2,candidate_1,candidate_3,candidate_4,4,0.1475
24,candidate_2,candidate_1,candidate_3,candidate_4,4,0.1475
25,candidate_2,candidate_1,candidate_3,candidate_4,4,0.1475
26,candidate_2,0,candidate_3,candidate_4,4,0.1475
27,candidate_2,candidate_1,candidate_3,candidate_4,4,0.1475
28,candidate_2,candidate_1,candidate_3,candidate_4,4,0.1475
29,0,candidate_1,0,candidate_4,4,0.1475
30,candidate_2,candidate_1,0,0,4,0.1475
31,candidate_2,candidate_1,0,candidate_4,4,0.1475
32,candidate_2,candidate_1,candidate_3,0,4,0.1475
33,0,candidate_1,candidate_3,candidate_4,4,0.1475
34,candidate_2,candidate_1,candidate_3,candidate_4,4,0.1475
35,candidate_2,candidate_1,candidate_3,candidate_4,4,0.1475
36,0,candidate_1,0,candidate_4,4,0.1475
37,candidate_2,candidate_1,candidate_3,0,4,0.1475
38,candidate_2,candidate_1,candidate_3,candidate_4,4,0.1475
39,candidate_2,candidate_1,candidate_3,candidate_4,4,0.1475
40,0,candidate_1,0,candidate_4,4,0.1475
41,candidate_2,candidate_1,candidate_3,candidate_4,4,0.1475
42,candidate_2,0,0,candidate_4,4,0.1475
43,candidate_2,candidate_1,candidate_3,candidate_4,4,0.1475
44,candidate_2,candidate_1,candidate_3,candidate_4,4,0.1475
45,candidate_2,candidate_1,candidate_3,candidate_4,4,0.1475
46,candidate_2,candidate_1,candidate_3,candidate_4,4,0.1475
47,candidate_2,0,candidate_3,0,4,0.1475
48,candidate_2,candidate_1,candidate_3,candidate_4,4,0.1475
49,candidate_2,candidate_1,candidate_3,candidate_4,4,0.1475
50,candidate_2,candidate_1,candidate_3,candidate_4,4,0.1475
51,candidate_2,candidate_1,candidate_3,0,4,0.1475
52,candidate_2,candidate_1,candidate_3,candidate_4,4,0.1475
53,candidate_2,candidate_1,candidate_3,candidate_4,4,0.1475
54,0,0,0,candidate_4,4,0.1475
55,candidate_2,candidate_1,candidate_3,0,4,0.1475
56,candidate_2,0,0,candidate_4,4,0.1475
57,candidate_2,candidate_1,candidate_3,candidate_4,4,0.1475
58,candidate_2,candidate_1,candidate_3,0,4,0.1475
59,candidate_2,candidate_1,candidate_3,candidate_4,4,0.1475
60,candidate_2,candidate_1,candidate_3,candidate_4,4,0.1475
61,candidate_2,candidate_1,candidate_3,candidate_4,4,0.1475
62,candidate_2,0,0,candidate_4,4,0.1475
63,candidate_2,candidate_1,candidate_3,candidate_4,4,0.1475
64,candidate_2,candidate_1,candidate_3,candidate_4,4,0.1475
65,candidate_2,0,candidate_3,candidate_4,4,0.1475
66,candidate_2,0,candidate_3,candidate_4,4,0.1475
67,candidate_2,candidate_1,0,candidate_4,4,0.1475
68,candidate_2,0,candidate_3,candidate_4,4,0.1475
69,0,0,candidate_3,candidate_4,4,0.1475
70,candidate_2,candidate_1,candidate_3,candidate_4,4,0.1475
71,candidate_2,candidate_1,candidate_3,candidate_4,4,0.1475
72,candidate_2,candidate_1,candidate_3,candidate_4,4,0.1475
73,candidate_2,candidate_1,0,candidate_4,4,0.1475
74,candidate_2,candidate_1,candidate_3,candidate_4,4,0.1475
75,candidate_2,candidate_1,candidate_3,candidate_4,4,0.1475
76,0,candidate_1,candidate_3,0,4,0.1475
77,candidate_2,candidate_1,candidate_3,candidate_4,4,0.1475
78,candidate_2,candidate_1,candidate_3,candidate_4,4,0.1475
79,0,candidate_1,candidate_3,candidate_4,4,0.1475
80,candidate_2,candidate_1,candidate_3,candidate_4,4,0.1475
81,candidate_2,0,candidate_3,candidate_4,4,0.1475
82,candidate_2,candidate_1,candidate_3,candidate_4,4,0.1475
83,candidate_2,candidate_1,candidate_3,candidate_4,4,0.1475
84,candidate_2,candidate_1,candidate_3,candidate_4,4,0.1475
85,candidate_2,candidate_1,candidate_3,candidate_4,4,0.1475
86,candidate_2,candidate_1,candidate_3,candidate_4,4,0.1475
87,candidate_2,candidate_1,candidate_3,0,4,0.1475
88,candidate_2,0,candidate_3,0,4,0.1475
89,candidate_2,0,candidate_3,candidate_4,4,0.1475
90,candidate_2,candidate_1,candidate_3,candidate_4,4,0.1475
91,candidate_2,candidate_1,candidate_3,candidate_4,4,0.1475
92,candidate_2,candidate_1,candidate_3,candidate_4,4,0.1475
93,candidate_2,candidate_1,0,candidate_4,4,0.1475
94,candidate_2,candidate_1,0,candidate_4,4,0.1475
95,0,candidate_1,candidate_3,candidate_4,4,0.1475
96,candidate_2,candidate_1,candidate_3,candidate_4,4,0.1475
97,candidate_2,candidate_1,0,candidate_4,4,0.1475
98,candidate_2,candidate_1,0,candidate_4,4,0.1475
99,candidate_2,0,candidate_3,candidate_4,4,0.1475
100,candidate_2,candidate_1,candidate_3,candidate_4,4,0.1475
101,candidate_2,candidate_1,candidate_3,0,4,0.1475
102,candidate_2,candidate_1,0,candidate_4,4,0.1475
103,candidate_2,candidate_1,candidate_3,0,4,0.1475
104,candidate_2,candidate_1,candidate_3,candidate_4,4,0.1475
105,candidate_2,candidate_1,candidate_3,candidate_4,4,0.1475
106,candidate_2,candidate_1,candidate_3,candidate_4,4,0.1475
107,candidate_2,candidate_1,0,candidate_4,4,0.1475
108,0,candidate_1,candidate_3,candidate_4,4,0.1475
109,candidate_2,candidate_1,candidate_3,candidate_4,4,0.1475
110,candidate_2,candidate_1,candidate_3,candidate_4,4,0.1475
111,candidate_2,candidate_1,candidate_3,candidate_4,4,0.1475
112,candidate_2,candidate_1,candidate_3,candidate_4,4,0.1475
113,0,candidate_1,candidate_3,candidate_4,4,0.1475
114,0,candidate_1,candidate_3,candidate_4,4,0.1475
115,candidate_2,candidate_1,candidate_3,candidate_4,4,0.1475
116,0,candidate_1,0,candidate_4,4,0.1475
117,0,0,0,candidate_4,4,0.1475
118,candidate_2,0,candidate_3,candidate_4,4,0.1475
119,candidate_2,candidate_1,candidate_3,candidate_4,4,0.1475
120,candidate_2,0,0,candidate_4,4,0.1475
121,0,candidate_1,candidate_3,candidate_4,4,0.1475
122,candidate_2,candidate_1,candidate_3,0,4,0.1475
123,candidate_2,candidate_1,candidate_3,candidate_4,4,0.1475
124,candidate_2,candidate_1,candidate_3,candidate_4,4,0.1475
125,candidate_2,candidate_1,0,candidate_4,4,0.1475
126,candidate_2,candidate_1,candidate_3,candidate_4,4,0.1475
127,candidate_2,candidate_1,candidate_3,candidate_4,4,0.1475
128,candidate_2,candidate_1,candidate_3,candidate_4,4,0.1475
129,candidate_2,candidate_1,candidate_3,candidate_4,4,0.1475
130,0,candidate_1,0,candidate_4,4,0.1475
131,candidate_2,candidate_1,candidate_3,candidate_4,4,0.1475
132,candidate_2,candidate_1,candidate_3,candidate_4,4,0.1475
133,candidate_2,candidate_1,candidate_3,candidate_4,4,0.1475
134,candidate_2,candidate_1,candidate_3,candidate_4,4,0.1475
135,candidate_2,candidate_1,candidate_3,candidate_4,4,0.1475
136,candidate_2,candidate_1,candidate_3,0,4,0.1475
137,candidate_2,candidate_1,candidate_3,candidate_4,4,0.1475
138,candidate_2,candidate_1,candidate_3,candidate_4,4,0.1475
139,0,candidate_1,candidate_3,candidate_4,4,0.1475
140,candidate_2,candidate_1,candidate_3,candidate_4,4,0.1475
141,candidate_2,candidate_1,candidate_3,candidate_4,4,0.1475
142,candidate_2,candidate_1,candidate_3,candidate_4,4,0.1475
143,candidate_2,candidate_1,candidate_3,candidate_4,4,0.1475
144,candidate_2,candidate_1,candidate_3,candidate_4,4,0.1475
145,candidate_2,candidate_1,candidate_3,candidate_4,4,0.1475
146,candidate_2,candidate_1,candidate_3,candidate_4,4,0.1475
147,candidate_2,0,candidate_3,0,4,0.1475
148,candidate_2,candidate_1,candidate_3,candidate_4,4,0.1475
149,candidate_2,candidate_1,candidate_3,candidate_4,4,0.1475
150,candidate_2,candidate_1,candidate_3,candidate_4,4,0.1475
151,candidate_2,0,0,0,4,0.1475
152,candidate_2,0,candidate_3,candidate_4,4,0.1475
153,candidate_2,candidate_1,candidate_3,candidate_4,4,0.1475
154,0,candidate_1,candidate_3,candidate_4,4,0.1475
155,candidate_2,candidate_1,candidate_3,candidate_4,4,0.1475
156,0,candidate_1,candidate_3,candidate_4,4,0.1475
157,candidate_2,candidate_1,candidate_3,candidate_4,4,0.1475
158,0,candidate_1,candidate_3,candidate_4,4,0.1475
159,candidate_2,candidate_1,candidate_3,candidate_4,4,0.1475
160,candidate_2,candidate_1,candidate_3,0,4,0.1475
161,candidate_2,candidate_1,0,candidate_4,4,0.1475
162,0,candidate_1,candidate_3,candidate_4,4,0.1475
163,candidate_2,candidate_1,candidate_3,candidate_4,4,0.1475
164,0,0,candidate_3,candidate_4,4,0.1475
165,candidate_2,candidate_1,candidate_3,candidate_4,4,0.1475
166,candidate_2,candidate_1,candidate_3,candidate_4,4,0.1475
167,candidate_2,candidate_1,candidate_3,0,4,0.1475
168,candidate_2,candidate_1,candidate_3,candidate_4,4,0.1475
169,candidate_2,candidate_1,candidate_3,0,4,0.1475
170,candidate_2,candidate_1,candidate_3,candidate_4,4,0.1475
171,candidate_2,candidate_1,candidate_3,0,4,0.1475
172,candidate_2,candidate_1,candidate_3,candidate_4,4,0.1475
173,candidate_2,candidate_1,candidate_3,candidate_4,4,0.1475
174,candidate_2,candidate_1,candidate_3,0,4,0.1475
175,candidate_2,candidate_1,candidate_3,candidate_4,4,0.1475
176,candidate_2,candidate_1,candidate_3,candidate_4,4,0.1475
177,candidate_2,candidate_1,0,candidate_4,4,0.1475
178,0,candidate_1,candidate_3,candidate_4,4,0.1475
179,candidate_2,candidate_1,candidate_3,candidate_4,4,0.1475
180,candidate_2,candidate_1,candidate_3,candidate_4,4,0.1475
181,candidate_2,candidate_1,candidate_3,candidate_4,4,0.1475
182,candidate_2,candidate_1,candidate_3,candidate_4,4,0.1475
183,candidate_2,candidate_1,candidate_3,candidate_4,4,0.1475
184,candidate_2,candidate_1,candidate_3,0,4,0.1475
185,candidate_2,candidate_1,candidate_3,candidate_4,4,0.1475
186,candidate_2,candidate_1,candidate_3,0,4,0.1475
187,candidate_2,candidate_1,0,candidate_4,4,0.1475
188,candidate_2,candidate_1,candidate_3,0,4,0.1475
189,candidate_2,0,candidate_3,candidate_4,4,0.1475
190,candidate_2,candidate_1,candidate_3,candidate_4,4,0.1475
191,candidate_2,candidate_1,candidate_3,candidate_4,4,0.1475
192,candidate_2,candidate_1,candidate_3,candidate_4,4,0.1475
193,candidate_2,0,candidate_3,candidate_4,4,0.1475
194,candidate_2,0,candidate_3,candidate_4,4,0.1475
195,0,0,candidate_3,candidate_4,4,0.1475
196,candidate_2,candidate_1,candidate_3,candidate_4,4,0.1475
197,candidate_2,candidate_1,candidate_3,candidate_4,4,0.1475
198,candidate_2,candidate_1,candidate_3,candidate_4,4,0.1475
199,candidate_2,candidate_1,candidate_3,candidate_4,4,0.1475
200,candidate_2,candidate_1,0,candidate_4,4,0.1475
201,candidate_2,candidate_1,candidate_3,candidate_4,4,0.1475
202,candidate_2,candidate_1,candidate_3,candidate_4,4,0.1475
203,candidate_2,candidate_1,candidate_3,candidate_4,4,0.1475
204,candidate_2,candidate_1,candidate_3,0,4,0.1475
205,candidate_2,candidate_1,candidate_3,0,4,0.1475
206,candidate_2,candidate_1,candidate_3,0,4,0.1475
207,candidate_2,candidate_1,candidate_3,candidate_4,4,0.1475
208,candidate_2,candidate_1,candidate_3,candidate_4,4,0.1475
209,0,candidate_1,candidate_3,candidate_4,4,0.1475
210,0,candidate_1,candidate_3,candidate_4,4,0.1475
211,candidate_2,candidate_1,candidate_3,candidate_4,4,0.1475
212,candidate_2,candidate_1,candidate_3,0,4,0.1475
213,candidate_2,candidate_1,candidate_3,candidate_4,4,0.1475
214,candidate_2,0,candidate_3,candidate_4,4,0.1475
215,candidate_2,candidate_1,candidate_3,candidate_4,4,0.1475
216,candidate_2,candidate_1,candidate_3,candidate_4,4,0.1475
217,candidate_2,candidate_1,candidate_3,candidate_4,4,0.1475
218,candidate_2,candidate_1,candidate_3,candidate_4,4,0.1475
219,0,candidate_1,0,candidate_4,4,0.1475
220,candidate_2,candidate_1,candidate_3,candidate_4,4,0.1475
221,candidate_2,candidate_1,candidate_3,candidate_4,4,0.1475
222,candidate_2,candidate_1,candidate_3,candidate_4,4,0.1475
223,candidate_2,0,candidate_3,0,4,0.1475
224,candidate_2,candidate_1,candidate_3,candidate_4,4,0.1475
225,candidate_2,candidate_1,candidate_3,candidate_4,4,0.1475
226,0,0,candidate_3,candidate_4,4,0.1475
227,0,candidate_1,0,candidate_4,4,0.1475
228,candidate_2,candidate_1,candidate_3,candidate_4,4,0.1475
229,candidate_2,candidate_1,candidate_3,candidate_4,4,0.1475
230,candidate_2,candidate_1,candidate_3,candidate_4,4,0.1475
231,candidate_2,candidate_1,candidate_3,candidate_4,4,0.1475
232,candidate_2,candidate_1,0,candidate_4,4,0.1475
233,candidate_2,candidate_1,candidate_3,candidate_4,4,0.1475
234,candidate_2,candidate_1,candidate_3,candidate_4,4,0.1475
235,candidate_2,0,candidate_3,candidate_4,4,0.1475
236,candidate_2,candidate_1,candidate_3,candidate_4,4,0.1475
237,candidate_2,0,candidate_3,candidate_4,4,0.1475
238,candidate_2,candidate_1,candidate_3,0,4,0.1475
239,candidate_2,candidate_1,candidate_3,candidate_4,4,0.1475
240,0,candidate_1,candidate_3,0,4,0.1475
241,candidate_2,candidate_1,0,candidate_4,4,0.1475
242,0,candidate_1,candidate_3,candidate_4,4,0.1475
243,candidate_2,candidate_1,candidate_3,0,4,0.1475
244,candidate_2,candidate_1,candidate_3,candidate_4,4,0.1475
245,0,candidate_1,candidate_3,0,4,0.1475
246,candidate_2,candidate_1,candidate_3,candidate_4,4,0.1475
247,candidate_2,0,candidate_3,candidate_4,4,0.1475
248,0,candidate_1,candidate_3,0,4,0.1475
249,candidate_2,candidate_1,candidate_3,candidate_4,4,0.1475
250,candidate_2,candidate_1,candidate_3,candidate_4,4,0.1475
251,candidate_2,candidate_1,candidate_3,candidate_4,4,0.1475
252,candidate_2,0,candidate_3,0,4,0.1475
253,candidate_2,candidate_1,candidate_3,candidate_4,4,0.1475
254,candidate_2,candidate_1,candidate_3,candidate_4,4,0.1475
255,candidate_2,candidate_1,candidate_3,candidate_4,4,0.1475
256,0,candidate_1,candidate_3,candidate_4,4,0.1475
257,candidate_2,candidate_1,0,candidate_4,4,0.1475
258,0,candidate_1,candidate_3,candidate_4,4,0.1475
259,candidate_2,candidate_1,candidate_3,candidate_4,4,0.1475
260,0,candidate_1,candidate_3,candidate_4,4,0.1475
261,candidate_2,candidate_1,0,candidate_4,4,0.1475
262,candidate_2,candidate_1,candidate_3,candidate_4,4,0.1475
263,0,candidate_1,candidate_3,candidate_4,4,0.1475
264,0,candidate_1,candidate_3,candidate_4,4,0.1475
265,candidate_2,candidate_1,candidate_3,0,4,0.1475
266,candidate_2,candidate_1,candidate_3,candidate_4,4,0.1475
267,candidate_2,candidate_1,0,candidate_4,4,0.1475
268,candidate_2,candidate_1,candidate_3,candidate_4,4,0.1475
269,candidate_2,candidate_1,candidate_3,candidate_4,4,0.1475
270,candidate_2,candidate_1,candidate_3,candidate_4,4,0.1475
271,0,candidate_1,candidate_3,candidate_4,4,0.1475
272,candidate_2,candidate_1,candidate_3,candidate_4,4,0.1475
273,candidate_2,candidate_1,0,candidate_4,4,0.1475
274,candidate_2,0,candidate_3,candidate_4,4,0.1475
275,0,candidate_1,candidate_3,candidate_4,4,0.1475
276,candidate_2,candidate_1,candidate_3,candidate_4,4,0.1475
277,candidate_2,candidate_1,candidate_3,candidate_4,4,0.1475
278,candidate_2,candidate_1,candidate_3,candidate_4,4,0.1475
279,candidate_2,candidate_1,candidate_3,candidate_4,4,0.1475
280,candidate_2,candidate_1,0,candidate_4,4,0.1475
281,candidate_2,candidate_1,candidate_3,candidate_4,4,0.1475
282,candidate_2,0,candidate_3,0,4,0.1475
283,candidate_2,0,candidate_3,0,4,0.1475
284,candidate_2,0,candidate_3,candidate_4,4,0.1475
285,candidate_2,candidate_1,candidate_3,0,4,0.1475
286,candidate_2,candidate_1,0,candidate_4,4,0.1475
287,candidate_2,candidate_1,0,candidate_4,4,0.1475
288,candidate_2,candidate_1,candidate_3,candidate_4,4,0.1475
289,candidate_2,candidate_1,candidate_3,candidate_4,4,0.1475
290,candidate_2,candidate_1,candidate_3,candidate_4,4,0.1475
291,candidate_2,candidate_1,0,0,4,0.1475
292,candidate_2,candidate_1,candidate_3,candidate_4,4,0.1475
293,candidate_2,0,0,0,4,0.1475
294,candidate_2,candidate_1,candidate_3,candidate_4,4,0.1475
295,candidate_2,0,candidate_3,candidate_4,4,0.1475
296,candidate_2,candidate_1,candidate_3,candidate_4,4,0.1475
297,candidate_2,0,candidate_3,candidate_4,4,0.1475
298,candidate_2,candidate_1,candidate_3,0,4,0.1475
299,candidate_2,candidate_1,0,candidate_4,4,0.1475
300,0,candidate_1,0,0,4,0.1475
301,candidate_2,candidate_1,candidate_3,candidate_4,4,0.1475
302,candidate_2,candidate_1,candidate_3,candidate_4,4,0.1475
303,0,candidate_1,candidate_3,candidate_4,4,0.1475
304,candidate_2,candidate_1,candidate_3,0,4,0.1475
305,candidate_2,candidate_1,candidate_3,candidate_4,4,0.1475
306,candidate_2,0,candidate_3,candidate_4,4,0.1475
307,candidate_2,candidate_1,candidate_3,0,4,0.1475
308,candidate_2,0,candidate_3,candidate_4,4,0.1475
309,candidate_2,0,candidate_3,candidate_4,4,0.1475
310,candidate_2,0,candidate_3,candidate_4,4,0.1475
311,candidate_2,candidate_1,candidate_3,candidate_4,4,0.1475
312,candidate_2,candidate_1,0,candidate_4,4,0.1475
313,candidate_2,0,candidate_3,candidate_4,4,0.1475
314,candidate_2,candidate_1,candidate_3,candidate_4,4,0.1475
315,candidate_2,candidate_1,candidate_3,0,4,0.1475
316,0,candidate_1,candidate_3,candidate_4,4,0.1475
317,candidate_2,candidate_1,candidate_3,candidate_4,4,0.1475
318,candidate_2,candidate_1,candidate_3,candidate_4,4,0.1475
319,candidate_2,0,candidate_3,candidate_4,4,0.1475
320,candidate_2,candidate_1,candidate_3,candidate_4,4,0.1475
321,candidate_2,candidate_1,candidate_3,candidate_4,4,0.1475
322,candidate_2,candidate_1,candidate_3,candidate_4,4,0.1475
323,candidate_2,candidate_1,candidate_3,0,4,0.1475
324,candidate_2,candidate_1,candidate_3,candidate_4,4,0.1475
325,candidate_2,0,candidate_3,0,4,0.1475
326,candidate_2,0,candidate_3,candidate_4,4,0.1475
327,candidate_2,candidate_1,candidate_3,candidate_4,4,0.1475
328,candidate_2,candidate_1,candidate_3,candidate_4,4,0.1475
329,candidate_2,candidate_1,candidate_3,candidate_4,4,0.1475
330,0,candidate_1,candidate_3,0,4,0.1475
331,candidate_2,candidate_1,0,candidate_4,4,0.1475
332,candidate_2,candidate_1,candidate_3,candidate_4,4,0.1475
333,candidate_2,candidate_1,candidate_3,0,4,0.1475
334,candidate_2,candidate_1,candidate_3,candidate_4,4,0.1475
335,0,candidate_1,candidate_3,candidate_4,4,0.1475
336,candidate_2,candidate_1,candidate_3,candidate_4,4,0.1475
337,candidate_2,candidate_1,candidate_3,candidate_4,4,0.1475
338,candidate_2,candidate_1,candidate_3,0,4,0.1475
339,candidate_2,candidate_1,0,candidate_4,4,0.1475
340,candidate_2,candidate_1,0,candidate_4,4,0.1475
341,candidate_2,candidate_1,candidate_3,candidate_4,4,0.1475
342,candidate_2,0,candidate_3,candidate_4,4,0.1475
343,candidate_2,candidate_1,candidate_3,candidate_4,4,0.1475
344,candidate_2,candidate_1,candidate_3,0,4,0.1475
345,0,candidate_1,candidate_3,candidate_4,4,0.1475
346,candidate_2,candidate_1,candidate_3,candidate_4,4,0.1475
347,candidate_2,candidate_1,candidate_3,candidate_4,4,0.1475
348,candidate_2,candidate_1,candidate_3,candidate_4,4,0.1475
349,0,candidate_1,candidate_3,candidate_4,4,0.1475
350,candidate_2,candidate_1,candidate_3,candidate_4,4,0.1475
351,candidate_2,candidate_1,candidate_3,candidate_4,4,0.1475
352,0,candidate_1,candidate_3,candidate_4,4,0.1475
353,candidate_2,0,candidate_3,candidate_4,4,0.1475
354,0,0,candidate_3,candidate_4,4,0.1475
355,0,candidate_1,candidate_3,candidate_4,4,0.1475
356,candidate_2,candidate_1,0,candidate_4,4,0.1475
357,candidate_2,candidate_1,candidate_3,0,4,0.1475
358,candidate_2,candidate_1,candidate_3,candidate_4,4,0.1475
359,0,candidate_1,candidate_3,candidate_4,4,0.1475
360,0,0,candidate_3,candidate_4,4,0.1475
361,candidate_2,candidate_1,0,candidate_4,4,0.1475
362,candidate_2,candidate_1,candidate_3,candidate_4,4,0.1475
363,candidate_2,candidate_1,0,0,4,0.1475
364,candidate_2,candidate_1,candidate_3,candidate_4,4,0.1475
365,candidate_2,candidate_1,candidate_3,candidate_4,4,0.1475
366,0,candidate_1,candidate_3,candidate_4,4,0.1475
367,candidate_2,candidate_1,0,candidate_4,4,0.1475
368,candidate_2,candidate_1,candidate_3,0,4,0.1475
369,0,candidate_1,candidate_3,0,4,0.1475
370,candidate_2,candidate_1,candidate_3,candidate_4,4,0.1475
371,candidate_2,candidate_1,candidate_3,0,4,0.1475
372,candidate_2,candidate_1,candidate_3,candidate_4,4,0.1475
373,candidate_2,candidate_1,candidate_3,candidate_4,4,0.1475
374,candidate_2,candidate_1,candidate_3,0,4,0.1475
375,candidate_2,candidate_1,candidate_3,candidate_4,4,0.1475
376,candidate_2,candidate_1,candidate_3,0,4,0.1475
377,candidate_2,candidate_1,candidate_3,0,4,0.1475
378,candidate_2,candidate_1,candidate_3,candidate_4,4,0.1475
379,candidate_2,candidate_1,candidate_3,candidate_4,4,0.1475
380,candidate_2,candidate_1,candidate_3,candidate_4,4,0.1475
381,0,candidate_1,candidate_3,candidate_4,4,0.1475
382,candidate_2,candidate_1,candidate_3,candidate_4,4,0.1475
383,candidate_2,candidate_1,0,0,4,0.1475
384,candidate_2,candidate_1,candidate_3,0,4,0.1475
385,candidate_2,candidate_1,candidate_3,candidate_4,4,0.1475
386,candidate_2,candidate_1,0,candidate_4,4,0.1475
387,candidate_2,candidate_1,candidate_3,candidate_4,4,0.1475
388,0,0,0,candidate_4,4,0.1475
389,candidate_2,candidate_1,candidate_3,candidate_4,4,0.1475
390,candidate_2,0,candidate_3,0,4,0.1475
391,candidate_2,candidate_1,candidate_3,candidate_4,4,0.1475
392,candidate_2,candidate_1,candidate_3,candidate_4,4,0.1475
393,candidate_2,0,candidate_3,candidate_4,4,0.1475
394,candidate_2,candidate_1,candidate_3,candidate_4,4,0.1475
395,0,candidate_1,candidate_3,candidate_4,4,0.1475
396,candidate_2,candidate_1,candidate_3,0,4,0.1475
397,candidate_2,candidate_1,candidate_3,candidate_4,4,0.1475
398,candidate_2,candidate_1,candidate_3,0,4,0.1475
399,0,candidate_1,candidate_3,candidate_4,4,0.1475
400,candidate_2,0,0,candidate_4,4,0.1475
401,0,candidate_1,candidate_3,candidate_4,4,0.1475
402,0,candidate_1,candidate_3,candidate_4,4,0.1475
403,candidate_2,candidate_1,candidate_3,candidate_4,4,0.1475
404,0,candidate_1,candidate_3,candidate_4,4,0.1475
405,candidate_2,candidate_1,candidate_3,0,4,0.1475
406,candidate_2,candidate_1,candidate_3,candidate_4,4,0.1475
407,candidate_2,0,candidate_3,candidate_4,4,0.1475
408,candidate_2,candidate_1,candidate_3,candidate_4,4,0.1475
409,candidate_2,candidate_1,candidate_3,candidate_4,4,0.1475
410,candidate_2,candidate_1,candidate_3,candidate_4,4,0.1475
411,candidate_2,candidate_1,0,0,4,0.1475
412,candidate_2,candidate_1,candidate_3,candidate_4,4,0.1475
413,candidate_2,candidate_1,0,candidate_4,4,0.1475
414,candidate_2,candidate_1,candidate_3,candidate_4,4,0.1475
415,candidate_2,candidate_1,candidate_3,candidate_4,4,0.1475
416,candidate_2,candidate_1,candidate_3,candidate_4,4,0.1475
417,candidate_2,candidate_1,candidate_3,candidate_4,4,0.1475
418,candidate_2,0,candidate_3,candidate_4,4,0.1475
419,candidate_2,candidate_1,candidate_3,candidate_4,4,0.1475
420,0,0,0,candidate_4,4,0.1475
421,candidate_2,candidate_1,candidate_3,candidate_4,4,0.1475
422,candidate_2,candidate_1,candidate_3,candidate_4,4,0.1475
423,candidate_2,candidate_1,0,candidate_4,4,0.1475
424,0,candidate_1,candidate_3,0,4,0.1475
425,candidate_2,0,candidate_3,candidate_4,4,0.1475
426,candidate_2,candidate_1,candidate_3,candidate_4,4,0.1475
427,candidate_2,candidate_1,candidate_3,candidate_4,4,0.1475
428,candidate_2,candidate_1,candidate_3,candidate_4,4,0.1475
429,0,candidate_1,candidate_3,candidate_4,4,0.1475
430,0,candidate_1,candidate_3,candidate_4,4,0.1475
431,candidate_2,candidate_1,0,candidate_4,4,0.1475
432,0,candidate_1,candidate_3,candidate_4,4,0.1475
433,candidate_2,0,candidate_3,candidate_4,4,0.1475
434,candidate_2,candidate_1,candidate_3,candidate_4,4,0.1475
435,candidate_2,candidate_1,candidate_3,candidate_4,4,0.1475
436,candidate_2,candidate_1,candidate_3,0,4,0.1475
437,candidate_2,candidate_1,0,candidate_4,4,0.1475
438,candidate_2,0,0,candidate_4,4,0.1475
439,candidate_2,candidate_1,candidate_3,candidate_4,4,0.1475
440,0,candidate_1,candidate_3,candidate_4,4,0.1475
441,candidate_2,candidate_1,candidate_3,candidate_4,4,0.1475
442,candidate_2,candidate_1,candidate_3,candidate_4,4,0.1475
443,candidate_2,candidate_1,candidate_3,0,4,0.1475
444,candidate_2,0,0,candidate_4,4,0.1475
445,candidate_2,candidate_1,candidate_3,candidate_4,4,0.1475
446,candidate_2,candidate_1,candidate_3,candidate_4,4,0.1475
447,0,candidate_1,candidate_3,0,4,0.1475
448,candidate_2,candidate_1,candidate_3,candidate_4,4,0.1475
449,0,candidate_1,0,candidate_4,4,0.1475
450,0,candidate_1,candidate_3,candidate_4,4,0.1475
451,candidate_2,0,candidate_3,candidate_4,4,0.1475
452,candidate_2,candidate_1,candidate_3,candidate_4,4,0.1475
453,candidate_2,candidate_1,candidate_3,candidate_4,4,0.1475
454,candidate_2,candidate_1,candidate_3,candidate_4,4,0.1475
455,candidate_2,candidate_1,candidate_3,0,4,0.1475
456,candidate_2,candidate_1,candidate_3,candidate_4,4,0.1475
457,0,candidate_1,candidate_3,candidate_4,4,0.1475
458,candidate_2,0,0,candidate_4,4,0.1475
459,candidate_2,candidate_1,candidate_3,candidate_4,4,0.1475
460,candidate_2,candidate_1,candidate_3,candidate_4,4,0.1475
461,candidate_2,candidate_1,candidate_3,candidate_4,4,0.1475
462,candidate_2,candidate_1,candidate_3,candidate_4,4,0.1475
463,candidate_2,candidate_1,0,candidate_4,4,0.1475
464,candidate_2,candidate_1,candidate_3,0,4,0.1475
465,candidate_2,candidate_1,candidate_3,candidate_4,4,0.1475
466,candidate_2,candidate_1,candidate_3,candidate_4,4,0.1475
467,candidate_2,0,candidate_3,candidate_4,4,0.1475
468,candidate_2,candidate_1,0,candidate_4,4,0.1475
469,candidate_2,0,candidate_3,candidate_4,4,0.1475
470,candidate_2,candidate_1,0,candidate_4,4,0.1475
471,candidate_2,candidate_1,candidate_3,candidate_4,4,0.1475
472,candidate_2,candidate_1,candidate_3,candidate_4,4,0.1475
473,candidate_2,candidate_1,0,candidate_4,4,0.1475
474,candidate_2,candidate_1,candidate_3,candidate_4,4,0.1475
475,0,candidate_1,candidate_3,candidate_4,4,0.1475
476,candidate_2,candidate_1,candidate_3,candidate_4,4,0.1475
477,candidate_2,candidate_1,0,candidate_4,4,0.1475
478,candidate_2,0,candidate_3,candidate_4,4,0.1475
479,candidate_2,candidate_1,candidate_3,candidate_4,4,0.1475
480,candidate_2,candidate_1,0,candidate_4,4,0.1475
481,candidate_2,candidate_1,candidate_3,candidate_4,4,0.1475
482,0,candidate_1,candidate_3,candidate_4,4,0.1475
483,candidate_2,0,0,candidate_4,4,0.1475
484,candidate_2,candidate_1,candidate_3,candidate_4,4,0.1475
485,candidate_2,0,candidate_3,candidate_4,4,0.1475
486,candidate_2,candidate_1,0,candidate_4,4,0.1475
487,candidate_2,candidate_1,candidate_3,candidate_4,4,0.1475
488,candidate_2,candidate_1,candidate_3,candidate_4,4,0.1475
489,candidate_2,0,candidate_3,candidate_4,4,0.1475
490,candidate_2,candidate_1,candidate_3,candidate_4,4,0.1475
491,candidate_2,candidate_1,candidate_3,candidate_4,4,0.1475
492,candidate_2,candidate_1,candidate_3,candidate_4,4,0.1475
493,candidate_2,candidate_1,candidate_3,candidate_4,4,0.1475
494,candidate_2,0,candidate_3,candidate_4,4,0.1475
495,candidate_2,candidate_1,candidate_3,candidate_4,4,0.1475
496,candidate_2,candidate_1,candidate_3,candidate_4,4,0.1475
497,candidate_2,candidate_1,candidate_3,candidate_4,4,0.1475
498,candidate_2,candidate_1,candidate_3,candidate_4,4,0.1475
499,candidate_2,candidate_1,candidate_3,0,4,0.1475
500,candidate_2,candidate_1,candidate_3,0,4,0.1475
501,candidate_2,candidate_1,candidate_3,candidate_4,4,0.1475
502,candidate_2,candidate_1,candidate_3,candidate_4,4,0.1475
503,candidate_2,candidate_1,0,candidate_4,4,0.1475
504,candidate_2,0,candidate_3,candidate_4,4,0.1475
505,candidate_2,candidate_1,candidate_3,candidate_4,4,0.1475
506,candidate_2,candidate_1,0,candidate_4,4,0.1475
507,0,candidate_1,candidate_3,0,4,0.1475
508,candidate_2,0,candidate_3,candidate_4,4,0.1475
509,candidate_2,candidate_1,candidate_3,candidate_4,4,0.1475
510,candidate_2,candidate_1,candidate_3,candidate_4,4,0.1475
511,candidate_2,0,candidate_3,candidate_4,4,0.1475
512,candidate_2,0,candidate_3,candidate_4,4,0.1475
513,candidate_2,candidate_1,candidate_3,candidate_4,4,0.1475
514,0,candidate_1,candidate_3,0,4,0.1475
515,candidate_2,candidate_1,candidate_3,candidate_4,4,0.1475
516,0,candidate_1,candidate_3,0,4,0.1475
517,candidate_2,candidate_1,candidate_3,candidate_4,4,0.1475
518,candidate_2,candidate_1,0,candidate_4,4,0.1475
519,candidate_2,candidate_1,candidate_3,candidate_4,4,0.1475
520,candidate_2,candidate_1,0,candidate_4,4,0.1475
521,candidate_2,candidate_1,candidate_3,0,4,0.1475
522,candidate_2,candidate_1,candidate_3,candidate_4,4,0.1475
523,candidate_2,0,candidate_3,0,4,0.1475
524,candidate_2,candidate_1,candidate_3,candidate_4,4,0.1475
525,candidate_2,candidate_1,candidate_3,candidate_4,4,0.1475
526,candidate_2,candidate_1,candidate_3,candidate_4,4,0.1475
527,candidate_2,candidate_1,0,0,4,0.1475
528,0,candidate_1,candidate_3,0,4,0.1475
529,candidate_2,candidate_1,candidate_3,candidate_4,4,0.1475
530,candidate_2,candidate_1,candidate_3,candidate_4,4,0.1475
531,candidate_2,candidate_1,candidate_3,candidate_4,4,0.1475
532,candidate_2,candidate_1,candidate_3,0,4,0.1475
533,candidate_2,candidate_1,0,0,4,0.1475
534,candidate_2,candidate_1,candidate_3,candidate_4,4,0.1475
535,candidate_2,0,0,candidate_4,4,0.1475
536,0,candidate_1,candidate_3,candidate_4,4,0.1475
537,candidate_2,candidate_1,candidate_3,candidate_4,4,0.1475
538,candidate_2,candidate_1,candidate_3,0,4,0.1475
539,candidate_2,candidate_1,candidate_3,0,4,0.1475
540,candidate_2,candidate_1,candidate_3,candidate_4,4,0.1475
541,0,candidate_1,candidate_3,0,4,0.1475
542,candidate_2,candidate_1,candidate_3,candidate_4,4,0.1475
543,candidate_2,candidate_1,candidate_3,candidate_4,4,0.1475
544,0,candidate_1,candidate_3,candidate_4,4,0.1475
545,candidate_2,candidate_1,candidate_3,candidate_4,4,0.1475
546,candidate_2,candidate_1,candidate_3,0,4,0.1475
547,0,candidate_1,candidate_3,candidate_4,4,0.1475
548,candidate_2,candidate_1,candidate_3,candidate_4,4,0.1475
549,candidate_2,candidate_1,candidate_3,candidate_4,4,0.1475
550,candidate_2,candidate_1,candidate_3,candidate_4,4,0.1475
551,candidate_2,candidate_1,candidate_3,candidate_4,4,0.1475
552,candidate_2,candidate_1,candidate_3,candidate_4,4,0.1475
553,candidate_2,candidate_1,candidate_3,candidate_4,4,0.1475
554,candidate_2,candidate_1,candidate_3,candidate_4,4,0.1475
555,candidate_2,candidate_1,candidate_3,candidate_4,4,0.1475
556,candidate_2,candidate_1,candidate_3,candidate_4,4,0.1475
557,candidate_2,candidate_1,candidate_3,candidate_4,4,0.1475
558,candidate_2,candidate_1,candidate_3,candidate_4,4,0.1475
559,candidate_2,candidate_1,candidate_3,0,4,0.1475
560,candidate_2,candidate_1,candidate_3,candidate_4,4,0.1475
561,0,0,candidate_3,candidate_4,4,0.1475
562,candidate_2,candidate_1,candidate_3,candidate_4,4,0.1475
563,candidate_2,0,candidate_3,candidate_4,4,0.1475
564,candidate_2,candidate_1,candidate_3,candidate_4,4,0.1475
565,candidate_2,candidate_1,candidate_3,candidate_4,4,0.1475
566,candidate_2,candidate_1,candidate_3,candidate_4,4,0.1475
567,candidate_2,candidate_1,candidate_3,candidate_4,4,0.1475
568,candidate_2,candidate_1,candidate_3,candidate_4,4,0.1475
569,candidate_2,candidate_1,candidate_3,candidate_4,4,0.1475
570,candidate_2,candidate_1,0,candidate_4,4,0.1475
571,candidate_2,candidate_1,candidate_3,candidate_4,4,0.1475
572,candidate_2,candidate_1,candidate_3,candidate_4,4,0.1475
573,candidate_2,candidate_1,candidate_3,candidate_4,4,0.1475
574,candidate_2,candidate_1,candidate_3,candidate_4,4,0.1475
575,candidate_2,candidate_1,0,candidate_4,4,0.1475
576,candidate_2,candidate_1,candidate_3,candidate_4,4,0.1475
577,candidate_2,0,candidate_3,candidate_4,4,0.1475
578,candidate_2,candidate_1,candidate_3,0,4,0.1475
579,candidate_2,candidate_1,candidate_3,candidate_4,4,0.1475
580,candidate_2,candidate_1,candidate_3,candidate_4,4,0.1475
581,candidate_2,0,candidate_3,candidate_4,4,0.1475
582,candidate_2,candidate_1,candidate_3,candidate_4,4,0.1475
583,candidate_2,candidate_1,candidate_3,candidate_4,4,0.1475
584,candidate_2,candidate_1,candidate_3,candidate_4,4,0.1475
585,candidate_2,candidate_1,candidate_3,candidate_4,4,0.1475
586,0,0,candidate_3,candidate_4,4,0.1475
587,candidate_2,0,candidate_3,candidate_4,4,0.1475
588,candidate_2,candidate_1,candidate_3,0,4,0.1475
589,candidate_2,candidate_1,candidate_3,candidate_4,4,0.1475
590,0,candidate_1,candidate_3,candidate_4,4,0.1475
591,candidate_2,0,candidate_3,0,4,0.1475
592,candidate_2,candidate_1,candidate_3,candidate_4,4,0.1475
593,candidate_2,candidate_1,candidate_3,0,4,0.1475
594,candidate_2,candidate_1,candidate_3,candidate_4,4,0.1475
595,candidate_2,candidate_1,0,candidate_4,4,0.1475
596,candidate_2,candidate_1,candidate_3,candidate_4,4,0.1475
597,candidate_2,candidate_1,candidate_3,candidate_4,4,0.1475
598,candidate_2,candidate_1,candidate_3,candidate_4,4,0.1475
599,candidate_2,candidate_1,candidate_3,candidate_4,4,0.1475
600,candidate_2,candidate_1,candidate_3,candidate_4,4,0.1475
601,candidate_2,candidate_1,candidate_3,candidate_4,4,0.1475
602,candidate_2,candidate_1,candidate_3,candidate_4,4,0.1475
603,candidate_2,candidate_1,candidate_3,candidate_4,4,0.1475
604,candidate_2,candidate_1,candidate_3,candidate_4,4,0.1475
605,candidate_2,candidate_1,candidate_3,candidate_4,4,0.1475
606,candidate_2,0,candidate_3,candidate_4,4,0.1475
607,candidate_2,candidate_1,0,candidate_4,4,0.1475
608,candidate_2,0,candidate_3,candidate_4,4,0.1475
609,candidate_2,candidate_1,candidate_3,candidate_4,4,0.1475
610,candidate_2,candidate_1,candidate_3,candidate_4,4,0.1475
611,candidate_2,candidate_1,candidate_3,candidate_4,4,0.1475
612,candidate_2,0,candidate_3,candidate_4,4,0.1475
613,candidate_2,0,candidate_3,candidate_4,4,0.1475
614,candidate_2,candidate_1,candidate_3,candidate_4,4,0.1475
615,candidate_2,candidate_1,candidate_3,0,4,0.1475
616,candidate_2,candidate_1,candidate_3,candidate_4,4,0.1475
617,0,candidate_1,candidate_3,candidate_4,4,0.1475
618,candidate_2,candidate_1,candidate_3,candidate_4,4,0.1475
619,candidate_2,0,candidate_3,candidate_4,4,0.1475
620,candidate_2,candidate_1,candidate_3,candidate_4,4,0.1475
621,candidate_2,candidate_1,candidate_3,candidate_4,4,0.1475
622,candidate_2,candidate_1,candidate_3,0,4,0.1475
623,candidate_2,candidate_1,candidate_3,candidate_4,4,0.1475
624,candidate_2,candidate_1,candidate_3,candidate_4,4,0.1475
625,candidate_2,candidate_1,candidate_3,candidate_4,4,0.1475
626,candidate_2,0,0,0,4,0.1475
627,candidate_2,candidate_1,candidate_3,candidate_4,4,0.1475
628,candidate_2,0,candidate_3,candidate_4,4,0.1475
629,candidate_2,candidate_1,candidate_3,candidate_4,4,0.1475
630,candidate_2,candidate_1,0,0,4,0.1475
631,candidate_2,candidate_1,0,candidate_4,4,0.1475
632,candidate_2,0,candidate_3,candidate_4,4,0.1475
633,0,candidate_1,candidate_3,candidate_4,4,0.1475
634,candidate_2,candidate_1,candidate_3,0,4,0.1475
635,candidate_2,candidate_1,candidate_3,candidate_4,4,0.1475
636,0,candidate_1,candidate_3,candidate_4,4,0.1475
637,candidate_2,candidate_1,candidate_3,candidate_4,4,0.1475
638,candidate_2,0,candidate_3,0,4,0.1475
639,candidate_2,candidate_1,candidate_3,candidate_4,4,0.1475
640,candidate_2,0,candidate_3,candidate_4,4,0.1475
641,candidate_2,candidate_1,candidate_3,0,4,0.1475
642,candidate_2,candidate_1,candidate_3,candidate_4,4,0.1475
643,0,0,candidate_3,candidate_4,4,0.1475
644,0,candidate_1,candidate_3,candidate_4,4,0.1475
645,candidate_2,0,candidate_3,candidate_4,4,0.1475
646,candidate_2,candidate_1,candidate_3,candidate_4,4,0.1475
647,candidate_2,candidate_1,candidate_3,0,4,0.1475
648,candidate_2,candidate_1,candidate_3,candidate_4,4,0.1475
649,0,candidate_1,candidate_3,candidate_4,4,0.1475
650,candidate_2,candidate_1,candidate_3,candidate_4,4,0.1475
651,candidate_2,candidate_1,candidate_3,candidate_4,4,0.1475
652,candidate_2,candidate_1,candidate_3,candidate_4,4,0.1475
653,candidate_2,candidate_1,candidate_3,candidate_4,4,0.1475
654,candidate_2,0,candidate_3,candidate_4,4,0.1475
655,candidate_2,candidate_1,candidate_3,candidate_4,4,0.1475
656,candidate_2,candidate_1,candidate_3,candidate_4,4,0.1475
657,0,candidate_1,candidate_3,candidate_4,4,0.1475
658,candidate_2,candidate_1,candidate_3,candidate_4,4,0.1475
659,candidate_2,candidate_1,candidate_3,candidate_4,4,0.1475
660,candidate_2,candidate_1,candidate_3,candidate_4,4,0.1475
661,candidate_2,0,candidate_3,0,4,0.1475
662,0,candidate_1,candidate_3,candidate_4,4,0.1475
663,candidate_2,candidate_1,candidate_3,candidate_4,4,0.1475
664,candidate_2,candidate_1,candidate_3,candidate_4,4,0.1475
665,candidate_2,candidate_1,candidate_3,candidate_4,4,0.1475
666,candidate_2,candidate_1,candidate_3,candidate_4,4,0.1475
667,candidate_2,candidate_1,candidate_3,candidate_4,4,0.1475
668,candidate_2,0,candidate_3,candidate_4,4,0.1475
669,candidate_2,candidate_1,candidate_3,candidate_4,4,0.1475
670,0,candidate_1,candidate_3,candidate_4,4,0.1475
671,candidate_2,candidate_1,candidate_3,0,4,0.1475
672,candidate_2,candidate_1,candidate_3,candidate_4,4,0.1475
673,candidate_2,candidate_1,0,0,4,0.1475
674,candidate_2,candidate_1,candidate_3,candidate_4,4,0.1475
675,candidate_2,candidate_1,candidate_3,candidate_4,4,0.1475
676,candidate_2,candidate_1,candidate_3,candidate_4,4,0.1475
677,candidate_2,candidate_1,candidate_3,candidate_4,4,0.1475
678,candidate_2,candidate_1,0,candidate_4,4,0.1475
679,candidate_2,candidate_1,candidate_3,candidate_4,4,0.1475
680,candidate_2,candidate_1,candidate_3,candidate_4,4,0.1475
681,candidate_2,0,candidate_3,candidate_4,4,0.1475
682,candidate_2,0,candidate_3,candidate_4,4,0.1475
683,candidate_2,0,candidate_3,candidate_4,4,0.1475
684,candidate_2,candidate_1,candidate_3,candidate_4,4,0.1475
685,candidate_2,candidate_1,candidate_3,candidate_4,4,0.1475
686,candidate_2,candidate_1,candidate_3,candidate_4,4,0.1475
687,candidate_2,candidate_1,candidate_3,candidate_4,4,0.1475
688,candidate_2,candidate_1,0,candidate_4,4,0.1475
689,candidate_2,candidate_1,candidate_3,candidate_4,4,0.1475
690,candidate_2,candidate_1,candidate_3,candidate_4,4,0.1475
691,candidate_2,candidate_1,candidate_3,candidate_4,4,0.1475
692,candidate_2,candidate_1,candidate_3,candidate_4,4,0.1475
693,candidate_2,candidate_1,0,candidate_4,4,0.1475
694,candidate_2,candidate_1,candidate_3,candidate_4,4,0.1475
695,candidate_2,candidate_1,candidate_3,candidate_4,4,0.1475
696,candidate_2,candidate_1,candidate_3,0,4,0.1475
697,candidate_2,candidate_1,candidate_3,candidate_4,4,0.1475
698,candidate_2,candidate_1,candidate_3,0,4,0.1475
699,candidate_2,candidate_1,candidate_3,candidate_4,4,0.1475
700,0,candidate_1,candidate_3,candidate_4,4,0.1475
701,candidate_2,candidate_1,0,candidate_4,4,0.1475
702,candidate_2,candidate_1,candidate_3,candidate_4,4,0.1475
703,candidate_2,0,0,0,4,0.1475
704,candidate_2,candidate_1,0,candidate_4,4,0.1475
705,candidate_2,candidate_1,candidate_3,candidate_4,4,0.1475
706,candidate_2,candidate_1,candidate_3,candidate_4,4,0.1475
707,candidate_2,candidate_1,candidate_3,candidate_4,4,0.1475
708,candidate_2,candidate_1,candidate_3,candidate_4,4,0.1475
709,candidate_2,candidate_1,candidate_3,0,4,0.1475
710,candidate_2,candidate_1,candidate_3,candidate_4,4,0.1475
711,candidate_2,candidate_1,candidate_3,candidate_4,4,0.1475
712,candidate_2,candidate_1,candidate_3,candidate_4,4,0.1475
713,candidate_2,candidate_1,candidate_3,candidate_4,4,0.1475
714,candidate_2,0,0,candidate_4,4,0.1475
715,candidate_2,candidate_1,candidate_3,candidate_4,4,0.1475
716,candidate_2,candidate_1,candidate_3,candidate_4,4,0.1475
717,candidate_2,candidate_1,candidate_3,0,4,0.1475
718,candidate_2,candidate_1,0,candidate_4,4,0.1475
719,candidate_2,candidate_1,candidate_3,candidate_4,4,0.1475
720,candidate_2,candidate_1,candidate_3,candidate_4,4,0.1475
721,candidate_2,candidate_1,candidate_3,candidate_4,4,0.1475
722,candidate_2,candidate_1,candidate_3,candidate_4,4,0.1475
723,candidate_2,candidate_1,candidate_3,candidate_4,4,0.1475
724,candidate_2,candidate_1,candidate_3,candidate_4,4,0.1475
725,0,candidate_1,candidate_3,candidate_4,4,0.1475
726,candidate_2,candidate_1,0,candidate_4,4,0.1475
727,candidate_2,0,candidate_3,candidate_4,4,0.1475
728,0,0,candidate_3,candidate_4,4,0.1475
729,0,candidate_1,candidate_3,candidate_4,4,0.1475
730,candidate_2,candidate_1,candidate_3,candidate_4,4,0.1475
731,candidate_2,0,candidate_3,0,4,0.1475
732,0,candidate_1,0,0,4,0.1475
733,0,candidate_1,candidate_3,candidate_4,4,0.1475
734,candidate_2,candidate_1,0,candidate_4,4,0.1475
735,0,candidate_1,candidate_3,candidate_4,4,0.1475
736,candidate_2,candidate_1,candidate_3,candidate_4,4,0.1475
737,candidate_2,candidate_1,candidate_3,candidate_4,4,0.1475
738,candidate_2,candidate_1,candidate_3,0,4,0.1475
739,0,candidate_1,candidate_3,candidate_4,4,0.1475
740,candidate_2,candidate_1,candidate_3,candidate_4,4,0.1475
741,candidate_2,candidate_1,candidate_3,candidate_4,4,0.1475
742,candidate_2,candidate_1,candidate_3,candidate_4,4,0.1475
743,candidate_2,candidate_1,candidate_3,candidate_4,4,0.1475
744,candidate_2,candidate_1,candidate_3,candidate_4,4,0.1475
745,candidate_2,candidate_1,0,0,4,0.1475
746,candidate_2,0,candidate_3,0,4,0.1475
747,candidate_2,candidate_1,candidate_3,candidate_4,4,0.1475
748,candidate_2,candidate_1,candidate_3,candidate_4,4,0.1475
749,candidate_2,candidate_1,candidate_3,candidate_4,4,0.1475
750,candidate_2,candidate_1,candidate_3,candidate_4,4,0.1475
751,candidate_2,candidate_1,candidate_3,candidate_4,4,0.1475
752,0,candidate_1,candidate_3,candidate_4,4,0.1475
753,candidate_2,candidate_1,candidate_3,candidate_4,4,0.1475
754,candidate_2,candidate_1,candidate_3,candidate_4,4,0.1475
755,0,candidate_1,candidate_3,candidate_4,4,0.1475
756,candidate_2,candidate_1,candidate_3,candidate_4,4,0.1475
757,0,candidate_1,candidate_3,0,4,0.1475
758,0,candidate_1,candidate_3,candidate_4,4,0.1475
759,candidate_2,candidate_1,candidate_3,candidate_4,4,0.1475
760,0,candidate_1,candidate_3,candidate_4,4,0.1475
761,candidate_2,candidate_1,candidate_3,0,4,0.1475
762,candidate_2,candidate_1,candidate_3,candidate_4,4,0.1475
763,candidate_2,candidate_1,candidate_3,candidate_4,4,0.1475
764,candidate_2,candidate_1,candidate_3,candidate_4,4,0.1475
765,0,candidate_1,0,candidate_4,4,0.1475
766,candidate_2,candidate_1,candidate_3,candidate_4,4,0.1475
767,candidate_2,0,candidate_3,candidate_4,4,0.1475
768,0,candidate_1,candidate_3,candidate_4,4,0.1475
769,candidate_2,candidate_1,candidate_3,candidate_4,4,0.1475
770,candidate_2,candidate_1,candidate_3,candidate_4,4,0.1475
771,0,candidate_1,candidate_3,candidate_4,4,0.1475
772,candidate_2,candidate_1,candidate_3,0,4,0.1475
773,candidate_2,candidate_1,candidate_3,candidate_4,4,0.1475
774,candidate_2,candidate_1,candidate_3,candidate_4,4,0.1475
775,candidate_2,candidate_1,candidate_3,0,4,0.1475
776,candidate_2,candidate_1,candidate_3,candidate_4,4,0.1475
777,0,candidate_1,candidate_3,candidate_4,4,0.1475
778,candidate_2,candidate_1,candidate_3,0,4,0.1475
779,candidate_2,candidate_1,candidate_3,candidate_4,4,0.1475
780,candidate_2,candidate_1,candidate_3,candidate_4,4,0.1475
781,candidate_2,candidate_1,candidate_3,candidate_4,4,0.1475
782,candidate_2,candidate_1,0,candidate_4,4,0.1475
783,candidate_2,candidate_1,candidate_3,candidate_4,4,0.1475
784,candidate_2,0,candidate_3,candidate_4,4,0.1475
785,candidate_2,candidate_1,0,candidate_4,4,0.1475
786,candidate_2,0,candidate_3,0,4,0.1475
787,candidate_2,0,candidate_3,candidate_4,4,0.1475
788,candidate_2,candidate_1,candidate_3,candidate_4,4,0.1475
789,candidate_2,candidate_1,candidate_3,0,4,0.1475
790,candidate_2,0,candidate_3,candidate_4,4,0.1475
791,0,candidate_1,candidate_3,candidate_4,4,0.1475
792,candidate_2,0,candidate_3,candidate_4,4,0.1475
793,candidate_2,candidate_1,candidate_3,candidate_4,4,0.1475
794,candidate_2,candidate_1,candidate_3,candidate_4,4,0.1475
795,candidate_2,candidate_1,candidate_3,candidate_4,4,0.1475
796,0,0,candidate_3,candidate_4,4,0.1475
797,0,candidate_1,candidate_3,candidate_4,4,0.1475
798,candidate_2,candidate_1,candidate_3,0,4,0.1475
799,candidate_2,candidate_1,candidate_3,candidate_4,4,0.1475
800,candidate_2,candidate_1,candidate_3,candidate_4,4,0.1475
801,candidate_2,candidate_1,candidate_3,candidate_4,4,0.1475
802,candidate_2,candidate_1,candidate_3,0,4,0.1475
803,candidate_2,candidate_1,candidate_3,candidate_4,4,0.1475
804,candidate_2,candidate_1,candidate_3,candidate_4,4,0.1475
805,candidate_2,candidate_1,candidate_3,candidate_4,4,0.1475
806,0,candidate_1,0,candidate_4,4,0.1475
807,0,0,candidate_3,candidate_4,4,0.1475
808,candidate_2,candidate_1,candidate_3,candidate_4,4,0.1475
809,candidate_2,candidate_1,candidate_3,candidate_4,4,0.1475
810,candidate_2,candidate_1,candidate_3,candidate_4,4,0.1475
811,candidate_2,0,candidate_3,candidate_4,4,0.1475
812,candidate_2,candidate_1,0,candidate_4,4,0.1475
813,candidate_2,candidate_1,0,0,4,0.1475
814,candidate_2,0,candidate_3,candidate_4,4,0.1475
815,candidate_2,candidate_1,candidate_3,candidate_4,4,0.1475
816,candidate_2,candidate_1,candidate_3,candidate_4,4,0.1475
817,0,candidate_1,0,candidate_4,4,0.1475
818,candidate_2,candidate_1,candidate_3,0,4,0.1475
819,candidate_2,candidate_1,candidate_3,0,4,0.1475
820,candidate_2,candidate_1,candidate_3,candidate_4,4,0.1475
821,0,candidate_1,candidate_3,candidate_4,4,0.1475
822,candidate_2,candidate_1,candidate_3,candidate_4,4,0.1475
823,candidate_2,candidate_1,candidate_3,0,4,0.1475
824,candidate_2,candidate_1,candidate_3,candidate_4,4,0.1475
825,candidate_2,candidate_1,candidate_3,candidate_4,4,0.1475
826,candidate_2,candidate_1,candidate_3,candidate_4,4,0.1475
827,candidate_2,candidate_1,candidate_3,candidate_4,4,0.1475
828,candidate_2,candidate_1,0,candidate_4,4,0.1475
829,candidate_2,candidate_1,candidate_3,candidate_4,4,0.1475
830,candidate_2,candidate_1,candidate_3,candidate_4,4,0.1475
831,candidate_2,candidate_1,candidate_3,candidate_4,4,0.1475
832,candidate_2,candidate_1,candidate_3,candidate_4,4,0.1475
833,candidate_2,candidate_1,candidate_3,candidate_4,4,0.1475
834,0,candidate_1,candidate_3,candidate_4,4,0.1475
835,candidate_2,candidate_1,candidate_3,candidate_4,4,0.1475
836,candidate_2,candidate_1,candidate_3,candidate_4,4,0.1475
837,candidate_2,candidate_1,candidate_3,candidate_4,4,0.1475
838,0,candidate_1,candidate_3,candidate_4,4,0.1475
839,candidate_2,candidate_1,candidate_3,candidate_4,4,0.1475
840,candidate_2,candidate_1,candidate_3,candidate_4,4,0.1475
841,candidate_2,candidate_1,0,candidate_4,4,0.1475
842,candidate_2,candidate_1,candidate_3,candidate_4,4,0.1475
843,candidate_2,candidate_1,candidate_3,0,4,0.1475
844,0,candidate_1,candidate_3,0,4,0.1475
845,0,candidate_1,candidate_3,candidate_4,4,0.1475
846,0,candidate_1,candidate_3,candidate_4,4,0.1475
847,candidate_2,candidate_1,candidate_3,candidate_4,4,0.1475
848,candidate_2,candidate_1,candidate_3,candidate_4,4,0.1475
849,candidate_2,0,candidate_3,candidate_4,4,0.1475
850,candidate_2,candidate_1,0,candidate_4,4,0.1475
851,candidate_2,candidate_1,candidate_3,candidate_4,4,0.1475
852,candidate_2,candidate_1,candidate_3,0,4,0.1475
853,candidate_2,candidate_1,candidate_3,candidate_4,4,0.1475
854,candidate_2,0,candidate_3,candidate_4,4,0.1475
855,candidate_2,candidate_1,0,candidate_4,4,0.1475
856,candidate_2,0,candidate_3,0,4,0.1475
857,candidate_2,candidate_1,candidate_3,0,4,0.1475
858,candidate_2,candidate_1,candidate_3,candidate_4,4,0.1475
859,candidate_2,candidate_1,candidate_3,candidate_4,4,0.1475
860,candidate_2,candidate_1,candidate_3,candidate_4,4,0.1475
861,candidate_2,candidate_1,candidate_3,candidate_4,4,0.1475
862,candidate_2,candidate_1,0,candidate_4,4,0.1475
863,candidate_2,candidate_1,candidate_3,candidate_4,4,0.1475
864,candidate_2,candidate_1,candidate_3,candidate_4,4,0.1475
865,0,candidate_1,candidate_3,0,4,0.1475
866,candidate_2,candidate_1,0,candidate_4,4,0.1475
867,candidate_2,candidate_1,candidate_3,candidate_4,4,0.1475
868,candidate_2,candidate_1,candidate_3,candidate_4,4,0.1475
869,candidate_2,candidate_1,candidate_3,candidate_4,4,0.1475
870,candidate_2,candidate_1,candidate_3,0,4,0.1475
871,candidate_2,candidate_1,candidate_3,0,4,0.1475
872,candidate_2,0,candidate_3,candidate_4,4,0.1475
873,candidate_2,candidate_1,candidate_3,0,4,0.1475
874,candidate_2,candidate_1,candidate_3,candidate_4,4,0.1475
875,candidate_2,candidate_1,candidate_3,0,4,0.1475
876,candidate_2,candidate_1,candidate_3,0,4,0.1475
877,candidate_2,candidate_1,candidate_3,candidate_4,4,0.1475
878,0,candidate_1,candidate_3,candidate_4,4,0.1475
879,candidate_2,candidate_1,candidate_3,candidate_4,4,0.1475
880,candidate_2,candidate_1,0,candidate_4,4,0.1475
881,candidate_2,candidate_1,candidate_3,candidate_4,4,0.1475
882,candidate_2,candidate_1,candidate_3,0,4,0.1475
883,candidate_2,candidate_1,candidate_3,candidate_4,4,0.1475
884,candidate_2,candidate_1,candidate_3,candidate_4,4,0.1475
885,candidate_2,0,candidate_3,candidate_4,4,0.1475
886,candidate_2,candidate_1,candidate_3,candidate_4,4,0.1475
887,candidate_2,candidate_1,candidate_3,candidate_4,4,0.1475
888,candidate_2,candidate_1,0,candidate_4,4,0.1475
889,candidate_2,candidate_1,candidate_3,candidate_4,4,0.1475
890,candidate_2,candidate_1,0,candidate_4,4,0.1475
891,candidate_2,candidate_1,candidate_3,candidate_4,4,0.1475
892,candidate_2,candidate_1,candidate_3,candidate_4,4,0.1475
893,candidate_2,candidate_1,candidate_3,candidate_4,4,0.1475
894,candidate_2,candidate_1,candidate_3,0,4,0.1475
895,candidate_2,candidate_1,candidate_3,0,4,0.1475
896,candidate_2,candidate_1,candidate_3,candidate_4,4,0.1475
897,candidate_2,0,candidate_3,candidate_4,4,0.1475
898,candidate_2,candidate_1,candidate_3,candidate_4,4,0.1475
899,0,0,candidate_3,candidate_4,4,0.1475
900,candidate_2,candidate_1,candidate_3,candidate_4,4,0.1475
901,candidate_2,candidate_1,candidate_3,candidate_4,4,0.1475
902,candidate_2,candidate_1,candidate_3,0,4,0.1475
903,candidate_2,candidate_1,candidate_3,0,4,0.1475
904,candidate_2,candidate_1,candidate_3,candidate_4,4,0.1475
905,candidate_2,candidate_1,0,candidate_4,4,0.1475
906,candidate_2,candidate_1,candidate_3,candidate_4,4,0.1475
907,0,candidate_1,candidate_3,candidate_4,4,0.1475
908,candidate_2,candidate_1,candidate_3,candidate_4,4,0.1475
909,candidate_2,candidate_1,candidate_3,candidate_4,4,0.1475
910,candidate_2,0,candidate_3,candidate_4,4,0.1475
911,candidate_2,candidate_1,candidate_3,candidate_4,4,0.1475
912,candidate_2,candidate_1,candidate_3,candidate_4,4,0.1475
913,0,candidate_1,candidate_3,candidate_4,4,0.1475
914,candidate_2,candidate_1,0,candidate_4,4,0.1475
915,candidate_2,candidate_1,candidate_3,candidate_4,4,0.1475
916,candidate_2,0,candidate_3,candidate_4,4,0.1475
917,0,0,candidate_3,0,4,0.1475
918,candidate_2,candidate_1,candidate_3,candidate_4,4,0.1475
919,0,candidate_1,candidate_3,candidate_4,4,0.1475
920,candidate_2,candidate_1,candidate_3,candidate_4,4,0.1475
921,candidate_2,candidate_1,0,candidate_4,4,0.1475
922,candidate_2,0,candidate_3,candidate_4,4,0.1475
923,candidate_2,candidate_1,candidate_3,candidate_4,4,0.1475
924,candidate_2,0,candidate_3,candidate_4,4,0.1475
925,candidate_2,candidate_1,candidate_3,candidate_4,4,0.1475
926,candidate_2,candidate_1,candidate_3,candidate_4,4,0.1475
927,candidate_2,candidate_1,candidate_3,candidate_4,4,0.1475
928,candidate_2,candidate_1,candidate_3,candidate_4,4,0.1475
929,candidate_2,candidate_1,candidate_3,0,4,0.1475
930,0,candidate_1,0,candidate_4,4,0.1475
931,candidate_2,candidate_1,candidate_3,candidate_4,4,0.1475
932,candidate_2,candidate_1,0,candidate_4,4,0.1475
933,candidate_2,0,candidate_3,candidate_4,4,0.1475
934,0,candidate_1,candidate_3,candidate_4,4,0.1475
935,candidate_2,candidate_1,candidate_3,candidate_4,4,0.1475
936,0,candidate_1,candidate_3,candidate_4,4,0.1475
937,candidate_2,candidate_1,candidate_3,candidate_4,4,0.1475
938,candidate_2,0,candidate_3,candidate_4,4,0.1475
939,candidate_2,candidate_1,0,candidate_4,4,0.1475
940,candidate_2,candidate_1,candidate_3,candidate_4,4,0.1475
941,candidate_2,candidate_1,0,candidate_4,4,0.1475
942,candidate_2,candidate_1,candidate_3,candidate_4,4,0.1475
943,candidate_2,candidate_1,0,candidate_4,4,0.1475
944,candidate_2,0,candidate_3,candidate_4,4,0.1475
945,candidate_2,candidate_1,candidate_3,candidate_4,4,0.1475
946,candidate_2,candidate_1,candidate_3,candidate_4,4,0.1475
947,candidate_2,0,candidate_3,candidate_4,4,0.1475
948,candidate_2,candidate_1,candidate_3,0,4,0.1475
949,0,candidate_1,candidate_3,0,4,0.1475
950,candidate_2,candidate_1,0,candidate_4,4,0.1475
951,candidate_2,candidate_1,candidate_3,0,4,0.1475
952,candidate_2,candidate_1,candidate_3,candidate_4,4,0.1475
953,candidate_2,candidate_1,candidate_3,candidate_4,4,0.1475
954,candidate_2,candidate_1,candidate_3,candidate_4,4,0.1475
955,0,candidate_1,candidate_3,candidate_4,4,0.1475
956,candidate_2,candidate_1,candidate_3,candidate_4,4,0.1475
957,candidate_2,candidate_1,0,candidate_4,4,0.1475
958,0,candidate_1,candidate_3,0,4,0.1475
959,candidate_2,0,candidate_3,candidate_4,4,0.1475
960,candidate_2,candidate_1,0,candidate_4,4,0.1475
961,candidate_2,candidate_1,candidate_3,0,4,0.1475
962,candidate_2,0,candidate_3,candidate_4,4,0.1475
963,candidate_2,candidate_1,candidate_3,candidate_4,4,0.1475
964,0,candidate_1,candidate_3,candidate_4,4,0.1475
965,0,candidate_1,candidate_3,candidate_4,4,0.1475
966,0,candidate_1,candidate_3,candidate_4,4,0.1475
967,candidate_2,candidate_1,candidate_3,candidate_4,4,0.1475
968,candidate_2,candidate_1,0,candidate_4,4,0.1475
969,candidate_2,candidate_1,candidate_3,candidate_4,4,0.1475
970,candidate_2,candidate_1,0,0,4,0.1475
971,candidate_2,candidate_1,candidate_3,candidate_4,4,0.1475
972,candidate_2,0,candidate_3,candidate_4,4,0.1475
973,candidate_2,candidate_1,candidate_3,0,4,0.1475
974,0,candidate_1,0,candidate_4,4,0.1475
975,candidate_2,candidate_1,candidate_3,candidate_4,4,0.1475
976,candidate_2,candidate_1,candidate_3,candidate_4,4,0.1475
977,candidate_2,candidate_1,candidate_3,0,4,0.1475
978,candidate_2,candidate_1,candidate_3,candidate_4,4,0.1475
979,candidate_2,candidate_1,candidate_3,candidate_4,4,0.1475
980,candidate_2,candidate_1,candidate_3,candidate_4,4,0.1475
981,candidate_2,0,0,candidate_4,4,0.1475
982,candidate_2,candidate_1,candidate_3,0,4,0.1475
983,candidate_2,candidate_1,candidate_3,candidate_4,4,0.1475
984,candidate_2,0,candidate_3,candidate_4,4,0.1475
985,0,candidate_1,candidate_3,candidate_4,4,0.1475
986,candidate_2,candidate_1,candidate_3,candidate_4,4,0.1475
987,0,candidate_1,0,candidate_4,4,0.1475
988,candidate_2,candidate_1,candidate_3,candidate_4,4,0.1475
989,candidate_2,candidate_1,candidate_3,candidate_4,4,0.1475
990,candidate_2,0,candidate_3,0,4,0.1475
991,candidate_2,candidate_1,candidate_3,candidate_4,4,0.1475
992,candidate_2,candidate_1,candidate_3,candidate_4,4,0.1475
993,candidate_2,candidate_1,0,0,4,0.1475
994,candidate_2,candidate_1,candidate_3,candidate_4,4,0.1475
995,0,candidate_1,candidate_3,candidate_4,4,0.1475
996,candidate_2,candidate_1,candidate_3,candidate_4,4,0.1475
997,candidate_2,candidate_1,0,candidate_4,4,0.1475
998,candidate_2,0,0,candidate_4,4,0.1475
999,candidate_2,candidate_1,candidate_3,candidate_4,4,0.1475
1000,candidate_2,candidate_1,0,candidate_4,4,0.1475
1001,candidate_2,candidate_1,candidate_3,candidate_4,4,0.1475
1002,candidate_2,candidate_1,candidate_3,candidate_4,4,0.1475
1003,candidate_2,candidate_1,candidate_3,candidate_4,4,0.1475
1004,candidate_2,candidate_1,0,candidate_4,4,0.1475
1005,candidate_2,candidate_1,candidate_3,0,4,0.1475
1006,candidate_2,candidate_1,0,candidate_4,4,0.1475
1007,candidate_2,candidate_1,candidate_3,candidate_4,4,0.1475
1008,candidate_2,0,candidate_3,candidate_4,4,0.1475
1009,candidate_2,candidate_1,candidate_3,0,4,0.1475
1010,0,candidate_1,candidate_3,candidate_4,4,0.1475
1011,candidate_2,candidate_1,candidate_3,candidate_4,4,0.1475
1012,candidate_2,0,candidate_3,candidate_4,4,0.1475
1013,candidate_2,candidate_1,candidate_3,0,4,0.1475
1014,candidate_2,candidate_1,candidate_3,candidate_4,4,0.1475
1015,candidate_2,candidate_1,0,candidate_4,4,0.1475
1016,candidate_2,candidate_1,candidate_3,candidate_4,4,0.1475
1017,candidate_2,candidate_1,candidate_3,0,4,0.1475
1018,candidate_2,0,candidate_3,candidate_4,4,0.1475
1019,candidate_2,0,candidate_3,candidate_4,4,0.1475
1020,candidate_2,candidate_1,0,candidate_4,4,0.1475
1021,candidate_2,candidate_1,candidate_3,candidate_4,4,0.1475
1022,0,candidate_1,candidate_3,candidate_4,4,0.1475
1023,0,candidate_1,candidate_3,candidate_4,4,0.1475
1024,0,candidate_1,candidate_3,candidate_4,4,0.1475
1025,0,candidate_1,0,candidate_4,4,0.1475
1026,0,candidate_1,candidate_3,candidate_4,4,0.1475
1027,0,candidate_1,candidate_3,0,4,0.1475
1028,candidate_2,candidate_1,0,candidate_4,4,0.1475
1029,candidate_2,candidate_1,candidate_3,candidate_4,4,0.1475
1030,candidate_2,candidate_1,0,candidate_4,4,0.1475
1031,candidate_2,candidate_1,candidate_3,candidate_4,4,0.1475
1032,candidate_2,candidate_1,candidate_3,candidate_4,4,0.1475
1033,candidate_2,0,candidate_3,candidate_4,4,0.1475
1034,0,candidate_1,candidate_3,0,4,0.1475
1035,candidate_2,candidate_1,candidate_3,0,4,0.1475
1036,candidate_2,candidate_1,candidate_3,candidate_4,4,0.1475
1037,0,0,candidate_3,candidate_4,4,0.1475
1038,candidate_2,candidate_1,candidate_3,candidate_4,4,0.1475
1039,candidate_2,candidate_1,candidate_3,0,4,0.1475
1040,0,candidate_1,candidate_3,candidate_4,4,0.1475
1041,candidate_2,candidate_1,candidate_3,candidate_4,4,0.1475
1042,candidate_2,candidate_1,candidate_3,candidate_4,4,0.1475
1043,candidate_2,candidate_1,candidate_3,candidate_4,4,0.1475
1044,candidate_2,candidate_1,candidate_3,candidate_4,4,0.1475
1045,0,candidate_1,candidate_3,candidate_4,4,0.1475
1046,0,candidate_1,candidate_3,candidate_4,4,0.1475
1047,0,0,candidate_3,candidate_4,4,0.1475
1048,candidate_2,candidate_1,candidate_3,candidate_4,4,0.1475
1049,candidate_2,candidate_1,candidate_3,candidate_4,4,0.1475
1050,candidate_2,candidate_1,candidate_3,candidate_4,4,0.1475
1051,candidate_2,candidate_1,candidate_3,candidate_4,4,0.1475
1052,candidate_2,candidate_1,candidate_3,candidate_4,4,0.1475
1053,candidate_2,candidate_1,candidate_3,candidate_4,4,0.1475
1054,0,candidate_1,candidate_3,candidate_4,4,0.1475
1055,candidate_2,candidate_1,candidate_3,candidate_4,4,0.1475
1056,candidate_2,candidate_1,candidate_3,candidate_4,4,0.1475
1057,0,0,0,candidate_4,4,0.1475
1058,candidate_2,candidate_1,candidate_3,0,4,0.1475
1059,candidate_2,candidate_1,candidate_3,candidate_4,4,0.1475
1060,candidate_2,candidate_1,candidate_3,candidate_4,4,0.1475
1061,candidate_2,candidate_1,candidate_3,0,4,0.1475
1062,candidate_2,0,0,candidate_4,4,0.1475
1063,0,0,candidate_3,candidate_4,4,0.1475
1064,candidate_2,candidate_1,0,candidate_4,4,0.1475
1065,candidate_2,candidate_1,candidate_3,candidate_4,4,0.1475
1066,candidate_2,candidate_1,candidate_3,candidate_4,4,0.1475
1067,candidate_2,candidate_1,candidate_3,candidate_4,4,0.1475
1068,candidate_2,candidate_1,candidate_3,candidate_4,4,0.1475
1069,candidate_2,0,candidate_3,candidate_4,4,0.1475
1070,candidate_2,0,candidate_3,candidate_4,4,0.1475
1071,candidate_2,candidate_1,candidate_3,candidate_4,4,0.1475
1072,candidate_2,0,0,candidate_4,4,0.1475
1073,candidate_2,candidate_1,candidate_3,candidate_4,4,0.1475
1074,candidate_2,candidate_1,candidate_3,candidate_4,4,0.1475
1075,0,0,0,candidate_4,4,0.1475
1076,0,candidate_1,candidate_3,candidate_4,4,0.1475
1077,0,candidate_1,candidate_3,candidate_4,4,0.1475
1078,0,candidate_1,candidate_3,0,4,0.1475
1079,candidate_2,candidate_1,0,0,4,0.1475
1080,0,0,candidate_3,candidate_4,4,0.1475
1081,candidate_2,0,candidate_3,0,4,0.1475
1082,candidate_2,candidate_1,0,candidate_4,4,0.1475
1083,candidate_2,candidate_1,candidate_3,0,4,0.1475
1084,candidate_2,candidate_1,candidate_3,candidate_4,4,0.1475
1085,candidate_2,candidate_1,candidate_3,candidate_4,4,0.1475
1086,candidate_2,candidate_1,0,candidate_4,4,0.1475
1087,candidate_2,candidate_1,candidate_3,0,4,0.1475
1088,candidate_2,candidate_1,candidate_3,candidate_4,4,0.1475
1089,candidate_2,candidate_1,candidate_3,0,4,0.1475
1090,candidate_2,candidate_1,candidate_3,0,4,0.1475
1091,candidate_2,candidate_1,candidate_3,candidate_4,4,0.1475
1092,candidate_2,candidate_1,candidate_3,candidate_4,4,0.1475
1093,candidate_2,candidate_1,candidate_3,candidate_4,4,0.1475
1094,candidate_2,0,candidate_3,candidate_4,4,0.1475
1095,candidate_2,candidate_1,candidate_3,candidate_4,4,0.1475
1096,0,candidate_1,candidate_3,candidate_4,4,0.1475
1097,0,candidate_1,candidate_3,candidate_4,4,0.1475
1098,candidate_2,0,candidate_3,candidate_4,4,0.1475
1099,candidate_2,0,candidate_3,candidate_4,4,0.1475
1100,candidate_2,candidate_1,candidate_3,candidate_4,4,0.1475
1101,candidate_2,candidate_1,candidate_3,0,4,0.1475
1102,0,0,candidate_3,candidate_4,4,0.1475
1103,0,candidate_1,candidate_3,candidate_4,4,0.1475
1104,candidate_2,candidate_1,candidate_3,candidate_4,4,0.1475
1105,0,candidate_1,candidate_3,candidate_4,4,0.1475
1106,0,candidate_1,candidate_3,candidate_4,4,0.1475
1107,0,candidate_1,candidate_3,candidate_4,4,0.1475
1108,candidate_2,candidate_1,candidate_3,candidate_4,4,0.1475
1109,candidate_2,candidate_1,candidate_3,candidate_4,4,0.1475
1110,0,0,candidate_3,candidate_4,4,0.1475
1111,candidate_2,0,candidate_3,candidate_4,4,0.1475
1112,candidate_2,candidate_1,candidate_3,0,4,0.1475
1113,candidate_2,candidate_1,candidate_3,candidate_4,4,0.1475
1114,candidate_2,0,candidate_3,0,4,0.1475
1115,candidate_2,candidate_1,candidate_3,candidate_4,4,0.1475
1116,candidate_2,candidate_1,candidate_3,0,4,0.1475
1117,candidate_2,candidate_1,0,candidate_4,4,0.1475
1118,candidate_2,candidate_1,0,0,4,0.1475
1119,candidate_2,candidate_1,candidate_3,candidate_4,4,0.1475
1120,candidate_2,candidate_1,candidate_3,0,4,0.1475
1121,candidate_2,candidate_1,candidate_3,0,4,0.1475
1122,candidate_2,candidate_1,candidate_3,candidate_4,4,0.1475
1123,candidate_2,candidate_1,candidate_3,candidate_4,4,0.1475
1124,0,candidate_1,candidate_3,candidate_4,4,0.1475
1125,candidate_2,0,candidate_3,candidate_4,4,0.1475
1126,candidate_2,0,candidate_3,candidate_4,4,0.1475
1127,candidate_2,candidate_1,candidate_3,candidate_4,4,0.1475
1128,candidate_2,candidate_1,candidate_3,candidate_4,4,0.1475
1129,candidate_2,candidate_1,candidate_3,0,4,0.1475
1130,candidate_2,candidate_1,candidate_3,candidate_4,4,0.1475
1131,candidate_2,candidate_1,candidate_3,candidate_4,4,0.1475
1132,candidate_2,candidate_1,candidate_3,candidate_4,4,0.1475
1133,candidate_2,candidate_1,candidate_3,candidate_4,4,0.1475
1134,0,candidate_1,candidate_3,candidate_4,4,0.1475
1135,candidate_2,0,candidate_3,candidate_4,4,0.1475
1136,candidate_2,candidate_1,candidate_3,candidate_4,4,0.1475
1137,candidate_2,candidate_1,candidate_3,candidate_4,4,0.1475
1138,candidate_2,candidate_1,candidate_3,candidate_4,4,0.1475
1139,candidate_2,candidate_1,0,candidate_4,4,0.1475
1140,0,candidate_1,candidate_3,candidate_4,4,0.1475
1141,candidate_2,candidate_1,candidate_3,0,4,0.1475
1142,candidate_2,candidate_1,candidate_3,candidate_4,4,0.1475
1143,candidate_2,candidate_1,candidate_3,candidate_4,4,0.1475
1144,candidate_2,candidate_1,candidate_3,candidate_4,4,0.1475
1145,0,candidate_1,candidate_3,candidate_4,4,0.1475
1146,candidate_2,candidate_1,0,candidate_4,4,0.1475
1147,candidate_2,candidate_1,0,candidate_4,4,0.1475
1148,candidate_2,candidate_1,candidate_3,candidate_4,4,0.1475
1149,0,candidate_1,candidate_3,candidate_4,4,0.1475
1150,candidate_2,candidate_1,candidate_3,candidate_4,4,0.1475
1151,candidate_2,candidate_1,candidate_3,candidate_4,4,0.1475
1152,candidate_2,candidate_1,candidate_3,candidate_4,4,0.1475
1153,candidate_2,candidate_1,candidate_3,0,4,0.1475
1154,candidate_2,candidate_1,0,candidate_4,4,0.1475
1155,candidate_2,candidate_1,candidate_3,candidate_4,4,0.1475
1156,candidate_2,0,candidate_3,candidate_4,4,0.1475
1157,0,candidate_1,candidate_3,candidate_4,4,0.1475
1158,candidate_2,candidate_1,candidate_3,candidate_4,4,0.1475
1159,candidate_2,candidate_1,candidate_3,candidate_4,4,0.1475
1160,candidate_2,0,candidate_3,candidate_4,4,0.1475
1161,candidate_2,candidate_1,candidate_3,candidate_4,4,0.1475
1162,candidate_2,candidate_1,candidate_3,0,4,0.1475
1163,candidate_2,candidate_1,candidate_3,candidate_4,4,0.1475
1164,candidate_2,candidate_1,candidate_3,candidate_4,4,0.1475
1165,0,candidate_1,candidate_3,candidate_4,4,0.1475
1166,candidate_2,candidate_1,candidate_3,0,4,0.1475
1167,0,candidate_1,candidate_3,candidate_4,4,0.1475
1168,0,candidate_1,candidate_3,candidate_4,4,0.1475
1169,candidate_2,candidate_1,0,candidate_4,4,0.1475
1170,candidate_2,candidate_1,candidate_3,0,4,0.1475
1171,candidate_2,candidate_1,candidate_3,candidate_4,4,0.1475
1172,candidate_2,candidate_1,candidate_3,candidate_4,4,0.1475
1173,candidate_2,0,0,candidate_4,4,0.1475
1174,candidate_2,candidate_1,candidate_3,candidate_4,4,0.1475
1175,0,candidate_1,0,candidate_4,4,0.1475
1176,candidate_2,candidate_1,candidate_3,candidate_4,4,0.1475
1177,candidate_2,candidate_1,candidate_3,candidate_4,4,0.1475
1178,candidate_2,candidate_1,candidate_3,candidate_4,4,0.1475
1179,candidate_2,candidate_1,candidate_3,candidate_4,4,0.1475
1180,candidate_2,candidate_1,candidate_3,candidate_4,4,0.1475
1181,candidate_2,0,candidate_3,candidate_4,4,0.1475
1182,candidate_2,candidate_1,candidate_3,candidate_4,4,0.1475
1183,candidate_2,candidate_1,candidate_3,0,4,0.1475
1184,candidate_2,0,candidate_3,candidate_4,4,0.1475
1185,candidate_2,candidate_1,candidate_3,candidate_4,4,0.1475
1186,0,candidate_1,candidate_3,candidate_4,4,0.1475
1187,candidate_2,0,candidate_3,0,4,0.1475
1188,candidate_2,candidate_1,candidate_3,candidate_4,4,0.1475
1189,0,candidate_1,candidate_3,candidate_4,4,0.1475
1190,candidate_2,candidate_1,candidate_3,candidate_4,4,0.1475
1191,candidate_2,candidate_1,candidate_3,candidate_4,4,0.1475
1192,candidate_2,candidate_1,candidate_3,candidate_4,4,0.1475
1193,0,candidate_1,candidate_3,0,4,0.1475
1194,candidate_2,candidate_1,candidate_3,candidate_4,4,0.1475
1195,candidate_2,candidate_1,candidate_3,candidate_4,4,0.1475
1196,candidate_2,candidate_1,candidate_3,candidate_4,4,0.1475
1197,candidate_2,candidate_1,candidate_3,candidate_4,4,0.1475
1198,candidate_2,candidate_1,candidate_3,0,4,0.1475
1199,candidate_2,candidate_1,0,candidate_4,4,0.1475
1200,candidate_2,candidate_1,candidate_3,candidate_4,4,0.1475
1201,candidate_2,candidate_1,candidate_3,candidate_4,4,0.1475
1202,0,candidate_1,candidate_3,candidate_4,4,0.1475
1203,candidate_2,candidate_1,candidate_3,candidate_4,4,0.1475
1204,candidate_2,candidate_1,candidate_3,0,4,0.1475
1205,candidate_2,candidate_1,candidate_3,candidate_4,4,0.1475
1206,candidate_2,candidate_1,0,candidate_4,4,0.1475
1207,candidate_2,0,candidate_3,candidate_4,4,0.1475
1208,candidate_2,candidate_1,0,0,4,0.1475
1209,candidate_2,candidate_1,candidate_3,candidate_4,4,0.1475
1210,0,candidate_1,0,candidate_4,4,0.1475
1211,candidate_2,candidate_1,candidate_3,candidate_4,4,0.1475
1212,candidate_2,candidate_1,candidate_3,candidate_4,4,0.1475
1213,candidate_2,0,candidate_3,candidate_4,4,0.1475
1214,0,candidate_1,candidate_3,0,4,0.1475
1215,0,candidate_1,candidate_3,candidate_4,4,0.1475
1216,candidate_2,candidate_1,candidate_3,candidate_4,4,0.1475
1217,candidate_2,candidate_1,candidate_3,candidate_4,4,0.1475
1218,candidate_2,candidate_1,candidate_3,candidate_4,4,0.1475
1219,0,candidate_1,candidate_3,candidate_4,4,0.1475
1220,candidate_2,candidate_1,candidate_3,candidate_4,4,0.1475
1221,0,candidate_1,candidate_3,candidate_4,4,0.1475
1222,candidate_2,candidate_1,candidate_3,candidate_4,4,0.1475
1223,candidate_2,candidate_1,0,candidate_4,4,0.1475
1224,candidate_2,candidate_1,candidate_3,candidate_4,4,0.1475
1225,candidate_2,candidate_1,candidate_3,candidate_4,4,0.1475
1226,candidate_2,candidate_1,candidate_3,candidate_4,4,0.1475
1227,candidate_2,candidate_1,candidate_3,candidate_4,4,0.1475
1228,candidate_2,0,candidate_3,candidate_4,4,0.1475
1229,candidate_2,candidate_1,candidate_3,candidate_4,4,0.1475
1230,candidate_2,candidate_1,0,candidate_4,4,0.1475
1231,candidate_2,candidate_1,candidate_3,candidate_4,4,0.1475
1232,candidate_2,0,0,0,4,0.1475
1233,candidate_2,candidate_1,candidate_3,candidate_4,4,0.1475
1234,candidate_2,0,candidate_3,candidate_4,4,0.1475
1235,candidate_2,0,candidate_3,candidate_4,4,0.1475
1236,candidate_2,candidate_1,candidate_3,candidate_4,4,0.1475
1237,candidate_2,candidate_1,candidate_3,candidate_4,4,0.1475
1238,candidate_2,candidate_1,candidate_3,candidate_4,4,0.1475
1239,candidate_2,candidate_1,candidate_3,candidate_4,4,0.1475
1240,candidate_2,candidate_1,candidate_3,candidate_4,4,0.1475
1241,candidate_2,candidate_1,0,candidate_4,4,0.1475
1242,0,candidate_1,candidate_3,candidate_4,4,0.1475
1243,candidate_2,candidate_1,candidate_3,candidate_4,4,0.1475
1244,candidate_2,candidate_1,candidate_3,candidate_4,4,0.1475
1245,candidate_2,candidate_1,candidate_3,candidate_4,4,0.1475
1246,0,candidate_1,candidate_3,candidate_4,4,0.1475
1247,candidate_2,candidate_1,0,candidate_4,4,0.1475
1248,candidate_2,candidate_1,0,0,4,0.1475
1249,candidate_2,candidate_1,candidate_3,candidate_4,4,0.1475
1250,candidate_2,candidate_1,candidate_3,candidate_4,4,0.1475
1251,candidate_2,candidate_1,candidate_3,candidate_4,4,0.1475
1252,candidate_2,0,candidate_3,candidate_4,4,0.1475
1253,candidate_2,candidate_1,candidate_3,candidate_4,4,0.1475
1254,candidate_2,candidate_1,candidate_3,candidate_4,4,0.1475
1255,candidate_2,candidate_1,0,candidate_4,4,0.1475
1256,0,candidate_1,0,candidate_4,4,0.1475
1257,candidate_2,candidate_1,candidate_3,candidate_4,4,0.1475
1258,candidate_2,0,candidate_3,candidate_4,4,0.1475
1259,candidate_2,candidate_1,candidate_3,candidate_4,4,0.1475
1260,candidate_2,0,candidate_3,candidate_4,4,0.1475
1261,candidate_2,candidate_1,candidate_3,candidate_4,4,0.1475
1262,0,candidate_1,candidate_3,candidate_4,4,0.1475
1263,candidate_2,candidate_1,candidate_3,candidate_4,4,0.1475
1264,0,candidate_1,candidate_3,candidate_4,4,0.1475
1265,candidate_2,0,candidate_3,candidate_4,4,0.1475
1266,candidate_2,candidate_1,candidate_3,0,4,0.1475
1267,candidate_2,candidate_1,candidate_3,candidate_4,4,0.1475
1268,candidate_2,candidate_1,candidate_3,candidate_4,4,0.1475
1269,candidate_2,0,candidate_3,candidate_4,4,0.1475
1270,candidate_2,candidate_1,0,candidate_4,4,0.1475
1271,0,0,candidate_3,candidate_4,4,0.1475
1272,candidate_2,candidate_1,candidate_3,candidate_4,4,0.1475
1273,candidate_2,0,candidate_3,candidate_4,4,0.1475
1274,candidate_2,candidate_1,candidate_3,0,4,0.1475
1275,0,candidate_1,candidate_3,0,4,0.1475
1276,0,candidate_1,candidate_3,0,4,0.1475
1277,candidate_2,candidate_1,candidate_3,candidate_4,4,0.1475
1278,candidate_2,candidate_1,candidate_3,candidate_4,4,0.1475
1279,candidate_2,0,candidate_3,candidate_4,4,0.1475
1280,candidate_2,candidate_1,candidate_3,candidate_4,4,0.1475
1281,0,0,candidate_3,0,4,0.1475
1282,candidate_2,candidate_1,candidate_3,candidate_4,4,0.1475
1283,candidate_2,candidate_1,0,candidate_4,4,0.1475
1284,candidate_2,candidate_1,candidate_3,candidate_4,4,0.1475
1285,candidate_2,candidate_1,candidate_3,candidate_4,4,0.1475
1286,candidate_2,candidate_1,candidate_3,candidate_4,4,0.1475
1287,candidate_2,candidate_1,candidate_3,candidate_4,4,0.1475
1288,candidate_2,candidate_1,candidate_3,candidate_4,4,0.1475
1289,0,candidate_1,candidate_3,0,4,0.1475
1290,candidate_2,candidate_1,candidate_3,candidate_4,4,0.1475
1291,candidate_2,candidate_1,candidate_3,candidate_4,4,0.1475
1292,candidate_2,candidate_1,candidate_3,candidate_4,4,0.1475
1293,candidate_2,candidate_1,candidate_3,candidate_4,4,0.1475
1294,0,candidate_1,candidate_3,0,4,0.1475
1295,candidate_2,candidate_1,candidate_3,candidate_4,4,0.1475
1296,candidate_2,candidate_1,candidate_3,candidate_4,4,0.1475
1297,candidate_2,0,candidate_3,candidate_4,4,0.1475
1298,candidate_2,candidate_1,0,candidate_4,4,0.1475
1299,0,candidate_1,candidate_3,candidate_4,4,0.1475
1300,candidate_2,candidate_1,candidate_3,candidate_4,4,0.1475
1301,candidate_2,candidate_1,0,candidate_4,4,0.1475
1302,candidate_2,candidate_1,candidate_3,candidate_4,4,0.1475
1303,candidate_2,candidate_1,candidate_3,0,4,0.1475
1304,candidate_2,candidate_1,0,candidate_4,4,0.1475
1305,candidate_2,candidate_1,candidate_3,0,4,0.1475
1306,candidate_2,candidate_1,candidate_3,candidate_4,4,0.1475
1307,candidate_2,candidate_1,candidate_3,candidate_4,4,0.1475
1308,candidate_2,candidate_1,candidate_3,candidate_4,4,0.1475
1309,candidate_2,candidate_1,candidate_3,candidate_4,4,0.1475
1310,candidate_2,candidate_1,candidate_3,candidate_4,4,0.1475
1311,0,candidate_1,candidate_3,candidate_4,4,0.1475
1312,candidate_2,candidate_1,candidate_3,candidate_4,4,0.1475
1313,candidate_2,candidate_1,candidate_3,candidate_4,4,0.1475
1314,candidate_2,candidate_1,candidate_3,candidate_4,4,0.1475
1315,candidate_2,candidate_1,0,0,4,0.1475
1316,0,candidate_1,candidate_3,candidate_4,4,0.1475
1317,candidate_2,candidate_1,candidate_3,candidate_4,4,0.1475
1318,candidate_2,candidate_1,candidate_3,candidate_4,4,0.1475
1319,candidate_2,candidate_1,candidate_3,candidate_4,4,0.1475
1320,candidate_2,0,candidate_3,candidate_4,4,0.1475
1321,candidate_2,candidate_1,0,candidate_4,4,0.1475
1322,candidate_2,candidate_1,candidate_3,candidate_4,4,0.1475
1323,candidate_2,candidate_1,candidate_3,candidate_4,4,0.1475
1324,0,candidate_1,candidate_3,candidate_4,4,0.1475
1325,candidate_2,candidate_1,candidate_3,candidate_4,4,0.1475
1326,0,candidate_1,candidate_3,candidate_4,4,0.1475
1327,candidate_2,candidate_1,candidate_3,candidate_4,4,0.1475
1328,candidate_2,candidate_1,candidate_3,0,4,0.1475
1329,candidate_2,candidate_1,candidate_3,candidate_4,4,0.1475
1330,candidate_2,0,candidate_3,0,4,0.1475
1331,0,candidate_1,candidate_3,candidate_4,4,0.1475
1332,candidate_2,0,candidate_3,candidate_4,4,0.1475
1333,candidate_2,candidate_1,candidate_3,candidate_4,4,0.1475
1334,candidate_2,candidate_1,candidate_3,candidate_4,4,0.1475
1335,candidate_2,candidate_1,candidate_3,candidate_4,4,0.1475
1336,candidate_2,candidate_1,candidate_3,candidate_4,4,0.1475
1337,candidate_2,0,candidate_3,0,4,0.1475
1338,candidate_2,candidate_1,candidate_3,candidate_4,4,0.1475
1339,candidate_2,candidate_1,candidate_3,candidate_4,4,0.1475
1340,candidate_2,candidate_1,candidate_3,candidate_4,4,0.1475
1341,candidate_2,candidate_1,candidate_3,candidate_4,4,0.1475
1342,candidate_2,candidate_1,0,candidate_4,4,0.1475
1343,candidate_2,0,0,candidate_4,4,0.1475
1344,0,candidate_1,candidate_3,0,4,0.1475
1345,candidate_2,candidate_1,candidate_3,candidate_4,4,0.1475
1346,candidate_2,0,candidate_3,candidate_4,4,0.1475
1347,candidate_2,candidate_1,candidate_3,candidate_4,4,0.1475
1348,0,candidate_1,0,candidate_4,4,0.1475
1349,candidate_2,candidate_1,candidate_3,candidate_4,4,0.1475
1350,candidate_2,candidate_1,candidate_3,0,4,0.1475
1351,candidate_2,candidate_1,candidate_3,candidate_4,4,0.1475
1352,0,candidate_1,candidate_3,candidate_4,4,0.1475
1353,0,candidate_1,candidate_3,candidate_4,4,0.1475
1354,candidate_2,candidate_1,candidate_3,candidate_4,4,0.1475
1355,candidate_2,candidate_1,0,candidate_4,4,0.1475
1356,candidate_2,candidate_1,candidate_3,candidate_4,4,0.1475
1357,candidate_2,candidate_1,candidate_3,candidate_4,4,0.1475
1358,candidate_2,candidate_1,candidate_3,candidate_4,4,0.1475
1359,0,candidate_1,candidate_3,candidate_4,4,0.1475
1360,candidate_2,candidate_1,candidate_3,candidate_4,4,0.1475
1361,candidate_2,candidate_1,candidate_3,candidate_4,4,0.1475
1362,candidate_2,candidate_1,candidate_3,candidate_4,4,0.1475
1363,0,candidate_1,candidate_3,candidate_4,4,0.1475
1364,candidate_2,candidate_1,candidate_3,candidate_4,4,0.1475
1365,candidate_2,0,0,candidate_4,4,0.1475
1366,candidate_2,candidate_1,candidate_3,candidate_4,4,0.1475
1367,candidate_2,candidate_1,candidate_3,candidate_4,4,0.1475
1368,candidate_2,candidate_1,candidate_3,0,4,0.1475
1369,candidate_2,candidate_1,candidate_3,candidate_4,4,0.1475
1370,candidate_2,candidate_1,candidate_3,candidate_4,4,0.1475
1371,0,candidate_1,0,candidate_4,4,0.1475
1372,candidate_2,candidate_1,candidate_3,candidate_4,4,0.1475
1373,0,0,candidate_3,candidate_4,4,0.1475
1374,candidate_2,candidate_1,candidate_3,candidate_4,4,0.1475
1375,candidate_2,candidate_1,candidate_3,candidate_4,4,0.1475
1376,candidate_2,candidate_1,candidate_3,candidate_4,4,0.1475
1377,candidate_2,candidate_1,0,candidate_4,4,0.1475
1378,0,candidate_1,0,candidate_4,4,0.1475
1379,0,candidate_1,candidate_3,candidate_4,4,0.1475
1380,candidate_2,0,candidate_3,candidate_4,4,0.1475
1381,candidate_2,candidate_1,candidate_3,candidate_4,4,0.1475
1382,candidate_2,candidate_1,candidate_3,candidate_4,4,0.1475
1383,candidate_2,candidate_1,candidate_3,0,4,0.1475
1384,candidate_2,0,candidate_3,candidate_4,4,0.1475
0,candidate_2,candidate_1,0,candidate_3,4,0.1475
1,candidate_2,candidate_1,candidate_4,0,4,0.1475
2,candidate_2,0,candidate_4,candidate_3,4,0.1475
3,candidate_2,candidate_1,candidate_4,0,4,0.1475
4,0,candidate_1,candidate_4,0,4,0.1475
5,candidate_2,candidate_1,candidate_4,candidate_3,4,0.1475
6,candidate_2,candidate_1,candidate_4,candidate_3,4,0.1475
7,candidate_2,candidate_1,candidate_4,candidate_3,4,0.1475
8,candidate_2,candidate_1,candidate_4,candidate_3,4,0.1475
9,candidate_2,0,candidate_4,candidate_3,4,0.1475
10,0,candidate_1,0,0,4,0.1475
11,candidate_2,candidate_1,candidate_4,candidate_3,4,0.1475
12,candidate_2,candidate_1,candidate_4,candidate_3,4,0.1475
13,candidate_2,0,candidate_4,candidate_3,4,0.1475
14,candidate_2,candidate_1,0,candidate_3,4,0.1475
15,candidate_2,candidate_1,candidate_4,0,4,0.1475
16,candidate_2,candidate_1,0,candidate_3,4,0.1475
17,candidate_2,candidate_1,candidate_4,candidate_3,4,0.1475
18,candidate_2,candidate_1,candidate_4,candidate_3,4,0.1475
19,candidate_2,candidate_1,0,candidate_3,4,0.1475
20,0,candidate_1,candidate_4,0,4,0.1475
21,candidate_2,candidate_1,candidate_4,candidate_3,4,0.1475
22,candidate_2,0,candidate_4,candidate_3,4,0.1475
23,candidate_2,candidate_1,candidate_4,candidate_3,4,0.1475
24,candidate_2,candidate_1,candidate_4,candidate_3,4,0.1475
25,candidate_2,candidate_1,candidate_4,candidate_3,4,0.1475
26,candidate_2,candidate_1,0,candidate_3,4,0.1475
27,candidate_2,candidate_1,candidate_4,candidate_3,4,0.1475
28,candidate_2,candidate_1,candidate_4,candidate_3,4,0.1475
29,candidate_2,candidate_1,candidate_4,0,4,0.1475
30,candidate_2,candidate_1,candidate_4,candidate_3,4,0.1475
31,candidate_2,candidate_1,candidate_4,candidate_3,4,0.1475
32,0,candidate_1,candidate_4,0,4,0.1475
33,candidate_2,candidate_1,0,0,4,0.1475
34,candidate_2,candidate_1,candidate_4,candidate_3,4,0.1475
35,candidate_2,candidate_1,candidate_4,candidate_3,4,0.1475
36,0,candidate_1,candidate_4,candidate_3,4,0.1475
37,candidate_2,candidate_1,candidate_4,candidate_3,4,0.1475
38,candidate_2,candidate_1,candidate_4,0,4,0.1475
39,candidate_2,0,candidate_4,candidate_3,4,0.1475
40,candidate_2,candidate_1,candidate_4,candidate_3,4,0.1475
41,candidate_2,candidate_1,candidate_4,candidate_3,4,0.1475
42,candidate_2,candidate_1,candidate_4,candidate_3,4,0.1475
43,candidate_2,candidate_1,candidate_4,candidate_3,4,0.1475
44,candidate_2,candidate_1,candidate_4,candidate_3,4,0.1475
45,candidate_2,candidate_1,candidate_4,candidate_3,4,0.1475
46,candidate_2,candidate_1,candidate_4,candidate_3,4,0.1475
47,candidate_2,candidate_1,candidate_4,candidate_3,4,0.1475
48,candidate_2,candidate_1,candidate_4,candidate_3,4,0.1475
49,0,0,candidate_4,candidate_3,4,0.1475
50,candidate_2,candidate_1,candidate_4,candidate_3,4,0.1475
51,candidate_2,candidate_1,candidate_4,candidate_3,4,0.1475
52,candidate_2,candidate_1,candidate_4,candidate_3,4,0.1475
53,0,candidate_1,candidate_4,candidate_3,4,0.1475
54,candidate_2,0,candidate_4,candidate_3,4,0.1475
55,candidate_2,0,0,candidate_3,4,0.1475
56,candidate_2,candidate_1,candidate_4,candidate_3,4,0.1475
57,candidate_2,0,candidate_4,candidate_3,4,0.1475
58,candidate_2,candidate_1,candidate_4,candidate_3,4,0.1475
59,candidate_2,candidate_1,candidate_4,candidate_3,4,0.1475
60,candidate_2,candidate_1,candidate_4,candidate_3,4,0.1475
61,candidate_2,candidate_1,candidate_4,0,4,0.1475
62,candidate_2,candidate_1,0,candidate_3,4,0.1475
63,candidate_2,candidate_1,candidate_4,candidate_3,4,0.1475
64,candidate_2,candidate_1,candidate_4,candidate_3,4,0.1475
65,candidate_2,candidate_1,candidate_4,candidate_3,4,0.1475
66,candidate_2,candidate_1,candidate_4,candidate_3,4,0.1475
67,candidate_2,candidate_1,candidate_4,candidate_3,4,0.1475
68,candidate_2,candidate_1,candidate_4,candidate_3,4,0.1475
69,candidate_2,0,candidate_4,candidate_3,4,0.1475
70,candidate_2,candidate_1,candidate_4,candidate_3,4,0.1475
71,candidate_2,0,candidate_4,candidate_3,4,0.1475
72,candidate_2,0,0,candidate_3,4,0.1475
73,candidate_2,candidate_1,0,candidate_3,4,0.1475
74,0,candidate_1,candidate_4,candidate_3,4,0.1475
75,candidate_2,0,candidate_4,candidate_3,4,0.1475
76,0,0,candidate_4,candidate_3,4,0.1475
77,candidate_2,candidate_1,candidate_4,candidate_3,4,0.1475
78,candidate_2,candidate_1,candidate_4,0,4,0.1475
79,candidate_2,candidate_1,0,candidate_3,4,0.1475
80,0,candidate_1,candidate_4,candidate_3,4,0.1475
81,0,candidate_1,candidate_4,candidate_3,4,0.1475
82,0,candidate_1,candidate_4,0,4,0.1475
83,candidate_2,candidate_1,candidate_4,candidate_3,4,0.1475
84,candidate_2,candidate_1,candidate_4,candidate_3,4,0.1475
85,candidate_2,candidate_1,candidate_4,candidate_3,4,0.1475
86,candidate_2,candidate_1,candidate_4,candidate_3,4,0.1475
87,candidate_2,candidate_1,candidate_4,candidate_3,4,0.1475
88,candidate_2,candidate_1,candidate_4,0,4,0.1475
89,candidate_2,candidate_1,candidate_4,candidate_3,4,0.1475
90,candidate_2,candidate_1,candidate_4,0,4,0.1475
91,candidate_2,candidate_1,candidate_4,candidate_3,4,0.1475
92,candidate_2,0,candidate_4,candidate_3,4,0.1475
93,candidate_2,candidate_1,candidate_4,candidate_3,4,0.1475
94,candidate_2,candidate_1,candidate_4,0,4,0.1475
95,candidate_2,candidate_1,candidate_4,candidate_3,4,0.1475
96,candidate_2,candidate_1,candidate_4,candidate_3,4,0.1475
97,candidate_2,0,candidate_4,candidate_3,4,0.1475
98,candidate_2,candidate_1,candidate_4,candidate_3,4,0.1475
99,0,candidate_1,candidate_4,candidate_3,4,0.1475
100,0,candidate_1,candidate_4,candidate_3,4,0.1475
101,candidate_2,candidate_1,0,candidate_3,4,0.1475
102,0,candidate_1,candidate_4,candidate_3,4,0.1475
103,0,candidate_1,candidate_4,candidate_3,4,0.1475
104,candidate_2,candidate_1,candidate_4,candidate_3,4,0.1475
105,candidate_2,candidate_1,candidate_4,0,4,0.1475
106,candidate_2,candidate_1,candidate_4,candidate_3,4,0.1475
107,candidate_2,candidate_1,candidate_4,0,4,0.1475
108,candidate_2,0,0,candidate_3,4,0.1475
109,candidate_2,candidate_1,candidate_4,candidate_3,4,0.1475
110,candidate_2,candidate_1,candidate_4,candidate_3,4,0.1475
111,candidate_2,0,candidate_4,candidate_3,4,0.1475
112,0,candidate_1,candidate_4,0,4,0.1475
113,candidate_2,candidate_1,candidate_4,candidate_3,4,0.1475
114,candidate_2,0,candidate_4,candidate_3,4,0.1475
115,candidate_2,candidate_1,candidate_4,candidate_3,4,0.1475
116,candidate_2,candidate_1,0,0,4,0.1475
117,0,candidate_1,candidate_4,candidate_3,4,0.1475
118,candidate_2,candidate_1,candidate_4,candidate_3,4,0.1475
119,candidate_2,candidate_1,candidate_4,candidate_3,4,0.1475
120,candidate_2,candidate_1,candidate_4,candidate_3,4,0.1475
121,0,candidate_1,candidate_4,candidate_3,4,0.1475
122,candidate_2,candidate_1,candidate_4,candidate_3,4,0.1475
123,candidate_2,candidate_1,candidate_4,candidate_3,4,0.1475
124,candidate_2,candidate_1,candidate_4,candidate_3,4,0.1475
125,candidate_2,0,candidate_4,candidate_3,4,0.1475
126,candidate_2,candidate_1,0,candidate_3,4,0.1475
127,candidate_2,candidate_1,candidate_4,candidate_3,4,0.1475
128,candidate_2,candidate_1,candidate_4,candidate_3,4,0.1475
129,candidate_2,0,0,candidate_3,4,0.1475
130,candidate_2,0,candidate_4,0,4,0.1475
131,candidate_2,0,candidate_4,candidate_3,4,0.1475
132,candidate_2,candidate_1,candidate_4,candidate_3,4,0.1475
133,candidate_2,candidate_1,candidate_4,candidate_3,4,0.1475
134,candidate_2,candidate_1,candidate_4,candidate_3,4,0.1475
135,candidate_2,candidate_1,candidate_4,candidate_3,4,0.1475
136,candidate_2,candidate_1,candidate_4,candidate_3,4,0.1475
137,candidate_2,candidate_1,candidate_4,candidate_3,4,0.1475
138,0,candidate_1,candidate_4,candidate_3,4,0.1475
139,candidate_2,candidate_1,candidate_4,candidate_3,4,0.1475
140,candidate_2,0,candidate_4,candidate_3,4,0.1475
141,candidate_2,candidate_1,candidate_4,0,4,0.1475
142,0,candidate_1,candidate_4,candidate_3,4,0.1475
143,candidate_2,candidate_1,candidate_4,candidate_3,4,0.1475
144,candidate_2,candidate_1,candidate_4,candidate_3,4,0.1475
145,candidate_2,candidate_1,candidate_4,candidate_3,4,0.1475
146,candidate_2,candidate_1,candidate_4,candidate_3,4,0.1475
147,candidate_2,candidate_1,candidate_4,candidate_3,4,0.1475
148,candidate_2,candidate_1,candidate_4,0,4,0.1475
149,candidate_2,candidate_1,candidate_4,0,4,0.1475
150,candidate_2,candidate_1,candidate_4,0,4,0.1475
151,candidate_2,candidate_1,candidate_4,candidate_3,4,0.1475
152,candidate_2,candidate_1,0,candidate_3,4,0.1475
153,candidate_2,candidate_1,0,0,4,0.1475
154,candidate_2,candidate_1,candidate_4,candidate_3,4,0.1475
155,0,candidate_1,candidate_4,0,4,0.1475
156,candidate_2,candidate_1,candidate_4,candidate_3,4,0.1475
157,candidate_2,candidate_1,candidate_4,candidate_3,4,0.1475
158,0,candidate_1,candidate_4,candidate_3,4,0.1475
159,0,candidate_1,candidate_4,candidate_3,4,0.1475
160,candidate_2,candidate_1,candidate_4,candidate_3,4,0.1475
161,0,candidate_1,candidate_4,0,4,0.1475
162,candidate_2,candidate_1,candidate_4,candidate_3,4,0.1475
163,candidate_2,0,candidate_4,candidate_3,4,0.1475
164,candidate_2,0,candidate_4,candidate_3,4,0.1475
165,candidate_2,candidate_1,candidate_4,candidate_3,4,0.1475
166,candidate_2,candidate_1,candidate_4,0,4,0.1475
167,candidate_2,candidate_1,candidate_4,candidate_3,4,0.1475
168,candidate_2,candidate_1,candidate_4,candidate_3,4,0.1475
169,0,0,candidate_4,candidate_3,4,0.1475
170,candidate_2,0,candidate_4,candidate_3,4,0.1475
171,candidate_2,candidate_1,candidate_4,candidate_3,4,0.1475
172,candidate_2,candidate_1,0,candidate_3,4,0.1475
173,candidate_2,candidate_1,candidate_4,candidate_3,4,0.1475
174,candidate_2,candidate_1,candidate_4,0,4,0.1475
175,candidate_2,candidate_1,candidate_4,candidate_3,4,0.1475
176,candidate_2,candidate_1,candidate_4,candidate_3,4,0.1475
177,candidate_2,candidate_1,candidate_4,candidate_3,4,0.1475
178,candidate_2,candidate_1,candidate_4,candidate_3,4,0.1475
179,candidate_2,candidate_1,candidate_4,candidate_3,4,0.1475
180,candidate_2,candidate_1,candidate_4,0,4,0.1475
181,candidate_2,0,candidate_4,candidate_3,4,0.1475
182,candidate_2,candidate_1,0,candidate_3,4,0.1475
183,candidate_2,candidate_1,0,candidate_3,4,0.1475
184,candidate_2,candidate_1,candidate_4,candidate_3,4,0.1475
185,candidate_2,candidate_1,candidate_4,candidate_3,4,0.1475
186,candidate_2,candidate_1,candidate_4,candidate_3,4,0.1475
187,candidate_2,0,candidate_4,0,4,0.1475
188,0,0,candidate_4,candidate_3,4,0.1475
189,candidate_2,candidate_1,candidate_4,candidate_3,4,0.1475
190,candidate_2,0,candidate_4,0,4,0.1475
191,candidate_2,candidate_1,candidate_4,candidate_3,4,0.1475
192,0,candidate_1,candidate_4,0,4,0.1475
193,candidate_2,candidate_1,candidate_4,candidate_3,4,0.1475
194,candidate_2,candidate_1,0,candidate_3,4,0.1475
195,candidate_2,0,candidate_4,candidate_3,4,0.1475
196,candidate_2,candidate_1,candidate_4,candidate_3,4,0.1475
197,candidate_2,0,candidate_4,0,4,0.1475
198,candidate_2,candidate_1,candidate_4,candidate_3,4,0.1475
199,candidate_2,candidate_1,candidate_4,candidate_3,4,0.1475
200,candidate_2,candidate_1,candidate_4,candidate_3,4,0.1475
201,candidate_2,candidate_1,candidate_4,candidate_3,4,0.1475
202,candidate_2,0,0,candidate_3,4,0.1475
203,candidate_2,0,candidate_4,candidate_3,4,0.1475
204,candidate_2,candidate_1,0,candidate_3,4,0.1475
205,0,candidate_1,candidate_4,0,4,0.1475
206,candidate_2,candidate_1,0,candidate_3,4,0.1475
207,candidate_2,candidate_1,candidate_4,candidate_3,4,0.1475
208,candidate_2,candidate_1,candidate_4,candidate_3,4,0.1475
209,candidate_2,candidate_1,candidate_4,candidate_3,4,0.1475
210,0,0,candidate_4,candidate_3,4,0.1475
211,0,candidate_1,candidate_4,candidate_3,4,0.1475
212,candidate_2,candidate_1,0,candidate_3,4,0.1475
213,0,candidate_1,candidate_4,candidate_3,4,0.1475
214,0,candidate_1,candidate_4,candidate_3,4,0.1475
215,candidate_2,candidate_1,candidate_4,candidate_3,4,0.1475
216,0,0,0,candidate_3,4,0.1475
217,candidate_2,candidate_1,candidate_4,candidate_3,4,0.1475
218,candidate_2,candidate_1,candidate_4,candidate_3,4,0.1475
219,candidate_2,candidate_1,candidate_4,candidate_3,4,0.1475
220,candidate_2,candidate_1,candidate_4,candidate_3,4,0.1475
221,candidate_2,0,candidate_4,candidate_3,4,0.1475
222,candidate_2,candidate_1,candidate_4,candidate_3,4,0.1475
223,candidate_2,candidate_1,0,candidate_3,4,0.1475
224,candidate_2,candidate_1,candidate_4,0,4,0.1475
225,candidate_2,0,candidate_4,candidate_3,4,0.1475
226,candidate_2,candidate_1,candidate_4,candidate_3,4,0.1475
227,candidate_2,candidate_1,candidate_4,candidate_3,4,0.1475
228,candidate_2,candidate_1,0,candidate_3,4,0.1475
229,candidate_2,candidate_1,candidate_4,candidate_3,4,0.1475
230,candidate_2,candidate_1,candidate_4,candidate_3,4,0.1475
231,candidate_2,candidate_1,0,candidate_3,4,0.1475
232,candidate_2,candidate_1,candidate_4,candidate_3,4,0.1475
233,candidate_2,0,candidate_4,candidate_3,4,0.1475
234,candidate_2,candidate_1,candidate_4,candidate_3,4,0.1475
235,candidate_2,candidate_1,candidate_4,candidate_3,4,0.1475
236,candidate_2,0,candidate_4,candidate_3,4,0.1475
237,candidate_2,candidate_1,0,0,4,0.1475
238,candidate_2,0,candidate_4,candidate_3,4,0.1475
239,candidate_2,candidate_1,candidate_4,candidate_3,4,0.1475
240,candidate_2,candidate_1,candidate_4,candidate_3,4,0.1475
241,candidate_2,candidate_1,candidate_4,candidate_3,4,0.1475
242,candidate_2,candidate_1,0,0,4,0.1475
243,candidate_2,candidate_1,candidate_4,0,4,0.1475
244,candidate_2,candidate_1,candidate_4,candidate_3,4,0.1475
245,candidate_2,candidate_1,candidate_4,candidate_3,4,0.1475
246,candidate_2,candidate_1,candidate_4,candidate_3,4,0.1475
247,candidate_2,candidate_1,candidate_4,candidate_3,4,0.1475
248,0,candidate_1,candidate_4,candidate_3,4,0.1475
249,candidate_2,candidate_1,0,candidate_3,4,0.1475
250,candidate_2,candidate_1,candidate_4,candidate_3,4,0.1475
251,candidate_2,candidate_1,candidate_4,candidate_3,4,0.1475
252,candidate_2,candidate_1,candidate_4,candidate_3,4,0.1475
253,candidate_2,candidate_1,candidate_4,candidate_3,4,0.1475
254,candidate_2,candidate_1,candidate_4,candidate_3,4,0.1475
255,candidate_2,candidate_1,candidate_4,candidate_3,4,0.1475
256,candidate_2,candidate_1,candidate_4,candidate_3,4,0.1475
257,candidate_2,0,candidate_4,candidate_3,4,0.1475
258,candidate_2,candidate_1,candidate_4,candidate_3,4,0.1475
259,candidate_2,candidate_1,candidate_4,candidate_3,4,0.1475
260,candidate_2,candidate_1,candidate_4,candidate_3,4,0.1475
261,candidate_2,candidate_1,candidate_4,candidate_3,4,0.1475
262,0,candidate_1,candidate_4,candidate_3,4,0.1475
263,candidate_2,candidate_1,candidate_4,candidate_3,4,0.1475
264,0,0,candidate_4,candidate_3,4,0.1475
265,candidate_2,candidate_1,candidate_4,candidate_3,4,0.1475
266,0,candidate_1,candidate_4,candidate_3,4,0.1475
267,candidate_2,candidate_1,candidate_4,candidate_3,4,0.1475
268,candidate_2,candidate_1,candidate_4,candidate_3,4,0.1475
269,0,candidate_1,candidate_4,0,4,0.1475
270,0,candidate_1,candidate_4,candidate_3,4,0.1475
271,candidate_2,candidate_1,candidate_4,candidate_3,4,0.1475
272,candidate_2,candidate_1,candidate_4,candidate_3,4,0.1475
273,candidate_2,candidate_1,candidate_4,candidate_3,4,0.1475
274,candidate_2,0,candidate_4,candidate_3,4,0.1475
275,candidate_2,candidate_1,candidate_4,candidate_3,4,0.1475
276,candidate_2,candidate_1,candidate_4,candidate_3,4,0.1475
277,candidate_2,candidate_1,candidate_4,candidate_3,4,0.1475
278,candidate_2,candidate_1,candidate_4,candidate_3,4,0.1475
279,candidate_2,candidate_1,candidate_4,candidate_3,4,0.1475
280,candidate_2,candidate_1,candidate_4,candidate_3,4,0.1475
281,candidate_2,candidate_1,candidate_4,candidate_3,4,0.1475
282,candidate_2,candidate_1,candidate_4,candidate_3,4,0.1475
283,candidate_2,candidate_1,candidate_4,candidate_3,4,0.1475
284,candidate_2,candidate_1,0,candidate_3,4,0.1475
285,candidate_2,candidate_1,0,candidate_3,4,0.1475
286,candidate_2,candidate_1,candidate_4,candidate_3,4,0.1475
287,candidate_2,0,candidate_4,candidate_3,4,0.1475
288,candidate_2,candidate_1,candidate_4,candidate_3,4,0.1475
289,candidate_2,candidate_1,candidate_4,candidate_3,4,0.1475
290,candidate_2,candidate_1,candidate_4,candidate_3,4,0.1475
291,0,candidate_1,candidate_4,candidate_3,4,0.1475
292,0,candidate_1,candidate_4,candidate_3,4,0.1475
293,candidate_2,candidate_1,candidate_4,candidate_3,4,0.1475
294,candidate_2,candidate_1,0,candidate_3,4,0.1475
295,candidate_2,candidate_1,candidate_4,candidate_3,4,0.1475
296,candidate_2,candidate_1,candidate_4,candidate_3,4,0.1475
297,candidate_2,candidate_1,candidate_4,candidate_3,4,0.1475
298,candidate_2,candidate_1,candidate_4,candidate_3,4,0.1475
299,candidate_2,candidate_1,candidate_4,candidate_3,4,0.1475
300,candidate_2,candidate_1,candidate_4,candidate_3,4,0.1475
301,candidate_2,candidate_1,candidate_4,candidate_3,4,0.1475
302,candidate_2,candidate_1,candidate_4,candidate_3,4,0.1475
303,0,candidate_1,candidate_4,candidate_3,4,0.1475
304,candidate_2,candidate_1,candidate_4,candidate_3,4,0.1475
305,candidate_2,candidate_1,candidate_4,candidate_3,4,0.1475
306,candidate_2,0,0,candidate_3,4,0.1475
307,candidate_2,candidate_1,candidate_4,candidate_3,4,0.1475
308,candidate_2,candidate_1,candidate_4,candidate_3,4,0.1475
309,candidate_2,candidate_1,candidate_4,candidate_3,4,0.1475
310,candidate_2,0,candidate_4,candidate_3,4,0.1475
311,candidate_2,candidate_1,candidate_4,candidate_3,4,0.1475
312,0,0,candidate_4,candidate_3,4,0.1475
313,candidate_2,candidate_1,candidate_4,candidate_3,4,0.1475
314,0,candidate_1,candidate_4,candidate_3,4,0.1475
315,candidate_2,0,candidate_4,candidate_3,4,0.1475
316,candidate_2,candidate_1,candidate_4,candidate_3,4,0.1475
317,candidate_2,candidate_1,candidate_4,candidate_3,4,0.1475
318,candidate_2,candidate_1,candidate_4,0,4,0.1475
319,candidate_2,candidate_1,candidate_4,candidate_3,4,0.1475
320,0,candidate_1,candidate_4,candidate_3,4,0.1475
321,candidate_2,candidate_1,candidate_4,candidate_3,4,0.1475
322,candidate_2,candidate_1,candidate_4,candidate_3,4,0.1475
323,candidate_2,candidate_1,candidate_4,candidate_3,4,0.1475
324,0,candidate_1,candidate_4,candidate_3,4,0.1475
325,candidate_2,candidate_1,0,0,4,0.1475
326,candidate_2,candidate_1,candidate_4,candidate_3,4,0.1475
327,candidate_2,0,0,candidate_3,4,0.1475
328,0,candidate_1,candidate_4,candidate_3,4,0.1475
329,candidate_2,candidate_1,0,candidate_3,4,0.1475
330,candidate_2,candidate_1,candidate_4,candidate_3,4,0.1475
331,candidate_2,candidate_1,candidate_4,candidate_3,4,0.1475
332,0,candidate_1,candidate_4,candidate_3,4,0.1475
333,candidate_2,candidate_1,candidate_4,candidate_3,4,0.1475
334,candidate_2,candidate_1,candidate_4,candidate_3,4,0.1475
335,candidate_2,candidate_1,candidate_4,candidate_3,4,0.1475
336,candidate_2,candidate_1,0,candidate_3,4,0.1475
337,candidate_2,candidate_1,candidate_4,0,4,0.1475
338,candidate_2,candidate_1,candidate_4,candidate_3,4,0.1475
339,candidate_2,candidate_1,candidate_4,candidate_3,4,0.1475
340,candidate_2,0,candidate_4,candidate_3,4,0.1475
341,candidate_2,candidate_1,candidate_4,candidate_3,4,0.1475
342,candidate_2,candidate_1,candidate_4,candidate_3,4,0.1475
343,candidate_2,candidate_1,candidate_4,candidate_3,4,0.1475
344,candidate_2,candidate_1,0,candidate_3,4,0.1475
345,candidate_2,candidate_1,candidate_4,0,4,0.1475
346,0,candidate_1,candidate_4,candidate_3,4,0.1475
347,0,candidate_1,candidate_4,candidate_3,4,0.1475
348,candidate_2,candidate_1,candidate_4,candidate_3,4,0.1475
349,candidate_2,candidate_1,candidate_4,candidate_3,4,0.1475
350,candidate_2,0,0,candidate_3,4,0.1475
351,candidate_2,candidate_1,candidate_4,0,4,0.1475
352,candidate_2,candidate_1,candidate_4,candidate_3,4,0.1475
353,0,0,candidate_4,0,4,0.1475
354,candidate_2,candidate_1,candidate_4,candidate_3,4,0.1475
355,0,0,candidate_4,candidate_3,4,0.1475
356,candidate_2,candidate_1,candidate_4,candidate_3,4,0.1475
357,candidate_2,candidate_1,candidate_4,candidate_3,4,0.1475
358,candidate_2,0,0,candidate_3,4,0.1475
359,candidate_2,candidate_1,candidate_4,candidate_3,4,0.1475
360,candidate_2,candidate_1,0,candidate_3,4,0.1475
361,candidate_2,candidate_1,candidate_4,candidate_3,4,0.1475
362,candidate_2,candidate_1,candidate_4,candidate_3,4,0.1475
363,0,0,candidate_4,candidate_3,4,0.1475
364,candidate_2,candidate_1,candidate_4,candidate_3,4,0.1475
365,candidate_2,candidate_1,candidate_4,candidate_3,4,0.1475
366,candidate_2,candidate_1,candidate_4,candidate_3,4,0.1475
367,candidate_2,candidate_1,candidate_4,candidate_3,4,0.1475
368,candidate_2,0,0,candidate_3,4,0.1475
369,candidate_2,0,candidate_4,candidate_3,4,0.1475
370,candidate_2,candidate_1,candidate_4,0,4,0.1475
371,candidate_2,candidate_1,candidate_4,candidate_3,4,0.1475
372,candidate_2,candidate_1,0,0,4,0.1475
373,candidate_2,candidate_1,candidate_4,candidate_3,4,0.1475
374,candidate_2,candidate_1,candidate_4,candidate_3,4,0.1475
375,candidate_2,candidate_1,candidate_4,candidate_3,4,0.1475
376,candidate_2,candidate_1,candidate_4,0,4,0.1475
377,candidate_2,candidate_1,candidate_4,0,4,0.1475
378,candidate_2,candidate_1,0,candidate_3,4,0.1475
379,0,candidate_1,candidate_4,candidate_3,4,0.1475
380,candidate_2,candidate_1,0,0,4,0.1475
381,candidate_2,candidate_1,0,candidate_3,4,0.1475
382,candidate_2,candidate_1,candidate_4,0,4,0.1475
383,candidate_2,candidate_1,candidate_4,candidate_3,4,0.1475
384,candidate_2,0,candidate_4,candidate_3,4,0.1475
385,candidate_2,candidate_1,0,candidate_3,4,0.1475
386,candidate_2,candidate_1,candidate_4,candidate_3,4,0.1475
387,candidate_2,candidate_1,candidate_4,candidate_3,4,0.1475
388,candidate_2,candidate_1,0,candidate_3,4,0.1475
389,candidate_2,candidate_1,candidate_4,candidate_3,4,0.1475
390,candidate_2,candidate_1,candidate_4,candidate_3,4,0.1475
391,candidate_2,candidate_1,candidate_4,candidate_3,4,0.1475
392,candidate_2,0,candidate_4,candidate_3,4,0.1475
393,0,candidate_1,candidate_4,candidate_3,4,0.1475
394,candidate_2,candidate_1,candidate_4,candidate_3,4,0.1475
395,candidate_2,candidate_1,0,candidate_3,4,0.1475
396,candidate_2,candidate_1,candidate_4,candidate_3,4,0.1475
397,candidate_2,candidate_1,candidate_4,0,4,0.1475
398,candidate_2,candidate_1,0,candidate_3,4,0.1475
399,0,candidate_1,candidate_4,candidate_3,4,0.1475
400,0,candidate_1,candidate_4,candidate_3,4,0.1475
401,candidate_2,candidate_1,candidate_4,candidate_3,4,0.1475
402,candidate_2,candidate_1,candidate_4,candidate_3,4,0.1475
403,candidate_2,candidate_1,candidate_4,candidate_3,4,0.1475
404,candidate_2,candidate_1,candidate_4,candidate_3,4,0.1475
405,candidate_2,candidate_1,candidate_4,candidate_3,4,0.1475
406,candidate_2,candidate_1,candidate_4,candidate_3,4,0.1475
407,0,candidate_1,candidate_4,candidate_3,4,0.1475
408,candidate_2,candidate_1,candidate_4,0,4,0.1475
409,candidate_2,candidate_1,candidate_4,candidate_3,4,0.1475
410,candidate_2,candidate_1,0,candidate_3,4,0.1475
411,candidate_2,0,candidate_4,candidate_3,4,0.1475
412,candidate_2,candidate_1,candidate_4,0,4,0.1475
413,candidate_2,0,candidate_4,candidate_3,4,0.1475
414,candidate_2,0,candidate_4,candidate_3,4,0.1475
415,candidate_2,0,0,0,4,0.1475
416,candidate_2,candidate_1,candidate_4,candidate_3,4,0.1475
417,candidate_2,candidate_1,candidate_4,candidate_3,4,0.1475
418,candidate_2,candidate_1,candidate_4,candidate_3,4,0.1475
419,candidate_2,candidate_1,0,candidate_3,4,0.1475
420,candidate_2,candidate_1,candidate_4,candidate_3,4,0.1475
421,candidate_2,candidate_1,0,candidate_3,4,0.1475
422,0,candidate_1,candidate_4,candidate_3,4,0.1475
423,candidate_2,0,0,candidate_3,4,0.1475
424,candidate_2,candidate_1,0,candidate_3,4,0.1475
425,candidate_2,candidate_1,candidate_4,candidate_3,4,0.1475
426,candidate_2,candidate_1,candidate_4,candidate_3,4,0.1475
427,0,candidate_1,candidate_4,candidate_3,4,0.1475
428,0,candidate_1,candidate_4,candidate_3,4,0.1475
429,candidate_2,candidate_1,candidate_4,candidate_3,4,0.1475
430,candidate_2,candidate_1,candidate_4,candidate_3,4,0.1475
431,candidate_2,candidate_1,candidate_4,candidate_3,4,0.1475
432,candidate_2,candidate_1,candidate_4,candidate_3,4,0.1475
433,candidate_2,candidate_1,0,candidate_3,4,0.1475
434,0,candidate_1,candidate_4,candidate_3,4,0.1475
435,candidate_2,candidate_1,0,candidate_3,4,0.1475
436,candidate_2,candidate_1,candidate_4,candidate_3,4,0.1475
437,candidate_2,candidate_1,candidate_4,candidate_3,4,0.1475
438,candidate_2,candidate_1,candidate_4,candidate_3,4,0.1475
439,candidate_2,0,candidate_4,candidate_3,4,0.1475
440,0,candidate_1,candidate_4,candidate_3,4,0.1475
441,candidate_2,candidate_1,candidate_4,candidate_3,4,0.1475
442,candidate_2,candidate_1,candidate_4,candidate_3,4,0.1475
443,candidate_2,0,0,candidate_3,4,0.1475
444,candidate_2,candidate_1,candidate_4,0,4,0.1475
445,candidate_2,candidate_1,0,candidate_3,4,0.1475
446,candidate_2,candidate_1,candidate_4,0,4,0.1475
447,candidate_2,candidate_1,candidate_4,candidate_3,4,0.1475
448,candidate_2,candidate_1,candidate_4,candidate_3,4,0.1475
449,0,candidate_1,candidate_4,candidate_3,4,0.1475
450,candidate_2,candidate_1,candidate_4,candidate_3,4,0.1475
451,candidate_2,candidate_1,candidate_4,candidate_3,4,0.1475
452,candidate_2,candidate_1,candidate_4,candidate_3,4,0.1475
453,candidate_2,candidate_1,candidate_4,candidate_3,4,0.1475
454,candidate_2,candidate_1,candidate_4,candidate_3,4,0.1475
455,0,0,0,candidate_3,4,0.1475
456,candidate_2,candidate_1,candidate_4,candidate_3,4,0.1475
457,candidate_2,candidate_1,candidate_4,candidate_3,4,0.1475
458,candidate_2,0,candidate_4,candidate_3,4,0.1475
459,candidate_2,candidate_1,0,candidate_3,4,0.1475
460,candidate_2,0,0,candidate_3,4,0.1475
461,candidate_2,0,candidate_4,candidate_3,4,0.1475
462,candidate_2,candidate_1,candidate_4,candidate_3,4,0.1475
463,candidate_2,candidate_1,candidate_4,candidate_3,4,0.1475
464,0,candidate_1,candidate_4,candidate_3,4,0.1475
465,candidate_2,candidate_1,candidate_4,candidate_3,4,0.1475
466,0,candidate_1,candidate_4,candidate_3,4,0.1475
467,candidate_2,candidate_1,candidate_4,candidate_3,4,0.1475
468,candidate_2,candidate_1,candidate_4,candidate_3,4,0.1475
469,candidate_2,candidate_1,candidate_4,candidate_3,4,0.1475
470,candidate_2,candidate_1,candidate_4,candidate_3,4,0.1475
471,candidate_2,candidate_1,candidate_4,candidate_3,4,0.1475
472,candidate_2,candidate_1,0,candidate_3,4,0.1475
473,candidate_2,0,candidate_4,0,4,0.1475
474,candidate_2,candidate_1,0,candidate_3,4,0.1475
475,candidate_2,candidate_1,candidate_4,candidate_3,4,0.1475
476,candidate_2,candidate_1,0,candidate_3,4,0.1475
477,candidate_2,candidate_1,candidate_4,candidate_3,4,0.1475
478,candidate_2,candidate_1,candidate_4,candidate_3,4,0.1475
479,candidate_2,candidate_1,candidate_4,0,4,0.1475
480,candidate_2,candidate_1,candidate_4,candidate_3,4,0.1475
481,candidate_2,candidate_1,candidate_4,candidate_3,4,0.1475
482,candidate_2,candidate_1,candidate_4,candidate_3,4,0.1475
483,candidate_2,candidate_1,candidate_4,0,4,0.1475
484,candidate_2,candidate_1,candidate_4,candidate_3,4,0.1475
485,0,candidate_1,candidate_4,candidate_3,4,0.1475
486,candidate_2,candidate_1,candidate_4,candidate_3,4,0.1475
487,candidate_2,candidate_1,candidate_4,candidate_3,4,0.1475
488,candidate_2,candidate_1,candidate_4,0,4,0.1475
489,candidate_2,candidate_1,candidate_4,candidate_3,4,0.1475
490,candidate_2,candidate_1,candidate_4,candidate_3,4,0.1475
491,0,candidate_1,candidate_4,candidate_3,4,0.1475
492,candidate_2,candidate_1,candidate_4,candidate_3,4,0.1475
493,candidate_2,candidate_1,candidate_4,candidate_3,4,0.1475
494,candidate_2,candidate_1,candidate_4,candidate_3,4,0.1475
495,candidate_2,candidate_1,0,candidate_3,4,0.1475
496,candidate_2,candidate_1,0,0,4,0.1475
497,0,candidate_1,candidate_4,candidate_3,4,0.1475
498,0,candidate_1,0,candidate_3,4,0.1475
499,candidate_2,candidate_1,0,candidate_3,4,0.1475
500,candidate_2,0,candidate_4,candidate_3,4,0.1475
501,0,0,candidate_4,candidate_3,4,0.1475
502,candidate_2,candidate_1,candidate_4,candidate_3,4,0.1475
503,candidate_2,candidate_1,candidate_4,candidate_3,4,0.1475
504,candidate_2,candidate_1,candidate_4,candidate_3,4,0.1475
505,candidate_2,candidate_1,0,candidate_3,4,0.1475
506,candidate_2,candidate_1,candidate_4,candidate_3,4,0.1475
507,candidate_2,candidate_1,candidate_4,0,4,0.1475
508,candidate_2,candidate_1,candidate_4,candidate_3,4,0.1475
509,candidate_2,candidate_1,candidate_4,candidate_3,4,0.1475
510,candidate_2,0,candidate_4,candidate_3,4,0.1475
511,candidate_2,candidate_1,candidate_4,candidate_3,4,0.1475
512,candidate_2,candidate_1,candidate_4,candidate_3,4,0.1475
513,candidate_2,candidate_1,0,candidate_3,4,0.1475
514,candidate_2,candidate_1,candidate_4,0,4,0.1475
515,0,candidate_1,candidate_4,candidate_3,4,0.1475
516,candidate_2,candidate_1,candidate_4,candidate_3,4,0.1475
517,candidate_2,candidate_1,candidate_4,candidate_3,4,0.1475
518,candidate_2,candidate_1,0,candidate_3,4,0.1475
519,candidate_2,0,candidate_4,candidate_3,4,0.1475
520,candidate_2,candidate_1,candidate_4,candidate_3,4,0.1475
521,candidate_2,candidate_1,candidate_4,candidate_3,4,0.1475
522,0,candidate_1,candidate_4,candidate_3,4,0.1475
523,candidate_2,candidate_1,candidate_4,candidate_3,4,0.1475
524,candidate_2,candidate_1,candidate_4,candidate_3,4,0.1475
525,candidate_2,candidate_1,0,candidate_3,4,0.1475
526,candidate_2,candidate_1,candidate_4,candidate_3,4,0.1475
527,candidate_2,candidate_1,candidate_4,candidate_3,4,0.1475
528,candidate_2,candidate_1,candidate_4,candidate_3,4,0.1475
529,candidate_2,candidate_1,candidate_4,candidate_3,4,0.1475
530,candidate_2,candidate_1,candidate_4,candidate_3,4,0.1475
531,candidate_2,candidate_1,candidate_4,0,4,0.1475
532,0,candidate_1,candidate_4,candidate_3,4,0.1475
533,0,0,candidate_4,candidate_3,4,0.1475
534,candidate_2,candidate_1,candidate_4,candidate_3,4,0.1475
535,candidate_2,candidate_1,candidate_4,candidate_3,4,0.1475
536,candidate_2,0,0,candidate_3,4,0.1475
537,candidate_2,0,candidate_4,0,4,0.1475
538,candidate_2,candidate_1,candidate_4,candidate_3,4,0.1475
539,candidate_2,candidate_1,candidate_4,candidate_3,4,0.1475
540,candidate_2,candidate_1,candidate_4,candidate_3,4,0.1475
541,candidate_2,candidate_1,candidate_4,candidate_3,4,0.1475
542,0,candidate_1,0,candidate_3,4,0.1475
543,candidate_2,candidate_1,candidate_4,candidate_3,4,0.1475
544,candidate_2,candidate_1,0,candidate_3,4,0.1475
545,candidate_2,candidate_1,0,candidate_3,4,0.1475
546,candidate_2,0,candidate_4,candidate_3,4,0.1475
547,candidate_2,candidate_1,candidate_4,candidate_3,4,0.1475
548,candidate_2,candidate_1,candidate_4,candidate_3,4,0.1475
549,candidate_2,candidate_1,candidate_4,candidate_3,4,0.1475
550,candidate_2,candidate_1,0,0,4,0.1475
551,candidate_2,candidate_1,candidate_4,candidate_3,4,0.1475
552,0,candidate_1,candidate_4,candidate_3,4,0.1475
553,candidate_2,candidate_1,candidate_4,candidate_3,4,0.1475
554,candidate_2,candidate_1,candidate_4,candidate_3,4,0.1475
555,0,candidate_1,candidate_4,candidate_3,4,0.1475
556,candidate_2,candidate_1,candidate_4,candidate_3,4,0.1475
557,candidate_2,candidate_1,candidate_4,candidate_3,4,0.1475
558,candidate_2,candidate_1,candidate_4,candidate_3,4,0.1475
559,candidate_2,candidate_1,candidate_4,candidate_3,4,0.1475
560,candidate_2,candidate_1,candidate_4,candidate_3,4,0.1475
561,candidate_2,candidate_1,0,candidate_3,4,0.1475
562,candidate_2,candidate_1,candidate_4,candidate_3,4,0.1475
563,candidate_2,candidate_1,candidate_4,candidate_3,4,0.1475
564,candidate_2,candidate_1,candidate_4,candidate_3,4,0.1475
565,candidate_2,candidate_1,candidate_4,candidate_3,4,0.1475
566,candidate_2,candidate_1,candidate_4,candidate_3,4,0.1475
567,candidate_2,candidate_1,candidate_4,candidate_3,4,0.1475
568,candidate_2,candidate_1,candidate_4,candidate_3,4,0.1475
569,candidate_2,0,candidate_4,candidate_3,4,0.1475
570,candidate_2,candidate_1,candidate_4,0,4,0.1475
571,candidate_2,0,candidate_4,candidate_3,4,0.1475
572,candidate_2,candidate_1,candidate_4,candidate_3,4,0.1475
573,0,candidate_1,candidate_4,candidate_3,4,0.1475
574,0,candidate_1,candidate_4,0,4,0.1475
575,candidate_2,0,candidate_4,candidate_3,4,0.1475
576,candidate_2,0,candidate_4,candidate_3,4,0.1475
577,candidate_2,candidate_1,candidate_4,candidate_3,4,0.1475
578,0,candidate_1,0,candidate_3,4,0.1475
579,candidate_2,0,candidate_4,candidate_3,4,0.1475
580,candidate_2,candidate_1,candidate_4,candidate_3,4,0.1475
581,candidate_2,candidate_1,candidate_4,candidate_3,4,0.1475
582,candidate_2,candidate_1,candidate_4,candidate_3,4,0.1475
583,candidate_2,candidate_1,0,candidate_3,4,0.1475
584,candidate_2,candidate_1,candidate_4,candidate_3,4,0.1475
585,candidate_2,candidate_1,candidate_4,0,4,0.1475
586,candidate_2,candidate_1,0,candidate_3,4,0.1475
587,0,candidate_1,0,candidate_3,4,0.1475
588,0,candidate_1,0,candidate_3,4,0.1475
589,0,candidate_1,candidate_4,0,4,0.1475
590,0,candidate_1,candidate_4,candidate_3,4,0.1475
591,candidate_2,candidate_1,candidate_4,candidate_3,4,0.1475
592,candidate_2,candidate_1,candidate_4,candidate_3,4,0.1475
593,candidate_2,candidate_1,candidate_4,candidate_3,4,0.1475
594,candidate_2,candidate_1,0,candidate_3,4,0.1475
595,candidate_2,candidate_1,candidate_4,candidate_3,4,0.1475
596,candidate_2,candidate_1,0,candidate_3,4,0.1475
597,candidate_2,candidate_1,candidate_4,0,4,0.1475
598,0,candidate_1,candidate_4,candidate_3,4,0.1475
599,candidate_2,candidate_1,0,candidate_3,4,0.1475
600,candidate_2,candidate_1,candidate_4,candidate_3,4,0.1475
601,0,0,candidate_4,candidate_3,4,0.1475
602,candidate_2,candidate_1,candidate_4,candidate_3,4,0.1475
603,0,candidate_1,0,candidate_3,4,0.1475
604,candidate_2,candidate_1,candidate_4,candidate_3,4,0.1475
605,0,candidate_1,0,candidate_3,4,0.1475
606,candidate_2,0,candidate_4,candidate_3,4,0.1475
607,candidate_2,candidate_1,candidate_4,candidate_3,4,0.1475
608,candidate_2,0,candidate_4,candidate_3,4,0.1475
609,candidate_2,candidate_1,0,0,4,0.1475
610,candidate_2,candidate_1,0,candidate_3,4,0.1475
611,0,candidate_1,candidate_4,candidate_3,4,0.1475
612,0,candidate_1,candidate_4,candidate_3,4,0.1475
613,candidate_2,candidate_1,candidate_4,candidate_3,4,0.1475
614,candidate_2,candidate_1,candidate_4,candidate_3,4,0.1475
615,0,candidate_1,candidate_4,candidate_3,4,0.1475
616,candidate_2,candidate_1,candidate_4,candidate_3,4,0.1475
617,candidate_2,0,candidate_4,candidate_3,4,0.1475
618,candidate_2,candidate_1,candidate_4,candidate_3,4,0.1475
619,candidate_2,candidate_1,candidate_4,candidate_3,4,0.1475
620,candidate_2,candidate_1,candidate_4,candidate_3,4,0.1475
621,0,0,candidate_4,candidate_3,4,0.1475
622,candidate_2,candidate_1,candidate_4,candidate_3,4,0.1475
623,candidate_2,candidate_1,candidate_4,candidate_3,4,0.1475
624,candidate_2,0,candidate_4,candidate_3,4,0.1475
625,candidate_2,candidate_1,candidate_4,candidate_3,4,0.1475
626,0,candidate_1,candidate_4,candidate_3,4,0.1475
627,candidate_2,candidate_1,candidate_4,candidate_3,4,0.1475
628,candidate_2,candidate_1,candidate_4,candidate_3,4,0.1475
629,candidate_2,candidate_1,candidate_4,candidate_3,4,0.1475
630,candidate_2,candidate_1,candidate_4,candidate_3,4,0.1475
631,candidate_2,candidate_1,candidate_4,candidate_3,4,0.1475
632,candidate_2,candidate_1,candidate_4,0,4,0.1475
633,candidate_2,candidate_1,candidate_4,0,4,0.1475
634,0,candidate_1,candidate_4,candidate_3,4,0.1475
635,candidate_2,0,candidate_4,candidate_3,4,0.1475
636,candidate_2,candidate_1,candidate_4,candidate_3,4,0.1475
637,candidate_2,candidate_1,candidate_4,candidate_3,4,0.1475
638,candidate_2,candidate_1,candidate_4,candidate_3,4,0.1475
639,candidate_2,0,candidate_4,candidate_3,4,0.1475
640,candidate_2,candidate_1,candidate_4,0,4,0.1475
641,candidate_2,candidate_1,0,0,4,0.1475
642,candidate_2,candidate_1,candidate_4,candidate_3,4,0.1475
643,0,candidate_1,candidate_4,candidate_3,4,0.1475
644,0,candidate_1,candidate_4,candidate_3,4,0.1475
645,candidate_2,candidate_1,candidate_4,candidate_3,4,0.1475
646,candidate_2,candidate_1,candidate_4,candidate_3,4,0.1475
647,candidate_2,candidate_1,candidate_4,candidate_3,4,0.1475
648,0,candidate_1,candidate_4,candidate_3,4,0.1475
649,candidate_2,candidate_1,candidate_4,candidate_3,4,0.1475
650,candidate_2,candidate_1,candidate_4,candidate_3,4,0.1475
651,candidate_2,candidate_1,candidate_4,candidate_3,4,0.1475
652,candidate_2,candidate_1,0,candidate_3,4,0.1475
653,candidate_2,candidate_1,candidate_4,0,4,0.1475
654,candidate_2,candidate_1,0,candidate_3,4,0.1475
655,candidate_2,candidate_1,candidate_4,candidate_3,4,0.1475
656,candidate_2,candidate_1,candidate_4,candidate_3,4,0.1475
657,candidate_2,candidate_1,candidate_4,candidate_3,4,0.1475
658,0,candidate_1,candidate_4,candidate_3,4,0.1475
659,candidate_2,candidate_1,0,candidate_3,4,0.1475
660,0,candidate_1,candidate_4,candidate_3,4,0.1475
661,candidate_2,candidate_1,candidate_4,candidate_3,4,0.1475
662,candidate_2,candidate_1,candidate_4,candidate_3,4,0.1475
663,candidate_2,0,candidate_4,candidate_3,4,0.1475
664,candidate_2,candidate_1,candidate_4,candidate_3,4,0.1475
665,candidate_2,candidate_1,candidate_4,0,4,0.1475
666,candidate_2,candidate_1,candidate_4,candidate_3,4,0.1475
667,candidate_2,candidate_1,candidate_4,0,4,0.1475
668,candidate_2,candidate_1,candidate_4,candidate_3,4,0.1475
669,candidate_2,candidate_1,0,candidate_3,4,0.1475
670,candidate_2,0,candidate_4,candidate_3,4,0.1475
671,candidate_2,candidate_1,candidate_4,candidate_3,4,0.1475
672,candidate_2,candidate_1,0,candidate_3,4,0.1475
673,candidate_2,candidate_1,candidate_4,candidate_3,4,0.1475
674,0,candidate_1,0,candidate_3,4,0.1475
675,0,candidate_1,candidate_4,candidate_3,4,0.1475
676,candidate_2,candidate_1,candidate_4,candidate_3,4,0.1475
677,candidate_2,candidate_1,candidate_4,candidate_3,4,0.1475
678,candidate_2,candidate_1,candidate_4,candidate_3,4,0.1475
679,candidate_2,candidate_1,0,0,4,0.1475
680,candidate_2,candidate_1,candidate_4,candidate_3,4,0.1475
681,candidate_2,candidate_1,candidate_4,candidate_3,4,0.1475
682,candidate_2,candidate_1,0,candidate_3,4,0.1475
683,candidate_2,0,candidate_4,candidate_3,4,0.1475
684,candidate_2,candidate_1,candidate_4,candidate_3,4,0.1475
685,candidate_2,candidate_1,candidate_4,candidate_3,4,0.1475
686,candidate_2,0,candidate_4,candidate_3,4,0.1475
687,candidate_2,candidate_1,candidate_4,candidate_3,4,0.1475
688,candidate_2,candidate_1,candidate_4,0,4,0.1475
689,candidate_2,candidate_1,0,candidate_3,4,0.1475
690,candidate_2,candidate_1,candidate_4,candidate_3,4,0.1475
691,candidate_2,candidate_1,candidate_4,candidate_3,4,0.1475
692,candidate_2,candidate_1,candidate_4,candidate_3,4,0.1475
693,candidate_2,candidate_1,0,candidate_3,4,0.1475
694,candidate_2,candidate_1,candidate_4,0,4,0.1475
695,candidate_2,candidate_1,candidate_4,candidate_3,4,0.1475
696,candidate_2,candidate_1,candidate_4,candidate_3,4,0.1475
697,candidate_2,candidate_1,candidate_4,candidate_3,4,0.1475
698,candidate_2,candidate_1,candidate_4,candidate_3,4,0.1475
699,0,candidate_1,candidate_4,candidate_3,4,0.1475
700,0,candidate_1,candidate_4,0,4,0.1475
701,candidate_2,0,candidate_4,candidate_3,4,0.1475
702,candidate_2,candidate_1,candidate_4,candidate_3,4,0.1475
703,candidate_2,candidate_1,candidate_4,candidate_3,4,0.1475
704,candidate_2,candidate_1,candidate_4,candidate_3,4,0.1475
705,candidate_2,candidate_1,candidate_4,0,4,0.1475
706,candidate_2,candidate_1,candidate_4,candidate_3,4,0.1475
707,candidate_2,candidate_1,candidate_4,candidate_3,4,0.1475
708,candidate_2,candidate_1,candidate_4,candidate_3,4,0.1475
709,candidate_2,0,candidate_4,candidate_3,4,0.1475
710,candidate_2,0,candidate_4,candidate_3,4,0.1475
711,candidate_2,candidate_1,candidate_4,candidate_3,4,0.1475
712,candidate_2,candidate_1,candidate_4,candidate_3,4,0.1475
713,candidate_2,candidate_1,candidate_4,candidate_3,4,0.1475
714,candidate_2,candidate_1,candidate_4,candidate_3,4,0.1475
715,candidate_2,candidate_1,candidate_4,candidate_3,4,0.1475
716,candidate_2,candidate_1,candidate_4,candidate_3,4,0.1475
717,candidate_2,candidate_1,candidate_4,candidate_3,4,0.1475
718,candidate_2,0,candidate_4,candidate_3,4,0.1475
719,candidate_2,candidate_1,candidate_4,candidate_3,4,0.1475
720,candidate_2,candidate_1,0,candidate_3,4,0.1475
721,candidate_2,candidate_1,0,candidate_3,4,0.1475
722,candidate_2,0,candidate_4,candidate_3,4,0.1475
723,candidate_2,0,candidate_4,candidate_3,4,0.1475
724,candidate_2,0,candidate_4,0,4,0.1475
725,0,candidate_1,0,candidate_3,4,0.1475
726,candidate_2,candidate_1,candidate_4,candidate_3,4,0.1475
727,0,candidate_1,candidate_4,candidate_3,4,0.1475
728,0,0,candidate_4,0,4,0.1475
729,candidate_2,0,candidate_4,candidate_3,4,0.1475
730,candidate_2,candidate_1,candidate_4,candidate_3,4,0.1475
731,candidate_2,candidate_1,candidate_4,candidate_3,4,0.1475
732,candidate_2,0,0,candidate_3,4,0.1475
733,candidate_2,0,0,candidate_3,4,0.1475
734,0,candidate_1,candidate_4,candidate_3,4,0.1475
735,candidate_2,candidate_1,candidate_4,0,4,0.1475
736,candidate_2,candidate_1,candidate_4,candidate_3,4,0.1475
737,candidate_2,candidate_1,candidate_4,candidate_3,4,0.1475
738,candidate_2,candidate_1,candidate_4,candidate_3,4,0.1475
739,0,candidate_1,candidate_4,candidate_3,4,0.1475
740,candidate_2,candidate_1,candidate_4,candidate_3,4,0.1475
741,candidate_2,candidate_1,candidate_4,candidate_3,4,0.1475
742,candidate_2,candidate_1,candidate_4,candidate_3,4,0.1475
743,candidate_2,candidate_1,candidate_4,candidate_3,4,0.1475
744,candidate_2,candidate_1,0,candidate_3,4,0.1475
745,candidate_2,candidate_1,candidate_4,candidate_3,4,0.1475
746,0,candidate_1,candidate_4,candidate_3,4,0.1475
747,candidate_2,candidate_1,candidate_4,candidate_3,4,0.1475
748,candidate_2,candidate_1,candidate_4,candidate_3,4,0.1475
749,0,candidate_1,candidate_4,candidate_3,4,0.1475
750,candidate_2,candidate_1,candidate_4,candidate_3,4,0.1475
751,candidate_2,candidate_1,candidate_4,candidate_3,4,0.1475
752,candidate_2,0,candidate_4,candidate_3,4,0.1475
753,0,0,candidate_4,candidate_3,4,0.1475
754,candidate_2,candidate_1,0,candidate_3,4,0.1475
755,candidate_2,0,candidate_4,candidate_3,4,0.1475
756,candidate_2,candidate_1,candidate_4,candidate_3,4,0.1475
757,candidate_2,0,candidate_4,0,4,0.1475
758,candidate_2,candidate_1,0,candidate_3,4,0.1475
759,candidate_2,candidate_1,candidate_4,candidate_3,4,0.1475
760,candidate_2,candidate_1,candidate_4,candidate_3,4,0.1475
761,candidate_2,candidate_1,candidate_4,candidate_3,4,0.1475
762,candidate_2,candidate_1,candidate_4,candidate_3,4,0.1475
763,candidate_2,candidate_1,candidate_4,candidate_3,4,0.1475
764,0,0,candidate_4,candidate_3,4,0.1475
765,candidate_2,candidate_1,candidate_4,0,4,0.1475
766,0,candidate_1,candidate_4,0,4,0.1475
767,candidate_2,candidate_1,candidate_4,0,4,0.1475
768,candidate_2,candidate_1,candidate_4,candidate_3,4,0.1475
769,candidate_2,candidate_1,candidate_4,candidate_3,4,0.1475
770,0,candidate_1,candidate_4,candidate_3,4,0.1475
771,candidate_2,candidate_1,candidate_4,candidate_3,4,0.1475
772,candidate_2,candidate_1,0,candidate_3,4,0.1475
773,candidate_2,candidate_1,0,0,4,0.1475
774,0,candidate_1,candidate_4,0,4,0.1475
775,0,candidate_1,candidate_4,0,4,0.1475
776,candidate_2,candidate_1,0,candidate_3,4,0.1475
777,candidate_2,0,candidate_4,0,4,0.1475
778,candidate_2,candidate_1,candidate_4,candidate_3,4,0.1475
779,candidate_2,candidate_1,candidate_4,0,4,0.1475
780,candidate_2,candidate_1,candidate_4,candidate_3,4,0.1475
781,candidate_2,candidate_1,candidate_4,candidate_3,4,0.1475
782,candidate_2,candidate_1,candidate_4,candidate_3,4,0.1475
783,0,candidate_1,0,candidate_3,4,0.1475
784,candidate_2,candidate_1,candidate_4,candidate_3,4,0.1475
785,candidate_2,candidate_1,candidate_4,candidate_3,4,0.1475
786,candidate_2,candidate_1,0,candidate_3,4,0.1475
787,candidate_2,0,candidate_4,candidate_3,4,0.1475
788,candidate_2,0,candidate_4,candidate_3,4,0.1475
789,candidate_2,candidate_1,candidate_4,0,4,0.1475
790,candidate_2,candidate_1,candidate_4,candidate_3,4,0.1475
791,candidate_2,candidate_1,candidate_4,candidate_3,4,0.1475
792,candidate_2,candidate_1,0,candidate_3,4,0.1475
793,candidate_2,candidate_1,candidate_4,candidate_3,4,0.1475
794,0,candidate_1,candidate_4,0,4,0.1475
795,candidate_2,candidate_1,candidate_4,candidate_3,4,0.1475
796,candidate_2,candidate_1,candidate_4,candidate_3,4,0.1475
797,candidate_2,candidate_1,candidate_4,0,4,0.1475
798,candidate_2,candidate_1,0,candidate_3,4,0.1475
799,0,candidate_1,candidate_4,candidate_3,4,0.1475
800,candidate_2,candidate_1,candidate_4,candidate_3,4,0.1475
801,candidate_2,candidate_1,candidate_4,candidate_3,4,0.1475
802,candidate_2,0,candidate_4,candidate_3,4,0.1475
803,candidate_2,candidate_1,candidate_4,candidate_3,4,0.1475
804,candidate_2,candidate_1,candidate_4,candidate_3,4,0.1475
805,0,candidate_1,candidate_4,candidate_3,4,0.1475
806,candidate_2,candidate_1,candidate_4,candidate_3,4,0.1475
807,0,candidate_1,candidate_4,candidate_3,4,0.1475
808,candidate_2,candidate_1,candidate_4,candidate_3,4,0.1475
809,candidate_2,candidate_1,candidate_4,candidate_3,4,0.1475
810,candidate_2,candidate_1,candidate_4,candidate_3,4,0.1475
811,0,0,candidate_4,0,4,0.1475
812,candidate_2,candidate_1,candidate_4,0,4,0.1475
813,candidate_2,candidate_1,candidate_4,candidate_3,4,0.1475
814,candidate_2,candidate_1,candidate_4,candidate_3,4,0.1475
815,candidate_2,candidate_1,candidate_4,candidate_3,4,0.1475
816,candidate_2,candidate_1,candidate_4,candidate_3,4,0.1475
817,candidate_2,candidate_1,candidate_4,candidate_3,4,0.1475
818,candidate_2,candidate_1,candidate_4,0,4,0.1475
819,candidate_2,candidate_1,candidate_4,candidate_3,4,0.1475
820,candidate_2,0,candidate_4,candidate_3,4,0.1475
821,0,candidate_1,candidate_4,candidate_3,4,0.1475
822,candidate_2,candidate_1,0,candidate_3,4,0.1475
823,candidate_2,0,candidate_4,candidate_3,4,0.1475
824,candidate_2,candidate_1,candidate_4,0,4,0.1475
825,0,candidate_1,candidate_4,0,4,0.1475
826,candidate_2,candidate_1,candidate_4,candidate_3,4,0.1475
827,candidate_2,candidate_1,candidate_4,candidate_3,4,0.1475
828,candidate_2,candidate_1,candidate_4,candidate_3,4,0.1475
829,0,candidate_1,candidate_4,candidate_3,4,0.1475
830,candidate_2,candidate_1,0,candidate_3,4,0.1475
831,candidate_2,candidate_1,candidate_4,candidate_3,4,0.1475
832,0,candidate_1,candidate_4,candidate_3,4,0.1475
833,candidate_2,0,candidate_4,candidate_3,4,0.1475
834,candidate_2,candidate_1,candidate_4,candidate_3,4,0.1475
835,candidate_2,candidate_1,candidate_4,candidate_3,4,0.1475
836,candidate_2,candidate_1,candidate_4,candidate_3,4,0.1475
837,0,candidate_1,candidate_4,candidate_3,4,0.1475
838,candidate_2,candidate_1,candidate_4,0,4,0.1475
839,0,candidate_1,candidate_4,candidate_3,4,0.1475
840,0,candidate_1,candidate_4,candidate_3,4,0.1475
841,0,0,candidate_4,candidate_3,4,0.1475
842,candidate_2,candidate_1,candidate_4,0,4,0.1475
843,candidate_2,candidate_1,candidate_4,0,4,0.1475
844,candidate_2,candidate_1,candidate_4,candidate_3,4,0.1475
845,candidate_2,candidate_1,candidate_4,candidate_3,4,0.1475
846,0,candidate_1,candidate_4,0,4,0.1475
847,candidate_2,candidate_1,0,candidate_3,4,0.1475
848,candidate_2,0,candidate_4,candidate_3,4,0.1475
849,candidate_2,candidate_1,candidate_4,candidate_3,4,0.1475
850,0,candidate_1,candidate_4,0,4,0.1475
851,0,candidate_1,candidate_4,candidate_3,4,0.1475
852,0,candidate_1,0,candidate_3,4,0.1475
853,candidate_2,candidate_1,candidate_4,candidate_3,4,0.1475
854,candidate_2,candidate_1,0,candidate_3,4,0.1475
855,candidate_2,candidate_1,candidate_4,candidate_3,4,0.1475
856,candidate_2,candidate_1,candidate_4,candidate_3,4,0.1475
857,candidate_2,candidate_1,candidate_4,candidate_3,4,0.1475
858,candidate_2,candidate_1,candidate_4,candidate_3,4,0.1475
859,0,candidate_1,candidate_4,candidate_3,4,0.1475
860,candidate_2,candidate_1,candidate_4,candidate_3,4,0.1475
861,candidate_2,candidate_1,candidate_4,candidate_3,4,0.1475
862,candidate_2,candidate_1,candidate_4,candidate_3,4,0.1475
863,candidate_2,candidate_1,0,candidate_3,4,0.1475
864,candidate_2,candidate_1,candidate_4,0,4,0.1475
865,candidate_2,candidate_1,candidate_4,candidate_3,4,0.1475
866,0,candidate_1,candidate_4,candidate_3,4,0.1475
867,candidate_2,candidate_1,candidate_4,candidate_3,4,0.1475
868,candidate_2,candidate_1,candidate_4,candidate_3,4,0.1475
869,candidate_2,candidate_1,candidate_4,candidate_3,4,0.1475
870,candidate_2,candidate_1,candidate_4,candidate_3,4,0.1475
871,candidate_2,0,candidate_4,candidate_3,4,0.1475
872,candidate_2,candidate_1,candidate_4,candidate_3,4,0.1475
873,0,candidate_1,candidate_4,candidate_3,4,0.1475
874,candidate_2,candidate_1,candidate_4,candidate_3,4,0.1475
875,candidate_2,candidate_1,candidate_4,candidate_3,4,0.1475
876,candidate_2,candidate_1,0,0,4,0.1475
877,candidate_2,candidate_1,candidate_4,candidate_3,4,0.1475
878,candidate_2,candidate_1,candidate_4,candidate_3,4,0.1475
879,candidate_2,candidate_1,candidate_4,candidate_3,4,0.1475
880,candidate_2,candidate_1,candidate_4,candidate_3,4,0.1475
881,0,candidate_1,candidate_4,candidate_3,4,0.1475
882,candidate_2,candidate_1,0,0,4,0.1475
883,candidate_2,candidate_1,candidate_4,candidate_3,4,0.1475
884,candidate_2,0,0,candidate_3,4,0.1475
885,candidate_2,candidate_1,candidate_4,candidate_3,4,0.1475
886,candidate_2,candidate_1,candidate_4,candidate_3,4,0.1475
887,candidate_2,candidate_1,candidate_4,candidate_3,4,0.1475
888,candidate_2,candidate_1,candidate_4,candidate_3,4,0.1475
889,0,candidate_1,candidate_4,candidate_3,4,0.1475
890,candidate_2,candidate_1,candidate_4,candidate_3,4,0.1475
891,candidate_2,candidate_1,candidate_4,candidate_3,4,0.1475
892,candidate_2,candidate_1,candidate_4,candidate_3,4,0.1475
893,candidate_2,candidate_1,candidate_4,candidate_3,4,0.1475
894,0,candidate_1,candidate_4,candidate_3,4,0.1475
895,candidate_2,0,candidate_4,candidate_3,4,0.1475
896,candidate_2,candidate_1,candidate_4,candidate_3,4,0.1475
897,candidate_2,candidate_1,candidate_4,candidate_3,4,0.1475
898,candidate_2,candidate_1,candidate_4,candidate_3,4,0.1475
899,0,0,candidate_4,0,4,0.1475
900,candidate_2,candidate_1,candidate_4,candidate_3,4,0.1475
901,candidate_2,candidate_1,0,candidate_3,4,0.1475
902,candidate_2,candidate_1,candidate_4,candidate_3,4,0.1475
903,candidate_2,candidate_1,candidate_4,candidate_3,4,0.1475
904,candidate_2,candidate_1,candidate_4,candidate_3,4,0.1475
905,candidate_2,candidate_1,candidate_4,candidate_3,4,0.1475
906,0,candidate_1,0,candidate_3,4,0.1475
907,candidate_2,0,candidate_4,candidate_3,4,0.1475
908,candidate_2,0,candidate_4,candidate_3,4,0.1475
909,candidate_2,candidate_1,candidate_4,candidate_3,4,0.1475
910,candidate_2,candidate_1,candidate_4,candidate_3,4,0.1475
911,0,candidate_1,candidate_4,candidate_3,4,0.1475
912,candidate_2,candidate_1,candidate_4,candidate_3,4,0.1475
913,0,candidate_1,candidate_4,candidate_3,4,0.1475
914,candidate_2,candidate_1,candidate_4,candidate_3,4,0.1475
915,candidate_2,candidate_1,candidate_4,candidate_3,4,0.1475
916,candidate_2,candidate_1,candidate_4,candidate_3,4,0.1475
917,candidate_2,candidate_1,0,candidate_3,4,0.1475
918,candidate_2,candidate_1,0,candidate_3,4,0.1475
919,candidate_2,candidate_1,candidate_4,0,4,0.1475
920,candidate_2,candidate_1,0,0,4,0.1475
921,candidate_2,candidate_1,candidate_4,candidate_3,4,0.1475
922,candidate_2,candidate_1,0,candidate_3,4,0.1475
923,0,candidate_1,candidate_4,candidate_3,4,0.1475
924,candidate_2,candidate_1,candidate_4,candidate_3,4,0.1475
925,candidate_2,candidate_1,0,0,4,0.1475
926,candidate_2,0,candidate_4,0,4,0.1475
927,candidate_2,0,candidate_4,candidate_3,4,0.1475
928,candidate_2,candidate_1,candidate_4,candidate_3,4,0.1475
929,candidate_2,candidate_1,candidate_4,candidate_3,4,0.1475
930,candidate_2,candidate_1,candidate_4,0,4,0.1475
931,candidate_2,candidate_1,candidate_4,candidate_3,4,0.1475
932,candidate_2,0,candidate_4,candidate_3,4,0.1475
933,candidate_2,candidate_1,candidate_4,0,4,0.1475
934,candidate_2,candidate_1,candidate_4,candidate_3,4,0.1475
935,0,candidate_1,candidate_4,candidate_3,4,0.1475
936,candidate_2,candidate_1,candidate_4,candidate_3,4,0.1475
937,candidate_2,0,candidate_4,candidate_3,4,0.1475
938,0,candidate_1,candidate_4,candidate_3,4,0.1475
939,candidate_2,candidate_1,candidate_4,candidate_3,4,0.1475
940,candidate_2,candidate_1,candidate_4,candidate_3,4,0.1475
941,candidate_2,candidate_1,candidate_4,candidate_3,4,0.1475
942,candidate_2,candidate_1,candidate_4,candidate_3,4,0.1475
943,candidate_2,candidate_1,candidate_4,candidate_3,4,0.1475
944,candidate_2,candidate_1,0,0,4,0.1475
945,0,candidate_1,candidate_4,candidate_3,4,0.1475
946,candidate_2,candidate_1,0,candidate_3,4,0.1475
947,0,candidate_1,0,candidate_3,4,0.1475
948,candidate_2,candidate_1,candidate_4,0,4,0.1475
949,candidate_2,0,candidate_4,0,4,0.1475
950,candidate_2,0,candidate_4,candidate_3,4,0.1475
951,candidate_2,candidate_1,candidate_4,candidate_3,4,0.1475
952,candidate_2,candidate_1,candidate_4,candidate_3,4,0.1475
953,candidate_2,candidate_1,candidate_4,candidate_3,4,0.1475
954,candidate_2,0,candidate_4,candidate_3,4,0.1475
955,candidate_2,candidate_1,candidate_4,candidate_3,4,0.1475
956,candidate_2,candidate_1,0,candidate_3,4,0.1475
957,candidate_2,candidate_1,candidate_4,candidate_3,4,0.1475
958,candidate_2,candidate_1,candidate_4,candidate_3,4,0.1475
959,candidate_2,0,candidate_4,candidate_3,4,0.1475
960,0,candidate_1,candidate_4,candidate_3,4,0.1475
961,candidate_2,0,0,candidate_3,4,0.1475
962,candidate_2,candidate_1,candidate_4,0,4,0.1475
963,candidate_2,0,candidate_4,0,4,0.1475
964,candidate_2,0,candidate_4,candidate_3,4,0.1475
965,0,candidate_1,candidate_4,candidate_3,4,0.1475
966,candidate_2,candidate_1,candidate_4,candidate_3,4,0.1475
967,candidate_2,candidate_1,candidate_4,candidate_3,4,0.1475
968,candidate_2,candidate_1,candidate_4,candidate_3,4,0.1475
969,0,candidate_1,candidate_4,candidate_3,4,0.1475
970,candidate_2,candidate_1,candidate_4,candidate_3,4,0.1475
971,candidate_2,candidate_1,candidate_4,candidate_3,4,0.1475
972,candidate_2,candidate_1,0,candidate_3,4,0.1475
973,candidate_2,0,candidate_4,candidate_3,4,0.1475
974,0,candidate_1,candidate_4,candidate_3,4,0.1475
975,candidate_2,candidate_1,candidate_4,candidate_3,4,0.1475
976,candidate_2,0,candidate_4,candidate_3,4,0.1475
977,candidate_2,candidate_1,candidate_4,candidate_3,4,0.1475
978,candidate_2,candidate_1,candidate_4,candidate_3,4,0.1475
979,candidate_2,candidate_1,candidate_4,candidate_3,4,0.1475
980,candidate_2,0,candidate_4,candidate_3,4,0.1475
981,candidate_2,candidate_1,0,candidate_3,4,0.1475
982,0,0,candidate_4,candidate_3,4,0.1475
983,candidate_2,candidate_1,0,candidate_3,4,0.1475
984,candidate_2,candidate_1,candidate_4,0,4,0.1475
985,candidate_2,candidate_1,candidate_4,candidate_3,4,0.1475
986,candidate_2,candidate_1,candidate_4,candidate_3,4,0.1475
987,candidate_2,candidate_1,0,candidate_3,4,0.1475
988,candidate_2,candidate_1,candidate_4,candidate_3,4,0.1475
989,candidate_2,0,candidate_4,candidate_3,4,0.1475
990,candidate_2,candidate_1,candidate_4,candidate_3,4,0.1475
991,candidate_2,candidate_1,candidate_4,candidate_3,4,0.1475
992,candidate_2,candidate_1,candidate_4,0,4,0.1475
993,candidate_2,candidate_1,candidate_4,candidate_3,4,0.1475
994,0,candidate_1,candidate_4,candidate_3,4,0.1475
995,candidate_2,0,candidate_4,candidate_3,4,0.1475
996,candidate_2,candidate_1,candidate_4,candidate_3,4,0.1475
997,0,candidate_1,candidate_4,candidate_3,4,0.1475
998,candidate_2,candidate_1,candidate_4,candidate_3,4,0.1475
999,candidate_2,candidate_1,candidate_4,candidate_3,4,0.1475
1000,candidate_2,candidate_1,candidate_4,candidate_3,4,0.1475
1001,candidate_2,candidate_1,candidate_4,candidate_3,4,0.1475
1002,candidate_2,candidate_1,candidate_4,candidate_3,4,0.1475
1003,candidate_2,candidate_1,0,candidate_3,4,0.1475
1004,candidate_2,candidate_1,candidate_4,candidate_3,4,0.1475
1005,candidate_2,candidate_1,candidate_4,candidate_3,4,0.1475
1006,0,candidate_1,candidate_4,candidate_3,4,0.1475
1007,candidate_2,candidate_1,0,candidate_3,4,0.1475
1008,candidate_2,candidate_1,0,candidate_3,4,0.1475
1009,candidate_2,candidate_1,0,0,4,0.1475
1010,candidate_2,candidate_1,candidate_4,candidate_3,4,0.1475
1011,candidate_2,0,candidate_4,0,4,0.1475
1012,candidate_2,candidate_1,candidate_4,candidate_3,4,0.1475
1013,candidate_2,candidate_1,candidate_4,candidate_3,4,0.1475
1014,candidate_2,candidate_1,candidate_4,candidate_3,4,0.1475
1015,candidate_2,candidate_1,0,candidate_3,4,0.1475
1016,candidate_2,0,candidate_4,candidate_3,4,0.1475
1017,candidate_2,candidate_1,candidate_4,candidate_3,4,0.1475
1018,candidate_2,candidate_1,candidate_4,0,4,0.1475
1019,candidate_2,candidate_1,candidate_4,candidate_3,4,0.1475
1020,candidate_2,candidate_1,candidate_4,candidate_3,4,0.1475
1021,0,candidate_1,candidate_4,candidate_3,4,0.1475
1022,0,0,candidate_4,candidate_3,4,0.1475
1023,candidate_2,0,candidate_4,candidate_3,4,0.1475
1024,0,candidate_1,candidate_4,candidate_3,4,0.1475
1025,candidate_2,0,candidate_4,candidate_3,4,0.1475
1026,candidate_2,candidate_1,candidate_4,candidate_3,4,0.1475
1027,candidate_2,candidate_1,candidate_4,candidate_3,4,0.1475
1028,candidate_2,candidate_1,0,0,4,0.1475
1029,candidate_2,candidate_1,candidate_4,candidate_3,4,0.1475
1030,candidate_2,candidate_1,candidate_4,candidate_3,4,0.1475
1031,candidate_2,candidate_1,candidate_4,candidate_3,4,0.1475
1032,candidate_2,candidate_1,candidate_4,candidate_3,4,0.1475
1033,candidate_2,candidate_1,candidate_4,candidate_3,4,0.1475
1034,candidate_2,candidate_1,candidate_4,candidate_3,4,0.1475
1035,candidate_2,candidate_1,candidate_4,candidate_3,4,0.1475
1036,candidate_2,candidate_1,candidate_4,candidate_3,4,0.1475
1037,candidate_2,candidate_1,candidate_4,candidate_3,4,0.1475
1038,0,candidate_1,candidate_4,candidate_3,4,0.1475
1039,candidate_2,candidate_1,candidate_4,candidate_3,4,0.1475
1040,candidate_2,candidate_1,candidate_4,candidate_3,4,0.1475
1041,candidate_2,0,0,candidate_3,4,0.1475
1042,candidate_2,candidate_1,candidate_4,candidate_3,4,0.1475
1043,candidate_2,candidate_1,candidate_4,candidate_3,4,0.1475
1044,candidate_2,candidate_1,candidate_4,candidate_3,4,0.1475
1045,candidate_2,candidate_1,0,candidate_3,4,0.1475
1046,candidate_2,candidate_1,candidate_4,candidate_3,4,0.1475
1047,candidate_2,candidate_1,candidate_4,candidate_3,4,0.1475
1048,candidate_2,candidate_1,candidate_4,candidate_3,4,0.1475
1049,candidate_2,candidate_1,candidate_4,candidate_3,4,0.1475
1050,candidate_2,candidate_1,candidate_4,candidate_3,4,0.1475
1051,candidate_2,candidate_1,candidate_4,candidate_3,4,0.1475
1052,candidate_2,candidate_1,candidate_4,candidate_3,4,0.1475
1053,candidate_2,candidate_1,candidate_4,candidate_3,4,0.1475
1054,candidate_2,candidate_1,candidate_4,0,4,0.1475
1055,candidate_2,0,candidate_4,candidate_3,4,0.1475
1056,candidate_2,candidate_1,candidate_4,candidate_3,4,0.1475
1057,0,candidate_1,0,0,4,0.1475
1058,candidate_2,candidate_1,candidate_4,candidate_3,4,0.1475
1059,candidate_2,candidate_1,candidate_4,candidate_3,4,0.1475
1060,candidate_2,candidate_1,0,candidate_3,4,0.1475
1061,candidate_2,candidate_1,candidate_4,candidate_3,4,0.1475
1062,candidate_2,candidate_1,candidate_4,candidate_3,4,0.1475
1063,candidate_2,candidate_1,candidate_4,candidate_3,4,0.1475
1064,candidate_2,candidate_1,candidate_4,candidate_3,4,0.1475
1065,candidate_2,0,candidate_4,candidate_3,4,0.1475
1066,candidate_2,candidate_1,candidate_4,candidate_3,4,0.1475
1067,candidate_2,candidate_1,candidate_4,candidate_3,4,0.1475
1068,candidate_2,candidate_1,candidate_4,candidate_3,4,0.1475
1069,candidate_2,candidate_1,0,0,4,0.1475
1070,candidate_2,0,candidate_4,candidate_3,4,0.1475
1071,candidate_2,candidate_1,candidate_4,candidate_3,4,0.1475
1072,candidate_2,candidate_1,candidate_4,candidate_3,4,0.1475
1073,candidate_2,candidate_1,candidate_4,0,4,0.1475
1074,0,candidate_1,candidate_4,candidate_3,4,0.1475
1075,candidate_2,candidate_1,candidate_4,candidate_3,4,0.1475
1076,candidate_2,candidate_1,candidate_4,candidate_3,4,0.1475
1077,candidate_2,candidate_1,candidate_4,candidate_3,4,0.1475
1078,0,candidate_1,candidate_4,candidate_3,4,0.1475
1079,candidate_2,candidate_1,candidate_4,candidate_3,4,0.1475
1080,candidate_2,candidate_1,candidate_4,candidate_3,4,0.1475
1081,candidate_2,candidate_1,candidate_4,candidate_3,4,0.1475
1082,0,candidate_1,candidate_4,candidate_3,4,0.1475
1083,candidate_2,candidate_1,0,candidate_3,4,0.1475
1084,candidate_2,candidate_1,0,candidate_3,4,0.1475
1085,0,candidate_1,candidate_4,candidate_3,4,0.1475
1086,candidate_2,candidate_1,candidate_4,candidate_3,4,0.1475
1087,candidate_2,candidate_1,candidate_4,candidate_3,4,0.1475
1088,candidate_2,candidate_1,candidate_4,0,4,0.1475
1089,0,candidate_1,candidate_4,candidate_3,4,0.1475
1090,0,candidate_1,candidate_4,0,4,0.1475
1091,candidate_2,candidate_1,candidate_4,candidate_3,4,0.1475
1092,candidate_2,candidate_1,candidate_4,0,4,0.1475
1093,candidate_2,candidate_1,0,candidate_3,4,0.1475
1094,candidate_2,candidate_1,candidate_4,candidate_3,4,0.1475
1095,0,candidate_1,candidate_4,candidate_3,4,0.1475
1096,0,candidate_1,candidate_4,candidate_3,4,0.1475
1097,candidate_2,candidate_1,candidate_4,candidate_3,4,0.1475
1098,candidate_2,candidate_1,candidate_4,candidate_3,4,0.1475
1099,candidate_2,candidate_1,0,candidate_3,4,0.1475
1100,0,candidate_1,candidate_4,candidate_3,4,0.1475
1101,candidate_2,candidate_1,candidate_4,0,4,0.1475
1102,candidate_2,0,candidate_4,candidate_3,4,0.1475
1103,candidate_2,candidate_1,candidate_4,candidate_3,4,0.1475
1104,candidate_2,candidate_1,candidate_4,candidate_3,4,0.1475
1105,candidate_2,candidate_1,candidate_4,candidate_3,4,0.1475
1106,candidate_2,candidate_1,candidate_4,candidate_3,4,0.1475
1107,candidate_2,candidate_1,candidate_4,candidate_3,4,0.1475
1108,0,candidate_1,candidate_4,candidate_3,4,0.1475
1109,candidate_2,candidate_1,0,candidate_3,4,0.1475
1110,0,candidate_1,candidate_4,candidate_3,4,0.1475
1111,candidate_2,candidate_1,candidate_4,candidate_3,4,0.1475
1112,candidate_2,candidate_1,candidate_4,candidate_3,4,0.1475
1113,0,candidate_1,candidate_4,candidate_3,4,0.1475
1114,candidate_2,candidate_1,candidate_4,candidate_3,4,0.1475
1115,candidate_2,candidate_1,candidate_4,candidate_3,4,0.1475
1116,0,0,candidate_4,0,4,0.1475
1117,candidate_2,candidate_1,candidate_4,candidate_3,4,0.1475
1118,candidate_2,candidate_1,candidate_4,0,4,0.1475
1119,candidate_2,candidate_1,candidate_4,candidate_3,4,0.1475
1120,candidate_2,candidate_1,candidate_4,candidate_3,4,0.1475
1121,candidate_2,candidate_1,candidate_4,candidate_3,4,0.1475
1122,candidate_2,0,candidate_4,candidate_3,4,0.1475
1123,candidate_2,0,0,0,4,0.1475
1124,candidate_2,candidate_1,candidate_4,candidate_3,4,0.1475
1125,candidate_2,candidate_1,candidate_4,candidate_3,4,0.1475
1126,0,candidate_1,candidate_4,0,4,0.1475
1127,candidate_2,candidate_1,candidate_4,candidate_3,4,0.1475
1128,candidate_2,candidate_1,candidate_4,0,4,0.1475
1129,candidate_2,candidate_1,candidate_4,candidate_3,4,0.1475
1130,candidate_2,candidate_1,candidate_4,0,4,0.1475
1131,candidate_2,candidate_1,candidate_4,candidate_3,4,0.1475
1132,candidate_2,candidate_1,candidate_4,candidate_3,4,0.1475
1133,candidate_2,candidate_1,candidate_4,candidate_3,4,0.1475
1134,candidate_2,candidate_1,0,candidate_3,4,0.1475
1135,candidate_2,candidate_1,candidate_4,candidate_3,4,0.1475
1136,candidate_2,candidate_1,candidate_4,candidate_3,4,0.1475
1137,candidate_2,candidate_1,candidate_4,candidate_3,4,0.1475
1138,candidate_2,candidate_1,candidate_4,candidate_3,4,0.1475
1139,0,candidate_1,candidate_4,candidate_3,4,0.1475
1140,candidate_2,candidate_1,candidate_4,candidate_3,4,0.1475
1141,candidate_2,candidate_1,0,0,4,0.1475
1142,candidate_2,candidate_1,candidate_4,candidate_3,4,0.1475
1143,candidate_2,0,0,candidate_3,4,0.1475
1144,candidate_2,candidate_1,candidate_4,candidate_3,4,0.1475
1145,candidate_2,candidate_1,candidate_4,0,4,0.1475
1146,candidate_2,candidate_1,candidate_4,candidate_3,4,0.1475
1147,candidate_2,candidate_1,0,candidate_3,4,0.1475
1148,candidate_2,candidate_1,candidate_4,candidate_3,4,0.1475
1149,0,candidate_1,candidate_4,candidate_3,4,0.1475
1150,candidate_2,candidate_1,candidate_4,candidate_3,4,0.1475
1151,candidate_2,candidate_1,candidate_4,candidate_3,4,0.1475
1152,candidate_2,candidate_1,candidate_4,candidate_3,4,0.1475
1153,candidate_2,candidate_1,candidate_4,candidate_3,4,0.1475
1154,candidate_2,0,candidate_4,candidate_3,4,0.1475
1155,candidate_2,candidate_1,candidate_4,candidate_3,4,0.1475
1156,candidate_2,candidate_1,candidate_4,candidate_3,4,0.1475
1157,candidate_2,candidate_1,0,0,4,0.1475
1158,candidate_2,0,0,candidate_3,4,0.1475
1159,candidate_2,candidate_1,candidate_4,candidate_3,4,0.1475
1160,candidate_2,candidate_1,candidate_4,candidate_3,4,0.1475
1161,candidate_2,candidate_1,candidate_4,0,4,0.1475
1162,candidate_2,candidate_1,candidate_4,candidate_3,4,0.1475
1163,candidate_2,candidate_1,candidate_4,candidate_3,4,0.1475
1164,0,0,candidate_4,candidate_3,4,0.1475
1165,candidate_2,candidate_1,candidate_4,candidate_3,4,0.1475
1166,candidate_2,candidate_1,candidate_4,candidate_3,4,0.1475
1167,candidate_2,candidate_1,candidate_4,candidate_3,4,0.1475
1168,candidate_2,candidate_1,candidate_4,candidate_3,4,0.1475
1169,candidate_2,candidate_1,candidate_4,candidate_3,4,0.1475
1170,candidate_2,candidate_1,candidate_4,candidate_3,4,0.1475
1171,candidate_2,candidate_1,candidate_4,candidate_3,4,0.1475
1172,candidate_2,0,candidate_4,candidate_3,4,0.1475
1173,candidate_2,candidate_1,candidate_4,candidate_3,4,0.1475
1174,candidate_2,candidate_1,candidate_4,0,4,0.1475
1175,candidate_2,candidate_1,candidate_4,candidate_3,4,0.1475
1176,candidate_2,candidate_1,candidate_4,candidate_3,4,0.1475
1177,candidate_2,candidate_1,candidate_4,candidate_3,4,0.1475
1178,candidate_2,candidate_1,candidate_4,0,4,0.1475
1179,candidate_2,candidate_1,candidate_4,candidate_3,4,0.1475
1180,candidate_2,candidate_1,candidate_4,0,4,0.1475
1181,0,candidate_1,candidate_4,candidate_3,4,0.1475
1182,candidate_2,candidate_1,candidate_4,candidate_3,4,0.1475
1183,candidate_2,0,candidate_4,candidate_3,4,0.1475
1184,candidate_2,candidate_1,candidate_4,candidate_3,4,0.1475
1185,candidate_2,candidate_1,candidate_4,candidate_3,4,0.1475
1186,candidate_2,candidate_1,0,candidate_3,4,0.1475
1187,candidate_2,0,candidate_4,candidate_3,4,0.1475
1188,candidate_2,candidate_1,candidate_4,candidate_3,4,0.1475
1189,candidate_2,candidate_1,candidate_4,candidate_3,4,0.1475
1190,candidate_2,candidate_1,candidate_4,candidate_3,4,0.1475
1191,candidate_2,candidate_1,candidate_4,candidate_3,4,0.1475
1192,candidate_2,candidate_1,0,0,4,0.1475
1193,candidate_2,candidate_1,candidate_4,candidate_3,4,0.1475
1194,0,0,candidate_4,candidate_3,4,0.1475
1195,candidate_2,candidate_1,candidate_4,candidate_3,4,0.1475
1196,0,0,candidate_4,candidate_3,4,0.1475
1197,0,candidate_1,candidate_4,candidate_3,4,0.1475
1198,candidate_2,0,0,candidate_3,4,0.1475
1199,candidate_2,candidate_1,candidate_4,candidate_3,4,0.1475
1200,candidate_2,candidate_1,candidate_4,candidate_3,4,0.1475
1201,candidate_2,candidate_1,0,candidate_3,4,0.1475
1202,candidate_2,candidate_1,candidate_4,candidate_3,4,0.1475
1203,0,candidate_1,candidate_4,candidate_3,4,0.1475
1204,candidate_2,candidate_1,candidate_4,candidate_3,4,0.1475
1205,candidate_2,0,candidate_4,candidate_3,4,0.1475
1206,0,candidate_1,candidate_4,0,4,0.1475
1207,candidate_2,candidate_1,candidate_4,candidate_3,4,0.1475
1208,candidate_2,0,0,candidate_3,4,0.1475
1209,candidate_2,candidate_1,candidate_4,candidate_3,4,0.1475
1210,candidate_2,candidate_1,candidate_4,candidate_3,4,0.1475
1211,candidate_2,candidate_1,candidate_4,candidate_3,4,0.1475
1212,candidate_2,candidate_1,candidate_4,candidate_3,4,0.1475
1213,candidate_2,candidate_1,candidate_4,candidate_3,4,0.1475
1214,0,candidate_1,candidate_4,candidate_3,4,0.1475
1215,0,candidate_1,candidate_4,0,4,0.1475
1216,candidate_2,candidate_1,candidate_4,candidate_3,4,0.1475
1217,candidate_2,candidate_1,candidate_4,0,4,0.1475
1218,candidate_2,candidate_1,candidate_4,candidate_3,4,0.1475
1219,candidate_2,candidate_1,candidate_4,candidate_3,4,0.1475
1220,candidate_2,candidate_1,candidate_4,candidate_3,4,0.1475
1221,0,candidate_1,candidate_4,candidate_3,4,0.1475
1222,candidate_2,candidate_1,candidate_4,candidate_3,4,0.1475
1223,candidate_2,candidate_1,0,candidate_3,4,0.1475
1224,candidate_2,candidate_1,candidate_4,candidate_3,4,0.1475
1225,candidate_2,candidate_1,candidate_4,candidate_3,4,0.1475
1226,candidate_2,0,candidate_4,candidate_3,4,0.1475
1227,candidate_2,0,0,0,4,0.1475
1228,0,candidate_1,candidate_4,candidate_3,4,0.1475
1229,candidate_2,candidate_1,candidate_4,0,4,0.1475
1230,candidate_2,candidate_1,candidate_4,candidate_3,4,0.1475
1231,candidate_2,candidate_1,candidate_4,candidate_3,4,0.1475
1232,candidate_2,candidate_1,candidate_4,candidate_3,4,0.1475
1233,0,candidate_1,candidate_4,candidate_3,4,0.1475
1234,0,candidate_1,0,0,4,0.1475
1235,candidate_2,candidate_1,candidate_4,candidate_3,4,0.1475
1236,candidate_2,candidate_1,0,candidate_3,4,0.1475
1237,candidate_2,candidate_1,candidate_4,candidate_3,4,0.1475
1238,candidate_2,candidate_1,candidate_4,candidate_3,4,0.1475
1239,candidate_2,0,candidate_4,0,4,0.1475
1240,candidate_2,candidate_1,candidate_4,candidate_3,4,0.1475
1241,0,candidate_1,0,candidate_3,4,0.1475
1242,candidate_2,candidate_1,0,candidate_3,4,0.1475
1243,candidate_2,candidate_1,candidate_4,candidate_3,4,0.1475
1244,candidate_2,candidate_1,candidate_4,candidate_3,4,0.1475
0,candidate_2,candidate_3,0,candidate_4,4,0.1475
1,candidate_2,candidate_3,candidate_1,candidate_4,4,0.1475
2,candidate_2,0,candidate_1,0,4,0.1475
3,candidate_2,candidate_3,candidate_1,candidate_4,4,0.1475
4,candidate_2,candidate_3,candidate_1,candidate_4,4,0.1475
5,candidate_2,candidate_3,candidate_1,candidate_4,4,0.1475
6,candidate_2,0,candidate_1,candidate_4,4,0.1475
7,0,candidate_3,candidate_1,candidate_4,4,0.1475
8,candidate_2,candidate_3,candidate_1,candidate_4,4,0.1475
9,candidate_2,candidate_3,candidate_1,candidate_4,4,0.1475
10,candidate_2,candidate_3,candidate_1,candidate_4,4,0.1475
11,candidate_2,candidate_3,candidate_1,candidate_4,4,0.1475
12,0,candidate_3,candidate_1,candidate_4,4,0.1475
13,candidate_2,candidate_3,candidate_1,candidate_4,4,0.1475
14,candidate_2,candidate_3,candidate_1,0,4,0.1475
15,0,candidate_3,candidate_1,candidate_4,4,0.1475
16,candidate_2,candidate_3,candidate_1,candidate_4,4,0.1475
17,candidate_2,candidate_3,candidate_1,candidate_4,4,0.1475
18,candidate_2,candidate_3,candidate_1,0,4,0.1475
19,candidate_2,candidate_3,0,candidate_4,4,0.1475
20,candidate_2,candidate_3,0,candidate_4,4,0.1475
21,candidate_2,candidate_3,candidate_1,candidate_4,4,0.1475
22,candidate_2,candidate_3,candidate_1,candidate_4,4,0.1475
23,candidate_2,candidate_3,0,candidate_4,4,0.1475
24,candidate_2,0,candidate_1,candidate_4,4,0.1475
25,candidate_2,candidate_3,candidate_1,candidate_4,4,0.1475
26,candidate_2,0,candidate_1,candidate_4,4,0.1475
27,candidate_2,candidate_3,candidate_1,candidate_4,4,0.1475
28,candidate_2,candidate_3,candidate_1,candidate_4,4,0.1475
29,candidate_2,candidate_3,0,candidate_4,4,0.1475
30,0,candidate_3,candidate_1,0,4,0.1475
31,candidate_2,candidate_3,0,candidate_4,4,0.1475
32,candidate_2,candidate_3,candidate_1,candidate_4,4,0.1475
33,candidate_2,candidate_3,candidate_1,candidate_4,4,0.1475
34,candidate_2,candidate_3,candidate_1,candidate_4,4,0.1475
35,0,candidate_3,candidate_1,0,4,0.1475
36,candidate_2,candidate_3,candidate_1,candidate_4,4,0.1475
37,candidate_2,candidate_3,candidate_1,candidate_4,4,0.1475
38,candidate_2,candidate_3,candidate_1,candidate_4,4,0.1475
39,candidate_2,candidate_3,candidate_1,candidate_4,4,0.1475
40,0,candidate_3,0,candidate_4,4,0.1475
41,0,candidate_3,candidate_1,candidate_4,4,0.1475
42,candidate_2,candidate_3,candidate_1,candidate_4,4,0.1475
43,candidate_2,candidate_3,candidate_1,candidate_4,4,0.1475
44,0,candidate_3,candidate_1,candidate_4,4,0.1475
45,candidate_2,candidate_3,candidate_1,candidate_4,4,0.1475
46,candidate_2,0,candidate_1,candidate_4,4,0.1475
47,candidate_2,candidate_3,candidate_1,candidate_4,4,0.1475
48,candidate_2,candidate_3,candidate_1,0,4,0.1475
49,candidate_2,candidate_3,candidate_1,candidate_4,4,0.1475
50,candidate_2,0,candidate_1,candidate_4,4,0.1475
51,candidate_2,candidate_3,candidate_1,candidate_4,4,0.1475
52,candidate_2,candidate_3,candidate_1,candidate_4,4,0.1475
53,candidate_2,0,candidate_1,candidate_4,4,0.1475
54,candidate_2,candidate_3,candidate_1,candidate_4,4,0.1475
55,candidate_2,candidate_3,candidate_1,candidate_4,4,0.1475
56,candidate_2,0,candidate_1,0,4,0.1475
57,0,candidate_3,candidate_1,candidate_4,4,0.1475
58,candidate_2,candidate_3,0,candidate_4,4,0.1475
59,candidate_2,candidate_3,candidate_1,candidate_4,4,0.1475
60,candidate_2,candidate_3,candidate_1,candidate_4,4,0.1475
61,candidate_2,candidate_3,candidate_1,candidate_4,4,0.1475
62,candidate_2,candidate_3,0,candidate_4,4,0.1475
63,candidate_2,0,candidate_1,candidate_4,4,0.1475
64,candidate_2,candidate_3,0,candidate_4,4,0.1475
65,candidate_2,0,candidate_1,candidate_4,4,0.1475
66,candidate_2,0,candidate_1,0,4,0.1475
67,candidate_2,candidate_3,candidate_1,candidate_4,4,0.1475
68,candidate_2,candidate_3,0,0,4,0.1475
69,candidate_2,candidate_3,candidate_1,candidate_4,4,0.1475
70,candidate_2,candidate_3,candidate_1,candidate_4,4,0.1475
71,candidate_2,0,candidate_1,candidate_4,4,0.1475
72,candidate_2,candidate_3,candidate_1,candidate_4,4,0.1475
73,candidate_2,candidate_3,candidate_1,candidate_4,4,0.1475
74,candidate_2,candidate_3,candidate_1,candidate_4,4,0.1475
75,candidate_2,candidate_3,candidate_1,candidate_4,4,0.1475
76,candidate_2,candidate_3,candidate_1,candidate_4,4,0.1475
77,candidate_2,candidate_3,candidate_1,0,4,0.1475
78,candidate_2,candidate_3,candidate_1,candidate_4,4,0.1475
79,candidate_2,candidate_3,candidate_1,candidate_4,4,0.1475
80,candidate_2,candidate_3,candidate_1,candidate_4,4,0.1475
81,candidate_2,candidate_3,candidate_1,candidate_4,4,0.1475
82,candidate_2,candidate_3,candidate_1,candidate_4,4,0.1475
83,candidate_2,candidate_3,candidate_1,candidate_4,4,0.1475
84,candidate_2,0,candidate_1,candidate_4,4,0.1475
85,0,candidate_3,candidate_1,candidate_4,4,0.1475
86,candidate_2,candidate_3,candidate_1,candidate_4,4,0.1475
87,candidate_2,candidate_3,candidate_1,candidate_4,4,0.1475
88,candidate_2,candidate_3,candidate_1,candidate_4,4,0.1475
89,candidate_2,0,candidate_1,candidate_4,4,0.1475
90,candidate_2,0,candidate_1,candidate_4,4,0.1475
91,candidate_2,candidate_3,candidate_1,candidate_4,4,0.1475
92,candidate_2,candidate_3,candidate_1,candidate_4,4,0.1475
93,candidate_2,candidate_3,candidate_1,candidate_4,4,0.1475
94,0,candidate_3,candidate_1,candidate_4,4,0.1475
95,candidate_2,candidate_3,candidate_1,candidate_4,4,0.1475
96,0,candidate_3,0,candidate_4,4,0.1475
97,candidate_2,candidate_3,candidate_1,candidate_4,4,0.1475
98,candidate_2,candidate_3,candidate_1,candidate_4,4,0.1475
99,candidate_2,candidate_3,candidate_1,candidate_4,4,0.1475
100,candidate_2,candidate_3,candidate_1,candidate_4,4,0.1475
101,candidate_2,candidate_3,candidate_1,candidate_4,4,0.1475
102,candidate_2,candidate_3,candidate_1,0,4,0.1475
103,candidate_2,candidate_3,candidate_1,candidate_4,4,0.1475
104,candidate_2,candidate_3,candidate_1,candidate_4,4,0.1475
105,candidate_2,candidate_3,candidate_1,candidate_4,4,0.1475
106,candidate_2,candidate_3,0,candidate_4,4,0.1475
107,candidate_2,candidate_3,candidate_1,candidate_4,4,0.1475
108,0,0,candidate_1,candidate_4,4,0.1475
109,candidate_2,candidate_3,candidate_1,candidate_4,4,0.1475
110,0,candidate_3,candidate_1,candidate_4,4,0.1475
111,candidate_2,candidate_3,candidate_1,candidate_4,4,0.1475
112,candidate_2,candidate_3,candidate_1,candidate_4,4,0.1475
113,candidate_2,candidate_3,candidate_1,candidate_4,4,0.1475
114,candidate_2,candidate_3,candidate_1,0,4,0.1475
115,candidate_2,candidate_3,candidate_1,0,4,0.1475
116,candidate_2,candidate_3,candidate_1,candidate_4,4,0.1475
117,candidate_2,candidate_3,candidate_1,candidate_4,4,0.1475
118,0,candidate_3,candidate_1,candidate_4,4,0.1475
119,candidate_2,candidate_3,candidate_1,0,4,0.1475
120,candidate_2,candidate_3,candidate_1,candidate_4,4,0.1475
121,candidate_2,candidate_3,candidate_1,0,4,0.1475
122,candidate_2,0,0,candidate_4,4,0.1475
123,candidate_2,candidate_3,candidate_1,candidate_4,4,0.1475
124,candidate_2,candidate_3,candidate_1,candidate_4,4,0.1475
125,candidate_2,candidate_3,candidate_1,candidate_4,4,0.1475
126,candidate_2,candidate_3,candidate_1,candidate_4,4,0.1475
127,candidate_2,candidate_3,candidate_1,0,4,0.1475
128,candidate_2,0,candidate_1,candidate_4,4,0.1475
129,candidate_2,candidate_3,0,candidate_4,4,0.1475
130,candidate_2,candidate_3,candidate_1,candidate_4,4,0.1475
131,candidate_2,candidate_3,candidate_1,0,4,0.1475
132,0,candidate_3,candidate_1,candidate_4,4,0.1475
133,0,candidate_3,candidate_1,candidate_4,4,0.1475
134,candidate_2,candidate_3,candidate_1,candidate_4,4,0.1475
135,candidate_2,candidate_3,candidate_1,candidate_4,4,0.1475
136,candidate_2,candidate_3,candidate_1,candidate_4,4,0.1475
137,candidate_2,candidate_3,candidate_1,candidate_4,4,0.1475
138,candidate_2,candidate_3,candidate_1,candidate_4,4,0.1475
139,candidate_2,candidate_3,0,candidate_4,4,0.1475
140,candidate_2,0,candidate_1,candidate_4,4,0.1475
141,candidate_2,candidate_3,candidate_1,candidate_4,4,0.1475
142,candidate_2,candidate_3,0,0,4,0.1475
143,candidate_2,candidate_3,candidate_1,candidate_4,4,0.1475
144,candidate_2,candidate_3,candidate_1,0,4,0.1475
145,candidate_2,candidate_3,candidate_1,0,4,0.1475
146,candidate_2,candidate_3,candidate_1,candidate_4,4,0.1475
147,candidate_2,candidate_3,candidate_1,candidate_4,4,0.1475
148,candidate_2,0,candidate_1,candidate_4,4,0.1475
149,candidate_2,candidate_3,0,candidate_4,4,0.1475
150,candidate_2,candidate_3,0,0,4,0.1475
151,candidate_2,0,candidate_1,candidate_4,4,0.1475
152,candidate_2,candidate_3,candidate_1,candidate_4,4,0.1475
153,candidate_2,candidate_3,candidate_1,candidate_4,4,0.1475
154,candidate_2,candidate_3,candidate_1,0,4,0.1475
155,candidate_2,candidate_3,candidate_1,candidate_4,4,0.1475
156,candidate_2,candidate_3,candidate_1,candidate_4,4,0.1475
157,candidate_2,0,candidate_1,candidate_4,4,0.1475
158,candidate_2,0,candidate_1,candidate_4,4,0.1475
159,candidate_2,candidate_3,candidate_1,candidate_4,4,0.1475
160,candidate_2,candidate_3,candidate_1,candidate_4,4,0.1475
161,candidate_2,candidate_3,candidate_1,candidate_4,4,0.1475
162,candidate_2,candidate_3,0,candidate_4,4,0.1475
163,candidate_2,candidate_3,candidate_1,candidate_4,4,0.1475
164,0,0,0,candidate_4,4,0.1475
165,candidate_2,candidate_3,candidate_1,candidate_4,4,0.1475
166,candidate_2,candidate_3,candidate_1,candidate_4,4,0.1475
167,candidate_2,candidate_3,candidate_1,candidate_4,4,0.1475
168,candidate_2,0,candidate_1,candidate_4,4,0.1475
169,candidate_2,candidate_3,candidate_1,candidate_4,4,0.1475
170,candidate_2,candidate_3,0,candidate_4,4,0.1475
171,candidate_2,candidate_3,0,candidate_4,4,0.1475
172,candidate_2,candidate_3,candidate_1,candidate_4,4,0.1475
173,candidate_2,candidate_3,candidate_1,candidate_4,4,0.1475
174,0,candidate_3,candidate_1,candidate_4,4,0.1475
175,candidate_2,candidate_3,0,candidate_4,4,0.1475
176,candidate_2,candidate_3,candidate_1,candidate_4,4,0.1475
177,candidate_2,candidate_3,candidate_1,candidate_4,4,0.1475
178,candidate_2,0,candidate_1,0,4,0.1475
179,candidate_2,candidate_3,0,candidate_4,4,0.1475
180,candidate_2,candidate_3,candidate_1,candidate_4,4,0.1475
181,candidate_2,candidate_3,candidate_1,candidate_4,4,0.1475
182,candidate_2,candidate_3,0,candidate_4,4,0.1475
183,0,candidate_3,candidate_1,candidate_4,4,0.1475
184,candidate_2,candidate_3,0,candidate_4,4,0.1475
185,0,candidate_3,0,candidate_4,4,0.1475
186,candidate_2,candidate_3,candidate_1,candidate_4,4,0.1475
187,0,candidate_3,candidate_1,candidate_4,4,0.1475
188,candidate_2,candidate_3,0,candidate_4,4,0.1475
189,candidate_2,candidate_3,candidate_1,candidate_4,4,0.1475
190,candidate_2,candidate_3,0,candidate_4,4,0.1475
191,candidate_2,candidate_3,candidate_1,candidate_4,4,0.1475
192,candidate_2,candidate_3,candidate_1,candidate_4,4,0.1475
193,candidate_2,candidate_3,candidate_1,candidate_4,4,0.1475
194,candidate_2,candidate_3,candidate_1,0,4,0.1475
195,candidate_2,candidate_3,0,candidate_4,4,0.1475
196,candidate_2,candidate_3,candidate_1,candidate_4,4,0.1475
197,candidate_2,candidate_3,candidate_1,0,4,0.1475
198,0,candidate_3,candidate_1,candidate_4,4,0.1475
199,candidate_2,candidate_3,candidate_1,candidate_4,4,0.1475
200,candidate_2,candidate_3,candidate_1,candidate_4,4,0.1475
201,candidate_2,candidate_3,candidate_1,candidate_4,4,0.1475
202,candidate_2,candidate_3,0,0,4,0.1475
203,candidate_2,candidate_3,candidate_1,0,4,0.1475
204,0,candidate_3,candidate_1,0,4,0.1475
205,candidate_2,candidate_3,candidate_1,candidate_4,4,0.1475
206,candidate_2,candidate_3,candidate_1,candidate_4,4,0.1475
207,candidate_2,candidate_3,candidate_1,candidate_4,4,0.1475
208,candidate_2,candidate_3,candidate_1,candidate_4,4,0.1475
209,candidate_2,candidate_3,0,candidate_4,4,0.1475
210,candidate_2,candidate_3,candidate_1,candidate_4,4,0.1475
211,candidate_2,candidate_3,candidate_1,candidate_4,4,0.1475
212,candidate_2,candidate_3,candidate_1,candidate_4,4,0.1475
213,candidate_2,candidate_3,0,candidate_4,4,0.1475
214,candidate_2,candidate_3,candidate_1,candidate_4,4,0.1475
215,candidate_2,0,candidate_1,candidate_4,4,0.1475
216,candidate_2,candidate_3,candidate_1,0,4,0.1475
217,candidate_2,candidate_3,candidate_1,0,4,0.1475
218,candidate_2,candidate_3,candidate_1,candidate_4,4,0.1475
219,candidate_2,candidate_3,candidate_1,candidate_4,4,0.1475
220,candidate_2,candidate_3,candidate_1,candidate_4,4,0.1475
221,candidate_2,candidate_3,candidate_1,candidate_4,4,0.1475
222,candidate_2,candidate_3,candidate_1,candidate_4,4,0.1475
223,candidate_2,candidate_3,candidate_1,0,4,0.1475
224,candidate_2,candidate_3,candidate_1,candidate_4,4,0.1475
225,0,candidate_3,candidate_1,candidate_4,4,0.1475
226,candidate_2,candidate_3,candidate_1,candidate_4,4,0.1475
227,candidate_2,candidate_3,candidate_1,candidate_4,4,0.1475
228,candidate_2,candidate_3,candidate_1,candidate_4,4,0.1475
229,candidate_2,candidate_3,candidate_1,candidate_4,4,0.1475
230,candidate_2,candidate_3,candidate_1,candidate_4,4,0.1475
231,candidate_2,candidate_3,candidate_1,candidate_4,4,0.1475
232,candidate_2,candidate_3,candidate_1,candidate_4,4,0.1475
233,candidate_2,0,candidate_1,0,4,0.1475
234,candidate_2,0,candidate_1,candidate_4,4,0.1475
235,candidate_2,candidate_3,0,candidate_4,4,0.1475
236,candidate_2,0,candidate_1,candidate_4,4,0.1475
237,candidate_2,candidate_3,candidate_1,candidate_4,4,0.1475
238,candidate_2,candidate_3,candidate_1,candidate_4,4,0.1475
239,candidate_2,candidate_3,candidate_1,candidate_4,4,0.1475
240,0,0,0,0,4,0.1475
241,candidate_2,candidate_3,candidate_1,candidate_4,4,0.1475
242,candidate_2,candidate_3,candidate_1,candidate_4,4,0.1475
243,candidate_2,candidate_3,candidate_1,candidate_4,4,0.1475
244,candidate_2,candidate_3,candidate_1,0,4,0.1475
245,candidate_2,candidate_3,candidate_1,candidate_4,4,0.1475
246,candidate_2,candidate_3,0,0,4,0.1475
247,candidate_2,candidate_3,candidate_1,candidate_4,4,0.1475
248,candidate_2,candidate_3,candidate_1,candidate_4,4,0.1475
249,candidate_2,candidate_3,candidate_1,candidate_4,4,0.1475
250,candidate_2,candidate_3,candidate_1,candidate_4,4,0.1475
251,candidate_2,0,candidate_1,candidate_4,4,0.1475
252,0,candidate_3,candidate_1,candidate_4,4,0.1475
253,candidate_2,candidate_3,candidate_1,candidate_4,4,0.1475
254,candidate_2,candidate_3,candidate_1,candidate_4,4,0.1475
255,candidate_2,candidate_3,candidate_1,candidate_4,4,0.1475
256,candidate_2,candidate_3,candidate_1,0,4,0.1475
257,candidate_2,candidate_3,candidate_1,candidate_4,4,0.1475
258,candidate_2,candidate_3,candidate_1,candidate_4,4,0.1475
259,candidate_2,candidate_3,candidate_1,candidate_4,4,0.1475
260,candidate_2,candidate_3,candidate_1,candidate_4,4,0.1475
261,candidate_2,candidate_3,candidate_1,candidate_4,4,0.1475
262,candidate_2,candidate_3,candidate_1,candidate_4,4,0.1475
263,0,candidate_3,candidate_1,candidate_4,4,0.1475
264,candidate_2,candidate_3,candidate_1,candidate_4,4,0.1475
265,candidate_2,candidate_3,0,0,4,0.1475
266,0,candidate_3,candidate_1,candidate_4,4,0.1475
267,0,candidate_3,candidate_1,candidate_4,4,0.1475
268,candidate_2,candidate_3,candidate_1,0,4,0.1475
269,candidate_2,0,0,0,4,0.1475
270,candidate_2,candidate_3,candidate_1,candidate_4,4,0.1475
271,candidate_2,candidate_3,candidate_1,candidate_4,4,0.1475
272,0,candidate_3,candidate_1,candidate_4,4,0.1475
273,candidate_2,0,candidate_1,candidate_4,4,0.1475
274,0,candidate_3,0,candidate_4,4,0.1475
275,candidate_2,candidate_3,candidate_1,0,4,0.1475
276,candidate_2,candidate_3,candidate_1,candidate_4,4,0.1475
277,0,candidate_3,candidate_1,candidate_4,4,0.1475
278,candidate_2,candidate_3,0,candidate_4,4,0.1475
279,candidate_2,0,candidate_1,candidate_4,4,0.1475
280,candidate_2,candidate_3,candidate_1,candidate_4,4,0.1475
281,candidate_2,candidate_3,candidate_1,candidate_4,4,0.1475
282,candidate_2,candidate_3,0,candidate_4,4,0.1475
283,candidate_2,0,candidate_1,candidate_4,4,0.1475
284,candidate_2,0,candidate_1,candidate_4,4,0.1475
285,candidate_2,candidate_3,candidate_1,candidate_4,4,0.1475
286,0,candidate_3,candidate_1,candidate_4,4,0.1475
287,candidate_2,candidate_3,candidate_1,candidate_4,4,0.1475
288,candidate_2,candidate_3,candidate_1,candidate_4,4,0.1475
289,candidate_2,candidate_3,candidate_1,candidate_4,4,0.1475
290,candidate_2,candidate_3,candidate_1,candidate_4,4,0.1475
291,0,candidate_3,0,candidate_4,4,0.1475
292,candidate_2,candidate_3,candidate_1,candidate_4,4,0.1475
293,candidate_2,candidate_3,candidate_1,candidate_4,4,0.1475
294,candidate_2,candidate_3,candidate_1,candidate_4,4,0.1475
295,candidate_2,0,candidate_1,candidate_4,4,0.1475
296,candidate_2,candidate_3,candidate_1,candidate_4,4,0.1475
297,candidate_2,candidate_3,candidate_1,candidate_4,4,0.1475
298,candidate_2,candidate_3,0,candidate_4,4,0.1475
299,candidate_2,candidate_3,candidate_1,candidate_4,4,0.1475
300,candidate_2,candidate_3,candidate_1,candidate_4,4,0.1475
301,candidate_2,candidate_3,candidate_1,candidate_4,4,0.1475
302,candidate_2,candidate_3,candidate_1,candidate_4,4,0.1475
303,candidate_2,candidate_3,candidate_1,candidate_4,4,0.1475
304,candidate_2,candidate_3,candidate_1,candidate_4,4,0.1475
305,candidate_2,candidate_3,candidate_1,candidate_4,4,0.1475
306,candidate_2,candidate_3,candidate_1,candidate_4,4,0.1475
307,candidate_2,candidate_3,candidate_1,candidate_4,4,0.1475
308,candidate_2,candidate_3,candidate_1,candidate_4,4,0.1475
309,candidate_2,candidate_3,candidate_1,candidate_4,4,0.1475
310,candidate_2,candidate_3,candidate_1,candidate_4,4,0.1475
311,candidate_2,candidate_3,candidate_1,candidate_4,4,0.1475
312,candidate_2,candidate_3,candidate_1,candidate_4,4,0.1475
313,0,candidate_3,candidate_1,candidate_4,4,0.1475
314,candidate_2,candidate_3,candidate_1,candidate_4,4,0.1475
315,0,candidate_3,candidate_1,candidate_4,4,0.1475
316,0,candidate_3,candidate_1,candidate_4,4,0.1475
317,candidate_2,candidate_3,candidate_1,candidate_4,4,0.1475
318,candidate_2,candidate_3,candidate_1,candidate_4,4,0.1475
319,candidate_2,candidate_3,candidate_1,candidate_4,4,0.1475
320,candidate_2,candidate_3,candidate_1,0,4,0.1475
321,candidate_2,candidate_3,0,candidate_4,4,0.1475
322,0,candidate_3,candidate_1,candidate_4,4,0.1475
323,candidate_2,candidate_3,candidate_1,candidate_4,4,0.1475
324,candidate_2,0,0,candidate_4,4,0.1475
325,candidate_2,candidate_3,candidate_1,candidate_4,4,0.1475
326,candidate_2,candidate_3,candidate_1,candidate_4,4,0.1475
327,candidate_2,candidate_3,candidate_1,candidate_4,4,0.1475
328,candidate_2,candidate_3,0,candidate_4,4,0.1475
329,candidate_2,candidate_3,candidate_1,candidate_4,4,0.1475
330,candidate_2,candidate_3,candidate_1,0,4,0.1475
331,candidate_2,candidate_3,candidate_1,candidate_4,4,0.1475
332,candidate_2,candidate_3,candidate_1,candidate_4,4,0.1475
333,candidate_2,0,0,0,4,0.1475
334,candidate_2,candidate_3,candidate_1,candidate_4,4,0.1475
335,candidate_2,candidate_3,candidate_1,candidate_4,4,0.1475
336,0,candidate_3,candidate_1,candidate_4,4,0.1475
337,candidate_2,candidate_3,candidate_1,0,4,0.1475
338,candidate_2,0,candidate_1,candidate_4,4,0.1475
339,0,0,candidate_1,candidate_4,4,0.1475
340,0,candidate_3,candidate_1,candidate_4,4,0.1475
341,candidate_2,0,candidate_1,0,4,0.1475
342,candidate_2,candidate_3,candidate_1,candidate_4,4,0.1475
343,candidate_2,candidate_3,candidate_1,candidate_4,4,0.1475
344,candidate_2,0,candidate_1,candidate_4,4,0.1475
345,candidate_2,candidate_3,candidate_1,candidate_4,4,0.1475
346,candidate_2,candidate_3,candidate_1,candidate_4,4,0.1475
347,candidate_2,candidate_3,candidate_1,candidate_4,4,0.1475
348,0,candidate_3,candidate_1,candidate_4,4,0.1475
349,candidate_2,candidate_3,candidate_1,candidate_4,4,0.1475
350,candidate_2,candidate_3,candidate_1,candidate_4,4,0.1475
351,candidate_2,candidate_3,candidate_1,0,4,0.1475
352,0,0,candidate_1,candidate_4,4,0.1475
353,candidate_2,candidate_3,candidate_1,candidate_4,4,0.1475
354,candidate_2,candidate_3,0,candidate_4,4,0.1475
355,candidate_2,candidate_3,candidate_1,0,4,0.1475
356,candidate_2,0,candidate_1,0,4,0.1475
357,candidate_2,candidate_3,candidate_1,candidate_4,4,0.1475
358,candidate_2,candidate_3,0,candidate_4,4,0.1475
359,candidate_2,candidate_3,candidate_1,0,4,0.1475
360,candidate_2,candidate_3,candidate_1,candidate_4,4,0.1475
361,0,candidate_3,candidate_1,candidate_4,4,0.1475
362,candidate_2,candidate_3,candidate_1,0,4,0.1475
363,candidate_2,candidate_3,0,candidate_4,4,0.1475
364,candidate_2,0,0,candidate_4,4,0.1475
365,candidate_2,candidate_3,candidate_1,candidate_4,4,0.1475
366,candidate_2,candidate_3,candidate_1,candidate_4,4,0.1475
367,candidate_2,candidate_3,candidate_1,candidate_4,4,0.1475
368,candidate_2,candidate_3,candidate_1,candidate_4,4,0.1475
369,candidate_2,candidate_3,candidate_1,candidate_4,4,0.1475
370,candidate_2,candidate_3,candidate_1,0,4,0.1475
371,candidate_2,candidate_3,candidate_1,0,4,0.1475
372,candidate_2,candidate_3,candidate_1,candidate_4,4,0.1475
373,candidate_2,candidate_3,candidate_1,candidate_4,4,0.1475
374,candidate_2,candidate_3,candidate_1,candidate_4,4,0.1475
375,candidate_2,candidate_3,candidate_1,candidate_4,4,0.1475
376,candidate_2,0,0,candidate_4,4,0.1475
377,candidate_2,0,candidate_1,candidate_4,4,0.1475
378,candidate_2,candidate_3,candidate_1,candidate_4,4,0.1475
379,0,candidate_3,candidate_1,candidate_4,4,0.1475
380,candidate_2,candidate_3,0,candidate_4,4,0.1475
381,candidate_2,candidate_3,candidate_1,candidate_4,4,0.1475
382,0,candidate_3,0,candidate_4,4,0.1475
383,candidate_2,0,0,candidate_4,4,0.1475
384,candidate_2,candidate_3,candidate_1,candidate_4,4,0.1475
385,candidate_2,candidate_3,candidate_1,candidate_4,4,0.1475
386,candidate_2,candidate_3,candidate_1,0,4,0.1475
387,0,candidate_3,candidate_1,candidate_4,4,0.1475
388,candidate_2,candidate_3,candidate_1,candidate_4,4,0.1475
389,candidate_2,candidate_3,candidate_1,candidate_4,4,0.1475
390,0,candidate_3,candidate_1,0,4,0.1475
391,candidate_2,candidate_3,candidate_1,0,4,0.1475
392,candidate_2,candidate_3,candidate_1,candidate_4,4,0.1475
393,0,candidate_3,0,candidate_4,4,0.1475
394,candidate_2,candidate_3,0,0,4,0.1475
395,candidate_2,candidate_3,candidate_1,0,4,0.1475
396,candidate_2,candidate_3,candidate_1,candidate_4,4,0.1475
397,candidate_2,candidate_3,candidate_1,candidate_4,4,0.1475
398,0,candidate_3,candidate_1,candidate_4,4,0.1475
399,candidate_2,candidate_3,0,candidate_4,4,0.1475
400,candidate_2,candidate_3,candidate_1,candidate_4,4,0.1475
401,candidate_2,candidate_3,candidate_1,candidate_4,4,0.1475
402,candidate_2,candidate_3,candidate_1,candidate_4,4,0.1475
403,candidate_2,candidate_3,candidate_1,candidate_4,4,0.1475
404,candidate_2,candidate_3,candidate_1,candidate_4,4,0.1475
405,0,candidate_3,candidate_1,candidate_4,4,0.1475
406,candidate_2,candidate_3,candidate_1,candidate_4,4,0.1475
407,0,0,0,0,4,0.1475
408,candidate_2,candidate_3,candidate_1,candidate_4,4,0.1475
409,candidate_2,candidate_3,candidate_1,0,4,0.1475
410,candidate_2,candidate_3,candidate_1,candidate_4,4,0.1475
411,candidate_2,candidate_3,candidate_1,0,4,0.1475
412,candidate_2,0,candidate_1,candidate_4,4,0.1475
413,0,candidate_3,candidate_1,candidate_4,4,0.1475
414,candidate_2,candidate_3,candidate_1,candidate_4,4,0.1475
415,candidate_2,candidate_3,candidate_1,candidate_4,4,0.1475
416,candidate_2,candidate_3,candidate_1,candidate_4,4,0.1475
417,candidate_2,0,0,candidate_4,4,0.1475
418,candidate_2,0,candidate_1,candidate_4,4,0.1475
419,candidate_2,candidate_3,candidate_1,candidate_4,4,0.1475
420,candidate_2,candidate_3,candidate_1,candidate_4,4,0.1475
421,candidate_2,candidate_3,candidate_1,candidate_4,4,0.1475
422,candidate_2,candidate_3,candidate_1,candidate_4,4,0.1475
423,candidate_2,0,candidate_1,candidate_4,4,0.1475
424,candidate_2,candidate_3,candidate_1,candidate_4,4,0.1475
425,candidate_2,candidate_3,candidate_1,0,4,0.1475
426,candidate_2,candidate_3,candidate_1,candidate_4,4,0.1475
427,candidate_2,candidate_3,candidate_1,candidate_4,4,0.1475
428,candidate_2,candidate_3,candidate_1,candidate_4,4,0.1475
429,candidate_2,0,candidate_1,candidate_4,4,0.1475
430,candidate_2,candidate_3,candidate_1,0,4,0.1475
431,0,candidate_3,0,candidate_4,4,0.1475
432,candidate_2,candidate_3,candidate_1,candidate_4,4,0.1475
433,candidate_2,candidate_3,candidate_1,0,4,0.1475
434,candidate_2,candidate_3,candidate_1,candidate_4,4,0.1475
435,candidate_2,0,candidate_1,candidate_4,4,0.1475
436,candidate_2,candidate_3,candidate_1,candidate_4,4,0.1475
437,candidate_2,candidate_3,candidate_1,0,4,0.1475
438,candidate_2,0,candidate_1,candidate_4,4,0.1475
439,candidate_2,candidate_3,candidate_1,candidate_4,4,0.1475
440,candidate_2,candidate_3,candidate_1,0,4,0.1475
441,candidate_2,candidate_3,candidate_1,candidate_4,4,0.1475
442,0,0,candidate_1,candidate_4,4,0.1475
443,candidate_2,candidate_3,0,0,4,0.1475
444,candidate_2,candidate_3,candidate_1,0,4,0.1475
445,candidate_2,candidate_3,0,0,4,0.1475
446,0,candidate_3,candidate_1,candidate_4,4,0.1475
447,candidate_2,0,0,candidate_4,4,0.1475
448,candidate_2,candidate_3,candidate_1,candidate_4,4,0.1475
449,candidate_2,candidate_3,0,candidate_4,4,0.1475
450,candidate_2,candidate_3,candidate_1,candidate_4,4,0.1475
451,candidate_2,candidate_3,candidate_1,candidate_4,4,0.1475
452,candidate_2,candidate_3,candidate_1,candidate_4,4,0.1475
453,candidate_2,candidate_3,candidate_1,0,4,0.1475
454,candidate_2,candidate_3,candidate_1,candidate_4,4,0.1475
455,candidate_2,candidate_3,candidate_1,candidate_4,4,0.1475
456,candidate_2,candidate_3,candidate_1,candidate_4,4,0.1475
457,candidate_2,candidate_3,candidate_1,candidate_4,4,0.1475
458,candidate_2,candidate_3,candidate_1,0,4,0.1475
459,0,candidate_3,candidate_1,candidate_4,4,0.1475
460,candidate_2,candidate_3,0,candidate_4,4,0.1475
461,candidate_2,candidate_3,candidate_1,candidate_4,4,0.1475
462,candidate_2,candidate_3,candidate_1,candidate_4,4,0.1475
463,candidate_2,candidate_3,candidate_1,candidate_4,4,0.1475
464,candidate_2,0,candidate_1,candidate_4,4,0.1475
465,candidate_2,0,candidate_1,candidate_4,4,0.1475
466,candidate_2,candidate_3,candidate_1,0,4,0.1475
467,candidate_2,0,candidate_1,candidate_4,4,0.1475
468,candidate_2,candidate_3,candidate_1,candidate_4,4,0.1475
469,0,candidate_3,candidate_1,candidate_4,4,0.1475
470,0,candidate_3,0,candidate_4,4,0.1475
471,0,candidate_3,candidate_1,candidate_4,4,0.1475
472,candidate_2,candidate_3,candidate_1,candidate_4,4,0.1475
473,candidate_2,candidate_3,candidate_1,candidate_4,4,0.1475
474,candidate_2,candidate_3,candidate_1,candidate_4,4,0.1475
475,candidate_2,candidate_3,candidate_1,candidate_4,4,0.1475
476,candidate_2,candidate_3,0,0,4,0.1475
477,candidate_2,0,candidate_1,candidate_4,4,0.1475
478,candidate_2,candidate_3,candidate_1,candidate_4,4,0.1475
479,candidate_2,candidate_3,0,0,4,0.1475
480,candidate_2,0,candidate_1,candidate_4,4,0.1475
481,0,candidate_3,candidate_1,candidate_4,4,0.1475
482,candidate_2,candidate_3,candidate_1,candidate_4,4,0.1475
483,candidate_2,candidate_3,candidate_1,candidate_4,4,0.1475
484,candidate_2,candidate_3,candidate_1,candidate_4,4,0.1475
485,0,candidate_3,candidate_1,candidate_4,4,0.1475
486,candidate_2,candidate_3,0,candidate_4,4,0.1475
487,candidate_2,candidate_3,candidate_1,candidate_4,4,0.1475
488,candidate_2,0,candidate_1,candidate_4,4,0.1475
489,0,candidate_3,candidate_1,candidate_4,4,0.1475
490,candidate_2,candidate_3,candidate_1,candidate_4,4,0.1475
491,candidate_2,candidate_3,candidate_1,0,4,0.1475
492,candidate_2,candidate_3,candidate_1,0,4,0.1475
493,candidate_2,candidate_3,candidate_1,candidate_4,4,0.1475
494,candidate_2,candidate_3,candidate_1,candidate_4,4,0.1475
495,candidate_2,candidate_3,candidate_1,0,4,0.1475
496,candidate_2,candidate_3,candidate_1,candidate_4,4,0.1475
497,candidate_2,candidate_3,candidate_1,candidate_4,4,0.1475
498,0,candidate_3,candidate_1,candidate_4,4,0.1475
499,candidate_2,candidate_3,candidate_1,candidate_4,4,0.1475
500,candidate_2,candidate_3,candidate_1,0,4,0.1475
501,candidate_2,candidate_3,candidate_1,candidate_4,4,0.1475
502,0,candidate_3,candidate_1,candidate_4,4,0.1475
503,candidate_2,candidate_3,candidate_1,candidate_4,4,0.1475
504,candidate_2,candidate_3,candidate_1,candidate_4,4,0.1475
505,candidate_2,0,candidate_1,candidate_4,4,0.1475
506,candidate_2,candidate_3,candidate_1,candidate_4,4,0.1475
507,candidate_2,0,candidate_1,candidate_4,4,0.1475
508,candidate_2,candidate_3,candidate_1,candidate_4,4,0.1475
509,candidate_2,candidate_3,0,0,4,0.1475
510,0,candidate_3,candidate_1,candidate_4,4,0.1475
511,candidate_2,candidate_3,candidate_1,candidate_4,4,0.1475
512,candidate_2,candidate_3,candidate_1,0,4,0.1475
513,candidate_2,candidate_3,candidate_1,0,4,0.1475
514,candidate_2,candidate_3,candidate_1,candidate_4,4,0.1475
515,candidate_2,candidate_3,candidate_1,candidate_4,4,0.1475
516,0,candidate_3,candidate_1,candidate_4,4,0.1475
517,candidate_2,candidate_3,0,candidate_4,4,0.1475
518,0,0,candidate_1,candidate_4,4,0.1475
519,candidate_2,candidate_3,candidate_1,candidate_4,4,0.1475
520,candidate_2,candidate_3,candidate_1,candidate_4,4,0.1475
521,candidate_2,0,candidate_1,candidate_4,4,0.1475
522,candidate_2,candidate_3,0,candidate_4,4,0.1475
523,candidate_2,0,candidate_1,candidate_4,4,0.1475
524,candidate_2,candidate_3,0,candidate_4,4,0.1475
525,candidate_2,candidate_3,candidate_1,candidate_4,4,0.1475
526,candidate_2,candidate_3,candidate_1,0,4,0.1475
527,0,candidate_3,candidate_1,0,4,0.1475
528,candidate_2,candidate_3,candidate_1,candidate_4,4,0.1475
529,candidate_2,candidate_3,0,candidate_4,4,0.1475
530,candidate_2,candidate_3,candidate_1,candidate_4,4,0.1475
531,candidate_2,candidate_3,candidate_1,candidate_4,4,0.1475
532,candidate_2,candidate_3,candidate_1,candidate_4,4,0.1475
533,candidate_2,candidate_3,candidate_1,candidate_4,4,0.1475
534,0,candidate_3,candidate_1,0,4,0.1475
535,0,candidate_3,candidate_1,candidate_4,4,0.1475
536,candidate_2,candidate_3,candidate_1,candidate_4,4,0.1475
537,candidate_2,candidate_3,candidate_1,0,4,0.1475
538,candidate_2,candidate_3,candidate_1,candidate_4,4,0.1475
539,candidate_2,candidate_3,candidate_1,candidate_4,4,0.1475
540,0,candidate_3,candidate_1,candidate_4,4,0.1475
541,0,candidate_3,candidate_1,candidate_4,4,0.1475
542,candidate_2,candidate_3,candidate_1,candidate_4,4,0.1475
543,0,candidate_3,candidate_1,candidate_4,4,0.1475
544,candidate_2,candidate_3,candidate_1,0,4,0.1475
545,candidate_2,0,candidate_1,candidate_4,4,0.1475
546,candidate_2,candidate_3,candidate_1,candidate_4,4,0.1475
547,candidate_2,candidate_3,0,0,4,0.1475
548,candidate_2,candidate_3,candidate_1,candidate_4,4,0.1475
549,candidate_2,candidate_3,candidate_1,0,4,0.1475
550,candidate_2,candidate_3,candidate_1,candidate_4,4,0.1475
551,candidate_2,candidate_3,candidate_1,candidate_4,4,0.1475
552,candidate_2,0,candidate_1,candidate_4,4,0.1475
553,candidate_2,candidate_3,candidate_1,candidate_4,4,0.1475
554,candidate_2,0,candidate_1,candidate_4,4,0.1475
555,candidate_2,candidate_3,candidate_1,candidate_4,4,0.1475
556,candidate_2,candidate_3,candidate_1,0,4,0.1475
557,candidate_2,candidate_3,candidate_1,candidate_4,4,0.1475
558,candidate_2,candidate_3,candidate_1,0,4,0.1475
559,candidate_2,candidate_3,candidate_1,0,4,0.1475
560,candidate_2,candidate_3,candidate_1,candidate_4,4,0.1475
561,candidate_2,0,candidate_1,candidate_4,4,0.1475
562,candidate_2,candidate_3,candidate_1,candidate_4,4,0.1475
563,0,candidate_3,candidate_1,candidate_4,4,0.1475
564,candidate_2,candidate_3,0,candidate_4,4,0.1475
565,0,candidate_3,candidate_1,candidate_4,4,0.1475
566,candidate_2,candidate_3,candidate_1,0,4,0.1475
567,candidate_2,candidate_3,candidate_1,candidate_4,4,0.1475
568,candidate_2,candidate_3,0,candidate_4,4,0.1475
569,candidate_2,candidate_3,candidate_1,candidate_4,4,0.1475
570,candidate_2,candidate_3,candidate_1,candidate_4,4,0.1475
571,candidate_2,candidate_3,candidate_1,candidate_4,4,0.1475
572,candidate_2,candidate_3,candidate_1,candidate_4,4,0.1475
573,candidate_2,candidate_3,0,candidate_4,4,0.1475
574,candidate_2,candidate_3,candidate_1,candidate_4,4,0.1475
575,candidate_2,candidate_3,0,candidate_4,4,0.1475
576,0,candidate_3,candidate_1,candidate_4,4,0.1475
577,candidate_2,candidate_3,candidate_1,candidate_4,4,0.1475
578,candidate_2,candidate_3,candidate_1,0,4,0.1475
579,0,candidate_3,candidate_1,candidate_4,4,0.1475
580,candidate_2,candidate_3,candidate_1,candidate_4,4,0.1475
581,candidate_2,candidate_3,candidate_1,0,4,0.1475
582,candidate_2,candidate_3,0,0,4,0.1475
583,candidate_2,candidate_3,candidate_1,0,4,0.1475
584,candidate_2,candidate_3,candidate_1,candidate_4,4,0.1475
585,candidate_2,candidate_3,candidate_1,candidate_4,4,0.1475
586,0,candidate_3,candidate_1,candidate_4,4,0.1475
587,0,0,candidate_1,candidate_4,4,0.1475
588,candidate_2,candidate_3,candidate_1,candidate_4,4,0.1475
589,candidate_2,candidate_3,candidate_1,0,4,0.1475
590,candidate_2,candidate_3,candidate_1,candidate_4,4,0.1475
591,candidate_2,0,candidate_1,0,4,0.1475
592,candidate_2,0,candidate_1,candidate_4,4,0.1475
593,0,0,candidate_1,candidate_4,4,0.1475
594,candidate_2,candidate_3,candidate_1,candidate_4,4,0.1475
595,candidate_2,candidate_3,candidate_1,candidate_4,4,0.1475
596,candidate_2,candidate_3,candidate_1,candidate_4,4,0.1475
597,candidate_2,candidate_3,candidate_1,candidate_4,4,0.1475
598,candidate_2,candidate_3,candidate_1,0,4,0.1475
599,candidate_2,candidate_3,candidate_1,candidate_4,4,0.1475
600,candidate_2,candidate_3,0,candidate_4,4,0.1475
601,candidate_2,candidate_3,candidate_1,candidate_4,4,0.1475
602,0,candidate_3,0,candidate_4,4,0.1475
603,candidate_2,candidate_3,candidate_1,0,4,0.1475
604,candidate_2,0,candidate_1,candidate_4,4,0.1475
605,0,candidate_3,candidate_1,candidate_4,4,0.1475
606,candidate_2,candidate_3,candidate_1,0,4,0.1475
607,candidate_2,candidate_3,candidate_1,candidate_4,4,0.1475
608,candidate_2,candidate_3,candidate_1,candidate_4,4,0.1475
609,candidate_2,0,candidate_1,candidate_4,4,0.1475
610,0,candidate_3,candidate_1,candidate_4,4,0.1475
611,candidate_2,0,candidate_1,candidate_4,4,0.1475
612,candidate_2,candidate_3,0,0,4,0.1475
613,candidate_2,candidate_3,candidate_1,candidate_4,4,0.1475
614,candidate_2,candidate_3,candidate_1,candidate_4,4,0.1475
615,candidate_2,candidate_3,candidate_1,candidate_4,4,0.1475
616,candidate_2,0,candidate_1,candidate_4,4,0.1475
617,candidate_2,candidate_3,candidate_1,candidate_4,4,0.1475
618,candidate_2,candidate_3,0,candidate_4,4,0.1475
619,candidate_2,candidate_3,candidate_1,candidate_4,4,0.1475
620,candidate_2,candidate_3,candidate_1,candidate_4,4,0.1475
621,candidate_2,candidate_3,candidate_1,candidate_4,4,0.1475
622,candidate_2,candidate_3,candidate_1,candidate_4,4,0.1475
623,0,candidate_3,candidate_1,candidate_4,4,0.1475
624,candidate_2,candidate_3,candidate_1,candidate_4,4,0.1475
625,0,candidate_3,candidate_1,candidate_4,4,0.1475
626,candidate_2,0,candidate_1,candidate_4,4,0.1475
627,candidate_2,candidate_3,candidate_1,candidate_4,4,0.1475
628,candidate_2,candidate_3,0,candidate_4,4,0.1475
629,candidate_2,candidate_3,0,candidate_4,4,0.1475
630,candidate_2,candidate_3,candidate_1,candidate_4,4,0.1475
631,candidate_2,candidate_3,candidate_1,candidate_4,4,0.1475
632,candidate_2,candidate_3,candidate_1,candidate_4,4,0.1475
633,candidate_2,candidate_3,candidate_1,candidate_4,4,0.1475
634,candidate_2,candidate_3,candidate_1,candidate_4,4,0.1475
635,candidate_2,candidate_3,candidate_1,candidate_4,4,0.1475
636,candidate_2,candidate_3,candidate_1,candidate_4,4,0.1475
637,candidate_2,candidate_3,candidate_1,0,4,0.1475
638,0,candidate_3,candidate_1,candidate_4,4,0.1475
639,candidate_2,candidate_3,candidate_1,candidate_4,4,0.1475
640,0,candidate_3,candidate_1,candidate_4,4,0.1475
641,candidate_2,candidate_3,candidate_1,candidate_4,4,0.1475
642,candidate_2,candidate_3,0,candidate_4,4,0.1475
643,candidate_2,candidate_3,0,candidate_4,4,0.1475
644,candidate_2,candidate_3,candidate_1,candidate_4,4,0.1475
645,candidate_2,candidate_3,candidate_1,0,4,0.1475
646,candidate_2,candidate_3,0,candidate_4,4,0.1475
647,candidate_2,candidate_3,candidate_1,0,4,0.1475
648,candidate_2,candidate_3,candidate_1,candidate_4,4,0.1475
649,candidate_2,candidate_3,candidate_1,candidate_4,4,0.1475
650,candidate_2,0,candidate_1,candidate_4,4,0.1475
651,candidate_2,candidate_3,candidate_1,candidate_4,4,0.1475
652,candidate_2,candidate_3,candidate_1,candidate_4,4,0.1475
653,0,candidate_3,candidate_1,candidate_4,4,0.1475
654,candidate_2,candidate_3,candidate_1,candidate_4,4,0.1475
655,candidate_2,candidate_3,candidate_1,candidate_4,4,0.1475
656,candidate_2,candidate_3,candidate_1,0,4,0.1475
657,candidate_2,candidate_3,candidate_1,candidate_4,4,0.1475
658,candidate_2,0,candidate_1,0,4,0.1475
659,candidate_2,candidate_3,candidate_1,candidate_4,4,0.1475
660,candidate_2,candidate_3,candidate_1,candidate_4,4,0.1475
661,candidate_2,0,candidate_1,candidate_4,4,0.1475
662,candidate_2,0,candidate_1,candidate_4,4,0.1475
663,candidate_2,candidate_3,candidate_1,candidate_4,4,0.1475
664,candidate_2,candidate_3,candidate_1,candidate_4,4,0.1475
665,candidate_2,0,candidate_1,candidate_4,4,0.1475
666,0,candidate_3,candidate_1,candidate_4,4,0.1475
667,candidate_2,candidate_3,candidate_1,0,4,0.1475
668,candidate_2,candidate_3,candidate_1,0,4,0.1475
669,candidate_2,candidate_3,candidate_1,candidate_4,4,0.1475
670,candidate_2,candidate_3,candidate_1,candidate_4,4,0.1475
671,candidate_2,candidate_3,candidate_1,candidate_4,4,0.1475
672,0,candidate_3,candidate_1,candidate_4,4,0.1475
673,candidate_2,0,candidate_1,candidate_4,4,0.1475
674,candidate_2,0,candidate_1,candidate_4,4,0.1475
675,candidate_2,candidate_3,candidate_1,candidate_4,4,0.1475
676,candidate_2,candidate_3,candidate_1,0,4,0.1475
677,0,candidate_3,candidate_1,0,4,0.1475
678,0,candidate_3,candidate_1,candidate_4,4,0.1475
679,candidate_2,0,candidate_1,candidate_4,4,0.1475
680,candidate_2,candidate_3,candidate_1,candidate_4,4,0.1475
681,candidate_2,candidate_3,candidate_1,candidate_4,4,0.1475
682,candidate_2,candidate_3,0,candidate_4,4,0.1475
683,candidate_2,candidate_3,candidate_1,candidate_4,4,0.1475
684,candidate_2,0,candidate_1,candidate_4,4,0.1475
685,candidate_2,candidate_3,candidate_1,candidate_4,4,0.1475
686,candidate_2,candidate_3,candidate_1,candidate_4,4,0.1475
687,candidate_2,candidate_3,candidate_1,candidate_4,4,0.1475
688,candidate_2,0,candidate_1,candidate_4,4,0.1475
689,candidate_2,candidate_3,0,candidate_4,4,0.1475
690,0,candidate_3,candidate_1,candidate_4,4,0.1475
691,candidate_2,candidate_3,candidate_1,candidate_4,4,0.1475
692,candidate_2,candidate_3,candidate_1,candidate_4,4,0.1475
693,candidate_2,candidate_3,candidate_1,0,4,0.1475
694,candidate_2,candidate_3,candidate_1,candidate_4,4,0.1475
695,candidate_2,candidate_3,candidate_1,candidate_4,4,0.1475
696,candidate_2,candidate_3,candidate_1,0,4,0.1475
697,candidate_2,candidate_3,candidate_1,candidate_4,4,0.1475
698,candidate_2,candidate_3,candidate_1,candidate_4,4,0.1475
699,candidate_2,candidate_3,0,candidate_4,4,0.1475
700,candidate_2,candidate_3,candidate_1,candidate_4,4,0.1475
701,0,0,candidate_1,0,4,0.1475
702,candidate_2,candidate_3,candidate_1,candidate_4,4,0.1475
703,candidate_2,candidate_3,candidate_1,candidate_4,4,0.1475
704,candidate_2,candidate_3,candidate_1,candidate_4,4,0.1475
705,candidate_2,candidate_3,candidate_1,candidate_4,4,0.1475
706,candidate_2,candidate_3,candidate_1,0,4,0.1475
707,candidate_2,candidate_3,candidate_1,0,4,0.1475
708,candidate_2,0,candidate_1,candidate_4,4,0.1475
709,candidate_2,candidate_3,candidate_1,candidate_4,4,0.1475
710,0,candidate_3,candidate_1,candidate_4,4,0.1475
711,candidate_2,candidate_3,candidate_1,candidate_4,4,0.1475
712,candidate_2,0,candidate_1,candidate_4,4,0.1475
713,candidate_2,candidate_3,candidate_1,candidate_4,4,0.1475
714,candidate_2,candidate_3,0,candidate_4,4,0.1475
715,candidate_2,candidate_3,candidate_1,candidate_4,4,0.1475
716,candidate_2,candidate_3,candidate_1,candidate_4,4,0.1475
717,0,candidate_3,candidate_1,candidate_4,4,0.1475
718,0,0,candidate_1,candidate_4,4,0.1475
719,candidate_2,0,0,candidate_4,4,0.1475
720,candidate_2,candidate_3,candidate_1,0,4,0.1475
721,candidate_2,candidate_3,candidate_1,candidate_4,4,0.1475
722,candidate_2,candidate_3,candidate_1,candidate_4,4,0.1475
723,candidate_2,candidate_3,0,candidate_4,4,0.1475
724,candidate_2,candidate_3,candidate_1,0,4,0.1475
725,candidate_2,0,candidate_1,candidate_4,4,0.1475
726,candidate_2,candidate_3,candidate_1,candidate_4,4,0.1475
727,candidate_2,candidate_3,candidate_1,candidate_4,4,0.1475
728,candidate_2,candidate_3,candidate_1,candidate_4,4,0.1475
729,candidate_2,candidate_3,candidate_1,candidate_4,4,0.1475
730,candidate_2,candidate_3,candidate_1,candidate_4,4,0.1475
731,candidate_2,candidate_3,candidate_1,candidate_4,4,0.1475
732,candidate_2,candidate_3,candidate_1,candidate_4,4,0.1475
733,candidate_2,0,candidate_1,candidate_4,4,0.1475
734,candidate_2,candidate_3,candidate_1,0,4,0.1475
735,0,candidate_3,candidate_1,0,4,0.1475
736,candidate_2,candidate_3,candidate_1,candidate_4,4,0.1475
737,candidate_2,candidate_3,candidate_1,candidate_4,4,0.1475
738,0,0,candidate_1,candidate_4,4,0.1475
739,candidate_2,candidate_3,candidate_1,0,4,0.1475
740,candidate_2,candidate_3,candidate_1,0,4,0.1475
741,candidate_2,candidate_3,candidate_1,0,4,0.1475
742,0,candidate_3,candidate_1,candidate_4,4,0.1475
743,candidate_2,candidate_3,candidate_1,candidate_4,4,0.1475
744,candidate_2,candidate_3,candidate_1,0,4,0.1475
745,candidate_2,candidate_3,candidate_1,candidate_4,4,0.1475
746,candidate_2,candidate_3,candidate_1,candidate_4,4,0.1475
747,candidate_2,0,candidate_1,0,4,0.1475
748,candidate_2,candidate_3,candidate_1,candidate_4,4,0.1475
749,candidate_2,candidate_3,candidate_1,candidate_4,4,0.1475
750,candidate_2,candidate_3,candidate_1,candidate_4,4,0.1475
751,candidate_2,candidate_3,candidate_1,candidate_4,4,0.1475
752,candidate_2,candidate_3,candidate_1,0,4,0.1475
753,candidate_2,candidate_3,candidate_1,candidate_4,4,0.1475
754,candidate_2,candidate_3,0,candidate_4,4,0.1475
755,candidate_2,0,candidate_1,0,4,0.1475
756,candidate_2,candidate_3,candidate_1,candidate_4,4,0.1475
757,candidate_2,candidate_3,candidate_1,0,4,0.1475
758,candidate_2,candidate_3,candidate_1,candidate_4,4,0.1475
759,candidate_2,candidate_3,candidate_1,candidate_4,4,0.1475
760,candidate_2,candidate_3,0,candidate_4,4,0.1475
761,candidate_2,candidate_3,0,candidate_4,4,0.1475
762,candidate_2,candidate_3,candidate_1,candidate_4,4,0.1475
763,candidate_2,0,candidate_1,0,4,0.1475
764,candidate_2,candidate_3,candidate_1,candidate_4,4,0.1475
765,candidate_2,0,candidate_1,candidate_4,4,0.1475
766,candidate_2,candidate_3,candidate_1,0,4,0.1475
767,candidate_2,0,candidate_1,candidate_4,4,0.1475
768,candidate_2,candidate_3,candidate_1,0,4,0.1475
769,0,candidate_3,candidate_1,candidate_4,4,0.1475
770,candidate_2,0,candidate_1,candidate_4,4,0.1475
771,candidate_2,candidate_3,candidate_1,candidate_4,4,0.1475
772,candidate_2,candidate_3,candidate_1,candidate_4,4,0.1475
773,candidate_2,candidate_3,candidate_1,candidate_4,4,0.1475
774,0,0,candidate_1,candidate_4,4,0.1475
775,candidate_2,candidate_3,candidate_1,candidate_4,4,0.1475
776,candidate_2,candidate_3,candidate_1,candidate_4,4,0.1475
777,candidate_2,candidate_3,candidate_1,candidate_4,4,0.1475
778,candidate_2,candidate_3,candidate_1,candidate_4,4,0.1475
779,candidate_2,candidate_3,candidate_1,candidate_4,4,0.1475
780,candidate_2,candidate_3,candidate_1,candidate_4,4,0.1475
781,candidate_2,candidate_3,candidate_1,candidate_4,4,0.1475
782,candidate_2,candidate_3,candidate_1,candidate_4,4,0.1475
783,candidate_2,0,0,candidate_4,4,0.1475
784,candidate_2,candidate_3,candidate_1,candidate_4,4,0.1475
785,candidate_2,candidate_3,candidate_1,candidate_4,4,0.1475
786,0,candidate_3,candidate_1,candidate_4,4,0.1475
787,candidate_2,candidate_3,candidate_1,candidate_4,4,0.1475
788,0,candidate_3,candidate_1,candidate_4,4,0.1475
789,0,candidate_3,candidate_1,candidate_4,4,0.1475
790,candidate_2,candidate_3,candidate_1,candidate_4,4,0.1475
791,0,candidate_3,candidate_1,candidate_4,4,0.1475
792,0,candidate_3,candidate_1,candidate_4,4,0.1475
793,candidate_2,candidate_3,candidate_1,candidate_4,4,0.1475
794,candidate_2,0,candidate_1,candidate_4,4,0.1475
795,candidate_2,candidate_3,candidate_1,0,4,0.1475
796,candidate_2,candidate_3,candidate_1,candidate_4,4,0.1475
797,candidate_2,candidate_3,0,candidate_4,4,0.1475
798,0,candidate_3,candidate_1,candidate_4,4,0.1475
799,candidate_2,candidate_3,0,candidate_4,4,0.1475
800,candidate_2,candidate_3,0,candidate_4,4,0.1475
801,candidate_2,candidate_3,candidate_1,candidate_4,4,0.1475
802,candidate_2,candidate_3,candidate_1,candidate_4,4,0.1475
803,candidate_2,candidate_3,0,candidate_4,4,0.1475
804,candidate_2,candidate_3,candidate_1,candidate_4,4,0.1475
805,candidate_2,candidate_3,candidate_1,candidate_4,4,0.1475
806,candidate_2,candidate_3,candidate_1,0,4,0.1475
807,candidate_2,candidate_3,candidate_1,candidate_4,4,0.1475
808,candidate_2,candidate_3,candidate_1,candidate_4,4,0.1475
809,candidate_2,candidate_3,candidate_1,candidate_4,4,0.1475
810,0,0,candidate_1,candidate_4,4,0.1475
811,candidate_2,candidate_3,candidate_1,candidate_4,4,0.1475
812,candidate_2,candidate_3,0,candidate_4,4,0.1475
813,candidate_2,candidate_3,candidate_1,candidate_4,4,0.1475
814,candidate_2,candidate_3,candidate_1,candidate_4,4,0.1475
815,candidate_2,candidate_3,candidate_1,candidate_4,4,0.1475
816,candidate_2,candidate_3,candidate_1,candidate_4,4,0.1475
817,candidate_2,candidate_3,candidate_1,candidate_4,4,0.1475
818,candidate_2,candidate_3,candidate_1,candidate_4,4,0.1475
819,0,candidate_3,0,candidate_4,4,0.1475
820,0,candidate_3,candidate_1,candidate_4,4,0.1475
821,candidate_2,candidate_3,candidate_1,candidate_4,4,0.1475
822,0,candidate_3,candidate_1,candidate_4,4,0.1475
823,0,candidate_3,0,candidate_4,4,0.1475
824,candidate_2,candidate_3,candidate_1,0,4,0.1475
825,candidate_2,candidate_3,candidate_1,candidate_4,4,0.1475
826,candidate_2,candidate_3,candidate_1,candidate_4,4,0.1475
827,candidate_2,candidate_3,candidate_1,candidate_4,4,0.1475
828,0,candidate_3,candidate_1,candidate_4,4,0.1475
829,candidate_2,candidate_3,candidate_1,candidate_4,4,0.1475
830,candidate_2,candidate_3,candidate_1,candidate_4,4,0.1475
831,candidate_2,candidate_3,candidate_1,candidate_4,4,0.1475
832,candidate_2,0,0,0,4,0.1475
833,candidate_2,candidate_3,candidate_1,0,4,0.1475
834,candidate_2,0,candidate_1,candidate_4,4,0.1475
835,0,candidate_3,candidate_1,candidate_4,4,0.1475
836,candidate_2,candidate_3,candidate_1,candidate_4,4,0.1475
837,candidate_2,candidate_3,candidate_1,0,4,0.1475
838,candidate_2,candidate_3,0,0,4,0.1475
839,candidate_2,candidate_3,candidate_1,0,4,0.1475
840,candidate_2,candidate_3,candidate_1,candidate_4,4,0.1475
841,0,candidate_3,0,candidate_4,4,0.1475
842,0,0,candidate_1,candidate_4,4,0.1475
843,candidate_2,candidate_3,0,candidate_4,4,0.1475
844,0,candidate_3,0,0,4,0.1475
845,0,candidate_3,candidate_1,candidate_4,4,0.1475
846,0,candidate_3,candidate_1,0,4,0.1475
847,candidate_2,candidate_3,0,candidate_4,4,0.1475
848,candidate_2,candidate_3,candidate_1,candidate_4,4,0.1475
849,0,0,candidate_1,candidate_4,4,0.1475
850,candidate_2,candidate_3,0,candidate_4,4,0.1475
851,candidate_2,candidate_3,candidate_1,candidate_4,4,0.1475
852,candidate_2,0,candidate_1,candidate_4,4,0.1475
853,candidate_2,candidate_3,candidate_1,candidate_4,4,0.1475
854,candidate_2,candidate_3,candidate_1,candidate_4,4,0.1475
855,candidate_2,candidate_3,candidate_1,candidate_4,4,0.1475
856,candidate_2,candidate_3,candidate_1,candidate_4,4,0.1475
857,0,candidate_3,candidate_1,candidate_4,4,0.1475
858,candidate_2,candidate_3,candidate_1,candidate_4,4,0.1475
859,candidate_2,candidate_3,candidate_1,candidate_4,4,0.1475
860,candidate_2,candidate_3,candidate_1,candidate_4,4,0.1475
861,candidate_2,candidate_3,candidate_1,candidate_4,4,0.1475
862,0,candidate_3,candidate_1,candidate_4,4,0.1475
863,candidate_2,candidate_3,candidate_1,candidate_4,4,0.1475
864,candidate_2,0,candidate_1,candidate_4,4,0.1475
865,0,candidate_3,candidate_1,candidate_4,4,0.1475
866,candidate_2,candidate_3,candidate_1,candidate_4,4,0.1475
867,candidate_2,candidate_3,candidate_1,candidate_4,4,0.1475
868,candidate_2,candidate_3,candidate_1,candidate_4,4,0.1475
869,candidate_2,candidate_3,candidate_1,candidate_4,4,0.1475
870,candidate_2,candidate_3,0,candidate_4,4,0.1475
871,candidate_2,0,candidate_1,candidate_4,4,0.1475
872,0,candidate_3,candidate_1,candidate_4,4,0.1475
873,candidate_2,candidate_3,candidate_1,candidate_4,4,0.1475
874,0,candidate_3,candidate_1,candidate_4,4,0.1475
875,candidate_2,candidate_3,0,candidate_4,4,0.1475
876,candidate_2,candidate_3,candidate_1,candidate_4,4,0.1475
877,candidate_2,candidate_3,candidate_1,candidate_4,4,0.1475
878,0,candidate_3,candidate_1,candidate_4,4,0.1475
879,0,candidate_3,candidate_1,candidate_4,4,0.1475
880,candidate_2,candidate_3,candidate_1,candidate_4,4,0.1475
881,0,candidate_3,0,candidate_4,4,0.1475
882,candidate_2,candidate_3,candidate_1,candidate_4,4,0.1475
883,candidate_2,0,0,candidate_4,4,0.1475
884,candidate_2,0,0,candidate_4,4,0.1475
885,candidate_2,candidate_3,candidate_1,candidate_4,4,0.1475
886,candidate_2,candidate_3,candidate_1,candidate_4,4,0.1475
0,candidate_2,candidate_3,candidate_4,candidate_1,4,0.1475
1,candidate_2,candidate_3,candidate_4,candidate_1,4,0.1475
2,candidate_2,candidate_3,candidate_4,candidate_1,4,0.1475
3,candidate_2,0,candidate_4,candidate_1,4,0.1475
4,0,candidate_3,0,candidate_1,4,0.1475
5,0,candidate_3,candidate_4,candidate_1,4,0.1475
6,candidate_2,candidate_3,candidate_4,candidate_1,4,0.1475
7,candidate_2,0,candidate_4,0,4,0.1475
8,candidate_2,candidate_3,candidate_4,0,4,0.1475
9,candidate_2,candidate_3,candidate_4,candidate_1,4,0.1475
10,candidate_2,candidate_3,candidate_4,candidate_1,4,0.1475
11,candidate_2,0,candidate_4,0,4,0.1475
12,candidate_2,0,candidate_4,candidate_1,4,0.1475
13,0,0,candidate_4,candidate_1,4,0.1475
14,candidate_2,candidate_3,candidate_4,candidate_1,4,0.1475
15,candidate_2,candidate_3,candidate_4,0,4,0.1475
16,candidate_2,candidate_3,candidate_4,candidate_1,4,0.1475
17,candidate_2,candidate_3,candidate_4,candidate_1,4,0.1475
18,candidate_2,candidate_3,candidate_4,candidate_1,4,0.1475
19,candidate_2,candidate_3,candidate_4,candidate_1,4,0.1475
20,candidate_2,candidate_3,0,0,4,0.1475
21,candidate_2,candidate_3,candidate_4,candidate_1,4,0.1475
22,candidate_2,candidate_3,0,candidate_1,4,0.1475
23,0,candidate_3,0,candidate_1,4,0.1475
24,candidate_2,0,candidate_4,candidate_1,4,0.1475
25,candidate_2,candidate_3,candidate_4,candidate_1,4,0.1475
26,candidate_2,candidate_3,candidate_4,candidate_1,4,0.1475
27,candidate_2,candidate_3,candidate_4,candidate_1,4,0.1475
28,candidate_2,candidate_3,candidate_4,candidate_1,4,0.1475
29,candidate_2,candidate_3,candidate_4,candidate_1,4,0.1475
30,candidate_2,candidate_3,candidate_4,candidate_1,4,0.1475
31,0,candidate_3,candidate_4,candidate_1,4,0.1475
32,candidate_2,candidate_3,candidate_4,0,4,0.1475
33,candidate_2,candidate_3,candidate_4,candidate_1,4,0.1475
34,candidate_2,candidate_3,candidate_4,0,4,0.1475
35,candidate_2,0,candidate_4,candidate_1,4,0.1475
36,0,candidate_3,candidate_4,candidate_1,4,0.1475
37,0,0,0,candidate_1,4,0.1475
38,0,candidate_3,candidate_4,0,4,0.1475
39,0,candidate_3,candidate_4,candidate_1,4,0.1475
40,candidate_2,candidate_3,candidate_4,candidate_1,4,0.1475
41,0,candidate_3,candidate_4,candidate_1,4,0.1475
42,0,candidate_3,candidate_4,candidate_1,4,0.1475
43,candidate_2,candidate_3,candidate_4,0,4,0.1475
44,candidate_2,candidate_3,candidate_4,candidate_1,4,0.1475
45,0,0,candidate_4,candidate_1,4,0.1475
46,candidate_2,candidate_3,candidate_4,candidate_1,4,0.1475
47,candidate_2,candidate_3,candidate_4,candidate_1,4,0.1475
48,candidate_2,candidate_3,0,candidate_1,4,0.1475
49,candidate_2,candidate_3,candidate_4,candidate_1,4,0.1475
50,candidate_2,candidate_3,candidate_4,candidate_1,4,0.1475
51,candidate_2,candidate_3,0,candidate_1,4,0.1475
52,candidate_2,candidate_3,candidate_4,candidate_1,4,0.1475
53,candidate_2,candidate_3,candidate_4,candidate_1,4,0.1475
54,0,candidate_3,candidate_4,candidate_1,4,0.1475
55,0,0,candidate_4,candidate_1,4,0.1475
56,candidate_2,0,candidate_4,candidate_1,4,0.1475
57,candidate_2,candidate_3,candidate_4,candidate_1,4,0.1475
58,candidate_2,candidate_3,candidate_4,candidate_1,4,0.1475
59,candidate_2,candidate_3,candidate_4,candidate_1,4,0.1475
60,candidate_2,0,candidate_4,0,4,0.1475
61,candidate_2,0,candidate_4,0,4,0.1475
62,candidate_2,candidate_3,candidate_4,0,4,0.1475
63,0,candidate_3,candidate_4,candidate_1,4,0.1475
64,candidate_2,candidate_3,0,candidate_1,4,0.1475
65,0,candidate_3,candidate_4,candidate_1,4,0.1475
66,candidate_2,candidate_3,candidate_4,candidate_1,4,0.1475
67,candidate_2,candidate_3,0,0,4,0.1475
68,candidate_2,candidate_3,candidate_4,0,4,0.1475
69,candidate_2,candidate_3,0,candidate_1,4,0.1475
70,candidate_2,candidate_3,candidate_4,candidate_1,4,0.1475
71,candidate_2,0,candidate_4,candidate_1,4,0.1475
72,candidate_2,0,candidate_4,candidate_1,4,0.1475
73,candidate_2,candidate_3,0,candidate_1,4,0.1475
74,candidate_2,candidate_3,candidate_4,candidate_1,4,0.1475
75,candidate_2,candidate_3,candidate_4,candidate_1,4,0.1475
76,candidate_2,candidate_3,candidate_4,candidate_1,4,0.1475
77,0,candidate_3,candidate_4,candidate_1,4,0.1475
78,candidate_2,candidate_3,candidate_4,0,4,0.1475
79,candidate_2,candidate_3,0,candidate_1,4,0.1475
80,candidate_2,candidate_3,candidate_4,candidate_1,4,0.1475
81,candidate_2,0,candidate_4,candidate_1,4,0.1475
82,candidate_2,candidate_3,candidate_4,0,4,0.1475
83,candidate_2,candidate_3,0,candidate_1,4,0.1475
84,candidate_2,0,0,candidate_1,4,0.1475
85,candidate_2,candidate_3,candidate_4,candidate_1,4,0.1475
86,candidate_2,candidate_3,candidate_4,candidate_1,4,0.1475
87,candidate_2,candidate_3,candidate_4,candidate_1,4,0.1475
88,0,candidate_3,candidate_4,candidate_1,4,0.1475
89,candidate_2,candidate_3,candidate_4,0,4,0.1475
90,candidate_2,candidate_3,candidate_4,candidate_1,4,0.1475
91,candidate_2,0,candidate_4,candidate_1,4,0.1475
92,candidate_2,candidate_3,candidate_4,candidate_1,4,0.1475
93,0,candidate_3,0,candidate_1,4,0.1475
94,candidate_2,candidate_3,candidate_4,candidate_1,4,0.1475
95,candidate_2,0,0,candidate_1,4,0.1475
96,candidate_2,candidate_3,candidate_4,0,4,0.1475
97,candidate_2,candidate_3,candidate_4,candidate_1,4,0.1475
98,candidate_2,candidate_3,candidate_4,candidate_1,4,0.1475
99,candidate_2,candidate_3,candidate_4,0,4,0.1475
100,candidate_2,candidate_3,candidate_4,0,4,0.1475
101,candidate_2,candidate_3,candidate_4,0,4,0.1475
102,candidate_2,candidate_3,candidate_4,0,4,0.1475
103,candidate_2,candidate_3,candidate_4,candidate_1,4,0.1475
104,candidate_2,candidate_3,0,0,4,0.1475
105,candidate_2,candidate_3,candidate_4,candidate_1,4,0.1475
106,candidate_2,candidate_3,candidate_4,candidate_1,4,0.1475
107,candidate_2,candidate_3,candidate_4,candidate_1,4,0.1475
108,candidate_2,0,candidate_4,candidate_1,4,0.1475
109,candidate_2,candidate_3,candidate_4,candidate_1,4,0.1475
110,candidate_2,candidate_3,candidate_4,candidate_1,4,0.1475
111,candidate_2,candidate_3,candidate_4,0,4,0.1475
112,candidate_2,candidate_3,candidate_4,candidate_1,4,0.1475
113,candidate_2,candidate_3,candidate_4,candidate_1,4,0.1475
114,0,candidate_3,candidate_4,candidate_1,4,0.1475
115,candidate_2,candidate_3,candidate_4,candidate_1,4,0.1475
116,candidate_2,0,candidate_4,candidate_1,4,0.1475
117,candidate_2,candidate_3,candidate_4,candidate_1,4,0.1475
118,candidate_2,candidate_3,candidate_4,candidate_1,4,0.1475
119,0,0,candidate_4,candidate_1,4,0.1475
120,candidate_2,candidate_3,candidate_4,candidate_1,4,0.1475
121,candidate_2,0,candidate_4,candidate_1,4,0.1475
122,candidate_2,candidate_3,0,0,4,0.1475
123,candidate_2,candidate_3,candidate_4,0,4,0.1475
124,candidate_2,candidate_3,candidate_4,0,4,0.1475
125,candidate_2,candidate_3,candidate_4,candidate_1,4,0.1475
126,candidate_2,0,candidate_4,candidate_1,4,0.1475
127,candidate_2,candidate_3,candidate_4,candidate_1,4,0.1475
128,0,0,candidate_4,candidate_1,4,0.1475
129,candidate_2,candidate_3,candidate_4,candidate_1,4,0.1475
130,0,candidate_3,candidate_4,candidate_1,4,0.1475
131,0,candidate_3,candidate_4,candidate_1,4,0.1475
132,candidate_2,0,candidate_4,candidate_1,4,0.1475
133,candidate_2,candidate_3,candidate_4,candidate_1,4,0.1475
134,candidate_2,candidate_3,candidate_4,candidate_1,4,0.1475
135,candidate_2,candidate_3,candidate_4,candidate_1,4,0.1475
136,candidate_2,candidate_3,candidate_4,candidate_1,4,0.1475
137,candidate_2,candidate_3,candidate_4,0,4,0.1475
138,candidate_2,candidate_3,candidate_4,candidate_1,4,0.1475
139,candidate_2,candidate_3,0,candidate_1,4,0.1475
140,candidate_2,candidate_3,candidate_4,candidate_1,4,0.1475
141,candidate_2,0,candidate_4,candidate_1,4,0.1475
142,candidate_2,candidate_3,candidate_4,candidate_1,4,0.1475
143,candidate_2,candidate_3,candidate_4,candidate_1,4,0.1475
144,candidate_2,0,candidate_4,candidate_1,4,0.1475
145,candidate_2,candidate_3,candidate_4,0,4,0.1475
146,candidate_2,candidate_3,candidate_4,candidate_1,4,0.1475
147,candidate_2,candidate_3,candidate_4,candidate_1,4,0.1475
148,candidate_2,candidate_3,candidate_4,candidate_1,4,0.1475
149,candidate_2,candidate_3,candidate_4,candidate_1,4,0.1475
150,candidate_2,candidate_3,candidate_4,candidate_1,4,0.1475
151,candidate_2,candidate_3,candidate_4,candidate_1,4,0.1475
152,candidate_2,candidate_3,0,candidate_1,4,0.1475
153,candidate_2,0,candidate_4,candidate_1,4,0.1475
154,0,candidate_3,0,0,4,0.1475
155,candidate_2,candidate_3,candidate_4,candidate_1,4,0.1475
156,candidate_2,candidate_3,candidate_4,candidate_1,4,0.1475
157,candidate_2,candidate_3,candidate_4,candidate_1,4,0.1475
158,candidate_2,candidate_3,candidate_4,candidate_1,4,0.1475
159,candidate_2,candidate_3,candidate_4,candidate_1,4,0.1475
160,candidate_2,0,0,candidate_1,4,0.1475
161,candidate_2,candidate_3,candidate_4,candidate_1,4,0.1475
162,candidate_2,candidate_3,candidate_4,candidate_1,4,0.1475
163,0,candidate_3,candidate_4,candidate_1,4,0.1475
164,candidate_2,candidate_3,candidate_4,candidate_1,4,0.1475
165,candidate_2,candidate_3,candidate_4,candidate_1,4,0.1475
166,candidate_2,candidate_3,candidate_4,candidate_1,4,0.1475
167,candidate_2,candidate_3,candidate_4,candidate_1,4,0.1475
168,candidate_2,candidate_3,candidate_4,candidate_1,4,0.1475
169,candidate_2,candidate_3,candidate_4,candidate_1,4,0.1475
170,candidate_2,0,0,candidate_1,4,0.1475
171,candidate_2,candidate_3,0,candidate_1,4,0.1475
172,candidate_2,candidate_3,candidate_4,candidate_1,4,0.1475
173,candidate_2,candidate_3,0,candidate_1,4,0.1475
174,candidate_2,candidate_3,candidate_4,candidate_1,4,0.1475
175,candidate_2,candidate_3,candidate_4,0,4,0.1475
176,candidate_2,0,candidate_4,candidate_1,4,0.1475
177,candidate_2,candidate_3,candidate_4,candidate_1,4,0.1475
178,candidate_2,candidate_3,0,0,4,0.1475
179,candidate_2,candidate_3,candidate_4,candidate_1,4,0.1475
180,candidate_2,candidate_3,candidate_4,candidate_1,4,0.1475
181,candidate_2,candidate_3,candidate_4,candidate_1,4,0.1475
182,candidate_2,candidate_3,candidate_4,candidate_1,4,0.1475
183,candidate_2,candidate_3,candidate_4,candidate_1,4,0.1475
184,candidate_2,candidate_3,candidate_4,candidate_1,4,0.1475
185,candidate_2,candidate_3,candidate_4,0,4,0.1475
186,candidate_2,candidate_3,candidate_4,candidate_1,4,0.1475
187,candidate_2,0,candidate_4,candidate_1,4,0.1475
188,0,candidate_3,0,candidate_1,4,0.1475
189,candidate_2,candidate_3,candidate_4,candidate_1,4,0.1475
190,0,candidate_3,candidate_4,candidate_1,4,0.1475
191,0,candidate_3,candidate_4,candidate_1,4,0.1475
192,0,candidate_3,0,candidate_1,4,0.1475
193,candidate_2,0,candidate_4,0,4,0.1475
194,candidate_2,candidate_3,candidate_4,0,4,0.1475
195,candidate_2,candidate_3,candidate_4,candidate_1,4,0.1475
196,candidate_2,candidate_3,candidate_4,0,4,0.1475
197,candidate_2,0,candidate_4,candidate_1,4,0.1475
198,candidate_2,candidate_3,candidate_4,candidate_1,4,0.1475
199,candidate_2,candidate_3,candidate_4,0,4,0.1475
200,candidate_2,candidate_3,candidate_4,candidate_1,4,0.1475
201,candidate_2,candidate_3,candidate_4,candidate_1,4,0.1475
202,candidate_2,0,0,candidate_1,4,0.1475
203,candidate_2,candidate_3,candidate_4,candidate_1,4,0.1475
204,candidate_2,candidate_3,candidate_4,candidate_1,4,0.1475
205,candidate_2,candidate_3,candidate_4,candidate_1,4,0.1475
206,candidate_2,candidate_3,candidate_4,candidate_1,4,0.1475
207,candidate_2,candidate_3,candidate_4,candidate_1,4,0.1475
208,candidate_2,0,0,candidate_1,4,0.1475
209,0,0,0,candidate_1,4,0.1475
210,0,candidate_3,candidate_4,candidate_1,4,0.1475
211,0,candidate_3,candidate_4,candidate_1,4,0.1475
212,candidate_2,candidate_3,candidate_4,candidate_1,4,0.1475
213,candidate_2,candidate_3,candidate_4,candidate_1,4,0.1475
214,candidate_2,candidate_3,candidate_4,candidate_1,4,0.1475
215,candidate_2,0,candidate_4,candidate_1,4,0.1475
216,candidate_2,candidate_3,candidate_4,0,4,0.1475
217,candidate_2,candidate_3,candidate_4,candidate_1,4,0.1475
218,candidate_2,candidate_3,candidate_4,candidate_1,4,0.1475
219,candidate_2,candidate_3,0,candidate_1,4,0.1475
220,candidate_2,candidate_3,candidate_4,0,4,0.1475
221,candidate_2,candidate_3,candidate_4,candidate_1,4,0.1475
222,candidate_2,candidate_3,candidate_4,candidate_1,4,0.1475
223,candidate_2,0,candidate_4,0,4,0.1475
224,candidate_2,0,0,candidate_1,4,0.1475
225,candidate_2,candidate_3,candidate_4,candidate_1,4,0.1475
226,candidate_2,candidate_3,candidate_4,candidate_1,4,0.1475
227,candidate_2,0,candidate_4,candidate_1,4,0.1475
228,0,candidate_3,candidate_4,0,4,0.1475
229,candidate_2,candidate_3,candidate_4,candidate_1,4,0.1475
230,0,candidate_3,0,candidate_1,4,0.1475
231,candidate_2,candidate_3,0,0,4,0.1475
232,candidate_2,candidate_3,0,candidate_1,4,0.1475
233,0,candidate_3,candidate_4,candidate_1,4,0.1475
234,candidate_2,candidate_3,candidate_4,0,4,0.1475
235,candidate_2,0,0,0,4,0.1475
236,candidate_2,candidate_3,candidate_4,candidate_1,4,0.1475
237,0,candidate_3,0,candidate_1,4,0.1475
238,candidate_2,candidate_3,candidate_4,candidate_1,4,0.1475
239,candidate_2,candidate_3,candidate_4,candidate_1,4,0.1475
240,candidate_2,candidate_3,candidate_4,candidate_1,4,0.1475
241,candidate_2,candidate_3,candidate_4,candidate_1,4,0.1475
242,candidate_2,candidate_3,candidate_4,0,4,0.1475
243,candidate_2,candidate_3,candidate_4,candidate_1,4,0.1475
244,candidate_2,candidate_3,candidate_4,candidate_1,4,0.1475
245,candidate_2,0,candidate_4,candidate_1,4,0.1475
246,candidate_2,candidate_3,candidate_4,0,4,0.1475
247,candidate_2,0,candidate_4,candidate_1,4,0.1475
248,candidate_2,0,candidate_4,0,4,0.1475
249,candidate_2,candidate_3,0,candidate_1,4,0.1475
250,candidate_2,candidate_3,candidate_4,candidate_1,4,0.1475
251,candidate_2,candidate_3,candidate_4,candidate_1,4,0.1475
252,candidate_2,candidate_3,0,0,4,0.1475
253,candidate_2,candidate_3,candidate_4,candidate_1,4,0.1475
254,candidate_2,candidate_3,candidate_4,candidate_1,4,0.1475
255,candidate_2,candidate_3,candidate_4,candidate_1,4,0.1475
256,candidate_2,candidate_3,candidate_4,candidate_1,4,0.1475
257,candidate_2,candidate_3,0,0,4,0.1475
258,candidate_2,candidate_3,candidate_4,candidate_1,4,0.1475
259,candidate_2,candidate_3,candidate_4,candidate_1,4,0.1475
260,candidate_2,0,candidate_4,candidate_1,4,0.1475
261,candidate_2,0,candidate_4,candidate_1,4,0.1475
262,candidate_2,candidate_3,candidate_4,candidate_1,4,0.1475
263,0,candidate_3,candidate_4,candidate_1,4,0.1475
264,candidate_2,candidate_3,0,candidate_1,4,0.1475
265,candidate_2,candidate_3,0,candidate_1,4,0.1475
266,candidate_2,candidate_3,0,candidate_1,4,0.1475
267,candidate_2,candidate_3,candidate_4,0,4,0.1475
268,candidate_2,candidate_3,candidate_4,0,4,0.1475
269,candidate_2,0,candidate_4,candidate_1,4,0.1475
270,candidate_2,0,candidate_4,candidate_1,4,0.1475
271,candidate_2,candidate_3,candidate_4,candidate_1,4,0.1475
272,candidate_2,0,candidate_4,candidate_1,4,0.1475
273,candidate_2,candidate_3,candidate_4,candidate_1,4,0.1475
274,candidate_2,0,candidate_4,candidate_1,4,0.1475
275,candidate_2,candidate_3,candidate_4,0,4,0.1475
276,candidate_2,candidate_3,candidate_4,0,4,0.1475
277,candidate_2,candidate_3,candidate_4,0,4,0.1475
278,candidate_2,candidate_3,candidate_4,0,4,0.1475
279,candidate_2,candidate_3,candidate_4,candidate_1,4,0.1475
280,candidate_2,candidate_3,candidate_4,candidate_1,4,0.1475
281,candidate_2,0,candidate_4,candidate_1,4,0.1475
282,candidate_2,candidate_3,candidate_4,candidate_1,4,0.1475
283,candidate_2,candidate_3,candidate_4,candidate_1,4,0.1475
284,candidate_2,candidate_3,0,candidate_1,4,0.1475
285,candidate_2,candidate_3,candidate_4,candidate_1,4,0.1475
286,candidate_2,candidate_3,candidate_4,candidate_1,4,0.1475
287,candidate_2,candidate_3,candidate_4,candidate_1,4,0.1475
288,candidate_2,candidate_3,candidate_4,0,4,0.1475
289,candidate_2,candidate_3,candidate_4,candidate_1,4,0.1475
290,candidate_2,0,candidate_4,candidate_1,4,0.1475
291,candidate_2,candidate_3,0,candidate_1,4,0.1475
292,0,candidate_3,0,candidate_1,4,0.1475
293,candidate_2,candidate_3,candidate_4,candidate_1,4,0.1475
294,candidate_2,candidate_3,candidate_4,candidate_1,4,0.1475
295,candidate_2,0,candidate_4,candidate_1,4,0.1475
296,candidate_2,candidate_3,candidate_4,candidate_1,4,0.1475
297,candidate_2,candidate_3,candidate_4,0,4,0.1475
298,candidate_2,candidate_3,candidate_4,candidate_1,4,0.1475
299,candidate_2,candidate_3,candidate_4,candidate_1,4,0.1475
300,candidate_2,candidate_3,candidate_4,candidate_1,4,0.1475
301,candidate_2,candidate_3,candidate_4,candidate_1,4,0.1475
302,candidate_2,candidate_3,0,candidate_1,4,0.1475
303,candidate_2,candidate_3,0,candidate_1,4,0.1475
304,candidate_2,candidate_3,candidate_4,candidate_1,4,0.1475
305,candidate_2,0,candidate_4,candidate_1,4,0.1475
306,candidate_2,candidate_3,candidate_4,candidate_1,4,0.1475
307,candidate_2,candidate_3,candidate_4,0,4,0.1475
308,candidate_2,candidate_3,candidate_4,candidate_1,4,0.1475
309,candidate_2,candidate_3,candidate_4,candidate_1,4,0.1475
310,candidate_2,candidate_3,candidate_4,candidate_1,4,0.1475
311,candidate_2,0,candidate_4,candidate_1,4,0.1475
312,candidate_2,candidate_3,candidate_4,candidate_1,4,0.1475
313,candidate_2,candidate_3,candidate_4,candidate_1,4,0.1475
314,candidate_2,candidate_3,candidate_4,candidate_1,4,0.1475
315,candidate_2,candidate_3,candidate_4,candidate_1,4,0.1475
316,candidate_2,candidate_3,candidate_4,candidate_1,4,0.1475
317,candidate_2,candidate_3,candidate_4,0,4,0.1475
318,candidate_2,candidate_3,candidate_4,candidate_1,4,0.1475
319,candidate_2,candidate_3,candidate_4,0,4,0.1475
320,candidate_2,candidate_3,candidate_4,candidate_1,4,0.1475
321,candidate_2,candidate_3,candidate_4,candidate_1,4,0.1475
322,candidate_2,candidate_3,candidate_4,candidate_1,4,0.1475
323,candidate_2,candidate_3,candidate_4,0,4,0.1475
324,candidate_2,candidate_3,candidate_4,candidate_1,4,0.1475
325,candidate_2,candidate_3,candidate_4,candidate_1,4,0.1475
326,candidate_2,candidate_3,candidate_4,candidate_1,4,0.1475
327,candidate_2,candidate_3,0,0,4,0.1475
328,candidate_2,candidate_3,candidate_4,candidate_1,4,0.1475
329,candidate_2,candidate_3,0,candidate_1,4,0.1475
330,candidate_2,candidate_3,candidate_4,candidate_1,4,0.1475
331,candidate_2,candidate_3,0,candidate_1,4,0.1475
332,0,candidate_3,candidate_4,candidate_1,4,0.1475
333,candidate_2,candidate_3,candidate_4,candidate_1,4,0.1475
334,candidate_2,candidate_3,candidate_4,candidate_1,4,0.1475
335,candidate_2,candidate_3,candidate_4,candidate_1,4,0.1475
336,candidate_2,0,0,candidate_1,4,0.1475
337,candidate_2,candidate_3,candidate_4,candidate_1,4,0.1475
338,candidate_2,candidate_3,candidate_4,candidate_1,4,0.1475
339,candidate_2,0,candidate_4,candidate_1,4,0.1475
340,candidate_2,0,candidate_4,0,4,0.1475
341,candidate_2,candidate_3,candidate_4,candidate_1,4,0.1475
342,candidate_2,0,candidate_4,candidate_1,4,0.1475
343,candidate_2,candidate_3,candidate_4,candidate_1,4,0.1475
344,candidate_2,candidate_3,candidate_4,candidate_1,4,0.1475
345,candidate_2,0,candidate_4,candidate_1,4,0.1475
346,candidate_2,candidate_3,candidate_4,candidate_1,4,0.1475
347,candidate_2,candidate_3,candidate_4,candidate_1,4,0.1475
348,0,candidate_3,candidate_4,candidate_1,4,0.1475
349,candidate_2,candidate_3,candidate_4,0,4,0.1475
350,candidate_2,candidate_3,candidate_4,candidate_1,4,0.1475
351,candidate_2,candidate_3,candidate_4,candidate_1,4,0.1475
352,0,candidate_3,candidate_4,candidate_1,4,0.1475
353,candidate_2,candidate_3,0,0,4,0.1475
354,candidate_2,candidate_3,candidate_4,candidate_1,4,0.1475
355,candidate_2,0,candidate_4,0,4,0.1475
356,candidate_2,candidate_3,candidate_4,candidate_1,4,0.1475
357,candidate_2,candidate_3,candidate_4,candidate_1,4,0.1475
358,candidate_2,candidate_3,candidate_4,0,4,0.1475
359,candidate_2,candidate_3,candidate_4,candidate_1,4,0.1475
360,candidate_2,candidate_3,candidate_4,candidate_1,4,0.1475
361,candidate_2,candidate_3,candidate_4,candidate_1,4,0.1475
362,candidate_2,candidate_3,candidate_4,candidate_1,4,0.1475
363,candidate_2,candidate_3,candidate_4,0,4,0.1475
364,candidate_2,candidate_3,candidate_4,candidate_1,4,0.1475
365,candidate_2,0,candidate_4,candidate_1,4,0.1475
366,candidate_2,0,candidate_4,candidate_1,4,0.1475
367,candidate_2,0,candidate_4,candidate_1,4,0.1475
368,0,candidate_3,0,candidate_1,4,0.1475
369,0,candidate_3,candidate_4,candidate_1,4,0.1475
370,candidate_2,candidate_3,0,candidate_1,4,0.1475
371,0,candidate_3,candidate_4,candidate_1,4,0.1475
372,0,candidate_3,candidate_4,candidate_1,4,0.1475
373,candidate_2,candidate_3,candidate_4,candidate_1,4,0.1475
374,candidate_2,candidate_3,candidate_4,candidate_1,4,0.1475
375,candidate_2,candidate_3,0,0,4,0.1475
376,0,candidate_3,candidate_4,candidate_1,4,0.1475
377,candidate_2,0,candidate_4,candidate_1,4,0.1475
378,candidate_2,candidate_3,0,candidate_1,4,0.1475
379,0,candidate_3,candidate_4,candidate_1,4,0.1475
380,0,candidate_3,candidate_4,candidate_1,4,0.1475
381,candidate_2,candidate_3,candidate_4,candidate_1,4,0.1475
382,candidate_2,candidate_3,candidate_4,candidate_1,4,0.1475
383,candidate_2,candidate_3,0,0,4,0.1475
384,candidate_2,candidate_3,candidate_4,0,4,0.1475
385,candidate_2,candidate_3,candidate_4,candidate_1,4,0.1475
386,0,candidate_3,candidate_4,candidate_1,4,0.1475
387,0,0,candidate_4,candidate_1,4,0.1475
388,candidate_2,candidate_3,candidate_4,candidate_1,4,0.1475
389,candidate_2,candidate_3,candidate_4,0,4,0.1475
390,candidate_2,0,candidate_4,candidate_1,4,0.1475
391,candidate_2,candidate_3,0,candidate_1,4,0.1475
392,candidate_2,candidate_3,candidate_4,candidate_1,4,0.1475
393,0,candidate_3,0,candidate_1,4,0.1475
394,0,candidate_3,0,candidate_1,4,0.1475
395,candidate_2,candidate_3,0,0,4,0.1475
396,candidate_2,candidate_3,candidate_4,candidate_1,4,0.1475
397,candidate_2,candidate_3,0,candidate_1,4,0.1475
398,candidate_2,candidate_3,candidate_4,candidate_1,4,0.1475
399,candidate_2,candidate_3,candidate_4,candidate_1,4,0.1475
400,0,candidate_3,candidate_4,candidate_1,4,0.1475
401,candidate_2,candidate_3,candidate_4,candidate_1,4,0.1475
402,candidate_2,0,candidate_4,candidate_1,4,0.1475
403,candidate_2,candidate_3,candidate_4,candidate_1,4,0.1475
404,candidate_2,candidate_3,candidate_4,candidate_1,4,0.1475
405,candidate_2,candidate_3,candidate_4,0,4,0.1475
406,0,candidate_3,candidate_4,candidate_1,4,0.1475
407,candidate_2,0,candidate_4,0,4,0.1475
408,candidate_2,candidate_3,candidate_4,candidate_1,4,0.1475
409,candidate_2,candidate_3,candidate_4,candidate_1,4,0.1475
410,0,0,candidate_4,candidate_1,4,0.1475
411,candidate_2,candidate_3,candidate_4,candidate_1,4,0.1475
412,0,candidate_3,0,candidate_1,4,0.1475
413,candidate_2,candidate_3,candidate_4,candidate_1,4,0.1475
414,candidate_2,candidate_3,candidate_4,candidate_1,4,0.1475
415,candidate_2,candidate_3,candidate_4,candidate_1,4,0.1475
416,candidate_2,candidate_3,candidate_4,candidate_1,4,0.1475
417,candidate_2,candidate_3,candidate_4,candidate_1,4,0.1475
418,0,0,candidate_4,candidate_1,4,0.1475
419,candidate_2,candidate_3,candidate_4,candidate_1,4,0.1475
420,candidate_2,candidate_3,0,0,4,0.1475
421,candidate_2,0,candidate_4,candidate_1,4,0.1475
422,candidate_2,candidate_3,candidate_4,candidate_1,4,0.1475
423,0,candidate_3,candidate_4,0,4,0.1475
424,candidate_2,candidate_3,candidate_4,candidate_1,4,0.1475
425,candidate_2,candidate_3,candidate_4,0,4,0.1475
426,0,candidate_3,0,0,4,0.1475
427,candidate_2,candidate_3,0,candidate_1,4,0.1475
428,candidate_2,candidate_3,candidate_4,candidate_1,4,0.1475
429,0,candidate_3,candidate_4,candidate_1,4,0.1475
430,candidate_2,0,candidate_4,candidate_1,4,0.1475
431,candidate_2,candidate_3,candidate_4,candidate_1,4,0.1475
432,candidate_2,0,candidate_4,0,4,0.1475
433,candidate_2,candidate_3,candidate_4,0,4,0.1475
434,candidate_2,candidate_3,candidate_4,candidate_1,4,0.1475
435,candidate_2,candidate_3,0,candidate_1,4,0.1475
436,candidate_2,candidate_3,candidate_4,0,4,0.1475
437,candidate_2,candidate_3,0,candidate_1,4,0.1475
438,candidate_2,candidate_3,candidate_4,candidate_1,4,0.1475
439,0,candidate_3,candidate_4,candidate_1,4,0.1475
440,candidate_2,candidate_3,candidate_4,candidate_1,4,0.1475
441,candidate_2,candidate_3,candidate_4,candidate_1,4,0.1475
442,candidate_2,candidate_3,candidate_4,candidate_1,4,0.1475
443,candidate_2,candidate_3,candidate_4,0,4,0.1475
444,candidate_2,candidate_3,candidate_4,candidate_1,4,0.1475
445,candidate_2,candidate_3,0,candidate_1,4,0.1475
446,candidate_2,candidate_3,candidate_4,candidate_1,4,0.1475
447,candidate_2,candidate_3,candidate_4,candidate_1,4,0.1475
448,candidate_2,candidate_3,candidate_4,candidate_1,4,0.1475
449,candidate_2,candidate_3,0,candidate_1,4,0.1475
450,0,0,candidate_4,candidate_1,4,0.1475
451,candidate_2,candidate_3,candidate_4,candidate_1,4,0.1475
452,candidate_2,candidate_3,candidate_4,candidate_1,4,0.1475
453,candidate_2,candidate_3,candidate_4,candidate_1,4,0.1475
454,candidate_2,candidate_3,candidate_4,candidate_1,4,0.1475
455,candidate_2,candidate_3,candidate_4,candidate_1,4,0.1475
456,candidate_2,candidate_3,candidate_4,candidate_1,4,0.1475
457,candidate_2,candidate_3,candidate_4,0,4,0.1475
458,candidate_2,candidate_3,candidate_4,candidate_1,4,0.1475
459,candidate_2,0,candidate_4,candidate_1,4,0.1475
460,0,candidate_3,candidate_4,0,4,0.1475
461,candidate_2,candidate_3,0,0,4,0.1475
462,candidate_2,0,candidate_4,candidate_1,4,0.1475
463,candidate_2,candidate_3,candidate_4,candidate_1,4,0.1475
464,candidate_2,candidate_3,candidate_4,candidate_1,4,0.1475
465,candidate_2,candidate_3,candidate_4,candidate_1,4,0.1475
466,candidate_2,candidate_3,candidate_4,candidate_1,4,0.1475
467,0,candidate_3,candidate_4,candidate_1,4,0.1475
468,0,0,candidate_4,candidate_1,4,0.1475
469,candidate_2,candidate_3,candidate_4,candidate_1,4,0.1475
470,candidate_2,candidate_3,candidate_4,candidate_1,4,0.1475
471,candidate_2,candidate_3,candidate_4,candidate_1,4,0.1475
472,candidate_2,candidate_3,candidate_4,candidate_1,4,0.1475
473,candidate_2,candidate_3,candidate_4,candidate_1,4,0.1475
474,candidate_2,0,candidate_4,candidate_1,4,0.1475
475,candidate_2,candidate_3,candidate_4,candidate_1,4,0.1475
476,candidate_2,candidate_3,candidate_4,0,4,0.1475
477,0,candidate_3,0,candidate_1,4,0.1475
478,candidate_2,candidate_3,candidate_4,candidate_1,4,0.1475
479,0,candidate_3,candidate_4,candidate_1,4,0.1475
480,candidate_2,candidate_3,candidate_4,0,4,0.1475
481,candidate_2,candidate_3,candidate_4,candidate_1,4,0.1475
482,candidate_2,candidate_3,candidate_4,candidate_1,4,0.1475
483,candidate_2,candidate_3,candidate_4,candidate_1,4,0.1475
484,candidate_2,candidate_3,candidate_4,candidate_1,4,0.1475
485,candidate_2,candidate_3,candidate_4,candidate_1,4,0.1475
486,candidate_2,candidate_3,0,candidate_1,4,0.1475
487,candidate_2,candidate_3,candidate_4,candidate_1,4,0.1475
488,candidate_2,candidate_3,candidate_4,0,4,0.1475
489,candidate_2,candidate_3,candidate_4,candidate_1,4,0.1475
490,candidate_2,candidate_3,candidate_4,candidate_1,4,0.1475
491,candidate_2,candidate_3,0,candidate_1,4,0.1475
492,candidate_2,candidate_3,candidate_4,0,4,0.1475
493,candidate_2,candidate_3,candidate_4,candidate_1,4,0.1475
494,0,candidate_3,candidate_4,candidate_1,4,0.1475
495,candidate_2,candidate_3,candidate_4,candidate_1,4,0.1475
496,0,0,candidate_4,0,4,0.1475
497,candidate_2,candidate_3,candidate_4,0,4,0.1475
498,candidate_2,candidate_3,candidate_4,0,4,0.1475
499,candidate_2,candidate_3,candidate_4,candidate_1,4,0.1475
500,candidate_2,candidate_3,candidate_4,candidate_1,4,0.1475
501,candidate_2,0,candidate_4,candidate_1,4,0.1475
502,0,candidate_3,candidate_4,candidate_1,4,0.1475
503,candidate_2,candidate_3,candidate_4,0,4,0.1475
504,candidate_2,candidate_3,candidate_4,candidate_1,4,0.1475
505,candidate_2,candidate_3,0,candidate_1,4,0.1475
506,0,candidate_3,0,candidate_1,4,0.1475
507,candidate_2,candidate_3,candidate_4,candidate_1,4,0.1475
508,candidate_2,candidate_3,candidate_4,candidate_1,4,0.1475
509,candidate_2,candidate_3,candidate_4,candidate_1,4,0.1475
510,candidate_2,candidate_3,candidate_4,0,4,0.1475
511,candidate_2,candidate_3,0,candidate_1,4,0.1475
512,candidate_2,candidate_3,candidate_4,candidate_1,4,0.1475
513,candidate_2,candidate_3,candidate_4,0,4,0.1475
514,candidate_2,candidate_3,candidate_4,candidate_1,4,0.1475
515,0,candidate_3,candidate_4,candidate_1,4,0.1475
516,candidate_2,candidate_3,candidate_4,candidate_1,4,0.1475
517,candidate_2,candidate_3,candidate_4,candidate_1,4,0.1475
518,candidate_2,candidate_3,candidate_4,candidate_1,4,0.1475
519,candidate_2,candidate_3,candidate_4,candidate_1,4,0.1475
520,candidate_2,candidate_3,candidate_4,candidate_1,4,0.1475
521,candidate_2,candidate_3,candidate_4,candidate_1,4,0.1475
522,candidate_2,candidate_3,candidate_4,candidate_1,4,0.1475
523,candidate_2,candidate_3,0,candidate_1,4,0.1475
524,0,candidate_3,candidate_4,candidate_1,4,0.1475
525,0,candidate_3,candidate_4,candidate_1,4,0.1475
526,candidate_2,0,candidate_4,candidate_1,4,0.1475
527,candidate_2,candidate_3,candidate_4,candidate_1,4,0.1475
528,0,0,0,candidate_1,4,0.1475
529,candidate_2,candidate_3,candidate_4,candidate_1,4,0.1475
530,candidate_2,candidate_3,candidate_4,candidate_1,4,0.1475
531,0,candidate_3,0,candidate_1,4,0.1475
532,candidate_2,0,candidate_4,candidate_1,4,0.1475
533,candidate_2,candidate_3,candidate_4,candidate_1,4,0.1475
534,candidate_2,candidate_3,candidate_4,candidate_1,4,0.1475
535,candidate_2,candidate_3,candidate_4,candidate_1,4,0.1475
536,0,candidate_3,candidate_4,candidate_1,4,0.1475
537,candidate_2,candidate_3,candidate_4,candidate_1,4,0.1475
538,candidate_2,candidate_3,candidate_4,candidate_1,4,0.1475
539,candidate_2,candidate_3,candidate_4,candidate_1,4,0.1475
540,candidate_2,candidate_3,0,candidate_1,4,0.1475
541,0,0,candidate_4,candidate_1,4,0.1475
542,candidate_2,candidate_3,candidate_4,candidate_1,4,0.1475
543,candidate_2,candidate_3,candidate_4,candidate_1,4,0.1475
544,candidate_2,candidate_3,candidate_4,candidate_1,4,0.1475
545,candidate_2,0,0,candidate_1,4,0.1475
546,candidate_2,0,0,candidate_1,4,0.1475
547,candidate_2,candidate_3,0,candidate_1,4,0.1475
548,candidate_2,candidate_3,candidate_4,0,4,0.1475
549,0,candidate_3,0,candidate_1,4,0.1475
550,candidate_2,candidate_3,0,candidate_1,4,0.1475
551,0,0,candidate_4,candidate_1,4,0.1475
552,candidate_2,0,candidate_4,candidate_1,4,0.1475
553,candidate_2,candidate_3,0,candidate_1,4,0.1475
554,candidate_2,0,candidate_4,candidate_1,4,0.1475
555,candidate_2,candidate_3,candidate_4,candidate_1,4,0.1475
556,0,candidate_3,candidate_4,candidate_1,4,0.1475
557,candidate_2,candidate_3,candidate_4,candidate_1,4,0.1475
558,candidate_2,candidate_3,candidate_4,0,4,0.1475
559,candidate_2,0,0,candidate_1,4,0.1475
560,candidate_2,candidate_3,candidate_4,candidate_1,4,0.1475
561,candidate_2,0,candidate_4,candidate_1,4,0.1475
562,0,candidate_3,candidate_4,candidate_1,4,0.1475
563,candidate_2,candidate_3,candidate_4,candidate_1,4,0.1475
564,0,candidate_3,candidate_4,candidate_1,4,0.1475
565,candidate_2,0,candidate_4,candidate_1,4,0.1475
566,candidate_2,candidate_3,candidate_4,0,4,0.1475
567,candidate_2,candidate_3,candidate_4,candidate_1,4,0.1475
568,candidate_2,0,candidate_4,candidate_1,4,0.1475
569,candidate_2,candidate_3,candidate_4,0,4,0.1475
570,candidate_2,candidate_3,candidate_4,candidate_1,4,0.1475
571,0,candidate_3,candidate_4,0,4,0.1475
572,0,candidate_3,0,0,4,0.1475
573,candidate_2,candidate_3,candidate_4,candidate_1,4,0.1475
574,candidate_2,candidate_3,candidate_4,candidate_1,4,0.1475
575,candidate_2,candidate_3,candidate_4,candidate_1,4,0.1475
576,candidate_2,0,candidate_4,candidate_1,4,0.1475
577,candidate_2,candidate_3,0,candidate_1,4,0.1475
578,candidate_2,candidate_3,candidate_4,candidate_1,4,0.1475
579,candidate_2,candidate_3,candidate_4,candidate_1,4,0.1475
580,candidate_2,candidate_3,candidate_4,candidate_1,4,0.1475
581,0,candidate_3,candidate_4,candidate_1,4,0.1475
582,candidate_2,0,candidate_4,candidate_1,4,0.1475
583,candidate_2,candidate_3,0,candidate_1,4,0.1475
584,candidate_2,0,candidate_4,0,4,0.1475
585,candidate_2,0,candidate_4,candidate_1,4,0.1475
586,candidate_2,candidate_3,0,candidate_1,4,0.1475
587,0,candidate_3,candidate_4,candidate_1,4,0.1475
588,0,candidate_3,candidate_4,candidate_1,4,0.1475
589,candidate_2,candidate_3,candidate_4,candidate_1,4,0.1475
590,candidate_2,candidate_3,candidate_4,candidate_1,4,0.1475
591,candidate_2,candidate_3,candidate_4,candidate_1,4,0.1475
592,candidate_2,candidate_3,candidate_4,candidate_1,4,0.1475
593,candidate_2,candidate_3,candidate_4,candidate_1,4,0.1475
594,0,0,candidate_4,candidate_1,4,0.1475
595,candidate_2,candidate_3,candidate_4,candidate_1,4,0.1475
596,candidate_2,candidate_3,candidate_4,candidate_1,4,0.1475
597,candidate_2,candidate_3,0,candidate_1,4,0.1475
598,candidate_2,candidate_3,candidate_4,0,4,0.1475
599,0,candidate_3,candidate_4,candidate_1,4,0.1475
600,candidate_2,candidate_3,0,candidate_1,4,0.1475
601,candidate_2,candidate_3,candidate_4,candidate_1,4,0.1475
602,candidate_2,candidate_3,candidate_4,candidate_1,4,0.1475
603,candidate_2,candidate_3,candidate_4,candidate_1,4,0.1475
604,candidate_2,0,candidate_4,candidate_1,4,0.1475
605,0,0,candidate_4,candidate_1,4,0.1475
606,candidate_2,candidate_3,candidate_4,0,4,0.1475
607,candidate_2,candidate_3,candidate_4,candidate_1,4,0.1475
608,0,candidate_3,candidate_4,candidate_1,4,0.1475
609,candidate_2,candidate_3,candidate_4,candidate_1,4,0.1475
610,candidate_2,candidate_3,candidate_4,candidate_1,4,0.1475
611,candidate_2,candidate_3,candidate_4,candidate_1,4,0.1475
612,0,candidate_3,candidate_4,candidate_1,4,0.1475
613,candidate_2,candidate_3,candidate_4,candidate_1,4,0.1475
614,0,candidate_3,candidate_4,candidate_1,4,0.1475
615,candidate_2,candidate_3,candidate_4,candidate_1,4,0.1475
616,candidate_2,candidate_3,candidate_4,candidate_1,4,0.1475
617,candidate_2,candidate_3,0,candidate_1,4,0.1475
618,candidate_2,candidate_3,candidate_4,0,4,0.1475
619,candidate_2,0,candidate_4,candidate_1,4,0.1475
620,candidate_2,candidate_3,0,candidate_1,4,0.1475
621,candidate_2,0,candidate_4,candidate_1,4,0.1475
622,0,candidate_3,candidate_4,candidate_1,4,0.1475
623,candidate_2,candidate_3,0,candidate_1,4,0.1475
624,candidate_2,candidate_3,candidate_4,candidate_1,4,0.1475
625,candidate_2,candidate_3,candidate_4,0,4,0.1475
626,0,candidate_3,candidate_4,candidate_1,4,0.1475
627,candidate_2,candidate_3,candidate_4,0,4,0.1475
628,0,candidate_3,0,candidate_1,4,0.1475
629,0,candidate_3,candidate_4,candidate_1,4,0.1475
630,candidate_2,candidate_3,candidate_4,0,4,0.1475
631,candidate_2,candidate_3,candidate_4,candidate_1,4,0.1475
632,candidate_2,candidate_3,candidate_4,candidate_1,4,0.1475
633,candidate_2,0,candidate_4,candidate_1,4,0.1475
634,0,candidate_3,0,candidate_1,4,0.1475
635,candidate_2,candidate_3,0,candidate_1,4,0.1475
636,0,0,candidate_4,candidate_1,4,0.1475
637,candidate_2,candidate_3,candidate_4,candidate_1,4,0.1475
638,candidate_2,candidate_3,candidate_4,candidate_1,4,0.1475
639,candidate_2,candidate_3,candidate_4,candidate_1,4,0.1475
640,candidate_2,candidate_3,candidate_4,candidate_1,4,0.1475
641,candidate_2,candidate_3,0,candidate_1,4,0.1475
642,candidate_2,candidate_3,candidate_4,candidate_1,4,0.1475
643,candidate_2,0,candidate_4,candidate_1,4,0.1475
644,candidate_2,candidate_3,candidate_4,0,4,0.1475
645,candidate_2,candidate_3,candidate_4,0,4,0.1475
646,candidate_2,candidate_3,candidate_4,candidate_1,4,0.1475
647,candidate_2,candidate_3,candidate_4,candidate_1,4,0.1475
648,candidate_2,candidate_3,candidate_4,0,4,0.1475
649,candidate_2,candidate_3,candidate_4,candidate_1,4,0.1475
650,candidate_2,candidate_3,candidate_4,candidate_1,4,0.1475
651,candidate_2,candidate_3,candidate_4,0,4,0.1475
652,candidate_2,candidate_3,candidate_4,candidate_1,4,0.1475
653,candidate_2,0,candidate_4,candidate_1,4,0.1475
654,candidate_2,candidate_3,0,candidate_1,4,0.1475
655,candidate_2,candidate_3,candidate_4,candidate_1,4,0.1475
656,candidate_2,candidate_3,candidate_4,candidate_1,4,0.1475
657,candidate_2,candidate_3,candidate_4,candidate_1,4,0.1475
658,candidate_2,candidate_3,candidate_4,candidate_1,4,0.1475
659,candidate_2,0,candidate_4,candidate_1,4,0.1475
660,candidate_2,candidate_3,0,candidate_1,4,0.1475
661,candidate_2,candidate_3,0,0,4,0.1475
662,candidate_2,candidate_3,candidate_4,candidate_1,4,0.1475
663,0,candidate_3,0,candidate_1,4,0.1475
664,candidate_2,candidate_3,candidate_4,candidate_1,4,0.1475
665,candidate_2,0,0,candidate_1,4,0.1475
666,candidate_2,candidate_3,candidate_4,candidate_1,4,0.1475
667,candidate_2,candidate_3,candidate_4,candidate_1,4,0.1475
668,candidate_2,0,candidate_4,candidate_1,4,0.1475
669,candidate_2,candidate_3,candidate_4,candidate_1,4,0.1475
670,candidate_2,candidate_3,candidate_4,0,4,0.1475
671,0,candidate_3,0,candidate_1,4,0.1475
672,candidate_2,candidate_3,candidate_4,candidate_1,4,0.1475
673,candidate_2,candidate_3,candidate_4,candidate_1,4,0.1475
674,candidate_2,0,candidate_4,candidate_1,4,0.1475
675,candidate_2,candidate_3,candidate_4,candidate_1,4,0.1475
676,candidate_2,candidate_3,candidate_4,candidate_1,4,0.1475
677,candidate_2,candidate_3,candidate_4,candidate_1,4,0.1475
678,candidate_2,candidate_3,candidate_4,candidate_1,4,0.1475
679,candidate_2,candidate_3,0,candidate_1,4,0.1475
680,candidate_2,candidate_3,candidate_4,candidate_1,4,0.1475
681,candidate_2,candidate_3,candidate_4,candidate_1,4,0.1475
682,candidate_2,candidate_3,candidate_4,candidate_1,4,0.1475
683,0,candidate_3,candidate_4,candidate_1,4,0.1475
684,candidate_2,candidate_3,candidate_4,0,4,0.1475
685,0,candidate_3,candidate_4,candidate_1,4,0.1475
686,0,0,candidate_4,candidate_1,4,0.1475
687,0,candidate_3,candidate_4,0,4,0.1475
688,candidate_2,candidate_3,candidate_4,0,4,0.1475
689,candidate_2,0,0,candidate_1,4,0.1475
690,candidate_2,0,candidate_4,candidate_1,4,0.1475
691,candidate_2,candidate_3,candidate_4,candidate_1,4,0.1475
692,candidate_2,candidate_3,candidate_4,candidate_1,4,0.1475
693,candidate_2,candidate_3,0,candidate_1,4,0.1475
694,candidate_2,candidate_3,0,candidate_1,4,0.1475
695,candidate_2,candidate_3,0,candidate_1,4,0.1475
696,candidate_2,candidate_3,candidate_4,candidate_1,4,0.1475
697,0,candidate_3,0,0,4,0.1475
698,candidate_2,candidate_3,candidate_4,0,4,0.1475
699,candidate_2,candidate_3,0,candidate_1,4,0.1475
700,candidate_2,candidate_3,candidate_4,candidate_1,4,0.1475
701,candidate_2,candidate_3,candidate_4,candidate_1,4,0.1475
702,0,candidate_3,candidate_4,candidate_1,4,0.1475
703,candidate_2,candidate_3,candidate_4,candidate_1,4,0.1475
704,candidate_2,candidate_3,candidate_4,candidate_1,4,0.1475
705,candidate_2,candidate_3,candidate_4,candidate_1,4,0.1475
706,0,candidate_3,candidate_4,0,4,0.1475
707,candidate_2,candidate_3,candidate_4,candidate_1,4,0.1475
708,candidate_2,candidate_3,candidate_4,candidate_1,4,0.1475
709,0,candidate_3,candidate_4,candidate_1,4,0.1475
710,candidate_2,0,candidate_4,candidate_1,4,0.1475
711,candidate_2,candidate_3,candidate_4,0,4,0.1475
712,candidate_2,candidate_3,0,candidate_1,4,0.1475
713,candidate_2,0,candidate_4,candidate_1,4,0.1475
714,candidate_2,candidate_3,candidate_4,candidate_1,4,0.1475
715,candidate_2,candidate_3,candidate_4,candidate_1,4,0.1475
716,candidate_2,0,candidate_4,candidate_1,4,0.1475
717,candidate_2,candidate_3,candidate_4,candidate_1,4,0.1475
718,candidate_2,candidate_3,candidate_4,candidate_1,4,0.1475
719,candidate_2,0,candidate_4,candidate_1,4,0.1475
720,candidate_2,candidate_3,candidate_4,candidate_1,4,0.1475
721,candidate_2,candidate_3,candidate_4,candidate_1,4,0.1475
722,candidate_2,candidate_3,0,candidate_1,4,0.1475
723,candidate_2,candidate_3,candidate_4,candidate_1,4,0.1475
724,candidate_2,candidate_3,candidate_4,candidate_1,4,0.1475
725,0,candidate_3,candidate_4,candidate_1,4,0.1475
726,candidate_2,candidate_3,candidate_4,candidate_1,4,0.1475
727,candidate_2,candidate_3,0,candidate_1,4,0.1475
728,candidate_2,candidate_3,0,candidate_1,4,0.1475
729,candidate_2,candidate_3,0,candidate_1,4,0.1475
730,0,candidate_3,candidate_4,candidate_1,4,0.1475
731,candidate_2,candidate_3,candidate_4,candidate_1,4,0.1475
732,candidate_2,candidate_3,candidate_4,candidate_1,4,0.1475
733,candidate_2,candidate_3,0,candidate_1,4,0.1475
734,candidate_2,candidate_3,candidate_4,candidate_1,4,0.1475
735,candidate_2,candidate_3,candidate_4,0,4,0.1475
736,0,0,candidate_4,candidate_1,4,0.1475
737,candidate_2,candidate_3,candidate_4,candidate_1,4,0.1475
738,candidate_2,candidate_3,candidate_4,candidate_1,4,0.1475
739,candidate_2,candidate_3,candidate_4,candidate_1,4,0.1475
740,candidate_2,candidate_3,0,candidate_1,4,0.1475
741,candidate_2,0,candidate_4,0,4,0.1475
742,candidate_2,candidate_3,candidate_4,candidate_1,4,0.1475
743,candidate_2,candidate_3,candidate_4,candidate_1,4,0.1475
744,candidate_2,candidate_3,candidate_4,candidate_1,4,0.1475
745,candidate_2,candidate_3,candidate_4,0,4,0.1475
746,candidate_2,0,candidate_4,candidate_1,4,0.1475
747,candidate_2,0,candidate_4,candidate_1,4,0.1475
748,candidate_2,0,0,candidate_1,4,0.1475
749,candidate_2,0,candidate_4,candidate_1,4,0.1475
750,candidate_2,0,candidate_4,candidate_1,4,0.1475
751,candidate_2,candidate_3,candidate_4,candidate_1,4,0.1475
752,0,0,candidate_4,candidate_1,4,0.1475
753,candidate_2,candidate_3,candidate_4,candidate_1,4,0.1475
754,candidate_2,candidate_3,candidate_4,candidate_1,4,0.1475
755,0,candidate_3,candidate_4,candidate_1,4,0.1475
756,candidate_2,candidate_3,0,candidate_1,4,0.1475
757,candidate_2,0,candidate_4,candidate_1,4,0.1475
758,candidate_2,candidate_3,candidate_4,candidate_1,4,0.1475
759,0,candidate_3,candidate_4,candidate_1,4,0.1475
760,candidate_2,candidate_3,candidate_4,candidate_1,4,0.1475
761,candidate_2,candidate_3,0,candidate_1,4,0.1475
762,candidate_2,candidate_3,candidate_4,candidate_1,4,0.1475
763,candidate_2,0,candidate_4,candidate_1,4,0.1475
764,candidate_2,candidate_3,0,candidate_1,4,0.1475
765,candidate_2,candidate_3,candidate_4,candidate_1,4,0.1475
766,candidate_2,candidate_3,candidate_4,candidate_1,4,0.1475
767,candidate_2,candidate_3,candidate_4,candidate_1,4,0.1475
768,candidate_2,candidate_3,candidate_4,0,4,0.1475
769,candidate_2,0,candidate_4,candidate_1,4,0.1475
770,candidate_2,candidate_3,0,candidate_1,4,0.1475
771,candidate_2,candidate_3,candidate_4,candidate_1,4,0.1475
772,candidate_2,candidate_3,0,candidate_1,4,0.1475
773,0,0,candidate_4,candidate_1,4,0.1475
774,candidate_2,candidate_3,candidate_4,0,4,0.1475
775,candidate_2,candidate_3,candidate_4,candidate_1,4,0.1475
776,candidate_2,candidate_3,candidate_4,candidate_1,4,0.1475
777,candidate_2,candidate_3,0,candidate_1,4,0.1475
778,candidate_2,candidate_3,0,candidate_1,4,0.1475
779,candidate_2,candidate_3,candidate_4,candidate_1,4,0.1475
780,candidate_2,candidate_3,candidate_4,0,4,0.1475
781,candidate_2,0,candidate_4,candidate_1,4,0.1475
782,candidate_2,candidate_3,candidate_4,candidate_1,4,0.1475
783,0,candidate_3,candidate_4,candidate_1,4,0.1475
784,candidate_2,candidate_3,candidate_4,candidate_1,4,0.1475
785,candidate_2,candidate_3,candidate_4,candidate_1,4,0.1475
786,candidate_2,candidate_3,candidate_4,candidate_1,4,0.1475
787,candidate_2,candidate_3,0,0,4,0.1475
788,candidate_2,0,candidate_4,0,4,0.1475
789,candidate_2,candidate_3,0,candidate_1,4,0.1475
790,candidate_2,candidate_3,0,candidate_1,4,0.1475
791,candidate_2,candidate_3,candidate_4,candidate_1,4,0.1475
792,0,candidate_3,candidate_4,candidate_1,4,0.1475
793,candidate_2,candidate_3,candidate_4,candidate_1,4,0.1475
794,candidate_2,candidate_3,candidate_4,candidate_1,4,0.1475
795,candidate_2,candidate_3,candidate_4,candidate_1,4,0.1475
796,candidate_2,0,candidate_4,candidate_1,4,0.1475
797,candidate_2,0,candidate_4,candidate_1,4,0.1475
798,0,candidate_3,candidate_4,candidate_1,4,0.1475
799,0,0,candidate_4,candidate_1,4,0.1475
800,candidate_2,0,candidate_4,candidate_1,4,0.1475
801,candidate_2,candidate_3,candidate_4,candidate_1,4,0.1475
802,candidate_2,candidate_3,candidate_4,candidate_1,4,0.1475
803,candidate_2,candidate_3,0,candidate_1,4,0.1475
804,candidate_2,candidate_3,candidate_4,candidate_1,4,0.1475
805,candidate_2,candidate_3,candidate_4,candidate_1,4,0.1475
806,candidate_2,candidate_3,candidate_4,candidate_1,4,0.1475
807,candidate_2,candidate_3,candidate_4,candidate_1,4,0.1475
808,candidate_2,candidate_3,candidate_4,candidate_1,4,0.1475
809,candidate_2,candidate_3,0,candidate_1,4,0.1475
810,candidate_2,candidate_3,candidate_4,candidate_1,4,0.1475
811,candidate_2,candidate_3,candidate_4,0,4,0.1475
812,candidate_2,candidate_3,candidate_4,candidate_1,4,0.1475
813,candidate_2,candidate_3,candidate_4,candidate_1,4,0.1475
814,0,candidate_3,candidate_4,candidate_1,4,0.1475
815,candidate_2,candidate_3,candidate_4,candidate_1,4,0.1475
816,candidate_2,0,candidate_4,candidate_1,4,0.1475
817,candidate_2,candidate_3,candidate_4,candidate_1,4,0.1475
818,candidate_2,candidate_3,candidate_4,candidate_1,4,0.1475
819,candidate_2,candidate_3,0,candidate_1,4,0.1475
820,candidate_2,candidate_3,candidate_4,0,4,0.1475
821,candidate_2,0,candidate_4,candidate_1,4,0.1475
822,0,candidate_3,candidate_4,candidate_1,4,0.1475
823,candidate_2,candidate_3,candidate_4,candidate_1,4,0.1475
824,candidate_2,candidate_3,0,candidate_1,4,0.1475
825,candidate_2,candidate_3,candidate_4,candidate_1,4,0.1475
826,candidate_2,candidate_3,candidate_4,candidate_1,4,0.1475
827,candidate_2,0,candidate_4,candidate_1,4,0.1475
828,candidate_2,candidate_3,candidate_4,0,4,0.1475
829,candidate_2,candidate_3,candidate_4,candidate_1,4,0.1475
830,candidate_2,0,candidate_4,candidate_1,4,0.1475
831,candidate_2,candidate_3,candidate_4,0,4,0.1475
832,candidate_2,candidate_3,candidate_4,candidate_1,4,0.1475
833,0,0,candidate_4,candidate_1,4,0.1475
834,candidate_2,0,0,candidate_1,4,0.1475
835,candidate_2,candidate_3,candidate_4,candidate_1,4,0.1475
836,candidate_2,candidate_3,0,candidate_1,4,0.1475
837,candidate_2,0,candidate_4,candidate_1,4,0.1475
838,candidate_2,candidate_3,candidate_4,0,4,0.1475
839,candidate_2,0,candidate_4,candidate_1,4,0.1475
840,candidate_2,candidate_3,candidate_4,candidate_1,4,0.1475
841,candidate_2,candidate_3,0,candidate_1,4,0.1475
842,candidate_2,candidate_3,candidate_4,candidate_1,4,0.1475
843,candidate_2,candidate_3,candidate_4,candidate_1,4,0.1475
844,0,candidate_3,candidate_4,0,4,0.1475
845,candidate_2,candidate_3,candidate_4,candidate_1,4,0.1475
846,candidate_2,candidate_3,candidate_4,candidate_1,4,0.1475
847,candidate_2,candidate_3,candidate_4,candidate_1,4,0.1475
848,candidate_2,candidate_3,candidate_4,candidate_1,4,0.1475
849,candidate_2,candidate_3,candidate_4,candidate_1,4,0.1475
850,candidate_2,candidate_3,candidate_4,0,4,0.1475
851,candidate_2,candidate_3,candidate_4,0,4,0.1475
852,candidate_2,candidate_3,candidate_4,candidate_1,4,0.1475
853,candidate_2,candidate_3,candidate_4,candidate_1,4,0.1475
854,candidate_2,0,candidate_4,candidate_1,4,0.1475
855,candidate_2,0,candidate_4,candidate_1,4,0.1475
856,candidate_2,candidate_3,candidate_4,candidate_1,4,0.1475
857,0,candidate_3,candidate_4,candidate_1,4,0.1475
858,candidate_2,0,0,candidate_1,4,0.1475
859,candidate_2,candidate_3,candidate_4,candidate_1,4,0.1475
860,0,0,candidate_4,candidate_1,4,0.1475
861,candidate_2,0,0,candidate_1,4,0.1475
862,0,0,candidate_4,candidate_1,4,0.1475
863,candidate_2,candidate_3,candidate_4,candidate_1,4,0.1475
864,candidate_2,candidate_3,candidate_4,candidate_1,4,0.1475
865,candidate_2,candidate_3,candidate_4,candidate_1,4,0.1475
866,candidate_2,candidate_3,0,candidate_1,4,0.1475
867,candidate_2,candidate_3,candidate_4,candidate_1,4,0.1475
868,candidate_2,candidate_3,candidate_4,candidate_1,4,0.1475
869,candidate_2,candidate_3,candidate_4,candidate_1,4,0.1475
870,candidate_2,candidate_3,0,candidate_1,4,0.1475
871,0,candidate_3,candidate_4,candidate_1,4,0.1475
872,0,candidate_3,candidate_4,candidate_1,4,0.1475
873,candidate_2,0,0,candidate_1,4,0.1475
874,candidate_2,candidate_3,candidate_4,candidate_1,4,0.1475
875,candidate_2,0,candidate_4,candidate_1,4,0.1475
876,candidate_2,candidate_3,0,candidate_1,4,0.1475
877,candidate_2,candidate_3,candidate_4,candidate_1,4,0.1475
878,candidate_2,candidate_3,candidate_4,candidate_1,4,0.1475
879,candidate_2,candidate_3,0,candidate_1,4,0.1475
880,candidate_2,candidate_3,candidate_4,candidate_1,4,0.1475
881,candidate_2,candidate_3,0,candidate_1,4,0.1475
882,candidate_2,0,candidate_4,candidate_1,4,0.1475
883,candidate_2,candidate_3,candidate_4,candidate_1,4,0.1475
884,candidate_2,candidate_3,candidate_4,candidate_1,4,0.1475
885,candidate_2,0,candidate_4,0,4,0.1475
886,0,candidate_3,candidate_4,candidate_1,4,0.1475
887,candidate_2,candidate_3,candidate_4,0,4,0.1475
888,candidate_2,candidate_3,candidate_4,candidate_1,4,0.1475
889,candidate_2,candidate_3,0,candidate_1,4,0.1475
890,candidate_2,candidate_3,candidate_4,candidate_1,4,0.1475
891,candidate_2,candidate_3,candidate_4,0,4,0.1475
892,candidate_2,candidate_3,candidate_4,candidate_1,4,0.1475
893,0,0,candidate_4,0,4,0.1475
894,candidate_2,candidate_3,candidate_4,candidate_1,4,0.1475
895,candidate_2,candidate_3,0,candidate_1,4,0.1475
896,candidate_2,candidate_3,candidate_4,candidate_1,4,0.1475
897,0,0,candidate_4,candidate_1,4,0.1475
898,candidate_2,candidate_3,0,candidate_1,4,0.1475
899,candidate_2,0,candidate_4,0,4,0.1475
900,candidate_2,candidate_3,candidate_4,candidate_1,4,0.1475
901,candidate_2,candidate_3,candidate_4,0,4,0.1475
902,0,candidate_3,candidate_4,candidate_1,4,0.1475
903,candidate_2,candidate_3,candidate_4,candidate_1,4,0.1475
904,candidate_2,candidate_3,candidate_4,candidate_1,4,0.1475
905,candidate_2,candidate_3,candidate_4,candidate_1,4,0.1475
906,candidate_2,candidate_3,candidate_4,candidate_1,4,0.1475
907,0,candidate_3,candidate_4,candidate_1,4,0.1475
908,candidate_2,candidate_3,candidate_4,candidate_1,4,0.1475
909,candidate_2,candidate_3,candidate_4,candidate_1,4,0.1475
910,candidate_2,candidate_3,candidate_4,0,4,0.1475
911,candidate_2,candidate_3,candidate_4,0,4,0.1475
912,candidate_2,candidate_3,candidate_4,candidate_1,4,0.1475
913,candidate_2,candidate_3,candidate_4,candidate_1,4,0.1475
914,candidate_2,candidate_3,0,candidate_1,4,0.1475
915,candidate_2,candidate_3,candidate_4,candidate_1,4,0.1475
916,candidate_2,candidate_3,0,candidate_1,4,0.1475
917,candidate_2,candidate_3,candidate_4,0,4,0.1475
918,candidate_2,candidate_3,candidate_4,candidate_1,4,0.1475
919,0,candidate_3,candidate_4,candidate_1,4,0.1475
920,candidate_2,candidate_3,candidate_4,candidate_1,4,0.1475
921,candidate_2,candidate_3,candidate_4,candidate_1,4,0.1475
922,candidate_2,candidate_3,0,candidate_1,4,0.1475
923,candidate_2,candidate_3,candidate_4,candidate_1,4,0.1475
924,candidate_2,candidate_3,0,candidate_1,4,0.1475
925,candidate_2,candidate_3,candidate_4,candidate_1,4,0.1475
926,candidate_2,candidate_3,candidate_4,candidate_1,4,0.1475
927,0,candidate_3,candidate_4,candidate_1,4,0.1475
928,candidate_2,candidate_3,candidate_4,candidate_1,4,0.1475
929,candidate_2,0,candidate_4,candidate_1,4,0.1475
930,candidate_2,candidate_3,candidate_4,candidate_1,4,0.1475
931,candidate_2,candidate_3,0,candidate_1,4,0.1475
932,candidate_2,candidate_3,candidate_4,candidate_1,4,0.1475
933,candidate_2,candidate_3,0,candidate_1,4,0.1475
934,0,candidate_3,candidate_4,candidate_1,4,0.1475
935,candidate_2,candidate_3,0,candidate_1,4,0.1475
936,candidate_2,0,candidate_4,candidate_1,4,0.1475
937,candidate_2,candidate_3,candidate_4,candidate_1,4,0.1475
938,candidate_2,0,candidate_4,0,4,0.1475
939,candidate_2,candidate_3,candidate_4,candidate_1,4,0.1475
940,candidate_2,candidate_3,candidate_4,candidate_1,4,0.1475
941,candidate_2,0,candidate_4,candidate_1,4,0.1475
942,candidate_2,candidate_3,candidate_4,candidate_1,4,0.1475
943,candidate_2,candidate_3,candidate_4,candidate_1,4,0.1475
944,candidate_2,candidate_3,candidate_4,candidate_1,4,0.1475
945,candidate_2,candidate_3,candidate_4,0,4,0.1475
946,candidate_2,candidate_3,0,0,4,0.1475
947,candidate_2,candidate_3,0,candidate_1,4,0.1475
948,candidate_2,candidate_3,candidate_4,candidate_1,4,0.1475
949,0,0,candidate_4,candidate_1,4,0.1475
950,0,0,candidate_4,candidate_1,4,0.1475
951,candidate_2,candidate_3,candidate_4,0,4,0.1475
952,candidate_2,candidate_3,candidate_4,candidate_1,4,0.1475
953,candidate_2,candidate_3,candidate_4,candidate_1,4,0.1475
954,0,candidate_3,candidate_4,candidate_1,4,0.1475
955,0,candidate_3,candidate_4,candidate_1,4,0.1475
956,candidate_2,candidate_3,candidate_4,candidate_1,4,0.1475
957,candidate_2,candidate_3,candidate_4,candidate_1,4,0.1475
958,0,candidate_3,0,candidate_1,4,0.1475
959,candidate_2,candidate_3,candidate_4,candidate_1,4,0.1475
960,candidate_2,candidate_3,candidate_4,candidate_1,4,0.1475
961,candidate_2,candidate_3,candidate_4,0,4,0.1475
962,candidate_2,candidate_3,candidate_4,candidate_1,4,0.1475
963,0,candidate_3,0,candidate_1,4,0.1475
964,candidate_2,candidate_3,candidate_4,candidate_1,4,0.1475
965,0,candidate_3,candidate_4,candidate_1,4,0.1475
966,candidate_2,candidate_3,candidate_4,candidate_1,4,0.1475
967,candidate_2,candidate_3,candidate_4,candidate_1,4,0.1475
968,candidate_2,candidate_3,candidate_4,candidate_1,4,0.1475
969,candidate_2,candidate_3,candidate_4,candidate_1,4,0.1475
970,0,candidate_3,candidate_4,candidate_1,4,0.1475
971,candidate_2,candidate_3,candidate_4,0,4,0.1475
972,candidate_2,candidate_3,candidate_4,candidate_1,4,0.1475
973,candidate_2,0,0,candidate_1,4,0.1475
974,candidate_2,0,candidate_4,candidate_1,4,0.1475
975,candidate_2,candidate_3,candidate_4,candidate_1,4,0.1475
976,candidate_2,candidate_3,candidate_4,candidate_1,4,0.1475
977,candidate_2,candidate_3,0,candidate_1,4,0.1475
978,candidate_2,candidate_3,candidate_4,candidate_1,4,0.1475
979,0,candidate_3,candidate_4,candidate_1,4,0.1475
980,candidate_2,candidate_3,candidate_4,candidate_1,4,0.1475
981,candidate_2,candidate_3,candidate_4,0,4,0.1475
982,candidate_2,candidate_3,candidate_4,candidate_1,4,0.1475
983,candidate_2,candidate_3,candidate_4,candidate_1,4,0.1475
984,0,candidate_3,candidate_4,candidate_1,4,0.1475
985,candidate_2,0,candidate_4,candidate_1,4,0.1475
986,candidate_2,candidate_3,candidate_4,candidate_1,4,0.1475
987,candidate_2,candidate_3,0,candidate_1,4,0.1475
988,candidate_2,candidate_3,candidate_4,candidate_1,4,0.1475
989,candidate_2,candidate_3,candidate_4,candidate_1,4,0.1475
990,candidate_2,candidate_3,candidate_4,candidate_1,4,0.1475
991,candidate_2,candidate_3,candidate_4,candidate_1,4,0.1475
992,candidate_2,candidate_3,0,candidate_1,4,0.1475
993,candidate_2,candidate_3,candidate_4,candidate_1,4,0.1475
994,candidate_2,candidate_3,0,candidate_1,4,0.1475
995,0,0,0,candidate_1,4,0.1475
996,candidate_2,candidate_3,candidate_4,0,4,0.1475
997,candidate_2,candidate_3,candidate_4,candidate_1,4,0.1475
998,candidate_2,candidate_3,candidate_4,candidate_1,4,0.1475
999,0,candidate_3,candidate_4,candidate_1,4,0.1475
1000,candidate_2,candidate_3,candidate_4,candidate_1,4,0.1475
1001,candidate_2,candidate_3,candidate_4,candidate_1,4,0.1475
1002,candidate_2,candidate_3,candidate_4,candidate_1,4,0.1475
1003,candidate_2,candidate_3,candidate_4,candidate_1,4,0.1475
1004,candidate_2,candidate_3,candidate_4,candidate_1,4,0.1475
1005,candidate_2,candidate_3,candidate_4,candidate_1,4,0.1475
1006,candidate_2,candidate_3,candidate_4,0,4,0.1475
1007,candidate_2,candidate_3,candidate_4,candidate_1,4,0.1475
1008,candidate_2,candidate_3,candidate_4,candidate_1,4,0.1475
1009,0,candidate_3,0,candidate_1,4,0.1475
1010,candidate_2,candidate_3,candidate_4,0,4,0.1475
1011,candidate_2,candidate_3,candidate_4,candidate_1,4,0.1475
1012,candidate_2,candidate_3,0,candidate_1,4,0.1475
1013,candidate_2,candidate_3,candidate_4,candidate_1,4,0.1475
1014,candidate_2,candidate_3,candidate_4,candidate_1,4,0.1475
1015,candidate_2,candidate_3,candidate_4,candidate_1,4,0.1475
1016,candidate_2,candidate_3,candidate_4,candidate_1,4,0.1475
1017,candidate_2,candidate_3,candidate_4,candidate_1,4,0.1475
1018,candidate_2,candidate_3,0,candidate_1,4,0.1475
1019,candidate_2,candidate_3,candidate_4,candidate_1,4,0.1475
1020,0,candidate_3,candidate_4,candidate_1,4,0.1475
1021,candidate_2,candidate_3,candidate_4,candidate_1,4,0.1475
1022,candidate_2,candidate_3,0,0,4,0.1475
1023,candidate_2,candidate_3,candidate_4,candidate_1,4,0.1475
1024,candidate_2,candidate_3,candidate_4,candidate_1,4,0.1475
1025,candidate_2,0,candidate_4,candidate_1,4,0.1475
1026,candidate_2,candidate_3,candidate_4,candidate_1,4,0.1475
1027,candidate_2,candidate_3,0,candidate_1,4,0.1475
1028,candidate_2,candidate_3,candidate_4,candidate_1,4,0.1475
1029,candidate_2,candidate_3,candidate_4,candidate_1,4,0.1475
1030,candidate_2,candidate_3,candidate_4,candidate_1,4,0.1475
1031,candidate_2,candidate_3,candidate_4,candidate_1,4,0.1475
1032,0,0,0,candidate_1,4,0.1475
1033,candidate_2,0,candidate_4,candidate_1,4,0.1475
1034,candidate_2,candidate_3,candidate_4,0,4,0.1475
1035,candidate_2,candidate_3,candidate_4,candidate_1,4,0.1475
1036,candidate_2,candidate_3,candidate_4,candidate_1,4,0.1475
1037,candidate_2,candidate_3,candidate_4,candidate_1,4,0.1475
1038,candidate_2,candidate_3,candidate_4,candidate_1,4,0.1475
1039,candidate_2,candidate_3,candidate_4,candidate_1,4,0.1475
1040,0,candidate_3,candidate_4,candidate_1,4,0.1475
1041,candidate_2,candidate_3,candidate_4,0,4,0.1475
1042,candidate_2,candidate_3,candidate_4,candidate_1,4,0.1475
1043,candidate_2,candidate_3,candidate_4,candidate_1,4,0.1475
1044,candidate_2,candidate_3,0,candidate_1,4,0.1475
1045,candidate_2,candidate_3,candidate_4,candidate_1,4,0.1475
1046,candidate_2,candidate_3,candidate_4,candidate_1,4,0.1475
1047,candidate_2,candidate_3,candidate_4,candidate_1,4,0.1475
1048,candidate_2,candidate_3,candidate_4,0,4,0.1475
1049,candidate_2,candidate_3,candidate_4,candidate_1,4,0.1475
1050,candidate_2,candidate_3,candidate_4,candidate_1,4,0.1475
1051,0,candidate_3,0,0,4,0.1475
1052,candidate_2,candidate_3,0,candidate_1,4,0.1475
1053,candidate_2,0,candidate_4,candidate_1,4,0.1475
1054,0,candidate_3,candidate_4,0,4,0.1475
1055,0,candidate_3,0,candidate_1,4,0.1475
1056,candidate_2,candidate_3,candidate_4,candidate_1,4,0.1475
1057,0,candidate_3,candidate_4,candidate_1,4,0.1475
1058,candidate_2,candidate_3,0,candidate_1,4,0.1475
1059,candidate_2,candidate_3,candidate_4,candidate_1,4,0.1475
1060,0,candidate_3,candidate_4,candidate_1,4,0.1475
1061,candidate_2,candidate_3,candidate_4,candidate_1,4,0.1475
1062,candidate_2,candidate_3,candidate_4,candidate_1,4,0.1475
1063,candidate_2,0,candidate_4,candidate_1,4,0.1475
1064,0,candidate_3,candidate_4,candidate_1,4,0.1475
1065,candidate_2,candidate_3,candidate_4,candidate_1,4,0.1475
1066,0,candidate_3,candidate_4,candidate_1,4,0.1475
1067,candidate_2,candidate_3,candidate_4,candidate_1,4,0.1475
1068,candidate_2,candidate_3,candidate_4,candidate_1,4,0.1475
1069,candidate_2,candidate_3,candidate_4,candidate_1,4,0.1475
1070,candidate_2,candidate_3,0,0,4,0.1475
1071,candidate_2,0,0,candidate_1,4,0.1475
1072,candidate_2,candidate_3,candidate_4,candidate_1,4,0.1475
1073,candidate_2,candidate_3,candidate_4,candidate_1,4,0.1475
1074,candidate_2,candidate_3,candidate_4,candidate_1,4,0.1475
1075,candidate_2,candidate_3,0,candidate_1,4,0.1475
1076,candidate_2,candidate_3,candidate_4,candidate_1,4,0.1475
1077,candidate_2,candidate_3,0,candidate_1,4,0.1475
1078,candidate_2,candidate_3,0,candidate_1,4,0.1475
1079,candidate_2,candidate_3,candidate_4,0,4,0.1475
1080,0,candidate_3,candidate_4,candidate_1,4,0.1475
1081,candidate_2,0,candidate_4,candidate_1,4,0.1475
1082,candidate_2,0,candidate_4,candidate_1,4,0.1475
1083,0,candidate_3,candidate_4,candidate_1,4,0.1475
1084,candidate_2,candidate_3,candidate_4,0,4,0.1475
1085,candidate_2,candidate_3,candidate_4,0,4,0.1475
1086,candidate_2,candidate_3,candidate_4,candidate_1,4,0.1475
1087,candidate_2,candidate_3,candidate_4,candidate_1,4,0.1475
1088,candidate_2,candidate_3,candidate_4,candidate_1,4,0.1475
1089,candidate_2,candidate_3,candidate_4,candidate_1,4,0.1475
1090,candidate_2,candidate_3,0,candidate_1,4,0.1475
1091,candidate_2,candidate_3,candidate_4,candidate_1,4,0.1475
1092,0,candidate_3,0,candidate_1,4,0.1475
1093,0,candidate_3,candidate_4,candidate_1,4,0.1475
1094,candidate_2,0,candidate_4,candidate_1,4,0.1475
1095,candidate_2,0,candidate_4,0,4,0.1475
1096,candidate_2,candidate_3,candidate_4,candidate_1,4,0.1475
1097,candidate_2,candidate_3,candidate_4,candidate_1,4,0.1475
1098,0,candidate_3,candidate_4,0,4,0.1475
1099,candidate_2,candidate_3,candidate_4,candidate_1,4,0.1475
1100,candidate_2,0,0,0,4,0.1475
1101,candidate_2,candidate_3,candidate_4,0,4,0.1475
1102,0,candidate_3,candidate_4,candidate_1,4,0.1475
1103,candidate_2,candidate_3,candidate_4,candidate_1,4,0.1475
1104,0,candidate_3,candidate_4,candidate_1,4,0.1475
1105,candidate_2,candidate_3,candidate_4,candidate_1,4,0.1475
1106,candidate_2,candidate_3,candidate_4,candidate_1,4,0.1475
1107,candidate_2,candidate_3,candidate_4,candidate_1,4,0.1475
1108,candidate_2,candidate_3,0,candidate_1,4,0.1475
1109,candidate_2,candidate_3,candidate_4,candidate_1,4,0.1475
1110,candidate_2,0,candidate_4,candidate_1,4,0.1475
1111,0,candidate_3,candidate_4,candidate_1,4,0.1475
1112,candidate_2,0,candidate_4,candidate_1,4,0.1475
1113,0,candidate_3,candidate_4,candidate_1,4,0.1475
1114,0,candidate_3,0,candidate_1,4,0.1475
1115,candidate_2,candidate_3,candidate_4,candidate_1,4,0.1475
1116,candidate_2,candidate_3,0,candidate_1,4,0.1475
1117,candidate_2,candidate_3,candidate_4,0,4,0.1475
1118,0,candidate_3,candidate_4,candidate_1,4,0.1475
1119,candidate_2,candidate_3,candidate_4,0,4,0.1475
1120,0,0,candidate_4,candidate_1,4,0.1475
1121,candidate_2,candidate_3,candidate_4,candidate_1,4,0.1475
1122,candidate_2,candidate_3,candidate_4,0,4,0.1475
1123,0,candidate_3,candidate_4,candidate_1,4,0.1475
1124,candidate_2,0,candidate_4,candidate_1,4,0.1475
1125,0,candidate_3,candidate_4,0,4,0.1475
1126,candidate_2,candidate_3,candidate_4,candidate_1,4,0.1475
1127,candidate_2,candidate_3,candidate_4,candidate_1,4,0.1475
1128,0,candidate_3,candidate_4,candidate_1,4,0.1475
1129,candidate_2,candidate_3,candidate_4,candidate_1,4,0.1475
1130,0,candidate_3,candidate_4,0,4,0.1475
1131,candidate_2,candidate_3,candidate_4,candidate_1,4,0.1475
1132,candidate_2,candidate_3,candidate_4,candidate_1,4,0.1475
1133,candidate_2,candidate_3,candidate_4,candidate_1,4,0.1475
1134,candidate_2,candidate_3,candidate_4,candidate_1,4,0.1475
1135,candidate_2,candidate_3,candidate_4,candidate_1,4,0.1475
1136,0,candidate_3,candidate_4,candidate_1,4,0.1475
1137,candidate_2,0,candidate_4,candidate_1,4,0.1475
1138,candidate_2,0,candidate_4,candidate_1,4,0.1475
1139,candidate_2,candidate_3,candidate_4,candidate_1,4,0.1475
1140,candidate_2,candidate_3,candidate_4,candidate_1,4,0.1475
1141,candidate_2,candidate_3,candidate_4,candidate_1,4,0.1475
1142,0,candidate_3,candidate_4,candidate_1,4,0.1475
1143,candidate_2,candidate_3,candidate_4,candidate_1,4,0.1475
1144,candidate_2,candidate_3,0,candidate_1,4,0.1475
1145,0,candidate_3,candidate_4,candidate_1,4,0.1475
1146,candidate_2,candidate_3,candidate_4,candidate_1,4,0.1475
1147,candidate_2,candidate_3,candidate_4,candidate_1,4,0.1475
1148,candidate_2,0,candidate_4,candidate_1,4,0.1475
1149,candidate_2,candidate_3,candidate_4,candidate_1,4,0.1475
1150,candidate_2,candidate_3,candidate_4,0,4,0.1475
1151,candidate_2,candidate_3,candidate_4,0,4,0.1475
1152,candidate_2,0,candidate_4,candidate_1,4,0.1475
1153,candidate_2,candidate_3,candidate_4,0,4,0.1475
1154,candidate_2,candidate_3,0,candidate_1,4,0.1475
1155,candidate_2,candidate_3,candidate_4,candidate_1,4,0.1475
1156,0,candidate_3,candidate_4,candidate_1,4,0.1475
1157,candidate_2,candidate_3,candidate_4,0,4,0.1475
1158,candidate_2,candidate_3,candidate_4,candidate_1,4,0.1475
1159,candidate_2,candidate_3,candidate_4,candidate_1,4,0.1475
1160,0,candidate_3,candidate_4,candidate_1,4,0.1475
1161,candidate_2,candidate_3,candidate_4,candidate_1,4,0.1475
1162,0,candidate_3,candidate_4,0,4,0.1475
1163,candidate_2,0,candidate_4,candidate_1,4,0.1475
1164,candidate_2,candidate_3,candidate_4,candidate_1,4,0.1475
1165,candidate_2,candidate_3,candidate_4,candidate_1,4,0.1475
1166,candidate_2,candidate_3,candidate_4,candidate_1,4,0.1475
1167,candidate_2,candidate_3,candidate_4,candidate_1,4,0.1475
1168,0,candidate_3,0,candidate_1,4,0.1475
1169,candidate_2,0,candidate_4,candidate_1,4,0.1475
1170,candidate_2,candidate_3,0,candidate_1,4,0.1475
1171,candidate_2,candidate_3,candidate_4,candidate_1,4,0.1475
1172,candidate_2,candidate_3,0,candidate_1,4,0.1475
1173,candidate_2,candidate_3,candidate_4,candidate_1,4,0.1475
1174,candidate_2,candidate_3,candidate_4,candidate_1,4,0.1475
1175,candidate_2,candidate_3,candidate_4,candidate_1,4,0.1475
1176,candidate_2,0,candidate_4,0,4,0.1475
1177,candidate_2,candidate_3,candidate_4,candidate_1,4,0.1475
1178,candidate_2,candidate_3,candidate_4,0,4,0.1475
1179,candidate_2,candidate_3,candidate_4,candidate_1,4,0.1475
1180,candidate_2,0,candidate_4,candidate_1,4,0.1475
1181,0,candidate_3,candidate_4,0,4,0.1475
1182,candidate_2,candidate_3,candidate_4,candidate_1,4,0.1475
1183,candidate_2,candidate_3,candidate_4,candidate_1,4,0.1475
1184,candidate_2,candidate_3,candidate_4,candidate_1,4,0.1475
1185,candidate_2,candidate_3,candidate_4,0,4,0.1475
1186,candidate_2,0,0,candidate_1,4,0.1475
1187,0,candidate_3,candidate_4,candidate_1,4,0.1475
1188,candidate_2,candidate_3,candidate_4,0,4,0.1475
1189,0,candidate_3,0,candidate_1,4,0.1475
1190,candidate_2,candidate_3,candidate_4,0,4,0.1475
1191,candidate_2,candidate_3,candidate_4,candidate_1,4,0.1475
1192,candidate_2,candidate_3,candidate_4,candidate_1,4,0.1475
1193,candidate_2,candidate_3,candidate_4,candidate_1,4,0.1475
1194,candidate_2,candidate_3,candidate_4,candidate_1,4,0.1475
1195,candidate_2,0,candidate_4,candidate_1,4,0.1475
1196,candidate_2,candidate_3,candidate_4,candidate_1,4,0.1475
1197,0,candidate_3,candidate_4,candidate_1,4,0.1475
1198,candidate_2,candidate_3,candidate_4,candidate_1,4,0.1475
1199,candidate_2,candidate_3,0,candidate_1,4,0.1475
1200,candidate_2,0,0,candidate_1,4,0.1475
1201,candidate_2,candidate_3,candidate_4,candidate_1,4,0.1475
1202,candidate_2,candidate_3,candidate_4,candidate_1,4,0.1475
1203,candidate_2,candidate_3,candidate_4,candidate_1,4,0.1475
1204,candidate_2,candidate_3,candidate_4,candidate_1,4,0.1475
1205,candidate_2,candidate_3,candidate_4,candidate_1,4,0.1475
1206,candidate_2,candidate_3,candidate_4,0,4,0.1475
1207,candidate_2,candidate_3,candidate_4,candidate_1,4,0.1475
1208,candidate_2,candidate_3,0,candidate_1,4,0.1475
1209,candidate_2,0,candidate_4,candidate_1,4,0.1475
1210,candidate_2,candidate_3,candidate_4,candidate_1,4,0.1475
1211,candidate_2,candidate_3,candidate_4,candidate_1,4,0.1475
1212,candidate_2,0,candidate_4,candidate_1,4,0.1475
1213,candidate_2,candidate_3,candidate_4,0,4,0.1475
1214,candidate_2,candidate_3,candidate_4,candidate_1,4,0.1475
1215,candidate_2,0,0,candidate_1,4,0.1475
1216,candidate_2,candidate_3,candidate_4,candidate_1,4,0.1475
1217,candidate_2,0,candidate_4,0,4,0.1475
1218,candidate_2,candidate_3,0,candidate_1,4,0.1475
1219,candidate_2,0,candidate_4,candidate_1,4,0.1475
1220,candidate_2,candidate_3,candidate_4,candidate_1,4,0.1475
1221,candidate_2,candidate_3,0,candidate_1,4,0.1475
1222,candidate_2,candidate_3,candidate_4,candidate_1,4,0.1475
1223,candidate_2,candidate_3,candidate_4,candidate_1,4,0.1475
1224,candidate_2,0,candidate_4,0,4,0.1475
1225,candidate_2,candidate_3,candidate_4,candidate_1,4,0.1475
1226,candidate_2,0,candidate_4,candidate_1,4,0.1475
1227,candidate_2,candidate_3,candidate_4,0,4,0.1475
1228,candidate_2,candidate_3,candidate_4,candidate_1,4,0.1475
1229,candidate_2,candidate_3,candidate_4,candidate_1,4,0.1475
1230,0,candidate_3,candidate_4,candidate_1,4,0.1475
1231,candidate_2,candidate_3,0,candidate_1,4,0.1475
1232,candidate_2,candidate_3,candidate_4,candidate_1,4,0.1475
1233,candidate_2,candidate_3,candidate_4,candidate_1,4,0.1475
1234,candidate_2,candidate_3,candidate_4,candidate_1,4,0.1475
1235,candidate_2,candidate_3,candidate_4,candidate_1,4,0.1475
1236,candidate_2,candidate_3,candidate_4,0,4,0.1475
1237,candidate_2,candidate_3,0,candidate_1,4,0.1475
1238,candidate_2,0,candidate_4,0,4,0.1475
1239,candidate_2,candidate_3,candidate_4,0,4,0.1475
1240,candidate_2,0,candidate_4,candidate_1,4,0.1475
1241,candidate_2,0,candidate_4,candidate_1,4,0.1475
1242,candidate_2,0,0,0,4,0.1475
1243,candidate_2,candidate_3,candidate_4,candidate_1,4,0.1475
1244,candidate_2,candidate_3,candidate_4,candidate_1,4,0.1475
1245,candidate_2,candidate_3,candidate_4,0,4,0.1475
1246,candidate_2,candidate_3,candidate_4,candidate_1,4,0.1475
1247,candidate_2,candidate_3,candidate_4,candidate_1,4,0.1475
1248,candidate_2,candidate_3,candidate_4,candidate_1,4,0.1475
1249,candidate_2,candidate_3,candidate_4,candidate_1,4,0.1475
1250,0,candidate_3,candidate_4,candidate_1,4,0.1475
1251,candidate_2,candidate_3,0,0,4,0.1475
1252,candidate_2,candidate_3,candidate_4,candidate_1,4,0.1475
1253,candidate_2,candidate_3,candidate_4,candidate_1,4,0.1475
1254,candidate_2,candidate_3,candidate_4,candidate_1,4,0.1475
1255,candidate_2,candidate_3,candidate_4,candidate_1,4,0.1475
1256,0,candidate_3,candidate_4,candidate_1,4,0.1475
1257,candidate_2,candidate_3,candidate_4,candidate_1,4,0.1475
1258,candidate_2,candidate_3,candidate_4,0,4,0.1475
1259,candidate_2,0,candidate_4,candidate_1,4,0.1475
1260,candidate_2,0,candidate_4,candidate_1,4,0.1475
1261,candidate_2,candidate_3,0,candidate_1,4,0.1475
1262,candidate_2,candidate_3,candidate_4,candidate_1,4,0.1475
1263,0,candidate_3,candidate_4,candidate_1,4,0.1475
1264,candidate_2,candidate_3,candidate_4,candidate_1,4,0.1475
1265,candidate_2,candidate_3,candidate_4,candidate_1,4,0.1475
1266,candidate_2,candidate_3,candidate_4,0,4,0.1475
1267,candidate_2,candidate_3,candidate_4,candidate_1,4,0.1475
1268,candidate_2,candidate_3,candidate_4,0,4,0.1475
1269,candidate_2,candidate_3,candidate_4,candidate_1,4,0.1475
1270,0,candidate_3,0,candidate_1,4,0.1475
1271,candidate_2,candidate_3,candidate_4,candidate_1,4,0.1475
1272,candidate_2,candidate_3,candidate_4,candidate_1,4,0.1475
1273,candidate_2,candidate_3,candidate_4,candidate_1,4,0.1475
1274,0,candidate_3,0,candidate_1,4,0.1475
1275,candidate_2,candidate_3,candidate_4,0,4,0.1475
1276,candidate_2,candidate_3,candidate_4,candidate_1,4,0.1475
1277,candidate_2,candidate_3,candidate_4,candidate_1,4,0.1475
1278,candidate_2,candidate_3,0,0,4,0.1475
1279,candidate_2,candidate_3,candidate_4,candidate_1,4,0.1475
1280,candidate_2,candidate_3,candidate_4,candidate_1,4,0.1475
1281,0,0,candidate_4,0,4,0.1475
1282,candidate_2,0,candidate_4,candidate_1,4,0.1475
1283,candidate_2,candidate_3,candidate_4,candidate_1,4,0.1475
1284,0,candidate_3,candidate_4,candidate_1,4,0.1475
1285,candidate_2,candidate_3,candidate_4,candidate_1,4,0.1475
1286,candidate_2,candidate_3,0,candidate_1,4,0.1475
1287,0,candidate_3,candidate_4,candidate_1,4,0.1475
1288,candidate_2,candidate_3,candidate_4,candidate_1,4,0.1475
1289,candidate_2,0,candidate_4,candidate_1,4,0.1475
1290,candidate_2,candidate_3,candidate_4,candidate_1,4,0.1475
1291,candidate_2,candidate_3,candidate_4,candidate_1,4,0.1475
1292,candidate_2,candidate_3,candidate_4,candidate_1,4,0.1475
1293,candidate_2,candidate_3,candidate_4,candidate_1,4,0.1475
1294,candidate_2,candidate_3,candidate_4,candidate_1,4,0.1475
1295,candidate_2,candidate_3,candidate_4,candidate_1,4,0.1475
1296,candidate_2,candidate_3,candidate_4,candidate_1,4,0.1475
1297,0,candidate_3,candidate_4,candidate_1,4,0.1475
1298,0,0,candidate_4,candidate_1,4,0.1475
1299,candidate_2,candidate_3,candidate_4,candidate_1,4,0.1475
1300,candidate_2,candidate_3,candidate_4,candidate_1,4,0.1475
1301,0,candidate_3,candidate_4,candidate_1,4,0.1475
1302,0,candidate_3,candidate_4,0,4,0.1475
1303,candidate_2,candidate_3,candidate_4,candidate_1,4,0.1475
1304,candidate_2,candidate_3,candidate_4,candidate_1,4,0.1475
1305,candidate_2,candidate_3,candidate_4,candidate_1,4,0.1475
1306,candidate_2,candidate_3,candidate_4,candidate_1,4,0.1475
1307,candidate_2,candidate_3,candidate_4,candidate_1,4,0.1475
1308,candidate_2,0,candidate_4,candidate_1,4,0.1475
1309,candidate_2,candidate_3,0,candidate_1,4,0.1475
1310,candidate_2,0,candidate_4,candidate_1,4,0.1475
1311,candidate_2,candidate_3,candidate_4,0,4,0.1475
1312,0,candidate_3,candidate_4,0,4,0.1475
1313,0,0,0,0,4,0.1475
1314,candidate_2,0,candidate_4,0,4,0.1475
1315,candidate_2,candidate_3,candidate_4,candidate_1,4,0.1475
1316,candidate_2,candidate_3,candidate_4,0,4,0.1475
1317,candidate_2,0,candidate_4,0,4,0.1475
1318,candidate_2,candidate_3,candidate_4,candidate_1,4,0.1475
1319,candidate_2,candidate_3,candidate_4,candidate_1,4,0.1475
1320,candidate_2,candidate_3,candidate_4,candidate_1,4,0.1475
1321,candidate_2,candidate_3,candidate_4,candidate_1,4,0.1475
1322,candidate_2,candidate_3,candidate_4,candidate_1,4,0.1475
0,candidate_2,candidate_4,candidate_1,candidate_3,4,0.1475
1,0,candidate_4,candidate_1,candidate_3,4,0.1475
2,candidate_2,candidate_4,candidate_1,candidate_3,4,0.1475
3,candidate_2,candidate_4,candidate_1,candidate_3,4,0.1475
4,candidate_2,candidate_4,candidate_1,0,4,0.1475
5,candidate_2,candidate_4,candidate_1,candidate_3,4,0.1475
6,candidate_2,0,candidate_1,candidate_3,4,0.1475
7,candidate_2,candidate_4,candidate_1,0,4,0.1475
8,candidate_2,0,0,candidate_3,4,0.1475
9,candidate_2,candidate_4,candidate_1,candidate_3,4,0.1475
10,candidate_2,candidate_4,candidate_1,0,4,0.1475
11,candidate_2,candidate_4,candidate_1,0,4,0.1475
12,candidate_2,candidate_4,candidate_1,candidate_3,4,0.1475
13,candidate_2,candidate_4,candidate_1,candidate_3,4,0.1475
14,candidate_2,0,candidate_1,candidate_3,4,0.1475
15,candidate_2,candidate_4,candidate_1,candidate_3,4,0.1475
16,candidate_2,candidate_4,candidate_1,candidate_3,4,0.1475
17,candidate_2,0,candidate_1,candidate_3,4,0.1475
18,candidate_2,candidate_4,candidate_1,candidate_3,4,0.1475
19,0,candidate_4,candidate_1,candidate_3,4,0.1475
20,candidate_2,0,candidate_1,candidate_3,4,0.1475
21,0,candidate_4,candidate_1,candidate_3,4,0.1475
22,candidate_2,0,0,candidate_3,4,0.1475
23,candidate_2,0,candidate_1,candidate_3,4,0.1475
24,candidate_2,candidate_4,candidate_1,candidate_3,4,0.1475
25,candidate_2,0,candidate_1,candidate_3,4,0.1475
26,candidate_2,candidate_4,candidate_1,candidate_3,4,0.1475
27,candidate_2,candidate_4,candidate_1,candidate_3,4,0.1475
28,candidate_2,candidate_4,0,candidate_3,4,0.1475
29,candidate_2,candidate_4,candidate_1,0,4,0.1475
30,candidate_2,0,candidate_1,candidate_3,4,0.1475
31,candidate_2,candidate_4,candidate_1,0,4,0.1475
32,candidate_2,candidate_4,candidate_1,candidate_3,4,0.1475
33,0,candidate_4,candidate_1,candidate_3,4,0.1475
34,candidate_2,candidate_4,candidate_1,candidate_3,4,0.1475
35,candidate_2,0,candidate_1,candidate_3,4,0.1475
36,candidate_2,candidate_4,candidate_1,candidate_3,4,0.1475
37,candidate_2,candidate_4,candidate_1,candidate_3,4,0.1475
38,candidate_2,candidate_4,candidate_1,candidate_3,4,0.1475
39,candidate_2,candidate_4,candidate_1,candidate_3,4,0.1475
40,candidate_2,candidate_4,candidate_1,candidate_3,4,0.1475
41,0,candidate_4,candidate_1,candidate_3,4,0.1475
42,0,candidate_4,candidate_1,0,4,0.1475
43,candidate_2,candidate_4,candidate_1,candidate_3,4,0.1475
44,candidate_2,candidate_4,0,candidate_3,4,0.1475
45,candidate_2,candidate_4,candidate_1,candidate_3,4,0.1475
46,candidate_2,candidate_4,candidate_1,candidate_3,4,0.1475
47,candidate_2,candidate_4,candidate_1,candidate_3,4,0.1475
48,candidate_2,0,candidate_1,candidate_3,4,0.1475
49,candidate_2,candidate_4,candidate_1,candidate_3,4,0.1475
50,candidate_2,candidate_4,candidate_1,candidate_3,4,0.1475
51,candidate_2,candidate_4,candidate_1,candidate_3,4,0.1475
52,candidate_2,candidate_4,candidate_1,candidate_3,4,0.1475
53,candidate_2,candidate_4,candidate_1,candidate_3,4,0.1475
54,0,candidate_4,candidate_1,candidate_3,4,0.1475
55,candidate_2,candidate_4,candidate_1,candidate_3,4,0.1475
56,candidate_2,candidate_4,candidate_1,candidate_3,4,0.1475
57,candidate_2,candidate_4,0,candidate_3,4,0.1475
58,candidate_2,candidate_4,candidate_1,candidate_3,4,0.1475
59,candidate_2,candidate_4,candidate_1,candidate_3,4,0.1475
60,candidate_2,candidate_4,candidate_1,candidate_3,4,0.1475
61,candidate_2,0,candidate_1,candidate_3,4,0.1475
62,0,candidate_4,candidate_1,0,4,0.1475
63,candidate_2,candidate_4,candidate_1,candidate_3,4,0.1475
64,candidate_2,candidate_4,candidate_1,candidate_3,4,0.1475
65,candidate_2,candidate_4,0,candidate_3,4,0.1475
66,candidate_2,candidate_4,candidate_1,candidate_3,4,0.1475
67,candidate_2,candidate_4,candidate_1,0,4,0.1475
68,candidate_2,candidate_4,0,candidate_3,4,0.1475
69,0,candidate_4,candidate_1,candidate_3,4,0.1475
70,candidate_2,candidate_4,candidate_1,candidate_3,4,0.1475
71,candidate_2,candidate_4,candidate_1,candidate_3,4,0.1475
72,candidate_2,candidate_4,candidate_1,candidate_3,4,0.1475
73,0,candidate_4,0,candidate_3,4,0.1475
74,candidate_2,candidate_4,candidate_1,0,4,0.1475
75,candidate_2,candidate_4,candidate_1,candidate_3,4,0.1475
76,candidate_2,candidate_4,candidate_1,candidate_3,4,0.1475
77,candidate_2,candidate_4,0,candidate_3,4,0.1475
78,candidate_2,0,0,0,4,0.1475
79,candidate_2,candidate_4,candidate_1,candidate_3,4,0.1475
80,candidate_2,candidate_4,candidate_1,candidate_3,4,0.1475
81,0,candidate_4,candidate_1,candidate_3,4,0.1475
82,candidate_2,candidate_4,candidate_1,candidate_3,4,0.1475
83,0,candidate_4,candidate_1,candidate_3,4,0.1475
84,0,candidate_4,candidate_1,candidate_3,4,0.1475
85,candidate_2,candidate_4,candidate_1,candidate_3,4,0.1475
86,candidate_2,0,candidate_1,candidate_3,4,0.1475
87,candidate_2,candidate_4,candidate_1,candidate_3,4,0.1475
88,candidate_2,candidate_4,candidate_1,candidate_3,4,0.1475
89,candidate_2,candidate_4,candidate_1,candidate_3,4,0.1475
90,candidate_2,candidate_4,0,candidate_3,4,0.1475
91,0,candidate_4,candidate_1,candidate_3,4,0.1475
92,candidate_2,candidate_4,candidate_1,candidate_3,4,0.1475
93,candidate_2,0,candidate_1,0,4,0.1475
94,0,candidate_4,candidate_1,candidate_3,4,0.1475
95,candidate_2,candidate_4,0,candidate_3,4,0.1475
96,candidate_2,candidate_4,candidate_1,candidate_3,4,0.1475
97,candidate_2,candidate_4,candidate_1,candidate_3,4,0.1475
98,candidate_2,candidate_4,0,candidate_3,4,0.1475
99,candidate_2,0,candidate_1,0,4,0.1475
100,candidate_2,candidate_4,0,candidate_3,4,0.1475
101,candidate_2,candidate_4,0,candidate_3,4,0.1475
102,candidate_2,candidate_4,candidate_1,candidate_3,4,0.1475
103,candidate_2,candidate_4,candidate_1,candidate_3,4,0.1475
104,0,candidate_4,candidate_1,candidate_3,4,0.1475
105,candidate_2,candidate_4,candidate_1,candidate_3,4,0.1475
106,candidate_2,candidate_4,candidate_1,0,4,0.1475
107,candidate_2,candidate_4,0,candidate_3,4,0.1475
108,candidate_2,candidate_4,0,candidate_3,4,0.1475
109,candidate_2,candidate_4,candidate_1,candidate_3,4,0.1475
110,candidate_2,candidate_4,candidate_1,candidate_3,4,0.1475
111,0,candidate_4,candidate_1,candidate_3,4,0.1475
112,candidate_2,candidate_4,0,candidate_3,4,0.1475
113,candidate_2,candidate_4,candidate_1,candidate_3,4,0.1475
114,candidate_2,candidate_4,candidate_1,candidate_3,4,0.1475
115,candidate_2,candidate_4,candidate_1,candidate_3,4,0.1475
116,candidate_2,candidate_4,candidate_1,candidate_3,4,0.1475
117,candidate_2,0,candidate_1,candidate_3,4,0.1475
118,candidate_2,candidate_4,candidate_1,candidate_3,4,0.1475
119,candidate_2,candidate_4,candidate_1,0,4,0.1475
120,candidate_2,candidate_4,candidate_1,candidate_3,4,0.1475
121,candidate_2,candidate_4,candidate_1,candidate_3,4,0.1475
122,0,candidate_4,candidate_1,0,4,0.1475
123,0,candidate_4,candidate_1,candidate_3,4,0.1475
124,candidate_2,candidate_4,0,0,4,0.1475
125,candidate_2,candidate_4,candidate_1,candidate_3,4,0.1475
126,candidate_2,candidate_4,candidate_1,candidate_3,4,0.1475
127,candidate_2,candidate_4,candidate_1,candidate_3,4,0.1475
128,candidate_2,candidate_4,candidate_1,0,4,0.1475
129,candidate_2,candidate_4,candidate_1,candidate_3,4,0.1475
130,candidate_2,candidate_4,candidate_1,candidate_3,4,0.1475
131,0,candidate_4,candidate_1,candidate_3,4,0.1475
132,candidate_2,candidate_4,candidate_1,candidate_3,4,0.1475
133,0,candidate_4,candidate_1,candidate_3,4,0.1475
134,0,candidate_4,candidate_1,candidate_3,4,0.1475
135,candidate_2,candidate_4,candidate_1,candidate_3,4,0.1475
136,candidate_2,candidate_4,candidate_1,candidate_3,4,0.1475
137,candidate_2,candidate_4,candidate_1,0,4,0.1475
138,candidate_2,candidate_4,candidate_1,candidate_3,4,0.1475
139,candidate_2,candidate_4,candidate_1,candidate_3,4,0.1475
140,candidate_2,candidate_4,candidate_1,candidate_3,4,0.1475
141,candidate_2,candidate_4,candidate_1,0,4,0.1475
142,candidate_2,candidate_4,candidate_1,candidate_3,4,0.1475
143,candidate_2,candidate_4,0,candidate_3,4,0.1475
144,candidate_2,candidate_4,candidate_1,0,4,0.1475
145,candidate_2,candidate_4,candidate_1,candidate_3,4,0.1475
146,0,candidate_4,candidate_1,candidate_3,4,0.1475
147,candidate_2,candidate_4,candidate_1,candidate_3,4,0.1475
148,candidate_2,candidate_4,candidate_1,candidate_3,4,0.1475
149,candidate_2,candidate_4,candidate_1,candidate_3,4,0.1475
150,candidate_2,0,candidate_1,candidate_3,4,0.1475
151,candidate_2,candidate_4,candidate_1,candidate_3,4,0.1475
152,candidate_2,candidate_4,0,candidate_3,4,0.1475
153,0,candidate_4,0,candidate_3,4,0.1475
154,candidate_2,candidate_4,candidate_1,candidate_3,4,0.1475
155,candidate_2,candidate_4,candidate_1,candidate_3,4,0.1475
156,candidate_2,candidate_4,candidate_1,candidate_3,4,0.1475
157,candidate_2,candidate_4,candidate_1,candidate_3,4,0.1475
158,0,0,candidate_1,candidate_3,4,0.1475
159,candidate_2,candidate_4,candidate_1,candidate_3,4,0.1475
160,candidate_2,0,candidate_1,candidate_3,4,0.1475
161,candidate_2,candidate_4,0,candidate_3,4,0.1475
162,candidate_2,candidate_4,candidate_1,candidate_3,4,0.1475
163,candidate_2,candidate_4,0,candidate_3,4,0.1475
164,candidate_2,candidate_4,candidate_1,candidate_3,4,0.1475
165,candidate_2,candidate_4,candidate_1,candidate_3,4,0.1475
166,candidate_2,candidate_4,candidate_1,candidate_3,4,0.1475
167,0,candidate_4,candidate_1,candidate_3,4,0.1475
168,candidate_2,candidate_4,candidate_1,candidate_3,4,0.1475
169,candidate_2,0,candidate_1,candidate_3,4,0.1475
170,0,candidate_4,candidate_1,candidate_3,4,0.1475
171,candidate_2,candidate_4,candidate_1,candidate_3,4,0.1475
172,candidate_2,0,0,candidate_3,4,0.1475
173,candidate_2,candidate_4,candidate_1,0,4,0.1475
174,candidate_2,candidate_4,candidate_1,candidate_3,4,0.1475
175,candidate_2,candidate_4,candidate_1,0,4,0.1475
176,candidate_2,candidate_4,candidate_1,candidate_3,4,0.1475
177,candidate_2,candidate_4,candidate_1,candidate_3,4,0.1475
178,candidate_2,candidate_4,candidate_1,0,4,0.1475
179,candidate_2,candidate_4,candidate_1,0,4,0.1475
180,candidate_2,candidate_4,candidate_1,candidate_3,4,0.1475
181,candidate_2,candidate_4,candidate_1,candidate_3,4,0.1475
182,candidate_2,candidate_4,candidate_1,candidate_3,4,0.1475
183,candidate_2,candidate_4,candidate_1,candidate_3,4,0.1475
184,candidate_2,candidate_4,candidate_1,0,4,0.1475
185,0,candidate_4,candidate_1,candidate_3,4,0.1475
186,candidate_2,candidate_4,candidate_1,candidate_3,4,0.1475
187,candidate_2,candidate_4,candidate_1,candidate_3,4,0.1475
188,candidate_2,candidate_4,candidate_1,candidate_3,4,0.1475
189,candidate_2,0,candidate_1,candidate_3,4,0.1475
190,0,candidate_4,candidate_1,candidate_3,4,0.1475
191,candidate_2,candidate_4,candidate_1,candidate_3,4,0.1475
192,candidate_2,0,candidate_1,candidate_3,4,0.1475
193,candidate_2,candidate_4,candidate_1,candidate_3,4,0.1475
194,candidate_2,candidate_4,0,candidate_3,4,0.1475
195,candidate_2,candidate_4,candidate_1,candidate_3,4,0.1475
196,0,candidate_4,candidate_1,candidate_3,4,0.1475
197,candidate_2,candidate_4,candidate_1,candidate_3,4,0.1475
198,0,candidate_4,candidate_1,candidate_3,4,0.1475
199,0,candidate_4,candidate_1,candidate_3,4,0.1475
200,candidate_2,candidate_4,candidate_1,candidate_3,4,0.1475
201,candidate_2,candidate_4,candidate_1,candidate_3,4,0.1475
202,candidate_2,candidate_4,candidate_1,0,4,0.1475
203,candidate_2,candidate_4,candidate_1,0,4,0.1475
204,0,candidate_4,candidate_1,candidate_3,4,0.1475
205,candidate_2,0,0,candidate_3,4,0.1475
206,candidate_2,candidate_4,candidate_1,0,4,0.1475
207,candidate_2,candidate_4,0,candidate_3,4,0.1475
208,candidate_2,candidate_4,candidate_1,candidate_3,4,0.1475
209,candidate_2,candidate_4,candidate_1,candidate_3,4,0.1475
210,candidate_2,candidate_4,candidate_1,0,4,0.1475
211,candidate_2,candidate_4,candidate_1,candidate_3,4,0.1475
212,candidate_2,candidate_4,candidate_1,candidate_3,4,0.1475
213,candidate_2,candidate_4,candidate_1,candidate_3,4,0.1475
214,candidate_2,candidate_4,candidate_1,candidate_3,4,0.1475
215,candidate_2,candidate_4,candidate_1,candidate_3,4,0.1475
216,candidate_2,0,0,0,4,0.1475
217,candidate_2,0,candidate_1,0,4,0.1475
218,candidate_2,candidate_4,candidate_1,candidate_3,4,0.1475
219,candidate_2,candidate_4,candidate_1,candidate_3,4,0.1475
220,candidate_2,candidate_4,candidate_1,candidate_3,4,0.1475
221,candidate_2,candidate_4,candidate_1,candidate_3,4,0.1475
222,candidate_2,0,candidate_1,candidate_3,4,0.1475
223,candidate_2,candidate_4,candidate_1,candidate_3,4,0.1475
224,candidate_2,candidate_4,candidate_1,candidate_3,4,0.1475
225,candidate_2,candidate_4,0,candidate_3,4,0.1475
226,candidate_2,0,candidate_1,candidate_3,4,0.1475
227,candidate_2,candidate_4,candidate_1,candidate_3,4,0.1475
228,candidate_2,candidate_4,candidate_1,0,4,0.1475
229,0,candidate_4,candidate_1,candidate_3,4,0.1475
230,candidate_2,candidate_4,candidate_1,candidate_3,4,0.1475
231,candidate_2,candidate_4,candidate_1,candidate_3,4,0.1475
232,candidate_2,candidate_4,candidate_1,candidate_3,4,0.1475
233,candidate_2,0,candidate_1,candidate_3,4,0.1475
0,candidate_2,candidate_4,candidate_3,candidate_1,4,0.1475
1,0,0,candidate_3,candidate_1,4,0.1475
2,0,candidate_4,candidate_3,candidate_1,4,0.1475
3,candidate_2,candidate_4,candidate_3,candidate_1,4,0.1475
4,candidate_2,candidate_4,candidate_3,candidate_1,4,0.1475
5,candidate_2,candidate_4,candidate_3,0,4,0.1475
6,candidate_2,candidate_4,candidate_3,candidate_1,4,0.1475
7,candidate_2,candidate_4,candidate_3,candidate_1,4,0.1475
8,candidate_2,candidate_4,candidate_3,candidate_1,4,0.1475
9,candidate_2,candidate_4,candidate_3,candidate_1,4,0.1475
10,0,candidate_4,candidate_3,candidate_1,4,0.1475
11,candidate_2,candidate_4,candidate_3,candidate_1,4,0.1475
12,candidate_2,0,candidate_3,candidate_1,4,0.1475
13,candidate_2,candidate_4,candidate_3,candidate_1,4,0.1475
14,candidate_2,0,candidate_3,candidate_1,4,0.1475
15,candidate_2,candidate_4,candidate_3,candidate_1,4,0.1475
16,0,candidate_4,candidate_3,candidate_1,4,0.1475
17,candidate_2,0,candidate_3,0,4,0.1475
18,0,candidate_4,candidate_3,candidate_1,4,0.1475
19,candidate_2,candidate_4,candidate_3,candidate_1,4,0.1475
20,candidate_2,candidate_4,candidate_3,candidate_1,4,0.1475
21,candidate_2,candidate_4,candidate_3,0,4,0.1475
22,0,candidate_4,candidate_3,candidate_1,4,0.1475
23,candidate_2,candidate_4,candidate_3,candidate_1,4,0.1475
24,0,candidate_4,candidate_3,candidate_1,4,0.1475
25,candidate_2,candidate_4,candidate_3,candidate_1,4,0.1475
26,candidate_2,0,0,candidate_1,4,0.1475
27,candidate_2,candidate_4,0,candidate_1,4,0.1475
28,candidate_2,candidate_4,candidate_3,candidate_1,4,0.1475
29,candidate_2,candidate_4,0,candidate_1,4,0.1475
30,0,candidate_4,candidate_3,candidate_1,4,0.1475
31,candidate_2,candidate_4,candidate_3,0,4,0.1475
32,candidate_2,candidate_4,0,candidate_1,4,0.1475
33,candidate_2,candidate_4,candidate_3,candidate_1,4,0.1475
34,candidate_2,candidate_4,candidate_3,0,4,0.1475
35,0,candidate_4,0,candidate_1,4,0.1475
36,candidate_2,candidate_4,candidate_3,candidate_1,4,0.1475
37,0,candidate_4,candidate_3,candidate_1,4,0.1475
38,candidate_2,candidate_4,candidate_3,0,4,0.1475
39,candidate_2,candidate_4,candidate_3,candidate_1,4,0.1475
40,candidate_2,candidate_4,candidate_3,0,4,0.1475
41,candidate_2,candidate_4,candidate_3,candidate_1,4,0.1475
42,candidate_2,candidate_4,candidate_3,candidate_1,4,0.1475
43,candidate_2,0,candidate_3,candidate_1,4,0.1475
44,0,0,candidate_3,candidate_1,4,0.1475
45,candidate_2,candidate_4,candidate_3,candidate_1,4,0.1475
46,candidate_2,candidate_4,candidate_3,candidate_1,4,0.1475
47,candidate_2,0,candidate_3,candidate_1,4,0.1475
48,candidate_2,candidate_4,candidate_3,candidate_1,4,0.1475
49,candidate_2,candidate_4,candidate_3,candidate_1,4,0.1475
50,candidate_2,0,candidate_3,0,4,0.1475
51,candidate_2,candidate_4,candidate_3,candidate_1,4,0.1475
52,candidate_2,candidate_4,candidate_3,candidate_1,4,0.1475
53,candidate_2,candidate_4,candidate_3,candidate_1,4,0.1475
54,candidate_2,candidate_4,0,candidate_1,4,0.1475
55,candidate_2,candidate_4,0,candidate_1,4,0.1475
56,0,candidate_4,candidate_3,0,4,0.1475
57,candidate_2,candidate_4,candidate_3,0,4,0.1475
58,candidate_2,0,candidate_3,candidate_1,4,0.1475
59,candidate_2,candidate_4,candidate_3,0,4,0.1475
60,candidate_2,candidate_4,candidate_3,candidate_1,4,0.1475
61,0,candidate_4,candidate_3,candidate_1,4,0.1475
62,candidate_2,candidate_4,candidate_3,candidate_1,4,0.1475
63,candidate_2,candidate_4,candidate_3,candidate_1,4,0.1475
64,candidate_2,candidate_4,candidate_3,0,4,0.1475
65,candidate_2,0,candidate_3,candidate_1,4,0.1475
66,candidate_2,0,candidate_3,candidate_1,4,0.1475
67,candidate_2,candidate_4,candidate_3,candidate_1,4,0.1475
68,candidate_2,candidate_4,candidate_3,0,4,0.1475
69,candidate_2,candidate_4,candidate_3,candidate_1,4,0.1475
70,0,candidate_4,candidate_3,candidate_1,4,0.1475
71,candidate_2,candidate_4,candidate_3,candidate_1,4,0.1475
72,candidate_2,candidate_4,candidate_3,candidate_1,4,0.1475
73,candidate_2,candidate_4,candidate_3,candidate_1,4,0.1475
74,candidate_2,candidate_4,candidate_3,candidate_1,4,0.1475
75,candidate_2,0,candidate_3,candidate_1,4,0.1475
76,candidate_2,candidate_4,candidate_3,candidate_1,4,0.1475
77,candidate_2,candidate_4,candidate_3,candidate_1,4,0.1475
78,candidate_2,candidate_4,candidate_3,candidate_1,4,0.1475
79,candidate_2,candidate_4,candidate_3,candidate_1,4,0.1475
80,candidate_2,candidate_4,candidate_3,candidate_1,4,0.1475
81,candidate_2,candidate_4,candidate_3,candidate_1,4,0.1475
82,candidate_2,candidate_4,candidate_3,candidate_1,4,0.1475
83,candidate_2,candidate_4,0,candidate_1,4,0.1475
84,candidate_2,candidate_4,candidate_3,candidate_1,4,0.1475
85,0,candidate_4,candidate_3,candidate_1,4,0.1475
86,candidate_2,candidate_4,candidate_3,candidate_1,4,0.1475
87,candidate_2,candidate_4,0,candidate_1,4,0.1475
88,candidate_2,candidate_4,candidate_3,candidate_1,4,0.1475
89,0,candidate_4,candidate_3,candidate_1,4,0.1475
90,candidate_2,candidate_4,candidate_3,candidate_1,4,0.1475
91,candidate_2,candidate_4,0,candidate_1,4,0.1475
92,candidate_2,candidate_4,candidate_3,candidate_1,4,0.1475
93,candidate_2,candidate_4,candidate_3,candidate_1,4,0.1475
94,candidate_2,candidate_4,candidate_3,0,4,0.1475
95,candidate_2,0,candidate_3,candidate_1,4,0.1475
96,candidate_2,candidate_4,candidate_3,candidate_1,4,0.1475
97,candidate_2,candidate_4,candidate_3,candidate_1,4,0.1475
98,candidate_2,candidate_4,candidate_3,candidate_1,4,0.1475
99,candidate_2,candidate_4,candidate_3,candidate_1,4,0.1475
100,0,candidate_4,candidate_3,candidate_1,4,0.1475
101,candidate_2,candidate_4,candidate_3,candidate_1,4,0.1475
102,0,candidate_4,0,candidate_1,4,0.1475
103,0,candidate_4,candidate_3,candidate_1,4,0.1475
104,candidate_2,candidate_4,0,candidate_1,4,0.1475
105,candidate_2,candidate_4,0,candidate_1,4,0.1475
106,candidate_2,0,candidate_3,0,4,0.1475
107,candidate_2,0,candidate_3,candidate_1,4,0.1475
108,candidate_2,candidate_4,0,candidate_1,4,0.1475
109,candidate_2,candidate_4,candidate_3,candidate_1,4,0.1475
110,0,candidate_4,candidate_3,candidate_1,4,0.1475
111,candidate_2,candidate_4,candidate_3,0,4,0.1475
112,candidate_2,0,candidate_3,0,4,0.1475
113,candidate_2,candidate_4,candidate_3,candidate_1,4,0.1475
114,candidate_2,candidate_4,candidate_3,candidate_1,4,0.1475
115,candidate_2,candidate_4,candidate_3,candidate_1,4,0.1475
116,0,candidate_4,candidate_3,0,4,0.1475
117,candidate_2,candidate_4,candidate_3,candidate_1,4,0.1475
118,candidate_2,candidate_4,candidate_3,candidate_1,4,0.1475
119,candidate_2,candidate_4,candidate_3,candidate_1,4,0.1475
120,candidate_2,candidate_4,candidate_3,0,4,0.1475
121,0,candidate_4,candidate_3,candidate_1,4,0.1475
122,candidate_2,candidate_4,candidate_3,candidate_1,4,0.1475
123,0,candidate_4,candidate_3,candidate_1,4,0.1475
124,candidate_2,candidate_4,candidate_3,candidate_1,4,0.1475
125,candidate_2,candidate_4,candidate_3,candidate_1,4,0.1475
126,candidate_2,candidate_4,candidate_3,candidate_1,4,0.1475
127,candidate_2,candidate_4,candidate_3,candidate_1,4,0.1475
128,candidate_2,candidate_4,candidate_3,0,4,0.1475
129,0,candidate_4,candidate_3,candidate_1,4,0.1475
130,candidate_2,candidate_4,candidate_3,candidate_1,4,0.1475
131,candidate_2,candidate_4,candidate_3,candidate_1,4,0.1475
132,0,candidate_4,0,0,4,0.1475
133,candidate_2,candidate_4,candidate_3,candidate_1,4,0.1475
134,candidate_2,candidate_4,candidate_3,candidate_1,4,0.1475
135,candidate_2,0,candidate_3,candidate_1,4,0.1475
136,candidate_2,0,candidate_3,candidate_1,4,0.1475
137,candidate_2,0,candidate_3,candidate_1,4,0.1475
138,candidate_2,0,candidate_3,candidate_1,4,0.1475
139,candidate_2,candidate_4,candidate_3,candidate_1,4,0.1475
140,candidate_2,candidate_4,candidate_3,candidate_1,4,0.1475
141,candidate_2,candidate_4,candidate_3,candidate_1,4,0.1475
142,candidate_2,candidate_4,0,candidate_1,4,0.1475
143,candidate_2,candidate_4,candidate_3,0,4,0.1475
144,candidate_2,candidate_4,candidate_3,candidate_1,4,0.1475
145,candidate_2,candidate_4,candidate_3,candidate_1,4,0.1475
146,candidate_2,candidate_4,candidate_3,candidate_1,4,0.1475
147,0,candidate_4,candidate_3,candidate_1,4,0.1475
148,candidate_2,candidate_4,0,candidate_1,4,0.1475
149,candidate_2,candidate_4,candidate_3,0,4,0.1475
150,candidate_2,candidate_4,candidate_3,candidate_1,4,0.1475
151,candidate_2,candidate_4,candidate_3,candidate_1,4,0.1475
152,candidate_2,candidate_4,candidate_3,0,4,0.1475
153,candidate_2,candidate_4,0,0,4,0.1475
154,candidate_2,0,candidate_3,candidate_1,4,0.1475
155,candidate_2,candidate_4,candidate_3,candidate_1,4,0.1475
156,0,candidate_4,candidate_3,candidate_1,4,0.1475
157,0,candidate_4,candidate_3,candidate_1,4,0.1475
158,candidate_2,candidate_4,0,candidate_1,4,0.1475
159,candidate_2,candidate_4,candidate_3,candidate_1,4,0.1475
160,0,candidate_4,candidate_3,candidate_1,4,0.1475
161,candidate_2,candidate_4,candidate_3,candidate_1,4,0.1475
162,candidate_2,candidate_4,candidate_3,0,4,0.1475
163,candidate_2,candidate_4,candidate_3,candidate_1,4,0.1475
164,candidate_2,0,candidate_3,candidate_1,4,0.1475
165,candidate_2,0,candidate_3,candidate_1,4,0.1475
166,candidate_2,candidate_4,0,candidate_1,4,0.1475
167,0,candidate_4,candidate_3,candidate_1,4,0.1475
168,candidate_2,candidate_4,candidate_3,candidate_1,4,0.1475
169,candidate_2,candidate_4,candidate_3,candidate_1,4,0.1475
170,candidate_2,candidate_4,candidate_3,candidate_1,4,0.1475
171,candidate_2,candidate_4,candidate_3,candidate_1,4,0.1475
172,candidate_2,candidate_4,candidate_3,candidate_1,4,0.1475
173,0,candidate_4,candidate_3,candidate_1,4,0.1475
174,candidate_2,candidate_4,candidate_3,candidate_1,4,0.1475
175,candidate_2,candidate_4,candidate_3,candidate_1,4,0.1475
176,candidate_2,candidate_4,candidate_3,candidate_1,4,0.1475
177,candidate_2,0,candidate_3,candidate_1,4,0.1475
178,0,candidate_4,0,candidate_1,4,0.1475
179,candidate_2,candidate_4,candidate_3,candidate_1,4,0.1475
180,candidate_2,candidate_4,candidate_3,candidate_1,4,0.1475
181,candidate_2,candidate_4,0,candidate_1,4,0.1475
182,candidate_2,candidate_4,candidate_3,candidate_1,4,0.1475
183,candidate_2,candidate_4,candidate_3,candidate_1,4,0.1475
184,candidate_2,0,candidate_3,candidate_1,4,0.1475
185,candidate_2,candidate_4,candidate_3,candidate_1,4,0.1475
186,candidate_2,candidate_4,candidate_3,candidate_1,4,0.1475
187,candidate_2,candidate_4,candidate_3,candidate_1,4,0.1475
188,candidate_2,candidate_4,candidate_3,candidate_1,4,0.1475
189,candidate_2,candidate_4,candidate_3,candidate_1,4,0.1475
190,0,candidate_4,candidate_3,candidate_1,4,0.1475
191,candidate_2,candidate_4,0,candidate_1,4,0.1475
192,candidate_2,candidate_4,candidate_3,candidate_1,4,0.1475
193,candidate_2,candidate_4,candidate_3,candidate_1,4,0.1475
194,candidate_2,candidate_4,candidate_3,candidate_1,4,0.1475
195,candidate_2,candidate_4,candidate_3,candidate_1,4,0.1475
196,candidate_2,candidate_4,candidate_3,candidate_1,4,0.1475
197,candidate_2,candidate_4,0,candidate_1,4,0.1475
198,candidate_2,candidate_4,0,candidate_1,4,0.1475
199,candidate_2,candidate_4,candidate_3,candidate_1,4,0.1475
200,candidate_2,candidate_4,candidate_3,candidate_1,4,0.1475
201,candidate_2,candidate_4,candidate_3,candidate_1,4,0.1475
202,candidate_2,candidate_4,candidate_3,0,4,0.1475
203,candidate_2,candidate_4,candidate_3,candidate_1,4,0.1475
204,candidate_2,candidate_4,candidate_3,candidate_1,4,0.1475
205,candidate_2,0,candidate_3,candidate_1,4,0.1475
206,candidate_2,candidate_4,candidate_3,candidate_1,4,0.1475
207,candidate_2,0,candidate_3,candidate_1,4,0.1475
208,candidate_2,candidate_4,candidate_3,candidate_1,4,0.1475
209,candidate_2,candidate_4,candidate_3,candidate_1,4,0.1475
210,candidate_2,candidate_4,0,candidate_1,4,0.1475
211,candidate_2,0,candidate_3,candidate_1,4,0.1475
212,candidate_2,candidate_4,candidate_3,candidate_1,4,0.1475
213,candidate_2,candidate_4,candidate_3,candidate_1,4,0.1475
214,candidate_2,candidate_4,candidate_3,0,4,0.1475
215,candidate_2,candidate_4,candidate_3,0,4,0.1475
216,candidate_2,0,0,candidate_1,4,0.1475
217,candidate_2,candidate_4,candidate_3,candidate_1,4,0.1475
218,candidate_2,candidate_4,candidate_3,candidate_1,4,0.1475
219,candidate_2,0,candidate_3,candidate_1,4,0.1475
220,candidate_2,candidate_4,candidate_3,candidate_1,4,0.1475
221,0,candidate_4,candidate_3,candidate_1,4,0.1475
222,candidate_2,candidate_4,candidate_3,candidate_1,4,0.1475
223,0,candidate_4,0,candidate_1,4,0.1475
224,candidate_2,candidate_4,candidate_3,candidate_1,4,0.1475
225,candidate_2,0,candidate_3,candidate_1,4,0.1475
226,0,0,0,candidate_1,4,0.1475
227,candidate_2,candidate_4,candidate_3,candidate_1,4,0.1475
228,0,candidate_4,candidate_3,candidate_1,4,0.1475
229,candidate_2,candidate_4,candidate_3,candidate_1,4,0.1475
230,candidate_2,candidate_4,candidate_3,candidate_1,4,0.1475
231,candidate_2,candidate_4,candidate_3,candidate_1,4,0.1475
232,candidate_2,0,candidate_3,candidate_1,4,0.1475
233,candidate_2,candidate_4,0,candidate_1,4,0.1475
234,0,0,candidate_3,candidate_1,4,0.1475
235,candidate_2,candidate_4,candidate_3,candidate_1,4,0.1475
236,candidate_2,candidate_4,candidate_3,candidate_1,4,0.1475
237,0,candidate_4,0,candidate_1,4,0.1475
238,candidate_2,candidate_4,candidate_3,candidate_1,4,0.1475
239,candidate_2,candidate_4,candidate_3,candidate_1,4,0.1475
240,candidate_2,0,candidate_3,candidate_1,4,0.1475
241,candidate_2,candidate_4,candidate_3,candidate_1,4,0.1475
242,candidate_2,candidate_4,candidate_3,candidate_1,4,0.1475
243,candidate_2,candidate_4,candidate_3,candidate_1,4,0.1475
244,0,candidate_4,candidate_3,0,4,0.1475
245,candidate_2,candidate_4,candidate_3,candidate_1,4,0.1475
246,candidate_2,candidate_4,candidate_3,0,4,0.1475
247,candidate_2,candidate_4,candidate_3,candidate_1,4,0.1475
248,candidate_2,candidate_4,0,candidate_1,4,0.1475
249,candidate_2,0,candidate_3,candidate_1,4,0.1475
250,candidate_2,candidate_4,candidate_3,candidate_1,4,0.1475
251,candidate_2,candidate_4,candidate_3,candidate_1,4,0.1475
252,candidate_2,0,candidate_3,candidate_1,4,0.1475
253,candidate_2,candidate_4,candidate_3,candidate_1,4,0.1475
254,candidate_2,0,0,candidate_1,4,0.1475
255,candidate_2,candidate_4,0,candidate_1,4,0.1475
256,candidate_2,candidate_4,candidate_3,0,4,0.1475
257,candidate_2,candidate_4,candidate_3,candidate_1,4,0.1475
258,candidate_2,candidate_4,candidate_3,candidate_1,4,0.1475
259,candidate_2,candidate_4,candidate_3,0,4,0.1475
260,candidate_2,candidate_4,0,candidate_1,4,0.1475
261,candidate_2,candidate_4,candidate_3,candidate_1,4,0.1475
262,0,0,candidate_3,0,4,0.1475
263,candidate_2,candidate_4,candidate_3,candidate_1,4,0.1475
264,candidate_2,candidate_4,candidate_3,candidate_1,4,0.1475
265,candidate_2,candidate_4,candidate_3,0,4,0.1475
266,0,candidate_4,candidate_3,candidate_1,4,0.1475
267,candidate_2,candidate_4,candidate_3,candidate_1,4,0.1475
268,candidate_2,candidate_4,candidate_3,candidate_1,4,0.1475
269,candidate_2,candidate_4,candidate_3,candidate_1,4,0.1475
270,candidate_2,candidate_4,candidate_3,candidate_1,4,0.1475
271,candidate_2,candidate_4,0,candidate_1,4,0.1475
272,0,candidate_4,candidate_3,candidate_1,4,0.1475
273,candidate_2,candidate_4,0,candidate_1,4,0.1475
274,candidate_2,candidate_4,candidate_3,0,4,0.1475
275,0,0,candidate_3,candidate_1,4,0.1475
276,candidate_2,candidate_4,candidate_3,candidate_1,4,0.1475
277,candidate_2,0,candidate_3,candidate_1,4,0.1475
278,candidate_2,candidate_4,candidate_3,candidate_1,4,0.1475
279,0,candidate_4,candidate_3,candidate_1,4,0.1475
280,0,candidate_4,candidate_3,candidate_1,4,0.1475
281,candidate_2,candidate_4,candidate_3,candidate_1,4,0.1475
282,candidate_2,candidate_4,candidate_3,candidate_1,4,0.1475
283,candidate_2,0,0,candidate_1,4,0.1475
284,0,candidate_4,candidate_3,candidate_1,4,0.1475
285,candidate_2,candidate_4,candidate_3,candidate_1,4,0.1475
286,candidate_2,candidate_4,candidate_3,candidate_1,4,0.1475
287,candidate_2,candidate_4,candidate_3,candidate_1,4,0.1475
288,candidate_2,candidate_4,candidate_3,0,4,0.1475
289,candidate_2,0,candidate_3,candidate_1,4,0.1475
290,candidate_2,candidate_4,candidate_3,candidate_1,4,0.1475
291,candidate_2,candidate_4,candidate_3,candidate_1,4,0.1475
292,candidate_2,candidate_4,candidate_3,candidate_1,4,0.1475
293,candidate_2,candidate_4,candidate_3,candidate_1,4,0.1475
294,0,candidate_4,candidate_3,candidate_1,4,0.1475
295,candidate_2,candidate_4,candidate_3,candidate_1,4,0.1475
296,candidate_2,candidate_4,candidate_3,candidate_1,4,0.1475
297,0,candidate_4,candidate_3,candidate_1,4,0.1475
298,candidate_2,candidate_4,candidate_3,candidate_1,4,0.1475
299,candidate_2,candidate_4,candidate_3,candidate_1,4,0.1475
300,candidate_2,candidate_4,candidate_3,candidate_1,4,0.1475
301,0,candidate_4,0,candidate_1,4,0.1475
302,candidate_2,candidate_4,candidate_3,0,4,0.1475
303,candidate_2,candidate_4,candidate_3,0,4,0.1475
304,candidate_2,candidate_4,candidate_3,candidate_1,4,0.1475
305,candidate_2,candidate_4,0,candidate_1,4,0.1475
306,candidate_2,candidate_4,0,candidate_1,4,0.1475
307,candidate_2,0,candidate_3,candidate_1,4,0.1475
308,candidate_2,candidate_4,candidate_3,candidate_1,4,0.1475
309,candidate_2,candidate_4,candidate_3,candidate_1,4,0.1475
310,candidate_2,0,candidate_3,candidate_1,4,0.1475
311,candidate_2,0,candidate_3,candidate_1,4,0.1475
312,candidate_2,candidate_4,0,candidate_1,4,0.1475
313,candidate_2,0,candidate_3,candidate_1,4,0.1475
314,candidate_2,0,candidate_3,0,4,0.1475
315,candidate_2,candidate_4,candidate_3,candidate_1,4,0.1475
316,candidate_2,candidate_4,candidate_3,0,4,0.1475
317,candidate_2,candidate_4,0,candidate_1,4,0.1475
318,candidate_2,candidate_4,candidate_3,candidate_1,4,0.1475
319,candidate_2,0,0,candidate_1,4,0.1475
320,0,candidate_4,candidate_3,candidate_1,4,0.1475
321,candidate_2,candidate_4,candidate_3,candidate_1,4,0.1475
322,candidate_2,candidate_4,candidate_3,candidate_1,4,0.1475
323,candidate_2,candidate_4,candidate_3,0,4,0.1475
324,0,candidate_4,candidate_3,candidate_1,4,0.1475
325,candidate_2,candidate_4,0,candidate_1,4,0.1475
326,candidate_2,candidate_4,candidate_3,0,4,0.1475
327,candidate_2,candidate_4,candidate_3,candidate_1,4,0.1475
328,0,candidate_4,candidate_3,candidate_1,4,0.1475
329,candidate_2,candidate_4,candidate_3,candidate_1,4,0.1475
330,candidate_2,candidate_4,candidate_3,candidate_1,4,0.1475
331,candidate_2,candidate_4,candidate_3,candidate_1,4,0.1475
332,candidate_2,candidate_4,candidate_3,candidate_1,4,0.1475
333,0,0,candidate_3,candidate_1,4,0.1475
334,candidate_2,candidate_4,candidate_3,candidate_1,4,0.1475
335,candidate_2,candidate_4,candidate_3,candidate_1,4,0.1475
336,candidate_2,candidate_4,candidate_3,candidate_1,4,0.1475
337,candidate_2,candidate_4,0,candidate_1,4,0.1475
338,candidate_2,candidate_4,candidate_3,candidate_1,4,0.1475
339,candidate_2,candidate_4,candidate_3,candidate_1,4,0.1475
340,candidate_2,candidate_4,candidate_3,candidate_1,4,0.1475
341,candidate_2,candidate_4,candidate_3,candidate_1,4,0.1475
342,0,candidate_4,candidate_3,candidate_1,4,0.1475
343,candidate_2,candidate_4,0,candidate_1,4,0.1475
344,candidate_2,candidate_4,candidate_3,candidate_1,4,0.1475
345,candidate_2,candidate_4,candidate_3,candidate_1,4,0.1475
346,candidate_2,candidate_4,candidate_3,candidate_1,4,0.1475
347,candidate_2,candidate_4,0,0,4,0.1475
348,candidate_2,candidate_4,candidate_3,candidate_1,4,0.1475
349,candidate_2,candidate_4,candidate_3,0,4,0.1475
350,candidate_2,candidate_4,candidate_3,0,4,0.1475
351,candidate_2,0,candidate_3,candidate_1,4,0.1475
352,0,candidate_4,candidate_3,candidate_1,4,0.1475
353,candidate_2,candidate_4,candidate_3,candidate_1,4,0.1475
354,0,0,candidate_3,candidate_1,4,0.1475
355,candidate_2,candidate_4,candidate_3,candidate_1,4,0.1475
356,candidate_2,candidate_4,candidate_3,0,4,0.1475
357,candidate_2,candidate_4,candidate_3,candidate_1,4,0.1475
358,candidate_2,candidate_4,candidate_3,candidate_1,4,0.1475
359,0,candidate_4,candidate_3,candidate_1,4,0.1475
360,candidate_2,candidate_4,candidate_3,candidate_1,4,0.1475
361,0,candidate_4,candidate_3,candidate_1,4,0.1475
362,candidate_2,candidate_4,candidate_3,candidate_1,4,0.1475
363,candidate_2,candidate_4,candidate_3,candidate_1,4,0.1475
364,candidate_2,candidate_4,candidate_3,0,4,0.1475
365,candidate_2,candidate_4,candidate_3,candidate_1,4,0.1475
366,candidate_2,candidate_4,candidate_3,candidate_1,4,0.1475
367,candidate_2,candidate_4,candidate_3,candidate_1,4,0.1475
368,0,candidate_4,0,candidate_1,4,0.1475
369,candidate_2,candidate_4,candidate_3,candidate_1,4,0.1475
370,candidate_2,candidate_4,candidate_3,candidate_1,4,0.1475
371,candidate_2,0,candidate_3,candidate_1,4,0.1475
372,candidate_2,candidate_4,0,candidate_1,4,0.1475
373,candidate_2,candidate_4,candidate_3,candidate_1,4,0.1475
374,candidate_2,candidate_4,candidate_3,candidate_1,4,0.1475
375,0,candidate_4,candidate_3,candidate_1,4,0.1475
376,0,candidate_4,0,candidate_1,4,0.1475
377,candidate_2,0,candidate_3,candidate_1,4,0.1475
378,candidate_2,candidate_4,0,candidate_1,4,0.1475
379,candidate_2,candidate_4,candidate_3,candidate_1,4,0.1475
380,candidate_2,candidate_4,candidate_3,candidate_1,4,0.1475
381,0,candidate_4,candidate_3,candidate_1,4,0.1475
382,candidate_2,candidate_4,candidate_3,candidate_1,4,0.1475
383,candidate_2,candidate_4,candidate_3,candidate_1,4,0.1475
384,0,candidate_4,candidate_3,candidate_1,4,0.1475
385,candidate_2,candidate_4,candidate_3,candidate_1,4,0.1475
386,candidate_2,candidate_4,candidate_3,candidate_1,4,0.1475
387,candidate_2,0,candidate_3,candidate_1,4,0.1475
388,candidate_2,candidate_4,candidate_3,candidate_1,4,0.1475
389,candidate_2,candidate_4,candidate_3,candidate_1,4,0.1475
390,0,candidate_4,0,candidate_1,4,0.1475
391,candidate_2,candidate_4,0,0,4,0.1475
392,candidate_2,0,candidate_3,candidate_1,4,0.1475
393,0,0,candidate_3,candidate_1,4,0.1475
394,candidate_2,candidate_4,0,candidate_1,4,0.1475
395,candidate_2,candidate_4,0,0,4,0.1475
396,candidate_2,candidate_4,candidate_3,candidate_1,4,0.1475
397,candidate_2,candidate_4,candidate_3,candidate_1,4,0.1475
398,candidate_2,candidate_4,candidate_3,candidate_1,4,0.1475
399,candidate_2,candidate_4,0,candidate_1,4,0.1475
400,0,candidate_4,candidate_3,candidate_1,4,0.1475
401,0,candidate_4,candidate_3,0,4,0.1475
402,candidate_2,candidate_4,candidate_3,0,4,0.1475
403,candidate_2,candidate_4,candidate_3,candidate_1,4,0.1475
404,candidate_2,candidate_4,candidate_3,candidate_1,4,0.1475
405,candidate_2,candidate_4,0,candidate_1,4,0.1475
406,candidate_2,candidate_4,0,candidate_1,4,0.1475
407,candidate_2,candidate_4,candidate_3,candidate_1,4,0.1475
408,0,candidate_4,0,candidate_1,4,0.1475
409,candidate_2,candidate_4,candidate_3,candidate_1,4,0.1475
410,candidate_2,candidate_4,candidate_3,candidate_1,4,0.1475
411,candidate_2,candidate_4,candidate_3,candidate_1,4,0.1475
412,candidate_2,0,candidate_3,0,4,0.1475
413,candidate_2,candidate_4,candidate_3,candidate_1,4,0.1475
414,candidate_2,candidate_4,candidate_3,candidate_1,4,0.1475
415,candidate_2,candidate_4,candidate_3,candidate_1,4,0.1475
416,candidate_2,candidate_4,candidate_3,0,4,0.1475
417,candidate_2,candidate_4,candidate_3,candidate_1,4,0.1475
418,candidate_2,candidate_4,0,candidate_1,4,0.1475
419,candidate_2,candidate_4,candidate_3,candidate_1,4,0.1475
420,0,candidate_4,candidate_3,candidate_1,4,0.1475
421,candidate_2,candidate_4,candidate_3,0,4,0.1475
422,0,candidate_4,candidate_3,0,4,0.1475
423,candidate_2,candidate_4,candidate_3,candidate_1,4,0.1475
424,candidate_2,candidate_4,candidate_3,candidate_1,4,0.1475
425,0,candidate_4,candidate_3,candidate_1,4,0.1475
426,candidate_2,candidate_4,0,candidate_1,4,0.1475
427,candidate_2,candidate_4,candidate_3,candidate_1,4,0.1475
428,0,candidate_4,candidate_3,candidate_1,4,0.1475
429,candidate_2,candidate_4,candidate_3,candidate_1,4,0.1475
430,candidate_2,candidate_4,0,candidate_1,4,0.1475
431,candidate_2,candidate_4,0,candidate_1,4,0.1475
432,candidate_2,candidate_4,0,candidate_1,4,0.1475
433,candidate_2,candidate_4,candidate_3,candidate_1,4,0.1475
434,candidate_2,candidate_4,candidate_3,0,4,0.1475
435,candidate_2,candidate_4,candidate_3,candidate_1,4,0.1475
436,candidate_2,0,candidate_3,candidate_1,4,0.1475
437,candidate_2,0,candidate_3,candidate_1,4,0.1475
438,candidate_2,candidate_4,0,candidate_1,4,0.1475
439,candidate_2,candidate_4,candidate_3,candidate_1,4,0.1475
440,candidate_2,candidate_4,candidate_3,candidate_1,4,0.1475
441,candidate_2,candidate_4,candidate_3,candidate_1,4,0.1475
442,0,0,candidate_3,candidate_1,4,0.1475
443,candidate_2,candidate_4,0,candidate_1,4,0.1475
444,candidate_2,candidate_4,candidate_3,candidate_1,4,0.1475
445,candidate_2,candidate_4,candidate_3,candidate_1,4,0.1475
446,candidate_2,candidate_4,0,candidate_1,4,0.1475
447,0,candidate_4,candidate_3,candidate_1,4,0.1475
448,candidate_2,candidate_4,candidate_3,candidate_1,4,0.1475
449,candidate_2,candidate_4,candidate_3,candidate_1,4,0.1475
450,candidate_2,candidate_4,candidate_3,candidate_1,4,0.1475
451,candidate_2,candidate_4,candidate_3,0,4,0.1475
452,candidate_2,candidate_4,candidate_3,candidate_1,4,0.1475
453,candidate_2,candidate_4,candidate_3,candidate_1,4,0.1475
454,candidate_2,candidate_4,0,0,4,0.1475
455,candidate_2,candidate_4,candidate_3,candidate_1,4,0.1475
456,candidate_2,candidate_4,0,candidate_1,4,0.1475
457,candidate_2,candidate_4,candidate_3,candidate_1,4,0.1475
458,0,candidate_4,candidate_3,candidate_1,4,0.1475
459,candidate_2,candidate_4,candidate_3,candidate_1,4,0.1475
460,candidate_2,candidate_4,candidate_3,candidate_1,4,0.1475
461,candidate_2,candidate_4,0,candidate_1,4,0.1475
462,candidate_2,candidate_4,candidate_3,candidate_1,4,0.1475
463,candidate_2,candidate_4,candidate_3,0,4,0.1475
464,candidate_2,candidate_4,candidate_3,candidate_1,4,0.1475
465,candidate_2,candidate_4,candidate_3,candidate_1,4,0.1475
466,candidate_2,candidate_4,0,candidate_1,4,0.1475
467,candidate_2,candidate_4,candidate_3,candidate_1,4,0.1475
468,candidate_2,candidate_4,candidate_3,candidate_1,4,0.1475
469,candidate_2,candidate_4,0,candidate_1,4,0.1475
470,candidate_2,0,0,candidate_1,4,0.1475
471,candidate_2,candidate_4,candidate_3,candidate_1,4,0.1475
472,candidate_2,candidate_4,candidate_3,candidate_1,4,0.1475
473,candidate_2,candidate_4,candidate_3,candidate_1,4,0.1475
474,candidate_2,candidate_4,candidate_3,candidate_1,4,0.1475
475,candidate_2,candidate_4,candidate_3,candidate_1,4,0.1475
476,0,0,candidate_3,0,4,0.1475
477,0,candidate_4,candidate_3,candidate_1,4,0.1475
478,candidate_2,0,candidate_3,0,4,0.1475
479,candidate_2,candidate_4,candidate_3,candidate_1,4,0.1475
480,candidate_2,0,candidate_3,candidate_1,4,0.1475
481,candidate_2,candidate_4,candidate_3,candidate_1,4,0.1475
482,candidate_2,candidate_4,candidate_3,candidate_1,4,0.1475
483,candidate_2,candidate_4,candidate_3,candidate_1,4,0.1475
484,candidate_2,0,candidate_3,candidate_1,4,0.1475
485,candidate_2,candidate_4,candidate_3,candidate_1,4,0.1475
486,candidate_2,0,candidate_3,candidate_1,4,0.1475
487,candidate_2,candidate_4,0,candidate_1,4,0.1475
488,candidate_2,candidate_4,candidate_3,candidate_1,4,0.1475
489,candidate_2,candidate_4,candidate_3,candidate_1,4,0.1475
490,candidate_2,candidate_4,candidate_3,0,4,0.1475
491,candidate_2,candidate_4,0,candidate_1,4,0.1475
492,candidate_2,candidate_4,candidate_3,candidate_1,4,0.1475
493,0,candidate_4,candidate_3,candidate_1,4,0.1475
494,candidate_2,candidate_4,candidate_3,candidate_1,4,0.1475
495,candidate_2,candidate_4,candidate_3,candidate_1,4,0.1475
496,candidate_2,candidate_4,candidate_3,candidate_1,4,0.1475
497,candidate_2,candidate_4,candidate_3,0,4,0.1475
498,candidate_2,candidate_4,candidate_3,candidate_1,4,0.1475
499,0,0,candidate_3,candidate_1,4,0.1475
500,candidate_2,candidate_4,candidate_3,candidate_1,4,0.1475
501,0,candidate_4,candidate_3,candidate_1,4,0.1475
502,candidate_2,candidate_4,candidate_3,candidate_1,4,0.1475
503,candidate_2,candidate_4,candidate_3,candidate_1,4,0.1475
504,candidate_2,0,candidate_3,candidate_1,4,0.1475
505,candidate_2,candidate_4,candidate_3,candidate_1,4,0.1475
506,candidate_2,candidate_4,0,candidate_1,4,0.1475
507,candidate_2,candidate_4,candidate_3,candidate_1,4,0.1475
508,0,candidate_4,candidate_3,0,4,0.1475
509,candidate_2,candidate_4,candidate_3,candidate_1,4,0.1475
510,candidate_2,candidate_4,candidate_3,candidate_1,4,0.1475
511,candidate_2,candidate_4,candidate_3,candidate_1,4,0.1475
512,candidate_2,candidate_4,candidate_3,candidate_1,4,0.1475
513,candidate_2,candidate_4,candidate_3,candidate_1,4,0.1475
514,0,candidate_4,candidate_3,candidate_1,4,0.1475
515,candidate_2,candidate_4,candidate_3,candidate_1,4,0.1475
516,candidate_2,candidate_4,candidate_3,candidate_1,4,0.1475
517,candidate_2,0,candidate_3,candidate_1,4,0.1475
518,candidate_2,candidate_4,candidate_3,0,4,0.1475
519,candidate_2,candidate_4,candidate_3,0,4,0.1475
520,candidate_2,candidate_4,candidate_3,0,4,0.1475
521,candidate_2,candidate_4,0,candidate_1,4,0.1475
522,candidate_2,candidate_4,candidate_3,candidate_1,4,0.1475
523,candidate_2,candidate_4,candidate_3,candidate_1,4,0.1475
524,candidate_2,candidate_4,candidate_3,candidate_1,4,0.1475
525,candidate_2,candidate_4,candidate_3,candidate_1,4,0.1475
526,0,candidate_4,0,candidate_1,4,0.1475
527,0,candidate_4,candidate_3,candidate_1,4,0.1475
528,candidate_2,candidate_4,candidate_3,candidate_1,4,0.1475
529,candidate_2,candidate_4,candidate_3,candidate_1,4,0.1475
530,candidate_2,candidate_4,candidate_3,candidate_1,4,0.1475
531,candidate_2,candidate_4,candidate_3,candidate_1,4,0.1475
532,candidate_2,0,candidate_3,candidate_1,4,0.1475
533,candidate_2,candidate_4,candidate_3,candidate_1,4,0.1475
534,candidate_2,candidate_4,candidate_3,candidate_1,4,0.1475
535,candidate_2,candidate_4,candidate_3,0,4,0.1475
536,candidate_2,candidate_4,candidate_3,candidate_1,4,0.1475
537,candidate_2,candidate_4,candidate_3,candidate_1,4,0.1475
538,candidate_2,candidate_4,candidate_3,candidate_1,4,0.1475
539,candidate_2,candidate_4,candidate_3,candidate_1,4,0.1475
540,0,candidate_4,candidate_3,candidate_1,4,0.1475
541,candidate_2,candidate_4,candidate_3,candidate_1,4,0.1475
542,candidate_2,candidate_4,candidate_3,candidate_1,4,0.1475
543,candidate_2,candidate_4,candidate_3,candidate_1,4,0.1475
544,candidate_2,0,candidate_3,candidate_1,4,0.1475
545,candidate_2,candidate_4,candidate_3,0,4,0.1475
546,candidate_2,candidate_4,candidate_3,candidate_1,4,0.1475
547,candidate_2,candidate_4,candidate_3,candidate_1,4,0.1475
548,candidate_2,candidate_4,0,candidate_1,4,0.1475
549,candidate_2,candidate_4,candidate_3,candidate_1,4,0.1475
550,0,candidate_4,candidate_3,candidate_1,4,0.1475
551,candidate_2,candidate_4,candidate_3,candidate_1,4,0.1475
552,candidate_2,candidate_4,candidate_3,0,4,0.1475
553,0,candidate_4,candidate_3,candidate_1,4,0.1475
554,candidate_2,candidate_4,candidate_3,candidate_1,4,0.1475
555,candidate_2,candidate_4,candidate_3,candidate_1,4,0.1475
556,candidate_2,candidate_4,candidate_3,0,4,0.1475
557,candidate_2,candidate_4,candidate_3,candidate_1,4,0.1475
558,candidate_2,candidate_4,0,candidate_1,4,0.1475
559,candidate_2,candidate_4,0,candidate_1,4,0.1475
560,candidate_2,candidate_4,candidate_3,candidate_1,4,0.1475
561,candidate_2,candidate_4,candidate_3,0,4,0.1475
562,candidate_2,candidate_4,candidate_3,candidate_1,4,0.1475
563,0,candidate_4,candidate_3,candidate_1,4,0.1475
564,candidate_2,0,candidate_3,candidate_1,4,0.1475
565,0,candidate_4,candidate_3,candidate_1,4,0.1475
566,candidate_2,candidate_4,candidate_3,candidate_1,4,0.1475
567,0,candidate_4,candidate_3,candidate_1,4,0.1475
568,candidate_2,candidate_4,0,0,4,0.1475
569,0,candidate_4,candidate_3,candidate_1,4,0.1475
570,0,0,candidate_3,candidate_1,4,0.1475
571,candidate_2,0,candidate_3,candidate_1,4,0.1475
572,candidate_2,candidate_4,0,candidate_1,4,0.1475
573,candidate_2,candidate_4,candidate_3,candidate_1,4,0.1475
574,candidate_2,candidate_4,candidate_3,0,4,0.1475
575,candidate_2,candidate_4,candidate_3,candidate_1,4,0.1475
576,candidate_2,candidate_4,0,candidate_1,4,0.1475
577,candidate_2,candidate_4,candidate_3,candidate_1,4,0.1475
578,candidate_2,0,candidate_3,candidate_1,4,0.1475
579,candidate_2,0,candidate_3,candidate_1,4,0.1475
580,candidate_2,candidate_4,candidate_3,candidate_1,4,0.1475
581,candidate_2,candidate_4,candidate_3,candidate_1,4,0.1475
582,candidate_2,candidate_4,candidate_3,candidate_1,4,0.1475
583,candidate_2,0,candidate_3,candidate_1,4,0.1475
584,candidate_2,candidate_4,candidate_3,candidate_1,4,0.1475
585,candidate_2,candidate_4,candidate_3,candidate_1,4,0.1475
586,0,candidate_4,candidate_3,candidate_1,4,0.1475
587,candidate_2,0,0,candidate_1,4,0.1475
588,candidate_2,candidate_4,candidate_3,candidate_1,4,0.1475
589,candidate_2,candidate_4,candidate_3,candidate_1,4,0.1475
590,candidate_2,candidate_4,candidate_3,candidate_1,4,0.1475
591,candidate_2,candidate_4,candidate_3,0,4,0.1475
592,candidate_2,candidate_4,candidate_3,candidate_1,4,0.1475
593,candidate_2,candidate_4,0,candidate_1,4,0.1475
594,candidate_2,candidate_4,0,candidate_1,4,0.1475
595,0,candidate_4,candidate_3,candidate_1,4,0.1475
596,candidate_2,candidate_4,candidate_3,candidate_1,4,0.1475
597,candidate_2,candidate_4,candidate_3,0,4,0.1475
598,0,candidate_4,candidate_3,candidate_1,4,0.1475
599,0,candidate_4,candidate_3,candidate_1,4,0.1475
600,candidate_2,candidate_4,candidate_3,candidate_1,4,0.1475
601,candidate_2,candidate_4,candidate_3,candidate_1,4,0.1475
602,candidate_2,0,candidate_3,candidate_1,4,0.1475
603,candidate_2,candidate_4,candidate_3,candidate_1,4,0.1475
604,candidate_2,0,candidate_3,candidate_1,4,0.1475
605,candidate_2,candidate_4,candidate_3,candidate_1,4,0.1475
606,candidate_2,candidate_4,candidate_3,candidate_1,4,0.1475
607,candidate_2,0,0,candidate_1,4,0.1475
608,candidate_2,candidate_4,candidate_3,candidate_1,4,0.1475
609,candidate_2,candidate_4,candidate_3,0,4,0.1475
610,candidate_2,candidate_4,candidate_3,candidate_1,4,0.1475
611,candidate_2,candidate_4,candidate_3,candidate_1,4,0.1475
612,candidate_2,candidate_4,0,candidate_1,4,0.1475
613,candidate_2,candidate_4,candidate_3,candidate_1,4,0.1475
614,candidate_2,0,candidate_3,candidate_1,4,0.1475
615,candidate_2,candidate_4,candidate_3,candidate_1,4,0.1475
616,0,candidate_4,0,candidate_1,4,0.1475
617,candidate_2,candidate_4,candidate_3,candidate_1,4,0.1475
618,candidate_2,candidate_4,candidate_3,candidate_1,4,0.1475
619,candidate_2,candidate_4,candidate_3,candidate_1,4,0.1475
620,candidate_2,candidate_4,candidate_3,candidate_1,4,0.1475
621,candidate_2,candidate_4,candidate_3,candidate_1,4,0.1475
622,candidate_2,candidate_4,candidate_3,candidate_1,4,0.1475
623,candidate_2,candidate_4,candidate_3,candidate_1,4,0.1475
624,candidate_2,candidate_4,candidate_3,candidate_1,4,0.1475
625,candidate_2,0,candidate_3,candidate_1,4,0.1475
626,candidate_2,candidate_4,candidate_3,candidate_1,4,0.1475
627,candidate_2,candidate_4,candidate_3,candidate_1,4,0.1475
628,candidate_2,0,candidate_3,candidate_1,4,0.1475
629,0,candidate_4,candidate_3,candidate_1,4,0.1475
630,candidate_2,candidate_4,candidate_3,candidate_1,4,0.1475
631,candidate_2,candidate_4,candidate_3,0,4,0.1475
632,0,candidate_4,0,candidate_1,4,0.1475
633,candidate_2,0,candidate_3,0,4,0.1475
634,candidate_2,candidate_4,candidate_3,candidate_1,4,0.1475
635,candidate_2,candidate_4,candidate_3,candidate_1,4,0.1475
636,candidate_2,candidate_4,0,candidate_1,4,0.1475
637,candidate_2,candidate_4,candidate_3,0,4,0.1475
638,candidate_2,0,candidate_3,candidate_1,4,0.1475
639,candidate_2,candidate_4,candidate_3,candidate_1,4,0.1475
640,candidate_2,candidate_4,candidate_3,candidate_1,4,0.1475
641,candidate_2,candidate_4,candidate_3,candidate_1,4,0.1475
642,candidate_2,0,candidate_3,candidate_1,4,0.1475
643,0,candidate_4,0,candidate_1,4,0.1475
644,candidate_2,candidate_4,candidate_3,candidate_1,4,0.1475
645,0,candidate_4,candidate_3,candidate_1,4,0.1475
646,candidate_2,candidate_4,candidate_3,candidate_1,4,0.1475
647,0,candidate_4,candidate_3,candidate_1,4,0.1475
648,candidate_2,candidate_4,candidate_3,candidate_1,4,0.1475
649,candidate_2,candidate_4,candidate_3,candidate_1,4,0.1475
650,candidate_2,0,0,candidate_1,4,0.1475
651,candidate_2,candidate_4,candidate_3,0,4,0.1475
652,candidate_2,candidate_4,0,candidate_1,4,0.1475
653,candidate_2,candidate_4,0,0,4,0.1475
654,0,candidate_4,candidate_3,candidate_1,4,0.1475
655,0,0,candidate_3,candidate_1,4,0.1475
656,candidate_2,candidate_4,candidate_3,candidate_1,4,0.1475
657,0,candidate_4,candidate_3,candidate_1,4,0.1475
658,candidate_2,candidate_4,candidate_3,candidate_1,4,0.1475
659,candidate_2,candidate_4,candidate_3,candidate_1,4,0.1475
660,candidate_2,candidate_4,candidate_3,candidate_1,4,0.1475
661,candidate_2,candidate_4,candidate_3,candidate_1,4,0.1475
662,candidate_2,candidate_4,candidate_3,candidate_1,4,0.1475
663,candidate_2,candidate_4,0,candidate_1,4,0.1475
664,candidate_2,candidate_4,candidate_3,candidate_1,4,0.1475
665,candidate_2,candidate_4,candidate_3,candidate_1,4,0.1475
666,0,candidate_4,candidate_3,0,4,0.1475
667,candidate_2,candidate_4,candidate_3,candidate_1,4,0.1475
668,candidate_2,candidate_4,candidate_3,candidate_1,4,0.1475
669,candidate_2,candidate_4,candidate_3,candidate_1,4,0.1475
670,candidate_2,candidate_4,0,candidate_1,4,0.1475
671,candidate_2,0,candidate_3,candidate_1,4,0.1475
672,candidate_2,0,candidate_3,candidate_1,4,0.1475
673,candidate_2,candidate_4,candidate_3,candidate_1,4,0.1475
674,candidate_2,candidate_4,candidate_3,candidate_1,4,0.1475
675,0,candidate_4,candidate_3,candidate_1,4,0.1475
676,candidate_2,candidate_4,0,candidate_1,4,0.1475
677,0,candidate_4,0,candidate_1,4,0.1475
678,candidate_2,0,0,candidate_1,4,0.1475
679,candidate_2,candidate_4,candidate_3,candidate_1,4,0.1475
680,candidate_2,candidate_4,0,candidate_1,4,0.1475
681,0,candidate_4,candidate_3,candidate_1,4,0.1475
682,candidate_2,candidate_4,candidate_3,0,4,0.1475
683,candidate_2,candidate_4,candidate_3,candidate_1,4,0.1475
684,candidate_2,candidate_4,candidate_3,candidate_1,4,0.1475
685,0,candidate_4,candidate_3,candidate_1,4,0.1475
686,candidate_2,candidate_4,candidate_3,0,4,0.1475
687,candidate_2,candidate_4,candidate_3,0,4,0.1475
688,candidate_2,candidate_4,candidate_3,candidate_1,4,0.1475
689,candidate_2,0,candidate_3,candidate_1,4,0.1475
690,candidate_2,0,candidate_3,0,4,0.1475
691,candidate_2,candidate_4,candidate_3,candidate_1,4,0.1475
692,candidate_2,candidate_4,candidate_3,candidate_1,4,0.1475
693,candidate_2,candidate_4,candidate_3,candidate_1,4,0.1475
694,candidate_2,candidate_4,candidate_3,0,4,0.1475
695,candidate_2,candidate_4,candidate_3,candidate_1,4,0.1475
696,candidate_2,candidate_4,candidate_3,candidate_1,4,0.1475
697,candidate_2,candidate_4,candidate_3,candidate_1,4,0.1475
698,candidate_2,candidate_4,candidate_3,candidate_1,4,0.1475
699,0,0,candidate_3,candidate_1,4,0.1475
700,candidate_2,candidate_4,candidate_3,candidate_1,4,0.1475
701,candidate_2,candidate_4,candidate_3,candidate_1,4,0.1475
702,candidate_2,candidate_4,candidate_3,candidate_1,4,0.1475
703,candidate_2,candidate_4,candidate_3,candidate_1,4,0.1475
704,0,candidate_4,candidate_3,candidate_1,4,0.1475
705,0,candidate_4,candidate_3,candidate_1,4,0.1475
706,candidate_2,0,0,candidate_1,4,0.1475
707,candidate_2,candidate_4,candidate_3,0,4,0.1475
708,0,candidate_4,candidate_3,candidate_1,4,0.1475
709,candidate_2,candidate_4,candidate_3,candidate_1,4,0.1475
710,candidate_2,candidate_4,candidate_3,candidate_1,4,0.1475
711,candidate_2,candidate_4,candidate_3,0,4,0.1475
712,0,candidate_4,candidate_3,0,4,0.1475
713,candidate_2,candidate_4,candidate_3,candidate_1,4,0.1475
714,candidate_2,candidate_4,0,candidate_1,4,0.1475
715,candidate_2,candidate_4,candidate_3,candidate_1,4,0.1475
716,candidate_2,candidate_4,candidate_3,0,4,0.1475
717,candidate_2,candidate_4,0,candidate_1,4,0.1475
718,candidate_2,0,candidate_3,candidate_1,4,0.1475
719,0,candidate_4,candidate_3,candidate_1,4,0.1475
720,candidate_2,candidate_4,0,0,4,0.1475
721,candidate_2,0,candidate_3,candidate_1,4,0.1475
722,candidate_2,candidate_4,candidate_3,candidate_1,4,0.1475
723,candidate_2,candidate_4,candidate_3,candidate_1,4,0.1475
724,candidate_2,0,candidate_3,candidate_1,4,0.1475
725,candidate_2,0,candidate_3,0,4,0.1475
726,candidate_2,candidate_4,candidate_3,0,4,0.1475
727,candidate_2,0,candidate_3,candidate_1,4,0.1475
728,candidate_2,candidate_4,0,candidate_1,4,0.1475
729,candidate_2,candidate_4,candidate_3,candidate_1,4,0.1475
730,candidate_2,candidate_4,0,candidate_1,4,0.1475
731,candidate_2,candidate_4,candidate_3,candidate_1,4,0.1475
732,candidate_2,0,0,candidate_1,4,0.1475
733,candidate_2,candidate_4,candidate_3,candidate_1,4,0.1475
734,candidate_2,candidate_4,candidate_3,candidate_1,4,0.1475
735,candidate_2,candidate_4,candidate_3,candidate_1,4,0.1475
736,candidate_2,candidate_4,candidate_3,candidate_1,4,0.1475
737,candidate_2,candidate_4,candidate_3,candidate_1,4,0.1475
738,candidate_2,candidate_4,candidate_3,candidate_1,4,0.1475
739,candidate_2,candidate_4,candidate_3,0,4,0.1475
740,candidate_2,candidate_4,candidate_3,candidate_1,4,0.1475
741,candidate_2,0,candidate_3,candidate_1,4,0.1475
742,candidate_2,candidate_4,candidate_3,0,4,0.1475
743,candidate_2,candidate_4,candidate_3,candidate_1,4,0.1475
744,candidate_2,candidate_4,candidate_3,0,4,0.1475
745,candidate_2,candidate_4,candidate_3,candidate_1,4,0.1475
746,candidate_2,candidate_4,0,candidate_1,4,0.1475
747,candidate_2,candidate_4,0,0,4,0.1475
748,candidate_2,candidate_4,candidate_3,candidate_1,4,0.1475
749,candidate_2,candidate_4,0,candidate_1,4,0.1475
750,candidate_2,candidate_4,candidate_3,candidate_1,4,0.1475
751,0,candidate_4,candidate_3,candidate_1,4,0.1475
752,candidate_2,0,candidate_3,candidate_1,4,0.1475
753,candidate_2,candidate_4,candidate_3,candidate_1,4,0.1475
754,candidate_2,candidate_4,candidate_3,candidate_1,4,0.1475
755,candidate_2,candidate_4,candidate_3,0,4,0.1475
756,candidate_2,candidate_4,candidate_3,candidate_1,4,0.1475
757,candidate_2,0,0,candidate_1,4,0.1475
758,candidate_2,0,candidate_3,candidate_1,4,0.1475
759,candidate_2,candidate_4,candidate_3,candidate_1,4,0.1475
760,candidate_2,candidate_4,0,candidate_1,4,0.1475
761,candidate_2,candidate_4,candidate_3,candidate_1,4,0.1475
762,candidate_2,candidate_4,candidate_3,candidate_1,4,0.1475
763,candidate_2,candidate_4,candidate_3,0,4,0.1475
764,candidate_2,candidate_4,0,candidate_1,4,0.1475
765,candidate_2,candidate_4,candidate_3,candidate_1,4,0.1475
766,candidate_2,candidate_4,candidate_3,0,4,0.1475
767,candidate_2,candidate_4,candidate_3,candidate_1,4,0.1475
768,candidate_2,candidate_4,candidate_3,candidate_1,4,0.1475
769,0,0,candidate_3,candidate_1,4,0.1475
770,candidate_2,candidate_4,0,0,4,0.1475
771,candidate_2,candidate_4,candidate_3,candidate_1,4,0.1475
772,candidate_2,candidate_4,candidate_3,candidate_1,4,0.1475
773,candidate_2,candidate_4,candidate_3,candidate_1,4,0.1475
774,candidate_2,candidate_4,candidate_3,candidate_1,4,0.1475
775,candidate_2,candidate_4,candidate_3,0,4,0.1475
776,0,candidate_4,candidate_3,0,4,0.1475
777,candidate_2,candidate_4,0,candidate_1,4,0.1475
778,candidate_2,candidate_4,candidate_3,candidate_1,4,0.1475
779,0,candidate_4,candidate_3,candidate_1,4,0.1475
780,candidate_2,0,candidate_3,candidate_1,4,0.1475
781,candidate_2,candidate_4,candidate_3,candidate_1,4,0.1475
782,candidate_2,candidate_4,candidate_3,candidate_1,4,0.1475
783,candidate_2,candidate_4,candidate_3,candidate_1,4,0.1475
784,candidate_2,candidate_4,candidate_3,candidate_1,4,0.1475
785,0,0,candidate_3,0,4,0.1475
786,candidate_2,0,candidate_3,candidate_1,4,0.1475
787,candidate_2,0,0,candidate_1,4,0.1475
788,candidate_2,candidate_4,candidate_3,candidate_1,4,0.1475
789,0,0,candidate_3,candidate_1,4,0.1475
790,candidate_2,0,candidate_3,candidate_1,4,0.1475
791,candidate_2,candidate_4,candidate_3,candidate_1,4,0.1475
792,candidate_2,candidate_4,0,candidate_1,4,0.1475
793,candidate_2,candidate_4,candidate_3,candidate_1,4,0.1475
794,candidate_2,candidate_4,candidate_3,candidate_1,4,0.1475
795,candidate_2,candidate_4,0,0,4,0.1475
796,candidate_2,candidate_4,candidate_3,candidate_1,4,0.1475
797,candidate_2,0,candidate_3,candidate_1,4,0.1475
798,0,candidate_4,candidate_3,0,4,0.1475
799,candidate_2,candidate_4,candidate_3,0,4,0.1475
800,candidate_2,candidate_4,candidate_3,candidate_1,4,0.1475
801,candidate_2,candidate_4,candidate_3,0,4,0.1475
802,candidate_2,candidate_4,candidate_3,candidate_1,4,0.1475
803,candidate_2,candidate_4,candidate_3,candidate_1,4,0.1475
804,candidate_2,candidate_4,candidate_3,candidate_1,4,0.1475
805,candidate_2,candidate_4,candidate_3,candidate_1,4,0.1475
806,0,candidate_4,candidate_3,candidate_1,4,0.1475
807,candidate_2,0,candidate_3,candidate_1,4,0.1475
808,candidate_2,0,candidate_3,candidate_1,4,0.1475
809,candidate_2,candidate_4,candidate_3,candidate_1,4,0.1475
810,candidate_2,0,candidate_3,0,4,0.1475
811,candidate_2,candidate_4,candidate_3,0,4,0.1475
812,candidate_2,candidate_4,0,candidate_1,4,0.1475
813,candidate_2,candidate_4,0,candidate_1,4,0.1475
814,candidate_2,candidate_4,candidate_3,candidate_1,4,0.1475
815,0,candidate_4,candidate_3,candidate_1,4,0.1475
816,candidate_2,candidate_4,candidate_3,candidate_1,4,0.1475
817,candidate_2,candidate_4,candidate_3,candidate_1,4,0.1475
818,candidate_2,candidate_4,candidate_3,candidate_1,4,0.1475
819,candidate_2,candidate_4,candidate_3,candidate_1,4,0.1475
820,candidate_2,candidate_4,candidate_3,candidate_1,4,0.1475
821,candidate_2,0,0,0,4,0.1475
822,candidate_2,candidate_4,candidate_3,candidate_1,4,0.1475
823,candidate_2,candidate_4,candidate_3,candidate_1,4,0.1475
824,candidate_2,0,candidate_3,candidate_1,4,0.1475
825,candidate_2,candidate_4,candidate_3,candidate_1,4,0.1475
826,candidate_2,candidate_4,candidate_3,candidate_1,4,0.1475
827,candidate_2,candidate_4,candidate_3,candidate_1,4,0.1475
828,candidate_2,candidate_4,0,candidate_1,4,0.1475
829,candidate_2,candidate_4,candidate_3,candidate_1,4,0.1475
830,candidate_2,0,candidate_3,candidate_1,4,0.1475
831,candidate_2,candidate_4,candidate_3,0,4,0.1475
832,candidate_2,candidate_4,candidate_3,candidate_1,4,0.1475
833,candidate_2,candidate_4,candidate_3,candidate_1,4,0.1475
834,candidate_2,candidate_4,candidate_3,candidate_1,4,0.1475
835,candidate_2,0,candidate_3,candidate_1,4,0.1475
836,candidate_2,candidate_4,candidate_3,candidate_1,4,0.1475
837,0,candidate_4,candidate_3,candidate_1,4,0.1475
838,candidate_2,candidate_4,candidate_3,candidate_1,4,0.1475
839,candidate_2,candidate_4,candidate_3,candidate_1,4,0.1475
840,candidate_2,candidate_4,candidate_3,candidate_1,4,0.1475
0,candidate_3,candidate_1,candidate_2,candidate_4,4,0.1475
1,candidate_3,0,candidate_2,candidate_4,4,0.1475
2,0,candidate_1,candidate_2,candidate_4,4,0.1475
3,candidate_3,candidate_1,candidate_2,candidate_4,4,0.1475
4,candidate_3,candidate_1,candidate_2,0,4,0.1475
5,candidate_3,candidate_1,candidate_2,candidate_4,4,0.1475
6,0,candidate_1,candidate_2,candidate_4,4,0.1475
7,candidate_3,candidate_1,candidate_2,candidate_4,4,0.1475
8,candidate_3,candidate_1,candidate_2,candidate_4,4,0.1475
9,candidate_3,candidate_1,candidate_2,candidate_4,4,0.1475
10,candidate_3,0,candidate_2,candidate_4,4,0.1475
11,candidate_3,candidate_1,0,candidate_4,4,0.1475
12,candidate_3,candidate_1,candidate_2,candidate_4,4,0.1475
13,candidate_3,candidate_1,candidate_2,candidate_4,4,0.1475
14,candidate_3,candidate_1,candidate_2,candidate_4,4,0.1475
15,candidate_3,candidate_1,candidate_2,candidate_4,4,0.1475
16,candidate_3,candidate_1,candidate_2,candidate_4,4,0.1475
17,candidate_3,candidate_1,0,candidate_4,4,0.1475
18,candidate_3,candidate_1,candidate_2,candidate_4,4,0.1475
19,candidate_3,candidate_1,candidate_2,candidate_4,4,0.1475
20,candidate_3,candidate_1,0,candidate_4,4,0.1475
21,candidate_3,candidate_1,0,0,4,0.1475
22,0,0,candidate_2,0,4,0.1475
23,candidate_3,candidate_1,candidate_2,0,4,0.1475
24,candidate_3,candidate_1,candidate_2,candidate_4,4,0.1475
25,candidate_3,candidate_1,candidate_2,0,4,0.1475
26,0,candidate_1,candidate_2,candidate_4,4,0.1475
27,candidate_3,candidate_1,candidate_2,candidate_4,4,0.1475
28,0,candidate_1,0,candidate_4,4,0.1475
29,candidate_3,candidate_1,candidate_2,candidate_4,4,0.1475
30,candidate_3,candidate_1,candidate_2,candidate_4,4,0.1475
31,candidate_3,candidate_1,0,candidate_4,4,0.1475
32,candidate_3,candidate_1,candidate_2,candidate_4,4,0.1475
33,candidate_3,0,candidate_2,candidate_4,4,0.1475
34,candidate_3,candidate_1,candidate_2,candidate_4,4,0.1475
35,candidate_3,candidate_1,0,candidate_4,4,0.1475
36,candidate_3,candidate_1,candidate_2,candidate_4,4,0.1475
37,candidate_3,candidate_1,0,candidate_4,4,0.1475
38,candidate_3,candidate_1,0,candidate_4,4,0.1475
39,0,candidate_1,candidate_2,candidate_4,4,0.1475
40,candidate_3,candidate_1,0,candidate_4,4,0.1475
41,candidate_3,candidate_1,candidate_2,candidate_4,4,0.1475
42,candidate_3,candidate_1,candidate_2,candidate_4,4,0.1475
43,candidate_3,0,candidate_2,candidate_4,4,0.1475
44,candidate_3,candidate_1,candidate_2,candidate_4,4,0.1475
45,candidate_3,candidate_1,candidate_2,candidate_4,4,0.1475
46,candidate_3,candidate_1,0,candidate_4,4,0.1475
47,candidate_3,candidate_1,0,candidate_4,4,0.1475
48,0,candidate_1,0,candidate_4,4,0.1475
49,candidate_3,candidate_1,candidate_2,candidate_4,4,0.1475
50,candidate_3,candidate_1,candidate_2,candidate_4,4,0.1475
51,candidate_3,candidate_1,candidate_2,candidate_4,4,0.1475
52,candidate_3,candidate_1,candidate_2,0,4,0.1475
53,candidate_3,candidate_1,candidate_2,candidate_4,4,0.1475
54,candidate_3,candidate_1,candidate_2,candidate_4,4,0.1475
55,candidate_3,0,candidate_2,candidate_4,4,0.1475
56,candidate_3,candidate_1,candidate_2,candidate_4,4,0.1475
57,candidate_3,candidate_1,candidate_2,candidate_4,4,0.1475
58,candidate_3,candidate_1,candidate_2,candidate_4,4,0.1475
59,0,candidate_1,candidate_2,0,4,0.1475
60,candidate_3,candidate_1,candidate_2,candidate_4,4,0.1475
61,candidate_3,candidate_1,candidate_2,candidate_4,4,0.1475
62,0,candidate_1,candidate_2,candidate_4,4,0.1475
63,candidate_3,candidate_1,candidate_2,candidate_4,4,0.1475
64,candidate_3,candidate_1,candidate_2,candidate_4,4,0.1475
65,candidate_3,candidate_1,candidate_2,candidate_4,4,0.1475
66,candidate_3,candidate_1,candidate_2,candidate_4,4,0.1475
67,candidate_3,candidate_1,candidate_2,0,4,0.1475
68,candidate_3,candidate_1,candidate_2,candidate_4,4,0.1475
69,candidate_3,candidate_1,candidate_2,candidate_4,4,0.1475
70,candidate_3,candidate_1,candidate_2,candidate_4,4,0.1475
71,candidate_3,candidate_1,candidate_2,candidate_4,4,0.1475
72,candidate_3,candidate_1,candidate_2,candidate_4,4,0.1475
73,0,candidate_1,candidate_2,candidate_4,4,0.1475
74,candidate_3,candidate_1,candidate_2,candidate_4,4,0.1475
75,0,candidate_1,candidate_2,candidate_4,4,0.1475
76,candidate_3,candidate_1,candidate_2,candidate_4,4,0.1475
77,candidate_3,candidate_1,candidate_2,candidate_4,4,0.1475
78,candidate_3,candidate_1,candidate_2,0,4,0.1475
79,candidate_3,candidate_1,0,candidate_4,4,0.1475
80,candidate_3,candidate_1,candidate_2,candidate_4,4,0.1475
81,candidate_3,candidate_1,candidate_2,candidate_4,4,0.1475
82,candidate_3,candidate_1,candidate_2,candidate_4,4,0.1475
83,candidate_3,candidate_1,candidate_2,candidate_4,4,0.1475
84,0,candidate_1,candidate_2,candidate_4,4,0.1475
85,candidate_3,candidate_1,candidate_2,candidate_4,4,0.1475
86,candidate_3,candidate_1,0,candidate_4,4,0.1475
87,candidate_3,candidate_1,0,candidate_4,4,0.1475
88,0,candidate_1,candidate_2,candidate_4,4,0.1475
89,candidate_3,candidate_1,0,0,4,0.1475
90,candidate_3,candidate_1,candidate_2,candidate_4,4,0.1475
91,0,candidate_1,0,candidate_4,4,0.1475
92,candidate_3,candidate_1,candidate_2,candidate_4,4,0.1475
93,0,candidate_1,candidate_2,0,4,0.1475
94,candidate_3,candidate_1,candidate_2,candidate_4,4,0.1475
95,candidate_3,0,candidate_2,0,4,0.1475
96,candidate_3,candidate_1,candidate_2,candidate_4,4,0.1475
97,candidate_3,candidate_1,0,candidate_4,4,0.1475
98,candidate_3,candidate_1,candidate_2,candidate_4,4,0.1475
99,candidate_3,candidate_1,candidate_2,candidate_4,4,0.1475
100,candidate_3,candidate_1,candidate_2,0,4,0.1475
101,candidate_3,candidate_1,candidate_2,candidate_4,4,0.1475
102,candidate_3,candidate_1,candidate_2,candidate_4,4,0.1475
103,candidate_3,candidate_1,candidate_2,candidate_4,4,0.1475
104,candidate_3,candidate_1,candidate_2,candidate_4,4,0.1475
105,candidate_3,candidate_1,candidate_2,candidate_4,4,0.1475
106,0,candidate_1,candidate_2,candidate_4,4,0.1475
107,candidate_3,candidate_1,0,candidate_4,4,0.1475
108,candidate_3,candidate_1,0,candidate_4,4,0.1475
109,0,0,candidate_2,candidate_4,4,0.1475
110,candidate_3,candidate_1,candidate_2,0,4,0.1475
111,candidate_3,candidate_1,candidate_2,candidate_4,4,0.1475
112,candidate_3,candidate_1,candidate_2,candidate_4,4,0.1475
113,candidate_3,candidate_1,candidate_2,candidate_4,4,0.1475
114,candidate_3,candidate_1,candidate_2,candidate_4,4,0.1475
115,candidate_3,candidate_1,candidate_2,candidate_4,4,0.1475
116,candidate_3,candidate_1,candidate_2,candidate_4,4,0.1475
117,candidate_3,candidate_1,0,candidate_4,4,0.1475
118,candidate_3,candidate_1,candidate_2,candidate_4,4,0.1475
119,0,candidate_1,candidate_2,candidate_4,4,0.1475
120,candidate_3,candidate_1,candidate_2,candidate_4,4,0.1475
121,candidate_3,candidate_1,candidate_2,candidate_4,4,0.1475
122,candidate_3,candidate_1,candidate_2,candidate_4,4,0.1475
123,0,0,candidate_2,0,4,0.1475
124,candidate_3,candidate_1,0,candidate_4,4,0.1475
125,candidate_3,candidate_1,candidate_2,candidate_4,4,0.1475
126,candidate_3,candidate_1,candidate_2,candidate_4,4,0.1475
127,0,candidate_1,candidate_2,candidate_4,4,0.1475
128,candidate_3,candidate_1,candidate_2,candidate_4,4,0.1475
129,candidate_3,candidate_1,candidate_2,0,4,0.1475
130,candidate_3,candidate_1,0,candidate_4,4,0.1475
131,candidate_3,candidate_1,candidate_2,0,4,0.1475
132,candidate_3,candidate_1,candidate_2,candidate_4,4,0.1475
133,0,0,0,candidate_4,4,0.1475
134,candidate_3,candidate_1,candidate_2,0,4,0.1475
135,0,candidate_1,candidate_2,candidate_4,4,0.1475
136,0,candidate_1,candidate_2,candidate_4,4,0.1475
137,candidate_3,candidate_1,0,candidate_4,4,0.1475
138,candidate_3,candidate_1,candidate_2,candidate_4,4,0.1475
139,candidate_3,candidate_1,candidate_2,candidate_4,4,0.1475
140,candidate_3,candidate_1,candidate_2,candidate_4,4,0.1475
141,0,candidate_1,candidate_2,candidate_4,4,0.1475
142,candidate_3,candidate_1,candidate_2,candidate_4,4,0.1475
143,candidate_3,candidate_1,candidate_2,candidate_4,4,0.1475
144,0,0,candidate_2,0,4,0.1475
145,candidate_3,candidate_1,candidate_2,candidate_4,4,0.1475
146,candidate_3,candidate_1,candidate_2,candidate_4,4,0.1475
147,candidate_3,candidate_1,candidate_2,candidate_4,4,0.1475
148,candidate_3,candidate_1,candidate_2,candidate_4,4,0.1475
149,candidate_3,0,candidate_2,candidate_4,4,0.1475
150,candidate_3,candidate_1,candidate_2,candidate_4,4,0.1475
151,candidate_3,candidate_1,0,candidate_4,4,0.1475
152,candidate_3,candidate_1,candidate_2,candidate_4,4,0.1475
153,candidate_3,candidate_1,candidate_2,0,4,0.1475
154,candidate_3,candidate_1,candidate_2,candidate_4,4,0.1475
155,candidate_3,candidate_1,candidate_2,candidate_4,4,0.1475
156,candidate_3,candidate_1,candidate_2,candidate_4,4,0.1475
157,candidate_3,candidate_1,0,candidate_4,4,0.1475
158,candidate_3,candidate_1,candidate_2,candidate_4,4,0.1475
159,candidate_3,candidate_1,candidate_2,candidate_4,4,0.1475
160,candidate_3,candidate_1,candidate_2,0,4,0.1475
161,candidate_3,candidate_1,candidate_2,candidate_4,4,0.1475
162,candidate_3,candidate_1,candidate_2,candidate_4,4,0.1475
163,candidate_3,candidate_1,0,candidate_4,4,0.1475
164,candidate_3,candidate_1,candidate_2,candidate_4,4,0.1475
165,candidate_3,candidate_1,candidate_2,candidate_4,4,0.1475
166,candidate_3,candidate_1,candidate_2,candidate_4,4,0.1475
167,candidate_3,candidate_1,candidate_2,candidate_4,4,0.1475
168,candidate_3,candidate_1,candidate_2,candidate_4,4,0.1475
169,candidate_3,candidate_1,candidate_2,candidate_4,4,0.1475
170,candidate_3,0,candidate_2,candidate_4,4,0.1475
171,candidate_3,candidate_1,0,candidate_4,4,0.1475
172,candidate_3,candidate_1,candidate_2,candidate_4,4,0.1475
173,candidate_3,candidate_1,candidate_2,candidate_4,4,0.1475
174,candidate_3,candidate_1,0,candidate_4,4,0.1475
175,candidate_3,candidate_1,candidate_2,candidate_4,4,0.1475
176,candidate_3,candidate_1,candidate_2,candidate_4,4,0.1475
177,candidate_3,candidate_1,candidate_2,candidate_4,4,0.1475
178,candidate_3,0,candidate_2,candidate_4,4,0.1475
179,candidate_3,0,candidate_2,candidate_4,4,0.1475
180,candidate_3,candidate_1,0,0,4,0.1475
181,candidate_3,candidate_1,0,candidate_4,4,0.1475
182,0,candidate_1,0,candidate_4,4,0.1475
183,candidate_3,candidate_1,candidate_2,candidate_4,4,0.1475
184,candidate_3,candidate_1,0,candidate_4,4,0.1475
185,candidate_3,candidate_1,candidate_2,0,4,0.1475
186,candidate_3,candidate_1,candidate_2,candidate_4,4,0.1475
187,candidate_3,candidate_1,candidate_2,candidate_4,4,0.1475
188,candidate_3,0,candidate_2,candidate_4,4,0.1475
189,candidate_3,candidate_1,0,candidate_4,4,0.1475
190,candidate_3,candidate_1,candidate_2,candidate_4,4,0.1475
191,candidate_3,candidate_1,candidate_2,candidate_4,4,0.1475
192,0,candidate_1,candidate_2,0,4,0.1475
193,0,candidate_1,candidate_2,candidate_4,4,0.1475
194,candidate_3,candidate_1,candidate_2,candidate_4,4,0.1475
195,candidate_3,0,candidate_2,candidate_4,4,0.1475
196,candidate_3,candidate_1,candidate_2,candidate_4,4,0.1475
197,candidate_3,candidate_1,candidate_2,candidate_4,4,0.1475
198,candidate_3,candidate_1,0,0,4,0.1475
199,candidate_3,candidate_1,0,candidate_4,4,0.1475
200,candidate_3,candidate_1,candidate_2,candidate_4,4,0.1475
201,candidate_3,candidate_1,0,candidate_4,4,0.1475
202,candidate_3,0,candidate_2,candidate_4,4,0.1475
203,0,candidate_1,candidate_2,candidate_4,4,0.1475
204,candidate_3,0,candidate_2,candidate_4,4,0.1475
205,candidate_3,candidate_1,candidate_2,0,4,0.1475
206,candidate_3,candidate_1,candidate_2,candidate_4,4,0.1475
207,0,candidate_1,candidate_2,0,4,0.1475
208,0,candidate_1,candidate_2,candidate_4,4,0.1475
209,candidate_3,candidate_1,candidate_2,candidate_4,4,0.1475
210,0,candidate_1,candidate_2,candidate_4,4,0.1475
211,candidate_3,candidate_1,candidate_2,candidate_4,4,0.1475
212,candidate_3,candidate_1,candidate_2,candidate_4,4,0.1475
213,0,candidate_1,0,candidate_4,4,0.1475
214,candidate_3,candidate_1,candidate_2,candidate_4,4,0.1475
215,candidate_3,0,candidate_2,candidate_4,4,0.1475
216,0,candidate_1,candidate_2,candidate_4,4,0.1475
217,candidate_3,candidate_1,candidate_2,candidate_4,4,0.1475
218,candidate_3,candidate_1,candidate_2,candidate_4,4,0.1475
219,candidate_3,0,0,candidate_4,4,0.1475
220,candidate_3,candidate_1,candidate_2,candidate_4,4,0.1475
221,0,candidate_1,candidate_2,candidate_4,4,0.1475
222,candidate_3,candidate_1,candidate_2,candidate_4,4,0.1475
223,0,candidate_1,candidate_2,candidate_4,4,0.1475
224,candidate_3,candidate_1,candidate_2,candidate_4,4,0.1475
225,candidate_3,candidate_1,candidate_2,candidate_4,4,0.1475
226,candidate_3,candidate_1,0,candidate_4,4,0.1475
227,candidate_3,candidate_1,candidate_2,candidate_4,4,0.1475
228,candidate_3,candidate_1,candidate_2,candidate_4,4,0.1475
229,candidate_3,0,0,candidate_4,4,0.1475
230,0,candidate_1,0,candidate_4,4,0.1475
231,candidate_3,0,candidate_2,0,4,0.1475
232,candidate_3,0,candidate_2,candidate_4,4,0.1475
233,candidate_3,0,candidate_2,candidate_4,4,0.1475
234,candidate_3,candidate_1,candidate_2,candidate_4,4,0.1475
235,candidate_3,candidate_1,0,candidate_4,4,0.1475
236,candidate_3,0,candidate_2,candidate_4,4,0.1475
237,candidate_3,candidate_1,candidate_2,candidate_4,4,0.1475
238,candidate_3,0,candidate_2,candidate_4,4,0.1475
239,0,candidate_1,candidate_2,0,4,0.1475
240,candidate_3,0,candidate_2,candidate_4,4,0.1475
241,candidate_3,candidate_1,candidate_2,0,4,0.1475
242,candidate_3,0,candidate_2,0,4,0.1475
243,candidate_3,candidate_1,candidate_2,candidate_4,4,0.1475
244,candidate_3,candidate_1,candidate_2,candidate_4,4,0.1475
245,candidate_3,candidate_1,0,candidate_4,4,0.1475
246,candidate_3,0,candidate_2,candidate_4,4,0.1475
247,candidate_3,candidate_1,candidate_2,candidate_4,4,0.1475
248,candidate_3,0,0,candidate_4,4,0.1475
249,candidate_3,candidate_1,candidate_2,candidate_4,4,0.1475
250,candidate_3,0,candidate_2,candidate_4,4,0.1475
251,candidate_3,candidate_1,0,candidate_4,4,0.1475
252,candidate_3,candidate_1,candidate_2,candidate_4,4,0.1475
253,0,candidate_1,candidate_2,candidate_4,4,0.1475
254,candidate_3,candidate_1,candidate_2,candidate_4,4,0.1475
255,candidate_3,candidate_1,0,candidate_4,4,0.1475
256,candidate_3,candidate_1,candidate_2,candidate_4,4,0.1475
257,candidate_3,candidate_1,0,candidate_4,4,0.1475
258,candidate_3,candidate_1,candidate_2,0,4,0.1475
259,candidate_3,candidate_1,candidate_2,candidate_4,4,0.1475
260,candidate_3,candidate_1,0,0,4,0.1475
261,candidate_3,candidate_1,candidate_2,candidate_4,4,0.1475
262,candidate_3,0,candidate_2,0,4,0.1475
263,candidate_3,candidate_1,candidate_2,candidate_4,4,0.1475
264,0,candidate_1,candidate_2,0,4,0.1475
265,candidate_3,candidate_1,candidate_2,candidate_4,4,0.1475
266,candidate_3,candidate_1,candidate_2,candidate_4,4,0.1475
267,candidate_3,candidate_1,candidate_2,candidate_4,4,0.1475
268,candidate_3,candidate_1,candidate_2,candidate_4,4,0.1475
269,candidate_3,0,candidate_2,candidate_4,4,0.1475
270,candidate_3,candidate_1,candidate_2,candidate_4,4,0.1475
271,candidate_3,candidate_1,candidate_2,candidate_4,4,0.1475
272,candidate_3,0,candidate_2,candidate_4,4,0.1475
273,0,candidate_1,candidate_2,candidate_4,4,0.1475
274,0,candidate_1,candidate_2,candidate_4,4,0.1475
275,candidate_3,candidate_1,candidate_2,candidate_4,4,0.1475
276,candidate_3,candidate_1,candidate_2,candidate_4,4,0.1475
277,candidate_3,candidate_1,candidate_2,candidate_4,4,0.1475
278,candidate_3,candidate_1,0,candidate_4,4,0.1475
279,candidate_3,candidate_1,candidate_2,candidate_4,4,0.1475
280,0,candidate_1,candidate_2,candidate_4,4,0.1475
281,candidate_3,candidate_1,0,candidate_4,4,0.1475
282,candidate_3,candidate_1,candidate_2,candidate_4,4,0.1475
283,candidate_3,0,candidate_2,candidate_4,4,0.1475
284,candidate_3,candidate_1,candidate_2,candidate_4,4,0.1475
285,candidate_3,candidate_1,candidate_2,candidate_4,4,0.1475
286,candidate_3,candidate_1,0,candidate_4,4,0.1475
287,candidate_3,candidate_1,candidate_2,candidate_4,4,0.1475
288,candidate_3,0,candidate_2,candidate_4,4,0.1475
289,0,candidate_1,candidate_2,candidate_4,4,0.1475
290,candidate_3,candidate_1,0,candidate_4,4,0.1475
291,candidate_3,candidate_1,candidate_2,candidate_4,4,0.1475
292,candidate_3,candidate_1,candidate_2,candidate_4,4,0.1475
293,candidate_3,candidate_1,candidate_2,candidate_4,4,0.1475
294,candidate_3,candidate_1,candidate_2,candidate_4,4,0.1475
295,candidate_3,candidate_1,candidate_2,candidate_4,4,0.1475
296,candidate_3,candidate_1,candidate_2,candidate_4,4,0.1475
297,candidate_3,0,candidate_2,candidate_4,4,0.1475
298,candidate_3,candidate_1,candidate_2,candidate_4,4,0.1475
299,candidate_3,candidate_1,candidate_2,candidate_4,4,0.1475
300,candidate_3,candidate_1,candidate_2,candidate_4,4,0.1475
301,candidate_3,candidate_1,0,candidate_4,4,0.1475
302,candidate_3,0,candidate_2,candidate_4,4,0.1475
303,candidate_3,candidate_1,candidate_2,candidate_4,4,0.1475
304,candidate_3,0,candidate_2,candidate_4,4,0.1475
305,candidate_3,0,candidate_2,candidate_4,4,0.1475
306,candidate_3,candidate_1,candidate_2,candidate_4,4,0.1475
307,candidate_3,candidate_1,candidate_2,candidate_4,4,0.1475
308,candidate_3,candidate_1,candidate_2,candidate_4,4,0.1475
309,candidate_3,candidate_1,candidate_2,0,4,0.1475
310,candidate_3,candidate_1,candidate_2,candidate_4,4,0.1475
311,candidate_3,candidate_1,candidate_2,candidate_4,4,0.1475
312,candidate_3,candidate_1,candidate_2,candidate_4,4,0.1475
313,candidate_3,candidate_1,candidate_2,candidate_4,4,0.1475
314,candidate_3,0,candidate_2,0,4,0.1475
315,candidate_3,candidate_1,candidate_2,candidate_4,4,0.1475
316,candidate_3,candidate_1,candidate_2,candidate_4,4,0.1475
317,0,candidate_1,0,candidate_4,4,0.1475
318,candidate_3,candidate_1,candidate_2,candidate_4,4,0.1475
319,candidate_3,candidate_1,0,0,4,0.1475
320,candidate_3,candidate_1,0,candidate_4,4,0.1475
321,candidate_3,candidate_1,candidate_2,candidate_4,4,0.1475
322,candidate_3,candidate_1,0,candidate_4,4,0.1475
323,candidate_3,candidate_1,candidate_2,candidate_4,4,0.1475
324,candidate_3,candidate_1,candidate_2,candidate_4,4,0.1475
325,candidate_3,candidate_1,candidate_2,0,4,0.1475
326,candidate_3,candidate_1,candidate_2,candidate_4,4,0.1475
327,0,candidate_1,candidate_2,candidate_4,4,0.1475
328,candidate_3,candidate_1,candidate_2,candidate_4,4,0.1475
329,0,candidate_1,candidate_2,candidate_4,4,0.1475
330,candidate_3,candidate_1,candidate_2,candidate_4,4,0.1475
331,candidate_3,candidate_1,candidate_2,candidate_4,4,0.1475
332,candidate_3,candidate_1,candidate_2,candidate_4,4,0.1475
333,candidate_3,candidate_1,candidate_2,0,4,0.1475
334,0,candidate_1,candidate_2,candidate_4,4,0.1475
335,candidate_3,0,candidate_2,candidate_4,4,0.1475
336,candidate_3,candidate_1,candidate_2,0,4,0.1475
337,candidate_3,candidate_1,candidate_2,candidate_4,4,0.1475
338,0,candidate_1,candidate_2,candidate_4,4,0.1475
339,candidate_3,candidate_1,0,candidate_4,4,0.1475
340,candidate_3,candidate_1,candidate_2,candidate_4,4,0.1475
341,candidate_3,candidate_1,candidate_2,candidate_4,4,0.1475
342,candidate_3,0,candidate_2,candidate_4,4,0.1475
343,candidate_3,candidate_1,candidate_2,0,4,0.1475
344,candidate_3,0,candidate_2,candidate_4,4,0.1475
345,candidate_3,candidate_1,candidate_2,candidate_4,4,0.1475
346,candidate_3,candidate_1,candidate_2,candidate_4,4,0.1475
347,candidate_3,candidate_1,candidate_2,candidate_4,4,0.1475
348,candidate_3,candidate_1,candidate_2,candidate_4,4,0.1475
349,0,candidate_1,0,candidate_4,4,0.1475
350,candidate_3,candidate_1,candidate_2,candidate_4,4,0.1475
351,0,candidate_1,candidate_2,candidate_4,4,0.1475
352,candidate_3,candidate_1,candidate_2,0,4,0.1475
353,candidate_3,candidate_1,candidate_2,0,4,0.1475
354,candidate_3,candidate_1,candidate_2,candidate_4,4,0.1475
355,candidate_3,candidate_1,candidate_2,candidate_4,4,0.1475
356,candidate_3,candidate_1,candidate_2,candidate_4,4,0.1475
357,candidate_3,candidate_1,candidate_2,candidate_4,4,0.1475
358,candidate_3,candidate_1,candidate_2,candidate_4,4,0.1475
359,candidate_3,candidate_1,candidate_2,candidate_4,4,0.1475
360,candidate_3,candidate_1,candidate_2,candidate_4,4,0.1475
361,candidate_3,candidate_1,candidate_2,candidate_4,4,0.1475
362,candidate_3,candidate_1,candidate_2,candidate_4,4,0.1475
363,candidate_3,candidate_1,candidate_2,candidate_4,4,0.1475
364,candidate_3,candidate_1,0,candidate_4,4,0.1475
365,candidate_3,candidate_1,candidate_2,candidate_4,4,0.1475
366,candidate_3,candidate_1,candidate_2,candidate_4,4,0.1475
367,candidate_3,0,candidate_2,candidate_4,4,0.1475
368,candidate_3,candidate_1,candidate_2,candidate_4,4,0.1475
369,candidate_3,candidate_1,0,candidate_4,4,0.1475
370,candidate_3,candidate_1,candidate_2,candidate_4,4,0.1475
371,candidate_3,0,0,0,4,0.1475
372,candidate_3,candidate_1,candidate_2,candidate_4,4,0.1475
373,0,candidate_1,candidate_2,candidate_4,4,0.1475
374,candidate_3,0,0,candidate_4,4,0.1475
375,candidate_3,0,candidate_2,0,4,0.1475
376,candidate_3,candidate_1,candidate_2,candidate_4,4,0.1475
377,candidate_3,candidate_1,0,candidate_4,4,0.1475
378,candidate_3,candidate_1,candidate_2,candidate_4,4,0.1475
379,0,candidate_1,candidate_2,candidate_4,4,0.1475
380,candidate_3,candidate_1,candidate_2,candidate_4,4,0.1475
381,candidate_3,candidate_1,0,candidate_4,4,0.1475
382,candidate_3,candidate_1,candidate_2,candidate_4,4,0.1475
383,0,candidate_1,candidate_2,candidate_4,4,0.1475
384,candidate_3,candidate_1,candidate_2,candidate_4,4,0.1475
385,candidate_3,candidate_1,candidate_2,candidate_4,4,0.1475
386,candidate_3,candidate_1,candidate_2,candidate_4,4,0.1475
387,candidate_3,candidate_1,0,candidate_4,4,0.1475
388,candidate_3,candidate_1,candidate_2,candidate_4,4,0.1475
389,candidate_3,candidate_1,candidate_2,candidate_4,4,0.1475
390,candidate_3,candidate_1,candidate_2,0,4,0.1475
391,candidate_3,candidate_1,candidate_2,candidate_4,4,0.1475
392,0,candidate_1,candidate_2,candidate_4,4,0.1475
393,candidate_3,candidate_1,0,candidate_4,4,0.1475
394,candidate_3,candidate_1,candidate_2,candidate_4,4,0.1475
395,candidate_3,candidate_1,0,0,4,0.1475
396,candidate_3,candidate_1,candidate_2,candidate_4,4,0.1475
397,candidate_3,candidate_1,candidate_2,candidate_4,4,0.1475
398,candidate_3,candidate_1,candidate_2,candidate_4,4,0.1475
399,candidate_3,0,candidate_2,candidate_4,4,0.1475
400,0,candidate_1,0,candidate_4,4,0.1475
401,candidate_3,candidate_1,candidate_2,0,4,0.1475
402,candidate_3,0,candidate_2,candidate_4,4,0.1475
403,candidate_3,candidate_1,candidate_2,candidate_4,4,0.1475
404,candidate_3,candidate_1,0,candidate_4,4,0.1475
405,candidate_3,0,candidate_2,candidate_4,4,0.1475
406,candidate_3,candidate_1,0,candidate_4,4,0.1475
407,candidate_3,candidate_1,candidate_2,candidate_4,4,0.1475
408,candidate_3,candidate_1,candidate_2,candidate_4,4,0.1475
409,candidate_3,candidate_1,candidate_2,candidate_4,4,0.1475
410,candidate_3,candidate_1,candidate_2,candidate_4,4,0.1475
411,candidate_3,candidate_1,candidate_2,candidate_4,4,0.1475
412,candidate_3,candidate_1,candidate_2,candidate_4,4,0.1475
413,candidate_3,0,candidate_2,candidate_4,4,0.1475
414,0,candidate_1,candidate_2,candidate_4,4,0.1475
415,candidate_3,0,0,0,4,0.1475
416,candidate_3,candidate_1,candidate_2,candidate_4,4,0.1475
417,candidate_3,0,0,candidate_4,4,0.1475
418,candidate_3,candidate_1,candidate_2,0,4,0.1475
419,candidate_3,candidate_1,0,candidate_4,4,0.1475
420,candidate_3,0,candidate_2,candidate_4,4,0.1475
421,candidate_3,candidate_1,0,candidate_4,4,0.1475
422,candidate_3,candidate_1,candidate_2,candidate_4,4,0.1475
423,candidate_3,candidate_1,candidate_2,candidate_4,4,0.1475
424,candidate_3,candidate_1,candidate_2,0,4,0.1475
425,candidate_3,candidate_1,candidate_2,candidate_4,4,0.1475
426,candidate_3,0,candidate_2,0,4,0.1475
427,candidate_3,candidate_1,candidate_2,0,4,0.1475
428,candidate_3,candidate_1,candidate_2,candidate_4,4,0.1475
429,candidate_3,candidate_1,candidate_2,candidate_4,4,0.1475
430,candidate_3,candidate_1,candidate_2,candidate_4,4,0.1475
431,candidate_3,0,candidate_2,candidate_4,4,0.1475
432,candidate_3,0,candidate_2,candidate_4,4,0.1475
433,0,0,candidate_2,candidate_4,4,0.1475
434,candidate_3,0,candidate_2,candidate_4,4,0.1475
435,candidate_3,candidate_1,candidate_2,candidate_4,4,0.1475
436,candidate_3,candidate_1,candidate_2,candidate_4,4,0.1475
437,0,candidate_1,candidate_2,candidate_4,4,0.1475
438,0,candidate_1,candidate_2,candidate_4,4,0.1475
439,candidate_3,candidate_1,candidate_2,candidate_4,4,0.1475
440,candidate_3,candidate_1,candidate_2,0,4,0.1475
441,candidate_3,candidate_1,candidate_2,candidate_4,4,0.1475
442,candidate_3,0,candidate_2,candidate_4,4,0.1475
443,candidate_3,candidate_1,candidate_2,candidate_4,4,0.1475
444,candidate_3,candidate_1,candidate_2,candidate_4,4,0.1475
445,candidate_3,candidate_1,candidate_2,candidate_4,4,0.1475
446,candidate_3,candidate_1,candidate_2,0,4,0.1475
447,candidate_3,0,candidate_2,0,4,0.1475
448,candidate_3,candidate_1,candidate_2,candidate_4,4,0.1475
449,candidate_3,0,candidate_2,candidate_4,4,0.1475
450,candidate_3,candidate_1,candidate_2,candidate_4,4,0.1475
451,candidate_3,candidate_1,candidate_2,candidate_4,4,0.1475
452,candidate_3,candidate_1,candidate_2,candidate_4,4,0.1475
453,candidate_3,candidate_1,0,candidate_4,4,0.1475
454,candidate_3,candidate_1,candidate_2,0,4,0.1475
455,candidate_3,candidate_1,candidate_2,0,4,0.1475
456,candidate_3,candidate_1,candidate_2,candidate_4,4,0.1475
457,candidate_3,candidate_1,candidate_2,0,4,0.1475
458,candidate_3,0,candidate_2,0,4,0.1475
459,candidate_3,0,candidate_2,candidate_4,4,0.1475
460,candidate_3,candidate_1,candidate_2,candidate_4,4,0.1475
461,candidate_3,candidate_1,candidate_2,candidate_4,4,0.1475
462,candidate_3,candidate_1,candidate_2,0,4,0.1475
463,candidate_3,candidate_1,candidate_2,candidate_4,4,0.1475
464,candidate_3,candidate_1,candidate_2,candidate_4,4,0.1475
465,candidate_3,candidate_1,candidate_2,candidate_4,4,0.1475
466,0,candidate_1,candidate_2,candidate_4,4,0.1475
467,0,candidate_1,candidate_2,candidate_4,4,0.1475
468,candidate_3,candidate_1,0,0,4,0.1475
469,candidate_3,candidate_1,candidate_2,candidate_4,4,0.1475
470,candidate_3,candidate_1,candidate_2,candidate_4,4,0.1475
471,candidate_3,candidate_1,candidate_2,candidate_4,4,0.1475
472,candidate_3,candidate_1,candidate_2,candidate_4,4,0.1475
473,candidate_3,candidate_1,candidate_2,candidate_4,4,0.1475
474,candidate_3,candidate_1,candidate_2,0,4,0.1475
475,candidate_3,candidate_1,0,candidate_4,4,0.1475
476,candidate_3,candidate_1,candidate_2,candidate_4,4,0.1475
477,candidate_3,candidate_1,candidate_2,candidate_4,4,0.1475
478,candidate_3,candidate_1,candidate_2,candidate_4,4,0.1475
479,candidate_3,candidate_1,candidate_2,candidate_4,4,0.1475
480,candidate_3,candidate_1,candidate_2,candidate_4,4,0.1475
481,candidate_3,candidate_1,candidate_2,candidate_4,4,0.1475
482,candidate_3,candidate_1,candidate_2,candidate_4,4,0.1475
483,candidate_3,candidate_1,0,candidate_4,4,0.1475
484,candidate_3,candidate_1,candidate_2,candidate_4,4,0.1475
485,candidate_3,candidate_1,0,candidate_4,4,0.1475
486,0,candidate_1,candidate_2,candidate_4,4,0.1475
487,candidate_3,candidate_1,candidate_2,candidate_4,4,0.1475
488,0,candidate_1,candidate_2,candidate_4,4,0.1475
489,candidate_3,candidate_1,candidate_2,0,4,0.1475
490,candidate_3,candidate_1,candidate_2,0,4,0.1475
491,candidate_3,candidate_1,candidate_2,0,4,0.1475
492,candidate_3,0,0,candidate_4,4,0.1475
493,candidate_3,candidate_1,candidate_2,0,4,0.1475
494,candidate_3,candidate_1,candidate_2,candidate_4,4,0.1475
495,candidate_3,candidate_1,candidate_2,0,4,0.1475
496,candidate_3,candidate_1,candidate_2,candidate_4,4,0.1475
497,candidate_3,candidate_1,candidate_2,candidate_4,4,0.1475
498,candidate_3,candidate_1,candidate_2,candidate_4,4,0.1475
499,candidate_3,candidate_1,candidate_2,candidate_4,4,0.1475
500,candidate_3,candidate_1,candidate_2,candidate_4,4,0.1475
501,candidate_3,candidate_1,candidate_2,0,4,0.1475
502,candidate_3,candidate_1,candidate_2,candidate_4,4,0.1475
503,candidate_3,candidate_1,candidate_2,0,4,0.1475
504,candidate_3,0,candidate_2,candidate_4,4,0.1475
505,candidate_3,candidate_1,candidate_2,0,4,0.1475
506,0,candidate_1,0,candidate_4,4,0.1475
507,candidate_3,candidate_1,candidate_2,candidate_4,4,0.1475
508,candidate_3,candidate_1,candidate_2,candidate_4,4,0.1475
509,candidate_3,candidate_1,candidate_2,candidate_4,4,0.1475
510,candidate_3,candidate_1,candidate_2,candidate_4,4,0.1475
511,0,candidate_1,0,candidate_4,4,0.1475
512,candidate_3,candidate_1,candidate_2,0,4,0.1475
513,0,candidate_1,0,candidate_4,4,0.1475
514,candidate_3,candidate_1,candidate_2,0,4,0.1475
515,candidate_3,candidate_1,candidate_2,candidate_4,4,0.1475
516,candidate_3,0,0,candidate_4,4,0.1475
517,candidate_3,candidate_1,candidate_2,candidate_4,4,0.1475
518,0,candidate_1,0,candidate_4,4,0.1475
519,candidate_3,candidate_1,candidate_2,candidate_4,4,0.1475
520,candidate_3,candidate_1,0,candidate_4,4,0.1475
521,candidate_3,candidate_1,0,candidate_4,4,0.1475
522,0,candidate_1,candidate_2,candidate_4,4,0.1475
523,candidate_3,candidate_1,candidate_2,candidate_4,4,0.1475
524,candidate_3,candidate_1,candidate_2,candidate_4,4,0.1475
525,0,candidate_1,candidate_2,0,4,0.1475
526,candidate_3,candidate_1,candidate_2,0,4,0.1475
527,candidate_3,candidate_1,candidate_2,candidate_4,4,0.1475
528,candidate_3,candidate_1,candidate_2,candidate_4,4,0.1475
529,0,0,candidate_2,candidate_4,4,0.1475
530,candidate_3,candidate_1,candidate_2,candidate_4,4,0.1475
531,candidate_3,0,0,candidate_4,4,0.1475
532,0,candidate_1,candidate_2,candidate_4,4,0.1475
533,candidate_3,candidate_1,candidate_2,candidate_4,4,0.1475
534,candidate_3,candidate_1,candidate_2,candidate_4,4,0.1475
535,candidate_3,candidate_1,candidate_2,candidate_4,4,0.1475
536,candidate_3,candidate_1,candidate_2,candidate_4,4,0.1475
537,candidate_3,candidate_1,candidate_2,candidate_4,4,0.1475
538,candidate_3,candidate_1,candidate_2,candidate_4,4,0.1475
539,0,candidate_1,candidate_2,candidate_4,4,0.1475
540,candidate_3,candidate_1,candidate_2,candidate_4,4,0.1475
541,candidate_3,candidate_1,candidate_2,candidate_4,4,0.1475
542,candidate_3,candidate_1,candidate_2,candidate_4,4,0.1475
543,candidate_3,candidate_1,candidate_2,candidate_4,4,0.1475
544,candidate_3,candidate_1,candidate_2,candidate_4,4,0.1475
545,candidate_3,candidate_1,candidate_2,0,4,0.1475
546,candidate_3,candidate_1,candidate_2,candidate_4,4,0.1475
547,0,candidate_1,candidate_2,candidate_4,4,0.1475
548,candidate_3,0,candidate_2,candidate_4,4,0.1475
549,candidate_3,candidate_1,candidate_2,0,4,0.1475
550,0,0,candidate_2,candidate_4,4,0.1475
551,0,candidate_1,candidate_2,candidate_4,4,0.1475
552,0,candidate_1,candidate_2,candidate_4,4,0.1475
553,candidate_3,0,candidate_2,candidate_4,4,0.1475
554,candidate_3,candidate_1,candidate_2,candidate_4,4,0.1475
555,candidate_3,candidate_1,candidate_2,candidate_4,4,0.1475
556,0,candidate_1,candidate_2,candidate_4,4,0.1475
557,candidate_3,candidate_1,candidate_2,candidate_4,4,0.1475
558,candidate_3,candidate_1,candidate_2,candidate_4,4,0.1475
559,candidate_3,candidate_1,candidate_2,candidate_4,4,0.1475
560,candidate_3,candidate_1,candidate_2,candidate_4,4,0.1475
561,candidate_3,candidate_1,candidate_2,candidate_4,4,0.1475
562,0,0,candidate_2,candidate_4,4,0.1475
563,candidate_3,candidate_1,candidate_2,candidate_4,4,0.1475
564,candidate_3,candidate_1,candidate_2,candidate_4,4,0.1475
565,candidate_3,candidate_1,candidate_2,candidate_4,4,0.1475
566,candidate_3,candidate_1,candidate_2,candidate_4,4,0.1475
567,candidate_3,candidate_1,candidate_2,candidate_4,4,0.1475
568,candidate_3,0,candidate_2,candidate_4,4,0.1475
569,candidate_3,candidate_1,candidate_2,candidate_4,4,0.1475
570,candidate_3,candidate_1,candidate_2,candidate_4,4,0.1475
571,candidate_3,candidate_1,candidate_2,0,4,0.1475
572,candidate_3,candidate_1,candidate_2,0,4,0.1475
573,candidate_3,candidate_1,candidate_2,candidate_4,4,0.1475
574,0,candidate_1,0,candidate_4,4,0.1475
575,0,candidate_1,candidate_2,candidate_4,4,0.1475
576,candidate_3,candidate_1,candidate_2,0,4,0.1475
577,candidate_3,candidate_1,candidate_2,candidate_4,4,0.1475
578,candidate_3,0,candidate_2,candidate_4,4,0.1475
579,candidate_3,candidate_1,candidate_2,candidate_4,4,0.1475
580,candidate_3,0,0,candidate_4,4,0.1475
581,candidate_3,0,candidate_2,candidate_4,4,0.1475
582,0,candidate_1,0,candidate_4,4,0.1475
583,candidate_3,candidate_1,candidate_2,candidate_4,4,0.1475
584,candidate_3,candidate_1,candidate_2,candidate_4,4,0.1475
585,candidate_3,candidate_1,candidate_2,candidate_4,4,0.1475
586,candidate_3,0,candidate_2,candidate_4,4,0.1475
587,candidate_3,candidate_1,candidate_2,0,4,0.1475
588,candidate_3,candidate_1,candidate_2,candidate_4,4,0.1475
589,candidate_3,candidate_1,candidate_2,candidate_4,4,0.1475
590,candidate_3,0,candidate_2,candidate_4,4,0.1475
591,0,candidate_1,candidate_2,candidate_4,4,0.1475
592,candidate_3,candidate_1,candidate_2,candidate_4,4,0.1475
593,candidate_3,candidate_1,candidate_2,candidate_4,4,0.1475
594,candidate_3,candidate_1,candidate_2,candidate_4,4,0.1475
595,candidate_3,candidate_1,candidate_2,candidate_4,4,0.1475
596,candidate_3,candidate_1,candidate_2,candidate_4,4,0.1475
597,candidate_3,candidate_1,candidate_2,candidate_4,4,0.1475
598,candidate_3,candidate_1,candidate_2,candidate_4,4,0.1475
599,candidate_3,candidate_1,0,candidate_4,4,0.1475
600,candidate_3,candidate_1,candidate_2,candidate_4,4,0.1475
601,candidate_3,0,candidate_2,candidate_4,4,0.1475
602,candidate_3,candidate_1,candidate_2,candidate_4,4,0.1475
603,candidate_3,candidate_1,0,candidate_4,4,0.1475
604,candidate_3,candidate_1,0,candidate_4,4,0.1475
605,candidate_3,0,candidate_2,candidate_4,4,0.1475
606,0,0,candidate_2,candidate_4,4,0.1475
607,candidate_3,candidate_1,candidate_2,candidate_4,4,0.1475
608,candidate_3,candidate_1,candidate_2,candidate_4,4,0.1475
609,candidate_3,candidate_1,candidate_2,candidate_4,4,0.1475
610,0,candidate_1,candidate_2,candidate_4,4,0.1475
611,0,candidate_1,candidate_2,candidate_4,4,0.1475
612,candidate_3,candidate_1,candidate_2,candidate_4,4,0.1475
613,candidate_3,candidate_1,candidate_2,candidate_4,4,0.1475
614,0,candidate_1,candidate_2,candidate_4,4,0.1475
615,candidate_3,candidate_1,candidate_2,candidate_4,4,0.1475
616,candidate_3,0,candidate_2,candidate_4,4,0.1475
617,0,0,candidate_2,candidate_4,4,0.1475
618,candidate_3,candidate_1,candidate_2,0,4,0.1475
619,candidate_3,0,candidate_2,candidate_4,4,0.1475
620,candidate_3,candidate_1,candidate_2,candidate_4,4,0.1475
621,candidate_3,candidate_1,candidate_2,candidate_4,4,0.1475
622,candidate_3,candidate_1,candidate_2,candidate_4,4,0.1475
623,candidate_3,candidate_1,candidate_2,candidate_4,4,0.1475
624,candidate_3,candidate_1,candidate_2,0,4,0.1475
625,candidate_3,candidate_1,0,candidate_4,4,0.1475
626,candidate_3,0,candidate_2,candidate_4,4,0.1475
627,candidate_3,candidate_1,candidate_2,0,4,0.1475
628,0,candidate_1,candidate_2,candidate_4,4,0.1475
629,candidate_3,0,0,candidate_4,4,0.1475
630,0,candidate_1,candidate_2,candidate_4,4,0.1475
631,candidate_3,candidate_1,candidate_2,candidate_4,4,0.1475
632,candidate_3,candidate_1,candidate_2,candidate_4,4,0.1475
633,candidate_3,candidate_1,candidate_2,candidate_4,4,0.1475
634,0,0,candidate_2,0,4,0.1475
635,candidate_3,candidate_1,candidate_2,candidate_4,4,0.1475
636,candidate_3,candidate_1,candidate_2,candidate_4,4,0.1475
637,candidate_3,0,candidate_2,candidate_4,4,0.1475
638,candidate_3,0,candidate_2,candidate_4,4,0.1475
639,candidate_3,candidate_1,candidate_2,candidate_4,4,0.1475
640,candidate_3,candidate_1,candidate_2,candidate_4,4,0.1475
641,candidate_3,candidate_1,candidate_2,candidate_4,4,0.1475
642,candidate_3,0,candidate_2,candidate_4,4,0.1475
643,candidate_3,candidate_1,candidate_2,candidate_4,4,0.1475
644,candidate_3,candidate_1,candidate_2,candidate_4,4,0.1475
645,candidate_3,candidate_1,candidate_2,0,4,0.1475
646,candidate_3,candidate_1,candidate_2,candidate_4,4,0.1475
647,0,candidate_1,candidate_2,candidate_4,4,0.1475
648,candidate_3,candidate_1,candidate_2,candidate_4,4,0.1475
649,candidate_3,candidate_1,candidate_2,candidate_4,4,0.1475
650,0,candidate_1,candidate_2,candidate_4,4,0.1475
651,candidate_3,0,candidate_2,candidate_4,4,0.1475
652,candidate_3,candidate_1,0,0,4,0.1475
653,candidate_3,candidate_1,candidate_2,0,4,0.1475
654,candidate_3,candidate_1,0,0,4,0.1475
655,candidate_3,0,candidate_2,candidate_4,4,0.1475
656,0,candidate_1,candidate_2,0,4,0.1475
657,candidate_3,0,candidate_2,candidate_4,4,0.1475
658,0,candidate_1,0,candidate_4,4,0.1475
659,candidate_3,candidate_1,candidate_2,candidate_4,4,0.1475
660,candidate_3,candidate_1,candidate_2,candidate_4,4,0.1475
661,candidate_3,candidate_1,candidate_2,candidate_4,4,0.1475
662,0,candidate_1,candidate_2,candidate_4,4,0.1475
663,candidate_3,0,candidate_2,candidate_4,4,0.1475
664,candidate_3,candidate_1,candidate_2,0,4,0.1475
665,candidate_3,candidate_1,candidate_2,candidate_4,4,0.1475
666,candidate_3,candidate_1,candidate_2,0,4,0.1475
667,candidate_3,candidate_1,candidate_2,candidate_4,4,0.1475
668,candidate_3,candidate_1,candidate_2,candidate_4,4,0.1475
669,0,0,candidate_2,candidate_4,4,0.1475
670,candidate_3,0,candidate_2,candidate_4,4,0.1475
671,candidate_3,candidate_1,0,candidate_4,4,0.1475
672,0,candidate_1,candidate_2,candidate_4,4,0.1475
673,candidate_3,candidate_1,candidate_2,candidate_4,4,0.1475
674,candidate_3,candidate_1,0,candidate_4,4,0.1475
675,candidate_3,candidate_1,candidate_2,candidate_4,4,0.1475
676,candidate_3,0,candidate_2,candidate_4,4,0.1475
677,candidate_3,candidate_1,candidate_2,candidate_4,4,0.1475
678,0,candidate_1,candidate_2,candidate_4,4,0.1475
679,candidate_3,candidate_1,candidate_2,0,4,0.1475
680,candidate_3,candidate_1,candidate_2,0,4,0.1475
681,candidate_3,candidate_1,candidate_2,candidate_4,4,0.1475
682,candidate_3,candidate_1,candidate_2,candidate_4,4,0.1475
683,candidate_3,candidate_1,candidate_2,candidate_4,4,0.1475
684,candidate_3,0,candidate_2,candidate_4,4,0.1475
685,candidate_3,candidate_1,candidate_2,candidate_4,4,0.1475
686,candidate_3,candidate_1,candidate_2,candidate_4,4,0.1475
687,candidate_3,candidate_1,0,candidate_4,4,0.1475
688,candidate_3,0,candidate_2,candidate_4,4,0.1475
689,candidate_3,candidate_1,0,candidate_4,4,0.1475
690,candidate_3,0,candidate_2,candidate_4,4,0.1475
691,0,candidate_1,candidate_2,candidate_4,4,0.1475
692,candidate_3,candidate_1,candidate_2,candidate_4,4,0.1475
693,candidate_3,candidate_1,candidate_2,candidate_4,4,0.1475
694,candidate_3,candidate_1,candidate_2,candidate_4,4,0.1475
695,candidate_3,0,candidate_2,candidate_4,4,0.1475
696,0,candidate_1,candidate_2,candidate_4,4,0.1475
697,candidate_3,candidate_1,candidate_2,0,4,0.1475
698,candidate_3,candidate_1,candidate_2,candidate_4,4,0.1475
699,candidate_3,candidate_1,0,candidate_4,4,0.1475
700,candidate_3,candidate_1,candidate_2,candidate_4,4,0.1475
701,candidate_3,candidate_1,candidate_2,0,4,0.1475
702,candidate_3,candidate_1,candidate_2,candidate_4,4,0.1475
703,candidate_3,candidate_1,candidate_2,candidate_4,4,0.1475
704,candidate_3,candidate_1,candidate_2,candidate_4,4,0.1475
705,candidate_3,candidate_1,candidate_2,candidate_4,4,0.1475
706,candidate_3,candidate_1,candidate_2,candidate_4,4,0.1475
707,candidate_3,candidate_1,candidate_2,candidate_4,4,0.1475
708,candidate_3,0,candidate_2,candidate_4,4,0.1475
709,candidate_3,candidate_1,0,candidate_4,4,0.1475
710,candidate_3,candidate_1,candidate_2,candidate_4,4,0.1475
711,candidate_3,candidate_1,0,0,4,0.1475
712,candidate_3,candidate_1,candidate_2,candidate_4,4,0.1475
713,0,candidate_1,candidate_2,candidate_4,4,0.1475
714,candidate_3,candidate_1,candidate_2,candidate_4,4,0.1475
715,candidate_3,candidate_1,candidate_2,candidate_4,4,0.1475
716,candidate_3,candidate_1,candidate_2,candidate_4,4,0.1475
717,candidate_3,candidate_1,0,candidate_4,4,0.1475
718,candidate_3,candidate_1,candidate_2,candidate_4,4,0.1475
719,candidate_3,candidate_1,candidate_2,candidate_4,4,0.1475
720,candidate_3,candidate_1,candidate_2,candidate_4,4,0.1475
721,0,candidate_1,candidate_2,candidate_4,4,0.1475
722,0,candidate_1,0,candidate_4,4,0.1475
723,candidate_3,candidate_1,candidate_2,0,4,0.1475
724,candidate_3,candidate_1,candidate_2,candidate_4,4,0.1475
725,candidate_3,candidate_1,candidate_2,candidate_4,4,0.1475
726,candidate_3,candidate_1,candidate_2,candidate_4,4,0.1475
727,candidate_3,0,candidate_2,candidate_4,4,0.1475
728,candidate_3,candidate_1,candidate_2,candidate_4,4,0.1475
729,candidate_3,candidate_1,candidate_2,candidate_4,4,0.1475
730,candidate_3,candidate_1,candidate_2,candidate_4,4,0.1475
731,0,candidate_1,0,candidate_4,4,0.1475
732,candidate_3,candidate_1,candidate_2,candidate_4,4,0.1475
733,0,candidate_1,candidate_2,candidate_4,4,0.1475
734,0,candidate_1,candidate_2,candidate_4,4,0.1475
735,0,candidate_1,candidate_2,candidate_4,4,0.1475
736,candidate_3,candidate_1,candidate_2,candidate_4,4,0.1475
737,candidate_3,candidate_1,candidate_2,candidate_4,4,0.1475
738,candidate_3,0,candidate_2,0,4,0.1475
739,candidate_3,0,0,candidate_4,4,0.1475
740,candidate_3,candidate_1,candidate_2,candidate_4,4,0.1475
741,candidate_3,candidate_1,candidate_2,candidate_4,4,0.1475
742,candidate_3,candidate_1,candidate_2,candidate_4,4,0.1475
743,candidate_3,candidate_1,candidate_2,candidate_4,4,0.1475
744,candidate_3,candidate_1,0,candidate_4,4,0.1475
745,candidate_3,candidate_1,0,candidate_4,4,0.1475
746,candidate_3,candidate_1,candidate_2,candidate_4,4,0.1475
747,candidate_3,candidate_1,candidate_2,candidate_4,4,0.1475
748,candidate_3,candidate_1,candidate_2,candidate_4,4,0.1475
749,0,candidate_1,candidate_2,candidate_4,4,0.1475
750,candidate_3,candidate_1,candidate_2,candidate_4,4,0.1475
751,candidate_3,candidate_1,candidate_2,candidate_4,4,0.1475
752,candidate_3,0,candidate_2,candidate_4,4,0.1475
753,candidate_3,candidate_1,candidate_2,candidate_4,4,0.1475
754,candidate_3,candidate_1,candidate_2,candidate_4,4,0.1475
755,candidate_3,candidate_1,candidate_2,candidate_4,4,0.1475
756,candidate_3,candidate_1,candidate_2,candidate_4,4,0.1475
757,candidate_3,candidate_1,0,candidate_4,4,0.1475
758,candidate_3,candidate_1,0,candidate_4,4,0.1475
759,candidate_3,candidate_1,candidate_2,candidate_4,4,0.1475
760,candidate_3,candidate_1,candidate_2,candidate_4,4,0.1475
761,candidate_3,candidate_1,candidate_2,0,4,0.1475
762,candidate_3,candidate_1,candidate_2,candidate_4,4,0.1475
763,candidate_3,0,candidate_2,0,4,0.1475
764,candidate_3,candidate_1,candidate_2,0,4,0.1475
765,candidate_3,0,candidate_2,candidate_4,4,0.1475
766,candidate_3,candidate_1,0,candidate_4,4,0.1475
767,candidate_3,candidate_1,candidate_2,candidate_4,4,0.1475
768,candidate_3,candidate_1,candidate_2,candidate_4,4,0.1475
769,0,candidate_1,candidate_2,candidate_4,4,0.1475
770,0,candidate_1,0,candidate_4,4,0.1475
771,0,candidate_1,candidate_2,candidate_4,4,0.1475
772,candidate_3,candidate_1,candidate_2,candidate_4,4,0.1475
773,candidate_3,0,candidate_2,candidate_4,4,0.1475
774,0,candidate_1,candidate_2,candidate_4,4,0.1475
775,candidate_3,candidate_1,candidate_2,candidate_4,4,0.1475
776,candidate_3,candidate_1,candidate_2,candidate_4,4,0.1475
777,candidate_3,candidate_1,0,candidate_4,4,0.1475
778,candidate_3,candidate_1,0,candidate_4,4,0.1475
779,candidate_3,candidate_1,candidate_2,candidate_4,4,0.1475
780,candidate_3,candidate_1,candidate_2,candidate_4,4,0.1475
781,0,candidate_1,candidate_2,candidate_4,4,0.1475
782,candidate_3,0,candidate_2,candidate_4,4,0.1475
783,candidate_3,candidate_1,candidate_2,candidate_4,4,0.1475
784,candidate_3,candidate_1,candidate_2,candidate_4,4,0.1475
785,candidate_3,candidate_1,candidate_2,candidate_4,4,0.1475
786,candidate_3,0,candidate_2,candidate_4,4,0.1475
787,candidate_3,candidate_1,0,0,4,0.1475
788,candidate_3,candidate_1,candidate_2,candidate_4,4,0.1475
789,candidate_3,candidate_1,candidate_2,candidate_4,4,0.1475
790,candidate_3,candidate_1,candidate_2,candidate_4,4,0.1475
791,0,candidate_1,candidate_2,candidate_4,4,0.1475
792,candidate_3,candidate_1,candidate_2,candidate_4,4,0.1475
793,candidate_3,0,candidate_2,candidate_4,4,0.1475
794,candidate_3,candidate_1,candidate_2,candidate_4,4,0.1475
795,candidate_3,candidate_1,candidate_2,candidate_4,4,0.1475
796,candidate_3,0,candidate_2,candidate_4,4,0.1475
797,candidate_3,candidate_1,candidate_2,candidate_4,4,0.1475
798,0,candidate_1,candidate_2,0,4,0.1475
799,candidate_3,candidate_1,0,candidate_4,4,0.1475
800,candidate_3,candidate_1,candidate_2,candidate_4,4,0.1475
801,candidate_3,candidate_1,candidate_2,candidate_4,4,0.1475
802,candidate_3,candidate_1,candidate_2,0,4,0.1475
803,candidate_3,candidate_1,candidate_2,candidate_4,4,0.1475
804,candidate_3,0,candidate_2,candidate_4,4,0.1475
805,0,0,candidate_2,candidate_4,4,0.1475
806,candidate_3,candidate_1,candidate_2,candidate_4,4,0.1475
807,candidate_3,candidate_1,candidate_2,candidate_4,4,0.1475
808,candidate_3,candidate_1,candidate_2,candidate_4,4,0.1475
809,candidate_3,0,candidate_2,candidate_4,4,0.1475
810,candidate_3,candidate_1,candidate_2,candidate_4,4,0.1475
811,candidate_3,0,0,candidate_4,4,0.1475
812,0,candidate_1,candidate_2,candidate_4,4,0.1475
813,candidate_3,candidate_1,0,candidate_4,4,0.1475
814,candidate_3,candidate_1,candidate_2,candidate_4,4,0.1475
815,candidate_3,candidate_1,candidate_2,candidate_4,4,0.1475
816,candidate_3,candidate_1,candidate_2,candidate_4,4,0.1475
817,candidate_3,candidate_1,candidate_2,0,4,0.1475
818,candidate_3,candidate_1,0,candidate_4,4,0.1475
819,candidate_3,candidate_1,candidate_2,candidate_4,4,0.1475
820,candidate_3,candidate_1,candidate_2,candidate_4,4,0.1475
821,candidate_3,candidate_1,0,0,4,0.1475
822,candidate_3,candidate_1,0,candidate_4,4,0.1475
823,candidate_3,candidate_1,0,candidate_4,4,0.1475
824,candidate_3,candidate_1,candidate_2,candidate_4,4,0.1475
825,candidate_3,candidate_1,candidate_2,0,4,0.1475
826,candidate_3,candidate_1,candidate_2,candidate_4,4,0.1475
827,candidate_3,candidate_1,candidate_2,candidate_4,4,0.1475
828,candidate_3,candidate_1,candidate_2,candidate_4,4,0.1475
829,candidate_3,candidate_1,candidate_2,candidate_4,4,0.1475
830,candidate_3,candidate_1,candidate_2,candidate_4,4,0.1475
831,0,candidate_1,candidate_2,candidate_4,4,0.1475
832,candidate_3,candidate_1,0,candidate_4,4,0.1475
833,candidate_3,candidate_1,candidate_2,candidate_4,4,0.1475
834,candidate_3,candidate_1,candidate_2,candidate_4,4,0.1475
835,0,candidate_1,candidate_2,0,4,0.1475
836,0,candidate_1,candidate_2,candidate_4,4,0.1475
837,0,candidate_1,candidate_2,0,4,0.1475
838,candidate_3,candidate_1,candidate_2,0,4,0.1475
839,candidate_3,candidate_1,0,candidate_4,4,0.1475
840,candidate_3,candidate_1,0,candidate_4,4,0.1475
841,candidate_3,candidate_1,0,candidate_4,4,0.1475
842,candidate_3,candidate_1,candidate_2,0,4,0.1475
843,candidate_3,candidate_1,0,candidate_4,4,0.1475
844,candidate_3,candidate_1,candidate_2,candidate_4,4,0.1475
845,candidate_3,candidate_1,candidate_2,candidate_4,4,0.1475
846,candidate_3,candidate_1,candidate_2,candidate_4,4,0.1475
847,candidate_3,candidate_1,candidate_2,0,4,0.1475
848,0,0,candidate_2,candidate_4,4,0.1475
849,candidate_3,candidate_1,candidate_2,candidate_4,4,0.1475
850,candidate_3,candidate_1,candidate_2,0,4,0.1475
851,candidate_3,candidate_1,candidate_2,candidate_4,4,0.1475
852,candidate_3,0,candidate_2,candidate_4,4,0.1475
853,0,0,candidate_2,candidate_4,4,0.1475
854,candidate_3,candidate_1,0,candidate_4,4,0.1475
855,0,candidate_1,candidate_2,candidate_4,4,0.1475
856,candidate_3,candidate_1,candidate_2,candidate_4,4,0.1475
857,0,candidate_1,0,candidate_4,4,0.1475
858,candidate_3,candidate_1,candidate_2,candidate_4,4,0.1475
859,candidate_3,candidate_1,candidate_2,candidate_4,4,0.1475
860,candidate_3,candidate_1,0,0,4,0.1475
861,candidate_3,candidate_1,candidate_2,candidate_4,4,0.1475
862,candidate_3,candidate_1,candidate_2,candidate_4,4,0.1475
863,candidate_3,candidate_1,candidate_2,candidate_4,4,0.1475
864,candidate_3,candidate_1,candidate_2,candidate_4,4,0.1475
865,candidate_3,candidate_1,0,candidate_4,4,0.1475
866,0,candidate_1,candidate_2,candidate_4,4,0.1475
867,candidate_3,0,candidate_2,candidate_4,4,0.1475
868,candidate_3,candidate_1,candidate_2,candidate_4,4,0.1475
869,candidate_3,candidate_1,0,candidate_4,4,0.1475
870,candidate_3,candidate_1,candidate_2,0,4,0.1475
871,candidate_3,candidate_1,candidate_2,candidate_4,4,0.1475
872,candidate_3,candidate_1,0,candidate_4,4,0.1475
873,candidate_3,candidate_1,candidate_2,candidate_4,4,0.1475
874,0,0,0,0,4,0.1475
875,candidate_3,candidate_1,candidate_2,candidate_4,4,0.1475
876,candidate_3,candidate_1,candidate_2,0,4,0.1475
877,candidate_3,0,0,candidate_4,4,0.1475
878,candidate_3,candidate_1,candidate_2,candidate_4,4,0.1475
879,0,candidate_1,candidate_2,0,4,0.1475
880,candidate_3,candidate_1,candidate_2,candidate_4,4,0.1475
881,candidate_3,0,candidate_2,candidate_4,4,0.1475
882,candidate_3,candidate_1,candidate_2,candidate_4,4,0.1475
883,candidate_3,candidate_1,candidate_2,candidate_4,4,0.1475
884,candidate_3,candidate_1,0,0,4,0.1475
885,candidate_3,0,candidate_2,0,4,0.1475
886,candidate_3,candidate_1,candidate_2,candidate_4,4,0.1475
887,candidate_3,candidate_1,0,candidate_4,4,0.1475
888,0,candidate_1,0,candidate_4,4,0.1475
889,candidate_3,candidate_1,candidate_2,candidate_4,4,0.1475
890,candidate_3,candidate_1,candidate_2,0,4,0.1475
891,candidate_3,candidate_1,0,candidate_4,4,0.1475
892,candidate_3,candidate_1,0,candidate_4,4,0.1475
893,candidate_3,candidate_1,candidate_2,candidate_4,4,0.1475
894,candidate_3,candidate_1,candidate_2,0,4,0.1475
895,candidate_3,candidate_1,candidate_2,candidate_4,4,0.1475
896,candidate_3,candidate_1,candidate_2,0,4,0.1475
897,candidate_3,candidate_1,candidate_2,candidate_4,4,0.1475
898,candidate_3,candidate_1,candidate_2,candidate_4,4,0.1475
899,candidate_3,0,candidate_2,candidate_4,4,0.1475
900,candidate_3,candidate_1,candidate_2,candidate_4,4,0.1475
901,candidate_3,candidate_1,candidate_2,candidate_4,4,0.1475
902,candidate_3,candidate_1,candidate_2,candidate_4,4,0.1475
903,candidate_3,candidate_1,candidate_2,candidate_4,4,0.1475
904,candidate_3,candidate_1,candidate_2,candidate_4,4,0.1475
905,candidate_3,0,candidate_2,candidate_4,4,0.1475
906,candidate_3,candidate_1,0,candidate_4,4,0.1475
907,candidate_3,candidate_1,candidate_2,0,4,0.1475
908,candidate_3,candidate_1,candidate_2,candidate_4,4,0.1475
909,candidate_3,candidate_1,candidate_2,candidate_4,4,0.1475
910,candidate_3,candidate_1,candidate_2,candidate_4,4,0.1475
911,candidate_3,candidate_1,candidate_2,candidate_4,4,0.1475
912,candidate_3,candidate_1,candidate_2,candidate_4,4,0.1475
913,candidate_3,candidate_1,candidate_2,candidate_4,4,0.1475
914,candidate_3,candidate_1,candidate_2,candidate_4,4,0.1475
915,candidate_3,0,candidate_2,candidate_4,4,0.1475
916,candidate_3,candidate_1,candidate_2,candidate_4,4,0.1475
917,candidate_3,0,candidate_2,candidate_4,4,0.1475
918,0,candidate_1,candidate_2,candidate_4,4,0.1475
919,candidate_3,candidate_1,candidate_2,candidate_4,4,0.1475
920,0,candidate_1,candidate_2,0,4,0.1475
921,0,candidate_1,candidate_2,candidate_4,4,0.1475
922,0,candidate_1,candidate_2,candidate_4,4,0.1475
923,candidate_3,candidate_1,candidate_2,candidate_4,4,0.1475
924,candidate_3,candidate_1,candidate_2,candidate_4,4,0.1475
925,candidate_3,candidate_1,candidate_2,candidate_4,4,0.1475
926,candidate_3,candidate_1,candidate_2,candidate_4,4,0.1475
927,candidate_3,0,0,0,4,0.1475
928,candidate_3,candidate_1,candidate_2,candidate_4,4,0.1475
929,candidate_3,0,candidate_2,0,4,0.1475
930,candidate_3,candidate_1,candidate_2,candidate_4,4,0.1475
931,candidate_3,candidate_1,0,candidate_4,4,0.1475
932,candidate_3,0,candidate_2,candidate_4,4,0.1475
933,candidate_3,candidate_1,candidate_2,candidate_4,4,0.1475
934,candidate_3,0,candidate_2,candidate_4,4,0.1475
935,candidate_3,candidate_1,candidate_2,candidate_4,4,0.1475
936,0,candidate_1,0,candidate_4,4,0.1475
937,candidate_3,0,candidate_2,candidate_4,4,0.1475
938,candidate_3,candidate_1,candidate_2,candidate_4,4,0.1475
939,candidate_3,candidate_1,candidate_2,0,4,0.1475
940,0,candidate_1,0,0,4,0.1475
941,candidate_3,0,candidate_2,candidate_4,4,0.1475
942,candidate_3,candidate_1,candidate_2,candidate_4,4,0.1475
943,candidate_3,candidate_1,candidate_2,candidate_4,4,0.1475
944,candidate_3,candidate_1,0,candidate_4,4,0.1475
945,0,candidate_1,candidate_2,candidate_4,4,0.1475
946,0,candidate_1,candidate_2,candidate_4,4,0.1475
947,candidate_3,candidate_1,candidate_2,candidate_4,4,0.1475
948,candidate_3,candidate_1,0,candidate_4,4,0.1475
949,0,candidate_1,candidate_2,candidate_4,4,0.1475
950,candidate_3,0,candidate_2,candidate_4,4,0.1475
951,candidate_3,candidate_1,0,candidate_4,4,0.1475
952,candidate_3,candidate_1,candidate_2,candidate_4,4,0.1475
953,candidate_3,candidate_1,candidate_2,0,4,0.1475
954,candidate_3,0,candidate_2,candidate_4,4,0.1475
955,candidate_3,candidate_1,candidate_2,candidate_4,4,0.1475
956,0,candidate_1,candidate_2,candidate_4,4,0.1475
957,candidate_3,candidate_1,candidate_2,candidate_4,4,0.1475
958,candidate_3,candidate_1,candidate_2,candidate_4,4,0.1475
959,candidate_3,candidate_1,candidate_2,candidate_4,4,0.1475
960,candidate_3,candidate_1,candidate_2,candidate_4,4,0.1475
961,0,candidate_1,candidate_2,candidate_4,4,0.1475
962,0,candidate_1,candidate_2,candidate_4,4,0.1475
963,candidate_3,candidate_1,candidate_2,candidate_4,4,0.1475
964,candidate_3,candidate_1,0,candidate_4,4,0.1475
965,candidate_3,candidate_1,candidate_2,0,4,0.1475
966,candidate_3,candidate_1,candidate_2,candidate_4,4,0.1475
967,candidate_3,candidate_1,0,candidate_4,4,0.1475
968,candidate_3,candidate_1,candidate_2,candidate_4,4,0.1475
969,candidate_3,candidate_1,candidate_2,0,4,0.1475
970,0,0,0,candidate_4,4,0.1475
971,candidate_3,candidate_1,candidate_2,candidate_4,4,0.1475
972,candidate_3,candidate_1,0,candidate_4,4,0.1475
973,candidate_3,candidate_1,0,candidate_4,4,0.1475
974,0,0,candidate_2,candidate_4,4,0.1475
975,candidate_3,candidate_1,candidate_2,candidate_4,4,0.1475
976,candidate_3,candidate_1,candidate_2,0,4,0.1475
977,candidate_3,candidate_1,0,candidate_4,4,0.1475
978,candidate_3,candidate_1,candidate_2,candidate_4,4,0.1475
979,candidate_3,candidate_1,candidate_2,candidate_4,4,0.1475
980,0,candidate_1,candidate_2,candidate_4,4,0.1475
981,candidate_3,candidate_1,candidate_2,candidate_4,4,0.1475
982,candidate_3,candidate_1,0,0,4,0.1475
983,0,candidate_1,candidate_2,candidate_4,4,0.1475
984,candidate_3,candidate_1,candidate_2,candidate_4,4,0.1475
985,candidate_3,candidate_1,candidate_2,candidate_4,4,0.1475
986,candidate_3,candidate_1,candidate_2,candidate_4,4,0.1475
987,candidate_3,candidate_1,candidate_2,0,4,0.1475
988,candidate_3,candidate_1,candidate_2,candidate_4,4,0.1475
989,candidate_3,candidate_1,candidate_2,0,4,0.1475
990,candidate_3,0,candidate_2,candidate_4,4,0.1475
991,candidate_3,candidate_1,candidate_2,candidate_4,4,0.1475
992,candidate_3,candidate_1,0,candidate_4,4,0.1475
993,candidate_3,candidate_1,candidate_2,candidate_4,4,0.1475
994,candidate_3,candidate_1,candidate_2,candidate_4,4,0.1475
995,0,candidate_1,0,candidate_4,4,0.1475
996,candidate_3,candidate_1,candidate_2,candidate_4,4,0.1475
997,candidate_3,0,candidate_2,candidate_4,4,0.1475
998,candidate_3,candidate_1,candidate_2,0,4,0.1475
999,candidate_3,candidate_1,candidate_2,0,4,0.1475
1000,0,candidate_1,candidate_2,candidate_4,4,0.1475
1001,candidate_3,candidate_1,candidate_2,candidate_4,4,0.1475
1002,candidate_3,candidate_1,candidate_2,0,4,0.1475
1003,0,candidate_1,candidate_2,candidate_4,4,0.1475
1004,candidate_3,candidate_1,0,candidate_4,4,0.1475
1005,0,candidate_1,0,0,4,0.1475
1006,0,candidate_1,candidate_2,candidate_4,4,0.1475
1007,candidate_3,candidate_1,0,candidate_4,4,0.1475
1008,candidate_3,candidate_1,candidate_2,candidate_4,4,0.1475
1009,0,candidate_1,candidate_2,0,4,0.1475
1010,candidate_3,candidate_1,0,0,4,0.1475
1011,candidate_3,candidate_1,candidate_2,candidate_4,4,0.1475
1012,candidate_3,candidate_1,candidate_2,candidate_4,4,0.1475
1013,candidate_3,candidate_1,candidate_2,candidate_4,4,0.1475
1014,candidate_3,0,candidate_2,candidate_4,4,0.1475
1015,candidate_3,0,candidate_2,0,4,0.1475
1016,candidate_3,0,candidate_2,candidate_4,4,0.1475
1017,candidate_3,candidate_1,candidate_2,0,4,0.1475
1018,candidate_3,candidate_1,0,candidate_4,4,0.1475
1019,candidate_3,candidate_1,candidate_2,candidate_4,4,0.1475
1020,candidate_3,candidate_1,candidate_2,0,4,0.1475
1021,candidate_3,candidate_1,0,candidate_4,4,0.1475
1022,candidate_3,candidate_1,candidate_2,candidate_4,4,0.1475
1023,candidate_3,candidate_1,candidate_2,candidate_4,4,0.1475
1024,0,candidate_1,candidate_2,0,4,0.1475
1025,candidate_3,candidate_1,0,candidate_4,4,0.1475
1026,candidate_3,candidate_1,candidate_2,candidate_4,4,0.1475
1027,candidate_3,candidate_1,candidate_2,0,4,0.1475
1028,candidate_3,0,candidate_2,candidate_4,4,0.1475
1029,candidate_3,0,candidate_2,candidate_4,4,0.1475
1030,0,candidate_1,candidate_2,candidate_4,4,0.1475
1031,candidate_3,0,candidate_2,0,4,0.1475
1032,candidate_3,candidate_1,0,candidate_4,4,0.1475
1033,0,candidate_1,candidate_2,candidate_4,4,0.1475
1034,candidate_3,0,candidate_2,candidate_4,4,0.1475
1035,candidate_3,candidate_1,candidate_2,candidate_4,4,0.1475
1036,0,candidate_1,candidate_2,candidate_4,4,0.1475
1037,candidate_3,0,candidate_2,candidate_4,4,0.1475
1038,candidate_3,candidate_1,candidate_2,candidate_4,4,0.1475
1039,candidate_3,candidate_1,candidate_2,candidate_4,4,0.1475
1040,candidate_3,candidate_1,candidate_2,candidate_4,4,0.1475
1041,candidate_3,candidate_1,candidate_2,candidate_4,4,0.1475
1042,candidate_3,candidate_1,candidate_2,candidate_4,4,0.1475
1043,candidate_3,candidate_1,0,0,4,0.1475
1044,0,candidate_1,candidate_2,candidate_4,4,0.1475
1045,candidate_3,candidate_1,candidate_2,0,4,0.1475
1046,0,candidate_1,candidate_2,candidate_4,4,0.1475
1047,candidate_3,0,candidate_2,candidate_4,4,0.1475
1048,candidate_3,candidate_1,0,candidate_4,4,0.1475
1049,candidate_3,candidate_1,candidate_2,candidate_4,4,0.1475
1050,candidate_3,candidate_1,candidate_2,candidate_4,4,0.1475
1051,candidate_3,0,candidate_2,candidate_4,4,0.1475
1052,candidate_3,candidate_1,candidate_2,0,4,0.1475
1053,candidate_3,candidate_1,candidate_2,candidate_4,4,0.1475
1054,candidate_3,candidate_1,candidate_2,0,4,0.1475
1055,candidate_3,candidate_1,candidate_2,candidate_4,4,0.1475
1056,0,candidate_1,candidate_2,0,4,0.1475
1057,candidate_3,candidate_1,candidate_2,candidate_4,4,0.1475
1058,candidate_3,candidate_1,candidate_2,0,4,0.1475
1059,candidate_3,candidate_1,candidate_2,candidate_4,4,0.1475
1060,candidate_3,0,candidate_2,0,4,0.1475
1061,candidate_3,0,candidate_2,candidate_4,4,0.1475
1062,candidate_3,candidate_1,candidate_2,candidate_4,4,0.1475
1063,candidate_3,candidate_1,candidate_2,candidate_4,4,0.1475
1064,candidate_3,candidate_1,0,candidate_4,4,0.1475
1065,candidate_3,candidate_1,candidate_2,candidate_4,4,0.1475
1066,candidate_3,candidate_1,candidate_2,0,4,0.1475
1067,candidate_3,0,candidate_2,candidate_4,4,0.1475
1068,candidate_3,candidate_1,candidate_2,candidate_4,4,0.1475
1069,candidate_3,candidate_1,0,candidate_4,4,0.1475
1070,candidate_3,candidate_1,candidate_2,candidate_4,4,0.1475
1071,0,candidate_1,candidate_2,candidate_4,4,0.1475
1072,candidate_3,candidate_1,0,0,4,0.1475
1073,0,candidate_1,candidate_2,0,4,0.1475
1074,candidate_3,0,candidate_2,candidate_4,4,0.1475
1075,0,candidate_1,0,candidate_4,4,0.1475
1076,candidate_3,candidate_1,candidate_2,0,4,0.1475
1077,candidate_3,candidate_1,0,candidate_4,4,0.1475
1078,candidate_3,candidate_1,candidate_2,candidate_4,4,0.1475
1079,0,candidate_1,candidate_2,candidate_4,4,0.1475
1080,0,candidate_1,candidate_2,candidate_4,4,0.1475
1081,candidate_3,candidate_1,candidate_2,candidate_4,4,0.1475
1082,candidate_3,candidate_1,candidate_2,candidate_4,4,0.1475
1083,0,candidate_1,candidate_2,candidate_4,4,0.1475
1084,candidate_3,candidate_1,candidate_2,0,4,0.1475
1085,candidate_3,candidate_1,candidate_2,candidate_4,4,0.1475
1086,candidate_3,candidate_1,candidate_2,candidate_4,4,0.1475
1087,candidate_3,candidate_1,candidate_2,candidate_4,4,0.1475
1088,candidate_3,candidate_1,candidate_2,candidate_4,4,0.1475
1089,candidate_3,candidate_1,candidate_2,0,4,0.1475
1090,candidate_3,candidate_1,candidate_2,0,4,0.1475
1091,candidate_3,candidate_1,candidate_2,candidate_4,4,0.1475
1092,candidate_3,candidate_1,candidate_2,0,4,0.1475
1093,candidate_3,candidate_1,0,candidate_4,4,0.1475
1094,0,candidate_1,candidate_2,candidate_4,4,0.1475
1095,0,candidate_1,candidate_2,candidate_4,4,0.1475
1096,candidate_3,0,candidate_2,candidate_4,4,0.1475
1097,candidate_3,0,candidate_2,0,4,0.1475
1098,candidate_3,candidate_1,0,candidate_4,4,0.1475
1099,0,0,0,candidate_4,4,0.1475
1100,0,candidate_1,candidate_2,candidate_4,4,0.1475
1101,candidate_3,candidate_1,0,candidate_4,4,0.1475
1102,candidate_3,candidate_1,candidate_2,candidate_4,4,0.1475
1103,0,0,candidate_2,candidate_4,4,0.1475
1104,0,candidate_1,0,candidate_4,4,0.1475
1105,candidate_3,candidate_1,candidate_2,candidate_4,4,0.1475
1106,candidate_3,candidate_1,0,0,4,0.1475
1107,candidate_3,candidate_1,candidate_2,candidate_4,4,0.1475
1108,candidate_3,candidate_1,candidate_2,candidate_4,4,0.1475
1109,candidate_3,candidate_1,candidate_2,0,4,0.1475
1110,candidate_3,candidate_1,candidate_2,0,4,0.1475
1111,candidate_3,candidate_1,candidate_2,candidate_4,4,0.1475
1112,0,candidate_1,candidate_2,candidate_4,4,0.1475
1113,candidate_3,candidate_1,candidate_2,candidate_4,4,0.1475
1114,candidate_3,candidate_1,candidate_2,candidate_4,4,0.1475
1115,candidate_3,candidate_1,candidate_2,candidate_4,4,0.1475
1116,candidate_3,candidate_1,candidate_2,candidate_4,4,0.1475
1117,candidate_3,candidate_1,candidate_2,candidate_4,4,0.1475
1118,candidate_3,candidate_1,candidate_2,candidate_4,4,0.1475
1119,candidate_3,candidate_1,0,candidate_4,4,0.1475
1120,0,candidate_1,candidate_2,candidate_4,4,0.1475
1121,candidate_3,0,0,candidate_4,4,0.1475
1122,candidate_3,0,candidate_2,candidate_4,4,0.1475
1123,candidate_3,candidate_1,0,candidate_4,4,0.1475
1124,0,candidate_1,0,candidate_4,4,0.1475
1125,candidate_3,candidate_1,candidate_2,candidate_4,4,0.1475
1126,candidate_3,candidate_1,0,candidate_4,4,0.1475
1127,candidate_3,candidate_1,candidate_2,candidate_4,4,0.1475
1128,candidate_3,candidate_1,0,candidate_4,4,0.1475
1129,0,0,candidate_2,0,4,0.1475
1130,candidate_3,0,candidate_2,candidate_4,4,0.1475
1131,candidate_3,candidate_1,candidate_2,candidate_4,4,0.1475
1132,candidate_3,candidate_1,candidate_2,candidate_4,4,0.1475
1133,candidate_3,candidate_1,0,candidate_4,4,0.1475
1134,candidate_3,candidate_1,candidate_2,candidate_4,4,0.1475
1135,candidate_3,candidate_1,candidate_2,candidate_4,4,0.1475
1136,candidate_3,candidate_1,candidate_2,candidate_4,4,0.1475
1137,candidate_3,candidate_1,candidate_2,0,4,0.1475
1138,candidate_3,candidate_1,candidate_2,candidate_4,4,0.1475
1139,candidate_3,candidate_1,candidate_2,0,4,0.1475
1140,candidate_3,candidate_1,candidate_2,candidate_4,4,0.1475
1141,candidate_3,candidate_1,candidate_2,candidate_4,4,0.1475
1142,candidate_3,candidate_1,candidate_2,candidate_4,4,0.1475
1143,candidate_3,candidate_1,candidate_2,candidate_4,4,0.1475
1144,0,0,candidate_2,0,4,0.1475
1145,0,0,candidate_2,candidate_4,4,0.1475
1146,candidate_3,candidate_1,candidate_2,candidate_4,4,0.1475
1147,0,candidate_1,candidate_2,candidate_4,4,0.1475
1148,candidate_3,candidate_1,candidate_2,candidate_4,4,0.1475
1149,candidate_3,candidate_1,candidate_2,candidate_4,4,0.1475
1150,candidate_3,candidate_1,candidate_2,candidate_4,4,0.1475
1151,candidate_3,candidate_1,candidate_2,candidate_4,4,0.1475
1152,0,candidate_1,candidate_2,0,4,0.1475
1153,candidate_3,candidate_1,0,candidate_4,4,0.1475
1154,candidate_3,candidate_1,candidate_2,candidate_4,4,0.1475
1155,candidate_3,candidate_1,candidate_2,candidate_4,4,0.1475
1156,candidate_3,candidate_1,candidate_2,candidate_4,4,0.1475
1157,candidate_3,candidate_1,candidate_2,0,4,0.1475
1158,candidate_3,candidate_1,candidate_2,candidate_4,4,0.1475
1159,candidate_3,0,candidate_2,candidate_4,4,0.1475
1160,candidate_3,candidate_1,0,candidate_4,4,0.1475
1161,candidate_3,candidate_1,candidate_2,candidate_4,4,0.1475
1162,candidate_3,candidate_1,0,candidate_4,4,0.1475
1163,candidate_3,candidate_1,candidate_2,candidate_4,4,0.1475
1164,candidate_3,candidate_1,candidate_2,candidate_4,4,0.1475
1165,candidate_3,0,candidate_2,candidate_4,4,0.1475
1166,candidate_3,candidate_1,0,candidate_4,4,0.1475
1167,candidate_3,candidate_1,candidate_2,0,4,0.1475
1168,candidate_3,candidate_1,candidate_2,candidate_4,4,0.1475
1169,candidate_3,candidate_1,candidate_2,candidate_4,4,0.1475
1170,candidate_3,candidate_1,0,candidate_4,4,0.1475
1171,candidate_3,candidate_1,candidate_2,candidate_4,4,0.1475
1172,candidate_3,candidate_1,candidate_2,candidate_4,4,0.1475
1173,0,candidate_1,0,candidate_4,4,0.1475
1174,candidate_3,candidate_1,candidate_2,candidate_4,4,0.1475
1175,candidate_3,candidate_1,candidate_2,candidate_4,4,0.1475
1176,candidate_3,candidate_1,candidate_2,candidate_4,4,0.1475
1177,0,0,candidate_2,candidate_4,4,0.1475
1178,candidate_3,candidate_1,candidate_2,candidate_4,4,0.1475
1179,candidate_3,0,candidate_2,candidate_4,4,0.1475
1180,candidate_3,candidate_1,candidate_2,candidate_4,4,0.1475
1181,candidate_3,candidate_1,candidate_2,0,4,0.1475
1182,candidate_3,candidate_1,candidate_2,candidate_4,4,0.1475
1183,candidate_3,candidate_1,candidate_2,candidate_4,4,0.1475
1184,0,candidate_1,candidate_2,candidate_4,4,0.1475
1185,candidate_3,0,candidate_2,candidate_4,4,0.1475
1186,candidate_3,candidate_1,candidate_2,candidate_4,4,0.1475
1187,candidate_3,candidate_1,candidate_2,candidate_4,4,0.1475
1188,candidate_3,candidate_1,0,candidate_4,4,0.1475
1189,candidate_3,candidate_1,candidate_2,candidate_4,4,0.1475
1190,candidate_3,candidate_1,candidate_2,candidate_4,4,0.1475
1191,candidate_3,candidate_1,0,candidate_4,4,0.1475
1192,candidate_3,candidate_1,candidate_2,candidate_4,4,0.1475
1193,candidate_3,0,candidate_2,candidate_4,4,0.1475
1194,0,candidate_1,candidate_2,candidate_4,4,0.1475
1195,candidate_3,candidate_1,candidate_2,candidate_4,4,0.1475
1196,candidate_3,candidate_1,candidate_2,candidate_4,4,0.1475
1197,candidate_3,0,candidate_2,candidate_4,4,0.1475
1198,candidate_3,candidate_1,candidate_2,candidate_4,4,0.1475
1199,candidate_3,candidate_1,candidate_2,0,4,0.1475
1200,candidate_3,candidate_1,candidate_2,candidate_4,4,0.1475
1201,candidate_3,0,candidate_2,candidate_4,4,0.1475
1202,0,candidate_1,0,candidate_4,4,0.1475
1203,candidate_3,candidate_1,candidate_2,candidate_4,4,0.1475
1204,candidate_3,candidate_1,0,candidate_4,4,0.1475
1205,candidate_3,candidate_1,candidate_2,0,4,0.1475
1206,candidate_3,candidate_1,candidate_2,candidate_4,4,0.1475
1207,candidate_3,candidate_1,candidate_2,candidate_4,4,0.1475
1208,candidate_3,0,0,candidate_4,4,0.1475
1209,candidate_3,candidate_1,candidate_2,candidate_4,4,0.1475
1210,0,candidate_1,candidate_2,0,4,0.1475
1211,candidate_3,candidate_1,candidate_2,candidate_4,4,0.1475
1212,candidate_3,candidate_1,candidate_2,candidate_4,4,0.1475
1213,candidate_3,candidate_1,candidate_2,candidate_4,4,0.1475
1214,candidate_3,candidate_1,candidate_2,candidate_4,4,0.1475
1215,candidate_3,candidate_1,candidate_2,candidate_4,4,0.1475
1216,candidate_3,0,candidate_2,candidate_4,4,0.1475
1217,0,candidate_1,candidate_2,0,4,0.1475
1218,candidate_3,candidate_1,0,0,4,0.1475
1219,candidate_3,candidate_1,0,candidate_4,4,0.1475
1220,candidate_3,candidate_1,candidate_2,candidate_4,4,0.1475
1221,0,candidate_1,0,0,4,0.1475
1222,candidate_3,candidate_1,0,candidate_4,4,0.1475
1223,candidate_3,0,candidate_2,0,4,0.1475
1224,candidate_3,candidate_1,candidate_2,candidate_4,4,0.1475
1225,candidate_3,candidate_1,0,candidate_4,4,0.1475
1226,candidate_3,candidate_1,candidate_2,candidate_4,4,0.1475
1227,candidate_3,0,candidate_2,candidate_4,4,0.1475
1228,candidate_3,candidate_1,candidate_2,candidate_4,4,0.1475
1229,candidate_3,candidate_1,candidate_2,candidate_4,4,0.1475
1230,candidate_3,candidate_1,candidate_2,0,4,0.1475
1231,candidate_3,candidate_1,0,candidate_4,4,0.1475
1232,candidate_3,candidate_1,0,0,4,0.1475
1233,candidate_3,candidate_1,candidate_2,candidate_4,4,0.1475
1234,candidate_3,candidate_1,candidate_2,candidate_4,4,0.1475
1235,candidate_3,candidate_1,candidate_2,candidate_4,4,0.1475
1236,candidate_3,candidate_1,candidate_2,candidate_4,4,0.1475
1237,candidate_3,candidate_1,candidate_2,candidate_4,4,0.1475
1238,0,candidate_1,candidate_2,candidate_4,4,0.1475
1239,candidate_3,candidate_1,candidate_2,0,4,0.1475
1240,candidate_3,candidate_1,candidate_2,candidate_4,4,0.1475
1241,0,candidate_1,candidate_2,0,4,0.1475
1242,candidate_3,candidate_1,0,candidate_4,4,0.1475
1243,candidate_3,0,candidate_2,candidate_4,4,0.1475
1244,candidate_3,candidate_1,candidate_2,candidate_4,4,0.1475
1245,candidate_3,candidate_1,0,candidate_4,4,0.1475
1246,candidate_3,candidate_1,candidate_2,candidate_4,4,0.1475
1247,candidate_3,candidate_1,candidate_2,0,4,0.1475
1248,candidate_3,candidate_1,candidate_2,0,4,0.1475
1249,candidate_3,candidate_1,candidate_2,candidate_4,4,0.1475
1250,candidate_3,candidate_1,candidate_2,candidate_4,4,0.1475
1251,candidate_3,candidate_1,0,candidate_4,4,0.1475
1252,candidate_3,candidate_1,candidate_2,candidate_4,4,0.1475
1253,candidate_3,candidate_1,candidate_2,candidate_4,4,0.1475
1254,candidate_3,candidate_1,candidate_2,candidate_4,4,0.1475
1255,candidate_3,candidate_1,candidate_2,candidate_4,4,0.1475
1256,candidate_3,candidate_1,0,candidate_4,4,0.1475
1257,candidate_3,candidate_1,candidate_2,candidate_4,4,0.1475
1258,candidate_3,0,candidate_2,candidate_4,4,0.1475
1259,candidate_3,candidate_1,candidate_2,0,4,0.1475
1260,candidate_3,candidate_1,candidate_2,candidate_4,4,0.1475
1261,candidate_3,candidate_1,0,candidate_4,4,0.1475
1262,candidate_3,candidate_1,candidate_2,candidate_4,4,0.1475
1263,candidate_3,candidate_1,candidate_2,candidate_4,4,0.1475
1264,candidate_3,candidate_1,candidate_2,candidate_4,4,0.1475
1265,candidate_3,candidate_1,candidate_2,0,4,0.1475
1266,candidate_3,candidate_1,candidate_2,candidate_4,4,0.1475
1267,0,0,candidate_2,candidate_4,4,0.1475
1268,0,candidate_1,candidate_2,candidate_4,4,0.1475
1269,0,0,candidate_2,0,4,0.1475
1270,candidate_3,0,candidate_2,candidate_4,4,0.1475
1271,candidate_3,candidate_1,candidate_2,candidate_4,4,0.1475
1272,candidate_3,candidate_1,candidate_2,candidate_4,4,0.1475
1273,candidate_3,candidate_1,candidate_2,candidate_4,4,0.1475
1274,candidate_3,candidate_1,candidate_2,candidate_4,4,0.1475
1275,0,candidate_1,candidate_2,candidate_4,4,0.1475
1276,candidate_3,candidate_1,candidate_2,candidate_4,4,0.1475
1277,candidate_3,candidate_1,candidate_2,candidate_4,4,0.1475
1278,candidate_3,candidate_1,candidate_2,candidate_4,4,0.1475
1279,candidate_3,candidate_1,0,candidate_4,4,0.1475
1280,candidate_3,candidate_1,candidate_2,0,4,0.1475
1281,candidate_3,candidate_1,candidate_2,candidate_4,4,0.1475
1282,candidate_3,candidate_1,candidate_2,candidate_4,4,0.1475
1283,candidate_3,candidate_1,candidate_2,candidate_4,4,0.1475
1284,0,0,0,0,4,0.1475
1285,candidate_3,candidate_1,candidate_2,candidate_4,4,0.1475
1286,candidate_3,candidate_1,candidate_2,candidate_4,4,0.1475
1287,candidate_3,candidate_1,0,candidate_4,4,0.1475
1288,0,candidate_1,candidate_2,candidate_4,4,0.1475
1289,candidate_3,0,0,candidate_4,4,0.1475
1290,candidate_3,candidate_1,0,candidate_4,4,0.1475
1291,candidate_3,candidate_1,candidate_2,candidate_4,4,0.1475
1292,candidate_3,0,0,0,4,0.1475
1293,candidate_3,0,candidate_2,candidate_4,4,0.1475
1294,candidate_3,candidate_1,candidate_2,0,4,0.1475
1295,candidate_3,candidate_1,candidate_2,candidate_4,4,0.1475
1296,candidate_3,0,candidate_2,candidate_4,4,0.1475
1297,candidate_3,candidate_1,candidate_2,candidate_4,4,0.1475
1298,candidate_3,candidate_1,candidate_2,candidate_4,4,0.1475
1299,candidate_3,candidate_1,candidate_2,candidate_4,4,0.1475
1300,candidate_3,candidate_1,candidate_2,candidate_4,4,0.1475
1301,candidate_3,candidate_1,0,candidate_4,4,0.1475
1302,candidate_3,candidate_1,candidate_2,candidate_4,4,0.1475
1303,candidate_3,candidate_1,candidate_2,candidate_4,4,0.1475
1304,0,candidate_1,candidate_2,candidate_4,4,0.1475
1305,0,candidate_1,0,candidate_4,4,0.1475
1306,candidate_3,candidate_1,candidate_2,candidate_4,4,0.1475
1307,0,0,candidate_2,candidate_4,4,0.1475
1308,candidate_3,candidate_1,candidate_2,candidate_4,4,0.1475
1309,candidate_3,candidate_1,candidate_2,0,4,0.1475
1310,0,candidate_1,candidate_2,candidate_4,4,0.1475
1311,candidate_3,candidate_1,candidate_2,0,4,0.1475
1312,candidate_3,candidate_1,candidate_2,candidate_4,4,0.1475
1313,candidate_3,candidate_1,candidate_2,0,4,0.1475
1314,candidate_3,candidate_1,0,candidate_4,4,0.1475
1315,candidate_3,candidate_1,candidate_2,candidate_4,4,0.1475
1316,0,0,candidate_2,candidate_4,4,0.1475
1317,candidate_3,candidate_1,candidate_2,candidate_4,4,0.1475
1318,0,candidate_1,candidate_2,candidate_4,4,0.1475
1319,candidate_3,candidate_1,candidate_2,candidate_4,4,0.1475
1320,candidate_3,candidate_1,candidate_2,candidate_4,4,0.1475
1321,candidate_3,candidate_1,candidate_2,candidate_4,4,0.1475
1322,candidate_3,candidate_1,candidate_2,candidate_4,4,0.1475
1323,candidate_3,candidate_1,candidate_2,candidate_4,4,0.1475
1324,candidate_3,candidate_1,0,0,4,0.1475
1325,candidate_3,candidate_1,candidate_2,candidate_4,4,0.1475
1326,candidate_3,candidate_1,candidate_2,0,4,0.1475
1327,candidate_3,candidate_1,candidate_2,candidate_4,4,0.1475
1328,0,candidate_1,candidate_2,candidate_4,4,0.1475
1329,0,candidate_1,0,candidate_4,4,0.1475
1330,candidate_3,0,candidate_2,candidate_4,4,0.1475
1331,candidate_3,candidate_1,0,candidate_4,4,0.1475
1332,candidate_3,candidate_1,candidate_2,candidate_4,4,0.1475
1333,candidate_3,candidate_1,candidate_2,candidate_4,4,0.1475
1334,candidate_3,candidate_1,0,candidate_4,4,0.1475
1335,candidate_3,candidate_1,candidate_2,candidate_4,4,0.1475
1336,candidate_3,0,0,0,4,0.1475
1337,candidate_3,candidate_1,candidate_2,candidate_4,4,0.1475
1338,0,candidate_1,candidate_2,candidate_4,4,0.1475
1339,candidate_3,candidate_1,candidate_2,candidate_4,4,0.1475
1340,candidate_3,candidate_1,candidate_2,candidate_4,4,0.1475
1341,candidate_3,candidate_1,candidate_2,candidate_4,4,0.1475
1342,candidate_3,candidate_1,candidate_2,candidate_4,4,0.1475
1343,candidate_3,candidate_1,0,candidate_4,4,0.1475
1344,candidate_3,0,0,candidate_4,4,0.1475
1345,candidate_3,candidate_1,candidate_2,candidate_4,4,0.1475
1346,candidate_3,candidate_1,0,candidate_4,4,0.1475
1347,candidate_3,candidate_1,0,candidate_4,4,0.1475
1348,candidate_3,0,candidate_2,candidate_4,4,0.1475
1349,candidate_3,candidate_1,candidate_2,candidate_4,4,0.1475
1350,candidate_3,candidate_1,candidate_2,candidate_4,4,0.1475
1351,candidate_3,candidate_1,candidate_2,candidate_4,4,0.1475
1352,candidate_3,candidate_1,candidate_2,candidate_4,4,0.1475
1353,candidate_3,candidate_1,candidate_2,0,4,0.1475
0,candidate_3,candidate_1,candidate_4,candidate_2,4,0.1475
1,candidate_3,candidate_1,candidate_4,candidate_2,4,0.1475
2,candidate_3,0,0,candidate_2,4,0.1475
3,candidate_3,0,candidate_4,candidate_2,4,0.1475
4,candidate_3,candidate_1,candidate_4,candidate_2,4,0.1475
5,candidate_3,0,candidate_4,candidate_2,4,0.1475
6,candidate_3,candidate_1,candidate_4,candidate_2,4,0.1475
7,candidate_3,candidate_1,candidate_4,candidate_2,4,0.1475
8,candidate_3,candidate_1,candidate_4,candidate_2,4,0.1475
9,candidate_3,candidate_1,candidate_4,0,4,0.1475
10,candidate_3,0,candidate_4,candidate_2,4,0.1475
11,0,candidate_1,candidate_4,candidate_2,4,0.1475
12,candidate_3,0,candidate_4,candidate_2,4,0.1475
13,candidate_3,candidate_1,candidate_4,candidate_2,4,0.1475
14,candidate_3,0,0,0,4,0.1475
15,candidate_3,candidate_1,candidate_4,candidate_2,4,0.1475
16,candidate_3,candidate_1,0,candidate_2,4,0.1475
17,candidate_3,candidate_1,candidate_4,candidate_2,4,0.1475
18,candidate_3,candidate_1,candidate_4,candidate_2,4,0.1475
19,candidate_3,candidate_1,candidate_4,candidate_2,4,0.1475
20,candidate_3,candidate_1,candidate_4,candidate_2,4,0.1475
21,candidate_3,candidate_1,candidate_4,candidate_2,4,0.1475
22,0,candidate_1,candidate_4,candidate_2,4,0.1475
23,candidate_3,candidate_1,candidate_4,candidate_2,4,0.1475
24,candidate_3,candidate_1,candidate_4,0,4,0.1475
25,candidate_3,candidate_1,candidate_4,candidate_2,4,0.1475
26,candidate_3,0,candidate_4,candidate_2,4,0.1475
27,candidate_3,candidate_1,candidate_4,candidate_2,4,0.1475
28,candidate_3,candidate_1,candidate_4,candidate_2,4,0.1475
29,0,candidate_1,candidate_4,0,4,0.1475
30,candidate_3,candidate_1,candidate_4,candidate_2,4,0.1475
31,candidate_3,0,0,candidate_2,4,0.1475
32,candidate_3,candidate_1,candidate_4,candidate_2,4,0.1475
33,candidate_3,0,0,candidate_2,4,0.1475
34,candidate_3,candidate_1,candidate_4,candidate_2,4,0.1475
35,candidate_3,0,candidate_4,candidate_2,4,0.1475
36,0,0,candidate_4,candidate_2,4,0.1475
37,0,candidate_1,candidate_4,0,4,0.1475
38,candidate_3,candidate_1,candidate_4,candidate_2,4,0.1475
39,candidate_3,candidate_1,candidate_4,candidate_2,4,0.1475
40,candidate_3,candidate_1,candidate_4,0,4,0.1475
41,candidate_3,candidate_1,candidate_4,candidate_2,4,0.1475
42,0,candidate_1,candidate_4,candidate_2,4,0.1475
43,candidate_3,candidate_1,candidate_4,candidate_2,4,0.1475
44,candidate_3,candidate_1,candidate_4,candidate_2,4,0.1475
45,candidate_3,candidate_1,candidate_4,0,4,0.1475
46,0,candidate_1,candidate_4,candidate_2,4,0.1475
47,candidate_3,candidate_1,0,candidate_2,4,0.1475
48,0,0,candidate_4,candidate_2,4,0.1475
49,candidate_3,candidate_1,candidate_4,candidate_2,4,0.1475
50,0,candidate_1,candidate_4,candidate_2,4,0.1475
51,candidate_3,candidate_1,candidate_4,candidate_2,4,0.1475
52,candidate_3,0,candidate_4,candidate_2,4,0.1475
53,candidate_3,candidate_1,candidate_4,0,4,0.1475
54,candidate_3,candidate_1,candidate_4,candidate_2,4,0.1475
55,0,candidate_1,candidate_4,candidate_2,4,0.1475
56,candidate_3,candidate_1,candidate_4,candidate_2,4,0.1475
57,candidate_3,candidate_1,candidate_4,candidate_2,4,0.1475
58,0,candidate_1,candidate_4,candidate_2,4,0.1475
59,candidate_3,candidate_1,candidate_4,0,4,0.1475
60,candidate_3,candidate_1,candidate_4,candidate_2,4,0.1475
61,candidate_3,candidate_1,candidate_4,candidate_2,4,0.1475
62,candidate_3,candidate_1,candidate_4,candidate_2,4,0.1475
63,candidate_3,candidate_1,candidate_4,candidate_2,4,0.1475
64,candidate_3,0,candidate_4,candidate_2,4,0.1475
65,candidate_3,candidate_1,candidate_4,candidate_2,4,0.1475
66,candidate_3,candidate_1,0,0,4,0.1475
67,candidate_3,candidate_1,candidate_4,candidate_2,4,0.1475
68,0,candidate_1,candidate_4,candidate_2,4,0.1475
69,candidate_3,candidate_1,candidate_4,candidate_2,4,0.1475
70,candidate_3,candidate_1,candidate_4,0,4,0.1475
71,candidate_3,candidate_1,candidate_4,candidate_2,4,0.1475
72,candidate_3,candidate_1,candidate_4,candidate_2,4,0.1475
73,candidate_3,0,0,candidate_2,4,0.1475
74,candidate_3,candidate_1,candidate_4,0,4,0.1475
75,candidate_3,candidate_1,candidate_4,candidate_2,4,0.1475
76,candidate_3,candidate_1,0,candidate_2,4,0.1475
77,candidate_3,candidate_1,0,candidate_2,4,0.1475
78,candidate_3,candidate_1,0,candidate_2,4,0.1475
79,0,candidate_1,candidate_4,candidate_2,4,0.1475
80,candidate_3,candidate_1,candidate_4,candidate_2,4,0.1475
81,candidate_3,candidate_1,0,candidate_2,4,0.1475
82,candidate_3,candidate_1,candidate_4,candidate_2,4,0.1475
83,candidate_3,candidate_1,candidate_4,0,4,0.1475
84,candidate_3,candidate_1,candidate_4,candidate_2,4,0.1475
85,candidate_3,candidate_1,candidate_4,candidate_2,4,0.1475
86,candidate_3,candidate_1,candidate_4,candidate_2,4,0.1475
87,candidate_3,0,candidate_4,candidate_2,4,0.1475
88,0,candidate_1,candidate_4,candidate_2,4,0.1475
89,candidate_3,candidate_1,candidate_4,candidate_2,4,0.1475
90,candidate_3,candidate_1,candidate_4,candidate_2,4,0.1475
91,candidate_3,candidate_1,candidate_4,candidate_2,4,0.1475
92,candidate_3,candidate_1,0,candidate_2,4,0.1475
93,candidate_3,candidate_1,candidate_4,candidate_2,4,0.1475
94,candidate_3,0,candidate_4,candidate_2,4,0.1475
95,candidate_3,0,0,candidate_2,4,0.1475
96,candidate_3,candidate_1,0,candidate_2,4,0.1475
97,0,candidate_1,candidate_4,candidate_2,4,0.1475
98,candidate_3,candidate_1,candidate_4,0,4,0.1475
99,candidate_3,candidate_1,candidate_4,candidate_2,4,0.1475
100,candidate_3,0,candidate_4,candidate_2,4,0.1475
101,candidate_3,candidate_1,candidate_4,candidate_2,4,0.1475
102,candidate_3,candidate_1,candidate_4,candidate_2,4,0.1475
103,0,candidate_1,candidate_4,candidate_2,4,0.1475
104,candidate_3,candidate_1,candidate_4,candidate_2,4,0.1475
105,candidate_3,0,candidate_4,candidate_2,4,0.1475
106,candidate_3,candidate_1,candidate_4,candidate_2,4,0.1475
107,0,candidate_1,candidate_4,candidate_2,4,0.1475
108,0,candidate_1,candidate_4,candidate_2,4,0.1475
109,0,0,candidate_4,candidate_2,4,0.1475
110,candidate_3,candidate_1,candidate_4,candidate_2,4,0.1475
111,candidate_3,candidate_1,0,candidate_2,4,0.1475
112,0,candidate_1,0,candidate_2,4,0.1475
113,candidate_3,candidate_1,0,candidate_2,4,0.1475
114,candidate_3,0,0,candidate_2,4,0.1475
115,candidate_3,candidate_1,candidate_4,candidate_2,4,0.1475
116,candidate_3,candidate_1,candidate_4,candidate_2,4,0.1475
117,candidate_3,candidate_1,candidate_4,candidate_2,4,0.1475
118,candidate_3,candidate_1,candidate_4,candidate_2,4,0.1475
119,candidate_3,candidate_1,candidate_4,0,4,0.1475
120,candidate_3,candidate_1,candidate_4,candidate_2,4,0.1475
121,candidate_3,candidate_1,candidate_4,candidate_2,4,0.1475
122,candidate_3,0,candidate_4,candidate_2,4,0.1475
123,candidate_3,candidate_1,candidate_4,candidate_2,4,0.1475
124,candidate_3,candidate_1,candidate_4,candidate_2,4,0.1475
125,candidate_3,candidate_1,candidate_4,candidate_2,4,0.1475
126,candidate_3,candidate_1,candidate_4,candidate_2,4,0.1475
127,candidate_3,candidate_1,candidate_4,candidate_2,4,0.1475
128,0,candidate_1,candidate_4,candidate_2,4,0.1475
129,candidate_3,candidate_1,candidate_4,candidate_2,4,0.1475
130,candidate_3,candidate_1,candidate_4,candidate_2,4,0.1475
131,candidate_3,candidate_1,candidate_4,candidate_2,4,0.1475
132,candidate_3,candidate_1,candidate_4,candidate_2,4,0.1475
133,candidate_3,candidate_1,candidate_4,candidate_2,4,0.1475
134,candidate_3,candidate_1,candidate_4,candidate_2,4,0.1475
135,candidate_3,candidate_1,candidate_4,candidate_2,4,0.1475
136,0,candidate_1,candidate_4,candidate_2,4,0.1475
137,candidate_3,candidate_1,candidate_4,candidate_2,4,0.1475
138,0,candidate_1,candidate_4,candidate_2,4,0.1475
139,candidate_3,candidate_1,candidate_4,candidate_2,4,0.1475
140,0,candidate_1,candidate_4,candidate_2,4,0.1475
141,candidate_3,candidate_1,0,candidate_2,4,0.1475
142,candidate_3,candidate_1,candidate_4,candidate_2,4,0.1475
143,0,candidate_1,candidate_4,0,4,0.1475
144,candidate_3,candidate_1,candidate_4,candidate_2,4,0.1475
145,candidate_3,0,0,candidate_2,4,0.1475
146,candidate_3,candidate_1,0,candidate_2,4,0.1475
147,candidate_3,candidate_1,0,candidate_2,4,0.1475
148,candidate_3,candidate_1,candidate_4,candidate_2,4,0.1475
149,0,candidate_1,candidate_4,candidate_2,4,0.1475
150,candidate_3,candidate_1,candidate_4,candidate_2,4,0.1475
151,0,candidate_1,candidate_4,candidate_2,4,0.1475
152,candidate_3,candidate_1,candidate_4,candidate_2,4,0.1475
153,candidate_3,candidate_1,candidate_4,candidate_2,4,0.1475
154,candidate_3,candidate_1,candidate_4,candidate_2,4,0.1475
155,candidate_3,candidate_1,candidate_4,candidate_2,4,0.1475
156,candidate_3,candidate_1,candidate_4,candidate_2,4,0.1475
157,candidate_3,candidate_1,candidate_4,candidate_2,4,0.1475
158,candidate_3,candidate_1,candidate_4,candidate_2,4,0.1475
159,candidate_3,candidate_1,candidate_4,candidate_2,4,0.1475
160,candidate_3,candidate_1,candidate_4,candidate_2,4,0.1475
161,candidate_3,candidate_1,candidate_4,candidate_2,4,0.1475
162,0,candidate_1,candidate_4,0,4,0.1475
163,candidate_3,candidate_1,candidate_4,candidate_2,4,0.1475
164,0,candidate_1,candidate_4,0,4,0.1475
165,candidate_3,candidate_1,candidate_4,candidate_2,4,0.1475
166,candidate_3,candidate_1,candidate_4,candidate_2,4,0.1475
167,candidate_3,0,0,candidate_2,4,0.1475
168,candidate_3,candidate_1,candidate_4,candidate_2,4,0.1475
169,candidate_3,candidate_1,candidate_4,candidate_2,4,0.1475
170,candidate_3,candidate_1,candidate_4,candidate_2,4,0.1475
171,candidate_3,candidate_1,candidate_4,candidate_2,4,0.1475
172,candidate_3,0,candidate_4,candidate_2,4,0.1475
173,0,0,candidate_4,candidate_2,4,0.1475
174,candidate_3,candidate_1,candidate_4,candidate_2,4,0.1475
175,candidate_3,0,candidate_4,candidate_2,4,0.1475
176,candidate_3,candidate_1,candidate_4,candidate_2,4,0.1475
177,candidate_3,candidate_1,candidate_4,candidate_2,4,0.1475
178,candidate_3,candidate_1,candidate_4,candidate_2,4,0.1475
179,candidate_3,candidate_1,candidate_4,candidate_2,4,0.1475
180,candidate_3,candidate_1,candidate_4,candidate_2,4,0.1475
181,candidate_3,0,candidate_4,0,4,0.1475
182,candidate_3,candidate_1,0,candidate_2,4,0.1475
183,candidate_3,candidate_1,candidate_4,candidate_2,4,0.1475
184,candidate_3,candidate_1,candidate_4,candidate_2,4,0.1475
185,candidate_3,candidate_1,candidate_4,candidate_2,4,0.1475
186,candidate_3,candidate_1,candidate_4,candidate_2,4,0.1475
187,candidate_3,candidate_1,candidate_4,candidate_2,4,0.1475
188,candidate_3,candidate_1,candidate_4,candidate_2,4,0.1475
189,candidate_3,candidate_1,0,0,4,0.1475
190,candidate_3,candidate_1,0,candidate_2,4,0.1475
191,candidate_3,candidate_1,0,candidate_2,4,0.1475
192,candidate_3,candidate_1,candidate_4,candidate_2,4,0.1475
193,candidate_3,candidate_1,candidate_4,0,4,0.1475
194,candidate_3,candidate_1,candidate_4,candidate_2,4,0.1475
195,0,candidate_1,0,candidate_2,4,0.1475
196,candidate_3,0,candidate_4,candidate_2,4,0.1475
197,0,candidate_1,0,candidate_2,4,0.1475
198,candidate_3,candidate_1,candidate_4,candidate_2,4,0.1475
199,candidate_3,candidate_1,candidate_4,candidate_2,4,0.1475
200,candidate_3,candidate_1,candidate_4,candidate_2,4,0.1475
201,candidate_3,candidate_1,candidate_4,candidate_2,4,0.1475
202,candidate_3,0,candidate_4,candidate_2,4,0.1475
203,candidate_3,candidate_1,candidate_4,0,4,0.1475
204,candidate_3,candidate_1,candidate_4,candidate_2,4,0.1475
205,candidate_3,candidate_1,candidate_4,candidate_2,4,0.1475
206,0,candidate_1,candidate_4,0,4,0.1475
207,candidate_3,candidate_1,candidate_4,candidate_2,4,0.1475
208,candidate_3,candidate_1,candidate_4,candidate_2,4,0.1475
209,candidate_3,candidate_1,candidate_4,candidate_2,4,0.1475
210,candidate_3,candidate_1,candidate_4,candidate_2,4,0.1475
211,candidate_3,candidate_1,candidate_4,0,4,0.1475
212,candidate_3,candidate_1,candidate_4,candidate_2,4,0.1475
213,candidate_3,candidate_1,candidate_4,candidate_2,4,0.1475
214,0,candidate_1,candidate_4,candidate_2,4,0.1475
215,candidate_3,candidate_1,candidate_4,candidate_2,4,0.1475
216,candidate_3,candidate_1,candidate_4,candidate_2,4,0.1475
217,candidate_3,candidate_1,candidate_4,candidate_2,4,0.1475
218,0,candidate_1,candidate_4,candidate_2,4,0.1475
219,0,candidate_1,candidate_4,candidate_2,4,0.1475
220,candidate_3,0,candidate_4,candidate_2,4,0.1475
221,candidate_3,candidate_1,0,candidate_2,4,0.1475
222,candidate_3,candidate_1,candidate_4,candidate_2,4,0.1475
223,candidate_3,candidate_1,candidate_4,candidate_2,4,0.1475
224,candidate_3,candidate_1,candidate_4,candidate_2,4,0.1475
225,0,candidate_1,0,candidate_2,4,0.1475
226,candidate_3,candidate_1,candidate_4,candidate_2,4,0.1475
227,0,candidate_1,0,candidate_2,4,0.1475
228,candidate_3,candidate_1,candidate_4,0,4,0.1475
229,candidate_3,candidate_1,0,candidate_2,4,0.1475
230,candidate_3,candidate_1,candidate_4,candidate_2,4,0.1475
231,candidate_3,candidate_1,candidate_4,candidate_2,4,0.1475
232,candidate_3,candidate_1,candidate_4,candidate_2,4,0.1475
233,candidate_3,0,candidate_4,candidate_2,4,0.1475
234,candidate_3,0,candidate_4,0,4,0.1475
235,candidate_3,candidate_1,candidate_4,candidate_2,4,0.1475
236,candidate_3,candidate_1,0,candidate_2,4,0.1475
237,candidate_3,candidate_1,candidate_4,0,4,0.1475
238,candidate_3,candidate_1,candidate_4,candidate_2,4,0.1475
239,0,0,candidate_4,candidate_2,4,0.1475
240,0,candidate_1,candidate_4,candidate_2,4,0.1475
241,candidate_3,candidate_1,candidate_4,candidate_2,4,0.1475
242,candidate_3,candidate_1,candidate_4,candidate_2,4,0.1475
243,candidate_3,candidate_1,candidate_4,candidate_2,4,0.1475
244,candidate_3,candidate_1,candidate_4,candidate_2,4,0.1475
245,candidate_3,0,candidate_4,candidate_2,4,0.1475
246,candidate_3,candidate_1,candidate_4,candidate_2,4,0.1475
247,candidate_3,candidate_1,candidate_4,candidate_2,4,0.1475
248,candidate_3,candidate_1,candidate_4,candidate_2,4,0.1475
249,candidate_3,0,candidate_4,0,4,0.1475
250,candidate_3,candidate_1,candidate_4,candidate_2,4,0.1475
251,candidate_3,candidate_1,candidate_4,candidate_2,4,0.1475
252,candidate_3,candidate_1,0,candidate_2,4,0.1475
253,candidate_3,candidate_1,candidate_4,candidate_2,4,0.1475
254,candidate_3,candidate_1,candidate_4,candidate_2,4,0.1475
255,candidate_3,candidate_1,0,0,4,0.1475
256,candidate_3,candidate_1,candidate_4,candidate_2,4,0.1475
257,candidate_3,candidate_1,candidate_4,candidate_2,4,0.1475
258,0,candidate_1,0,candidate_2,4,0.1475
259,candidate_3,candidate_1,candidate_4,candidate_2,4,0.1475
260,candidate_3,candidate_1,candidate_4,candidate_2,4,0.1475
261,candidate_3,0,0,candidate_2,4,0.1475
262,candidate_3,candidate_1,candidate_4,candidate_2,4,0.1475
263,candidate_3,candidate_1,candidate_4,candidate_2,4,0.1475
264,candidate_3,0,candidate_4,candidate_2,4,0.1475
265,candidate_3,candidate_1,candidate_4,candidate_2,4,0.1475
266,candidate_3,0,candidate_4,candidate_2,4,0.1475
267,0,candidate_1,candidate_4,candidate_2,4,0.1475
268,0,candidate_1,candidate_4,candidate_2,4,0.1475
269,candidate_3,candidate_1,candidate_4,0,4,0.1475
270,candidate_3,candidate_1,candidate_4,candidate_2,4,0.1475
271,candidate_3,candidate_1,candidate_4,0,4,0.1475
272,candidate_3,candidate_1,candidate_4,candidate_2,4,0.1475
273,candidate_3,candidate_1,candidate_4,candidate_2,4,0.1475
274,candidate_3,candidate_1,candidate_4,candidate_2,4,0.1475
275,candidate_3,candidate_1,candidate_4,candidate_2,4,0.1475
276,candidate_3,candidate_1,candidate_4,candidate_2,4,0.1475
277,candidate_3,candidate_1,0,candidate_2,4,0.1475
278,0,candidate_1,candidate_4,candidate_2,4,0.1475
279,candidate_3,candidate_1,candidate_4,candidate_2,4,0.1475
280,candidate_3,candidate_1,candidate_4,candidate_2,4,0.1475
281,candidate_3,0,candidate_4,candidate_2,4,0.1475
282,candidate_3,candidate_1,0,candidate_2,4,0.1475
283,candidate_3,0,0,candidate_2,4,0.1475
284,candidate_3,candidate_1,candidate_4,candidate_2,4,0.1475
285,candidate_3,candidate_1,candidate_4,candidate_2,4,0.1475
286,candidate_3,candidate_1,candidate_4,candidate_2,4,0.1475
287,0,candidate_1,candidate_4,candidate_2,4,0.1475
288,candidate_3,candidate_1,candidate_4,candidate_2,4,0.1475
289,candidate_3,candidate_1,candidate_4,0,4,0.1475
290,candidate_3,0,0,candidate_2,4,0.1475
291,candidate_3,candidate_1,candidate_4,candidate_2,4,0.1475
292,candidate_3,0,candidate_4,candidate_2,4,0.1475
293,candidate_3,candidate_1,candidate_4,candidate_2,4,0.1475
294,candidate_3,candidate_1,candidate_4,candidate_2,4,0.1475
295,0,candidate_1,candidate_4,candidate_2,4,0.1475
296,candidate_3,candidate_1,candidate_4,candidate_2,4,0.1475
297,candidate_3,candidate_1,candidate_4,candidate_2,4,0.1475
298,candidate_3,candidate_1,candidate_4,candidate_2,4,0.1475
299,candidate_3,candidate_1,candidate_4,candidate_2,4,0.1475
300,candidate_3,candidate_1,candidate_4,candidate_2,4,0.1475
301,candidate_3,candidate_1,candidate_4,candidate_2,4,0.1475
302,candidate_3,0,0,candidate_2,4,0.1475
303,candidate_3,0,candidate_4,0,4,0.1475
304,candidate_3,candidate_1,candidate_4,candidate_2,4,0.1475
305,candidate_3,0,candidate_4,candidate_2,4,0.1475
306,candidate_3,candidate_1,candidate_4,candidate_2,4,0.1475
307,candidate_3,candidate_1,candidate_4,candidate_2,4,0.1475
308,0,candidate_1,0,0,4,0.1475
309,candidate_3,0,candidate_4,0,4,0.1475
310,candidate_3,candidate_1,candidate_4,candidate_2,4,0.1475
311,0,candidate_1,candidate_4,candidate_2,4,0.1475
312,candidate_3,candidate_1,candidate_4,candidate_2,4,0.1475
313,candidate_3,candidate_1,candidate_4,candidate_2,4,0.1475
314,candidate_3,candidate_1,candidate_4,candidate_2,4,0.1475
315,candidate_3,candidate_1,0,candidate_2,4,0.1475
316,candidate_3,candidate_1,candidate_4,candidate_2,4,0.1475
317,candidate_3,candidate_1,candidate_4,candidate_2,4,0.1475
318,candidate_3,candidate_1,candidate_4,candidate_2,4,0.1475
319,0,candidate_1,candidate_4,candidate_2,4,0.1475
320,0,candidate_1,candidate_4,candidate_2,4,0.1475
321,candidate_3,candidate_1,candidate_4,candidate_2,4,0.1475
322,candidate_3,candidate_1,candidate_4,candidate_2,4,0.1475
323,candidate_3,candidate_1,candidate_4,candidate_2,4,0.1475
324,candidate_3,candidate_1,candidate_4,candidate_2,4,0.1475
325,candidate_3,candidate_1,candidate_4,candidate_2,4,0.1475
326,candidate_3,candidate_1,candidate_4,0,4,0.1475
327,candidate_3,candidate_1,candidate_4,candidate_2,4,0.1475
328,candidate_3,candidate_1,0,0,4,0.1475
329,candidate_3,candidate_1,candidate_4,candidate_2,4,0.1475
330,candidate_3,candidate_1,candidate_4,candidate_2,4,0.1475
331,candidate_3,candidate_1,candidate_4,candidate_2,4,0.1475
332,candidate_3,candidate_1,candidate_4,0,4,0.1475
333,candidate_3,0,candidate_4,candidate_2,4,0.1475
334,candidate_3,candidate_1,candidate_4,candidate_2,4,0.1475
335,candidate_3,candidate_1,candidate_4,candidate_2,4,0.1475
336,candidate_3,candidate_1,candidate_4,candidate_2,4,0.1475
337,candidate_3,candidate_1,candidate_4,candidate_2,4,0.1475
338,candidate_3,candidate_1,candidate_4,candidate_2,4,0.1475
339,candidate_3,candidate_1,0,candidate_2,4,0.1475
340,candidate_3,candidate_1,candidate_4,0,4,0.1475
341,0,0,candidate_4,candidate_2,4,0.1475
342,candidate_3,0,0,candidate_2,4,0.1475
343,0,candidate_1,0,0,4,0.1475
344,candidate_3,candidate_1,candidate_4,0,4,0.1475
345,candidate_3,candidate_1,0,0,4,0.1475
346,candidate_3,candidate_1,candidate_4,candidate_2,4,0.1475
347,candidate_3,0,candidate_4,candidate_2,4,0.1475
348,0,candidate_1,0,candidate_2,4,0.1475
349,candidate_3,0,candidate_4,candidate_2,4,0.1475
350,0,0,candidate_4,candidate_2,4,0.1475
351,candidate_3,candidate_1,candidate_4,candidate_2,4,0.1475
352,candidate_3,candidate_1,candidate_4,0,4,0.1475
353,candidate_3,candidate_1,candidate_4,candidate_2,4,0.1475
354,candidate_3,candidate_1,candidate_4,candidate_2,4,0.1475
355,0,candidate_1,candidate_4,candidate_2,4,0.1475
356,0,candidate_1,candidate_4,candidate_2,4,0.1475
357,candidate_3,candidate_1,candidate_4,candidate_2,4,0.1475
358,candidate_3,candidate_1,candidate_4,candidate_2,4,0.1475
359,candidate_3,candidate_1,0,candidate_2,4,0.1475
360,candidate_3,0,candidate_4,candidate_2,4,0.1475
361,candidate_3,candidate_1,candidate_4,candidate_2,4,0.1475
362,candidate_3,0,candidate_4,candidate_2,4,0.1475
363,candidate_3,candidate_1,candidate_4,candidate_2,4,0.1475
364,candidate_3,candidate_1,candidate_4,candidate_2,4,0.1475
365,candidate_3,candidate_1,candidate_4,candidate_2,4,0.1475
366,candidate_3,candidate_1,candidate_4,candidate_2,4,0.1475
367,candidate_3,0,0,candidate_2,4,0.1475
368,candidate_3,0,candidate_4,candidate_2,4,0.1475
369,candidate_3,candidate_1,candidate_4,candidate_2,4,0.1475
370,candidate_3,0,candidate_4,candidate_2,4,0.1475
371,0,candidate_1,candidate_4,candidate_2,4,0.1475
372,candidate_3,candidate_1,candidate_4,candidate_2,4,0.1475
373,0,candidate_1,candidate_4,candidate_2,4,0.1475
374,candidate_3,candidate_1,candidate_4,candidate_2,4,0.1475
375,candidate_3,candidate_1,candidate_4,0,4,0.1475
376,0,candidate_1,candidate_4,0,4,0.1475
377,candidate_3,candidate_1,0,candidate_2,4,0.1475
378,candidate_3,candidate_1,candidate_4,0,4,0.1475
379,candidate_3,0,candidate_4,candidate_2,4,0.1475
380,candidate_3,candidate_1,0,candidate_2,4,0.1475
381,candidate_3,candidate_1,candidate_4,candidate_2,4,0.1475
382,candidate_3,0,candidate_4,candidate_2,4,0.1475
383,0,candidate_1,candidate_4,0,4,0.1475
384,0,candidate_1,candidate_4,candidate_2,4,0.1475
385,candidate_3,candidate_1,candidate_4,candidate_2,4,0.1475
386,0,candidate_1,candidate_4,candidate_2,4,0.1475
387,candidate_3,0,candidate_4,candidate_2,4,0.1475
388,candidate_3,candidate_1,candidate_4,candidate_2,4,0.1475
389,candidate_3,candidate_1,candidate_4,candidate_2,4,0.1475
390,candidate_3,candidate_1,candidate_4,candidate_2,4,0.1475
391,candidate_3,0,candidate_4,candidate_2,4,0.1475
392,0,candidate_1,candidate_4,0,4,0.1475
393,candidate_3,candidate_1,candidate_4,candidate_2,4,0.1475
394,candidate_3,candidate_1,0,candidate_2,4,0.1475
395,0,candidate_1,0,candidate_2,4,0.1475
396,0,candidate_1,candidate_4,candidate_2,4,0.1475
397,0,candidate_1,candidate_4,candidate_2,4,0.1475
398,candidate_3,candidate_1,candidate_4,candidate_2,4,0.1475
399,candidate_3,candidate_1,0,candidate_2,4,0.1475
400,0,candidate_1,candidate_4,candidate_2,4,0.1475
401,candidate_3,candidate_1,candidate_4,candidate_2,4,0.1475
402,candidate_3,candidate_1,candidate_4,candidate_2,4,0.1475
403,candidate_3,candidate_1,candidate_4,candidate_2,4,0.1475
404,0,candidate_1,candidate_4,candidate_2,4,0.1475
405,0,candidate_1,candidate_4,0,4,0.1475
406,candidate_3,0,candidate_4,0,4,0.1475
407,candidate_3,0,candidate_4,candidate_2,4,0.1475
408,0,candidate_1,candidate_4,0,4,0.1475
409,0,candidate_1,candidate_4,candidate_2,4,0.1475
410,candidate_3,candidate_1,0,candidate_2,4,0.1475
411,candidate_3,0,candidate_4,candidate_2,4,0.1475
412,candidate_3,candidate_1,candidate_4,candidate_2,4,0.1475
413,candidate_3,candidate_1,0,candidate_2,4,0.1475
414,candidate_3,candidate_1,candidate_4,candidate_2,4,0.1475
415,candidate_3,candidate_1,candidate_4,candidate_2,4,0.1475
416,candidate_3,candidate_1,candidate_4,candidate_2,4,0.1475
417,candidate_3,candidate_1,candidate_4,candidate_2,4,0.1475
418,candidate_3,candidate_1,candidate_4,candidate_2,4,0.1475
419,candidate_3,candidate_1,candidate_4,candidate_2,4,0.1475
420,candidate_3,candidate_1,0,candidate_2,4,0.1475
421,0,0,0,candidate_2,4,0.1475
422,candidate_3,0,candidate_4,candidate_2,4,0.1475
423,candidate_3,candidate_1,candidate_4,0,4,0.1475
424,0,0,candidate_4,candidate_2,4,0.1475
425,candidate_3,candidate_1,0,candidate_2,4,0.1475
426,candidate_3,candidate_1,candidate_4,0,4,0.1475
427,0,0,candidate_4,candidate_2,4,0.1475
428,candidate_3,candidate_1,candidate_4,candidate_2,4,0.1475
429,candidate_3,candidate_1,candidate_4,candidate_2,4,0.1475
430,candidate_3,candidate_1,candidate_4,0,4,0.1475
431,candidate_3,candidate_1,candidate_4,candidate_2,4,0.1475
432,candidate_3,candidate_1,candidate_4,candidate_2,4,0.1475
433,0,candidate_1,candidate_4,0,4,0.1475
434,candidate_3,candidate_1,candidate_4,candidate_2,4,0.1475
435,candidate_3,0,candidate_4,candidate_2,4,0.1475
436,0,candidate_1,candidate_4,candidate_2,4,0.1475
437,0,candidate_1,0,candidate_2,4,0.1475
438,candidate_3,candidate_1,candidate_4,candidate_2,4,0.1475
439,candidate_3,candidate_1,candidate_4,candidate_2,4,0.1475
440,candidate_3,candidate_1,candidate_4,candidate_2,4,0.1475
441,candidate_3,candidate_1,candidate_4,candidate_2,4,0.1475
442,candidate_3,0,candidate_4,candidate_2,4,0.1475
443,candidate_3,candidate_1,candidate_4,candidate_2,4,0.1475
444,candidate_3,0,candidate_4,candidate_2,4,0.1475
445,candidate_3,candidate_1,candidate_4,candidate_2,4,0.1475
446,candidate_3,candidate_1,candidate_4,candidate_2,4,0.1475
447,candidate_3,candidate_1,candidate_4,candidate_2,4,0.1475
448,candidate_3,candidate_1,candidate_4,candidate_2,4,0.1475
449,0,candidate_1,candidate_4,candidate_2,4,0.1475
450,candidate_3,candidate_1,0,candidate_2,4,0.1475
451,candidate_3,0,candidate_4,0,4,0.1475
452,candidate_3,candidate_1,candidate_4,candidate_2,4,0.1475
453,candidate_3,candidate_1,candidate_4,candidate_2,4,0.1475
454,candidate_3,candidate_1,candidate_4,candidate_2,4,0.1475
455,candidate_3,candidate_1,0,candidate_2,4,0.1475
456,candidate_3,candidate_1,candidate_4,candidate_2,4,0.1475
457,candidate_3,candidate_1,candidate_4,candidate_2,4,0.1475
458,candidate_3,candidate_1,candidate_4,candidate_2,4,0.1475
459,candidate_3,candidate_1,candidate_4,candidate_2,4,0.1475
460,0,candidate_1,candidate_4,candidate_2,4,0.1475
461,candidate_3,candidate_1,candidate_4,candidate_2,4,0.1475
462,candidate_3,candidate_1,candidate_4,0,4,0.1475
463,candidate_3,candidate_1,candidate_4,candidate_2,4,0.1475
464,candidate_3,candidate_1,candidate_4,candidate_2,4,0.1475
465,candidate_3,0,candidate_4,candidate_2,4,0.1475
466,candidate_3,candidate_1,candidate_4,candidate_2,4,0.1475
467,candidate_3,candidate_1,candidate_4,candidate_2,4,0.1475
468,0,candidate_1,candidate_4,candidate_2,4,0.1475
469,candidate_3,candidate_1,candidate_4,candidate_2,4,0.1475
470,candidate_3,candidate_1,candidate_4,candidate_2,4,0.1475
471,candidate_3,candidate_1,candidate_4,candidate_2,4,0.1475
472,0,candidate_1,candidate_4,0,4,0.1475
473,candidate_3,candidate_1,candidate_4,candidate_2,4,0.1475
474,candidate_3,0,candidate_4,candidate_2,4,0.1475
475,candidate_3,0,candidate_4,candidate_2,4,0.1475
476,candidate_3,candidate_1,candidate_4,candidate_2,4,0.1475
477,candidate_3,candidate_1,candidate_4,candidate_2,4,0.1475
478,0,candidate_1,0,candidate_2,4,0.1475
479,candidate_3,candidate_1,candidate_4,candidate_2,4,0.1475
480,0,candidate_1,candidate_4,candidate_2,4,0.1475
481,candidate_3,candidate_1,candidate_4,candidate_2,4,0.1475
482,0,candidate_1,candidate_4,candidate_2,4,0.1475
0,candidate_3,candidate_2,candidate_1,candidate_4,4,0.1475
1,candidate_3,candidate_2,candidate_1,candidate_4,4,0.1475
2,candidate_3,0,candidate_1,candidate_4,4,0.1475
3,candidate_3,candidate_2,candidate_1,0,4,0.1475
4,candidate_3,0,candidate_1,0,4,0.1475
5,0,candidate_2,candidate_1,candidate_4,4,0.1475
6,candidate_3,candidate_2,candidate_1,candidate_4,4,0.1475
7,0,candidate_2,candidate_1,candidate_4,4,0.1475
8,candidate_3,candidate_2,candidate_1,candidate_4,4,0.1475
9,candidate_3,candidate_2,candidate_1,candidate_4,4,0.1475
10,candidate_3,0,candidate_1,candidate_4,4,0.1475
11,0,candidate_2,candidate_1,candidate_4,4,0.1475
12,candidate_3,candidate_2,candidate_1,candidate_4,4,0.1475
13,0,candidate_2,candidate_1,candidate_4,4,0.1475
14,candidate_3,candidate_2,0,candidate_4,4,0.1475
15,candidate_3,candidate_2,candidate_1,candidate_4,4,0.1475
16,candidate_3,candidate_2,candidate_1,candidate_4,4,0.1475
17,candidate_3,candidate_2,candidate_1,candidate_4,4,0.1475
18,candidate_3,candidate_2,candidate_1,candidate_4,4,0.1475
19,0,0,candidate_1,candidate_4,4,0.1475
20,candidate_3,0,candidate_1,candidate_4,4,0.1475
21,0,candidate_2,candidate_1,candidate_4,4,0.1475
22,candidate_3,candidate_2,0,candidate_4,4,0.1475
23,candidate_3,candidate_2,0,candidate_4,4,0.1475
24,candidate_3,candidate_2,candidate_1,candidate_4,4,0.1475
25,candidate_3,candidate_2,candidate_1,candidate_4,4,0.1475
26,candidate_3,candidate_2,candidate_1,candidate_4,4,0.1475
27,candidate_3,0,candidate_1,0,4,0.1475
28,candidate_3,candidate_2,0,candidate_4,4,0.1475
29,candidate_3,candidate_2,candidate_1,candidate_4,4,0.1475
30,0,candidate_2,candidate_1,0,4,0.1475
31,candidate_3,candidate_2,candidate_1,candidate_4,4,0.1475
32,candidate_3,0,0,candidate_4,4,0.1475
33,candidate_3,candidate_2,0,candidate_4,4,0.1475
34,0,candidate_2,candidate_1,candidate_4,4,0.1475
35,candidate_3,candidate_2,candidate_1,candidate_4,4,0.1475
36,candidate_3,candidate_2,candidate_1,candidate_4,4,0.1475
37,candidate_3,0,candidate_1,candidate_4,4,0.1475
38,candidate_3,candidate_2,candidate_1,candidate_4,4,0.1475
39,0,candidate_2,0,candidate_4,4,0.1475
40,candidate_3,candidate_2,candidate_1,candidate_4,4,0.1475
41,candidate_3,candidate_2,0,candidate_4,4,0.1475
42,candidate_3,candidate_2,candidate_1,candidate_4,4,0.1475
43,0,candidate_2,candidate_1,candidate_4,4,0.1475
44,candidate_3,0,candidate_1,candidate_4,4,0.1475
45,candidate_3,candidate_2,candidate_1,candidate_4,4,0.1475
46,0,candidate_2,candidate_1,candidate_4,4,0.1475
47,candidate_3,candidate_2,candidate_1,candidate_4,4,0.1475
48,candidate_3,candidate_2,candidate_1,0,4,0.1475
49,candidate_3,candidate_2,candidate_1,candidate_4,4,0.1475
50,candidate_3,0,candidate_1,candidate_4,4,0.1475
51,candidate_3,candidate_2,candidate_1,candidate_4,4,0.1475
52,candidate_3,candidate_2,0,candidate_4,4,0.1475
53,candidate_3,candidate_2,candidate_1,candidate_4,4,0.1475
54,0,candidate_2,candidate_1,candidate_4,4,0.1475
55,0,candidate_2,candidate_1,candidate_4,4,0.1475
56,candidate_3,candidate_2,candidate_1,candidate_4,4,0.1475
57,candidate_3,candidate_2,0,candidate_4,4,0.1475
58,candidate_3,0,candidate_1,candidate_4,4,0.1475
59,candidate_3,candidate_2,0,candidate_4,4,0.1475
60,candidate_3,candidate_2,0,candidate_4,4,0.1475
61,candidate_3,candidate_2,candidate_1,candidate_4,4,0.1475
62,candidate_3,candidate_2,candidate_1,candidate_4,4,0.1475
63,candidate_3,candidate_2,candidate_1,0,4,0.1475
64,candidate_3,0,candidate_1,0,4,0.1475
65,candidate_3,candidate_2,candidate_1,0,4,0.1475
66,0,0,candidate_1,candidate_4,4,0.1475
67,0,candidate_2,candidate_1,candidate_4,4,0.1475
68,candidate_3,candidate_2,candidate_1,candidate_4,4,0.1475
69,candidate_3,candidate_2,candidate_1,candidate_4,4,0.1475
70,candidate_3,candidate_2,candidate_1,candidate_4,4,0.1475
71,candidate_3,candidate_2,candidate_1,candidate_4,4,0.1475
72,candidate_3,candidate_2,candidate_1,candidate_4,4,0.1475
73,candidate_3,candidate_2,candidate_1,candidate_4,4,0.1475
74,candidate_3,candidate_2,candidate_1,candidate_4,4,0.1475
75,candidate_3,0,candidate_1,candidate_4,4,0.1475
76,candidate_3,candidate_2,0,candidate_4,4,0.1475
77,candidate_3,0,candidate_1,candidate_4,4,0.1475
78,candidate_3,candidate_2,0,candidate_4,4,0.1475
79,candidate_3,candidate_2,candidate_1,0,4,0.1475
80,candidate_3,0,candidate_1,0,4,0.1475
81,candidate_3,candidate_2,candidate_1,candidate_4,4,0.1475
82,0,0,0,candidate_4,4,0.1475
83,candidate_3,candidate_2,candidate_1,candidate_4,4,0.1475
84,0,0,candidate_1,candidate_4,4,0.1475
85,candidate_3,candidate_2,candidate_1,candidate_4,4,0.1475
86,candidate_3,candidate_2,candidate_1,candidate_4,4,0.1475
87,candidate_3,candidate_2,candidate_1,0,4,0.1475
88,candidate_3,0,candidate_1,candidate_4,4,0.1475
89,candidate_3,candidate_2,0,candidate_4,4,0.1475
90,candidate_3,0,candidate_1,candidate_4,4,0.1475
91,0,candidate_2,candidate_1,candidate_4,4,0.1475
92,candidate_3,candidate_2,candidate_1,candidate_4,4,0.1475
93,candidate_3,candidate_2,candidate_1,candidate_4,4,0.1475
94,candidate_3,candidate_2,candidate_1,candidate_4,4,0.1475
95,candidate_3,0,candidate_1,candidate_4,4,0.1475
96,0,candidate_2,candidate_1,candidate_4,4,0.1475
97,candidate_3,candidate_2,candidate_1,candidate_4,4,0.1475
98,candidate_3,candidate_2,candidate_1,candidate_4,4,0.1475
99,0,candidate_2,candidate_1,0,4,0.1475
100,candidate_3,candidate_2,candidate_1,candidate_4,4,0.1475
101,candidate_3,candidate_2,candidate_1,candidate_4,4,0.1475
102,candidate_3,0,candidate_1,candidate_4,4,0.1475
103,candidate_3,0,candidate_1,candidate_4,4,0.1475
104,candidate_3,candidate_2,candidate_1,candidate_4,4,0.1475
105,candidate_3,0,candidate_1,candidate_4,4,0.1475
106,candidate_3,candidate_2,candidate_1,candidate_4,4,0.1475
107,candidate_3,candidate_2,0,candidate_4,4,0.1475
108,candidate_3,candidate_2,candidate_1,candidate_4,4,0.1475
0,candidate_3,candidate_2,candidate_4,candidate_1,4,0.1475
1,candidate_3,candidate_2,candidate_4,0,4,0.1475
2,candidate_3,candidate_2,candidate_4,candidate_1,4,0.1475
3,0,candidate_2,candidate_4,candidate_1,4,0.1475
4,candidate_3,0,candidate_4,candidate_1,4,0.1475
5,candidate_3,candidate_2,0,candidate_1,4,0.1475
6,0,candidate_2,candidate_4,0,4,0.1475
7,candidate_3,candidate_2,candidate_4,candidate_1,4,0.1475
8,candidate_3,candidate_2,candidate_4,candidate_1,4,0.1475
9,candidate_3,0,candidate_4,candidate_1,4,0.1475
10,candidate_3,candidate_2,candidate_4,0,4,0.1475
11,0,candidate_2,candidate_4,candidate_1,4,0.1475
12,0,0,candidate_4,0,4,0.1475
13,candidate_3,candidate_2,candidate_4,candidate_1,4,0.1475
14,candidate_3,candidate_2,candidate_4,candidate_1,4,0.1475
15,candidate_3,candidate_2,candidate_4,candidate_1,4,0.1475
16,0,candidate_2,candidate_4,0,4,0.1475
17,candidate_3,candidate_2,0,candidate_1,4,0.1475
18,candidate_3,0,candidate_4,candidate_1,4,0.1475
19,candidate_3,candidate_2,candidate_4,candidate_1,4,0.1475
20,candidate_3,candidate_2,candidate_4,candidate_1,4,0.1475
21,candidate_3,candidate_2,candidate_4,candidate_1,4,0.1475
22,candidate_3,candidate_2,0,candidate_1,4,0.1475
23,candidate_3,candidate_2,candidate_4,candidate_1,4,0.1475
24,0,candidate_2,candidate_4,candidate_1,4,0.1475
25,candidate_3,candidate_2,candidate_4,candidate_1,4,0.1475
26,candidate_3,candidate_2,candidate_4,candidate_1,4,0.1475
27,candidate_3,candidate_2,candidate_4,candidate_1,4,0.1475
28,candidate_3,candidate_2,0,candidate_1,4,0.1475
29,candidate_3,candidate_2,candidate_4,candidate_1,4,0.1475
30,candidate_3,candidate_2,candidate_4,candidate_1,4,0.1475
31,candidate_3,candidate_2,candidate_4,candidate_1,4,0.1475
32,candidate_3,candidate_2,candidate_4,candidate_1,4,0.1475
33,candidate_3,candidate_2,candidate_4,candidate_1,4,0.1475
34,candidate_3,candidate_2,candidate_4,candidate_1,4,0.1475
35,candidate_3,candidate_2,candidate_4,candidate_1,4,0.1475
36,candidate_3,candidate_2,candidate_4,candidate_1,4,0.1475
37,candidate_3,0,candidate_4,0,4,0.1475
38,candidate_3,candidate_2,candidate_4,candidate_1,4,0.1475
39,candidate_3,candidate_2,candidate_4,candidate_1,4,0.1475
40,candidate_3,candidate_2,candidate_4,candidate_1,4,0.1475
41,candidate_3,candidate_2,candidate_4,candidate_1,4,0.1475
42,candidate_3,candidate_2,0,candidate_1,4,0.1475
43,candidate_3,candidate_2,candidate_4,candidate_1,4,0.1475
44,candidate_3,candidate_2,0,candidate_1,4,0.1475
45,candidate_3,candidate_2,candidate_4,candidate_1,4,0.1475
46,candidate_3,0,candidate_4,candidate_1,4,0.1475
47,candidate_3,candidate_2,0,candidate_1,4,0.1475
48,candidate_3,candidate_2,candidate_4,candidate_1,4,0.1475
49,candidate_3,candidate_2,candidate_4,0,4,0.1475
50,candidate_3,candidate_2,candidate_4,candidate_1,4,0.1475
51,candidate_3,candidate_2,0,0,4,0.1475
52,candidate_3,0,candidate_4,candidate_1,4,0.1475
53,0,candidate_2,candidate_4,candidate_1,4,0.1475
54,candidate_3,candidate_2,candidate_4,candidate_1,4,0.1475
55,candidate_3,candidate_2,candidate_4,candidate_1,4,0.1475
56,candidate_3,candidate_2,0,0,4,0.1475
57,candidate_3,candidate_2,0,candidate_1,4,0.1475
58,0,candidate_2,candidate_4,candidate_1,4,0.1475
59,candidate_3,0,candidate_4,candidate_1,4,0.1475
60,candidate_3,candidate_2,0,candidate_1,4,0.1475
61,candidate_3,candidate_2,candidate_4,candidate_1,4,0.1475
62,candidate_3,0,candidate_4,candidate_1,4,0.1475
63,candidate_3,0,candidate_4,candidate_1,4,0.1475
64,candidate_3,candidate_2,candidate_4,0,4,0.1475
65,candidate_3,0,candidate_4,candidate_1,4,0.1475
66,candidate_3,candidate_2,candidate_4,candidate_1,4,0.1475
67,candidate_3,candidate_2,candidate_4,candidate_1,4,0.1475
68,candidate_3,0,candidate_4,candidate_1,4,0.1475
69,candidate_3,0,candidate_4,candidate_1,4,0.1475
70,candidate_3,candidate_2,candidate_4,candidate_1,4,0.1475
71,candidate_3,candidate_2,candidate_4,candidate_1,4,0.1475
72,candidate_3,candidate_2,candidate_4,candidate_1,4,0.1475
73,candidate_3,candidate_2,candidate_4,candidate_1,4,0.1475
74,candidate_3,0,candidate_4,candidate_1,4,0.1475
75,candidate_3,0,candidate_4,candidate_1,4,0.1475
76,candidate_3,candidate_2,candidate_4,candidate_1,4,0.1475
77,candidate_3,candidate_2,candidate_4,candidate_1,4,0.1475
78,0,candidate_2,candidate_4,candidate_1,4,0.1475
79,candidate_3,candidate_2,candidate_4,candidate_1,4,0.1475
80,candidate_3,candidate_2,candidate_4,candidate_1,4,0.1475
81,candidate_3,0,candidate_4,candidate_1,4,0.1475
82,0,candidate_2,candidate_4,0,4,0.1475
83,candidate_3,candidate_2,candidate_4,candidate_1,4,0.1475
84,candidate_3,candidate_2,candidate_4,0,4,0.1475
85,candidate_3,candidate_2,candidate_4,candidate_1,4,0.1475
86,candidate_3,0,candidate_4,candidate_1,4,0.1475
87,candidate_3,candidate_2,candidate_4,candidate_1,4,0.1475
88,candidate_3,candidate_2,candidate_4,candidate_1,4,0.1475
89,candidate_3,candidate_2,candidate_4,candidate_1,4,0.1475
90,candidate_3,candidate_2,candidate_4,candidate_1,4,0.1475
91,candidate_3,candidate_2,candidate_4,candidate_1,4,0.1475
92,candidate_3,candidate_2,candidate_4,candidate_1,4,0.1475
93,candidate_3,candidate_2,candidate_4,candidate_1,4,0.1475
94,candidate_3,candidate_2,candidate_4,candidate_1,4,0.1475
95,0,0,candidate_4,candidate_1,4,0.1475
96,candidate_3,candidate_2,candidate_4,candidate_1,4,0.1475
97,candidate_3,candidate_2,candidate_4,candidate_1,4,0.1475
98,candidate_3,candidate_2,candidate_4,candidate_1,4,0.1475
99,0,candidate_2,0,0,4,0.1475
100,candidate_3,candidate_2,candidate_4,candidate_1,4,0.1475
101,candidate_3,candidate_2,candidate_4,candidate_1,4,0.1475
102,candidate_3,candidate_2,candidate_4,0,4,0.1475
103,candidate_3,0,candidate_4,candidate_1,4,0.1475
104,candidate_3,0,0,candidate_1,4,0.1475
105,candidate_3,candidate_2,candidate_4,0,4,0.1475
106,candidate_3,candidate_2,candidate_4,candidate_1,4,0.1475
107,candidate_3,candidate_2,0,0,4,0.1475
108,candidate_3,candidate_2,0,candidate_1,4,0.1475
109,candidate_3,candidate_2,candidate_4,candidate_1,4,0.1475
110,0,candidate_2,0,candidate_1,4,0.1475
111,candidate_3,candidate_2,candidate_4,0,4,0.1475
112,candidate_3,candidate_2,candidate_4,candidate_1,4,0.1475
113,0,candidate_2,candidate_4,candidate_1,4,0.1475
114,candidate_3,candidate_2,candidate_4,candidate_1,4,0.1475
115,candidate_3,candidate_2,candidate_4,candidate_1,4,0.1475
116,0,candidate_2,candidate_4,candidate_1,4,0.1475
117,candidate_3,candidate_2,0,candidate_1,4,0.1475
118,candidate_3,candidate_2,candidate_4,candidate_1,4,0.1475
119,0,candidate_2,candidate_4,candidate_1,4,0.1475
120,candidate_3,0,candidate_4,candidate_1,4,0.1475
121,candidate_3,candidate_2,candidate_4,candidate_1,4,0.1475
122,candidate_3,0,candidate_4,candidate_1,4,0.1475
123,candidate_3,candidate_2,candidate_4,candidate_1,4,0.1475
124,candidate_3,candidate_2,candidate_4,candidate_1,4,0.1475
125,candidate_3,candidate_2,candidate_4,candidate_1,4,0.1475
126,candidate_3,candidate_2,candidate_4,candidate_1,4,0.1475
127,candidate_3,candidate_2,candidate_4,candidate_1,4,0.1475
128,candidate_3,candidate_2,candidate_4,candidate_1,4,0.1475
129,candidate_3,0,0,candidate_1,4,0.1475
130,candidate_3,candidate_2,candidate_4,candidate_1,4,0.1475
131,candidate_3,candidate_2,candidate_4,candidate_1,4,0.1475
132,candidate_3,candidate_2,candidate_4,candidate_1,4,0.1475
133,candidate_3,0,candidate_4,0,4,0.1475
134,candidate_3,candidate_2,candidate_4,candidate_1,4,0.1475
135,candidate_3,candidate_2,candidate_4,candidate_1,4,0.1475
136,candidate_3,candidate_2,candidate_4,candidate_1,4,0.1475
137,candidate_3,0,candidate_4,0,4,0.1475
138,candidate_3,candidate_2,candidate_4,candidate_1,4,0.1475
139,candidate_3,candidate_2,candidate_4,candidate_1,4,0.1475
140,candidate_3,candidate_2,candidate_4,0,4,0.1475
141,candidate_3,0,0,0,4,0.1475
142,candidate_3,0,candidate_4,candidate_1,4,0.1475
143,candidate_3,candidate_2,candidate_4,candidate_1,4,0.1475
144,candidate_3,candidate_2,0,candidate_1,4,0.1475
145,candidate_3,candidate_2,candidate_4,candidate_1,4,0.1475
146,0,candidate_2,candidate_4,candidate_1,4,0.1475
147,candidate_3,candidate_2,candidate_4,candidate_1,4,0.1475
148,candidate_3,candidate_2,0,candidate_1,4,0.1475
149,candidate_3,candidate_2,candidate_4,candidate_1,4,0.1475
150,candidate_3,candidate_2,candidate_4,candidate_1,4,0.1475
151,candidate_3,candidate_2,candidate_4,candidate_1,4,0.1475
152,candidate_3,candidate_2,0,candidate_1,4,0.1475
153,candidate_3,candidate_2,candidate_4,candidate_1,4,0.1475
154,candidate_3,candidate_2,candidate_4,candidate_1,4,0.1475
155,candidate_3,candidate_2,candidate_4,0,4,0.1475
156,0,candidate_2,candidate_4,candidate_1,4,0.1475
157,candidate_3,candidate_2,candidate_4,candidate_1,4,0.1475
158,0,candidate_2,candidate_4,candidate_1,4,0.1475
159,candidate_3,candidate_2,candidate_4,candidate_1,4,0.1475
160,candidate_3,0,candidate_4,candidate_1,4,0.1475
161,candidate_3,candidate_2,candidate_4,candidate_1,4,0.1475
162,candidate_3,candidate_2,candidate_4,candidate_1,4,0.1475
163,candidate_3,candidate_2,candidate_4,candidate_1,4,0.1475
164,candidate_3,candidate_2,candidate_4,candidate_1,4,0.1475
165,candidate_3,candidate_2,candidate_4,candidate_1,4,0.1475
166,candidate_3,candidate_2,candidate_4,0,4,0.1475
167,candidate_3,candidate_2,candidate_4,candidate_1,4,0.1475
168,candidate_3,candidate_2,candidate_4,candidate_1,4,0.1475
169,candidate_3,candidate_2,candidate_4,0,4,0.1475
170,candidate_3,candidate_2,0,candidate_1,4,0.1475
171,0,candidate_2,candidate_4,candidate_1,4,0.1475
172,candidate_3,candidate_2,0,candidate_1,4,0.1475
173,candidate_3,candidate_2,candidate_4,candidate_1,4,0.1475
174,candidate_3,0,candidate_4,candidate_1,4,0.1475
175,candidate_3,candidate_2,candidate_4,candidate_1,4,0.1475
176,0,0,candidate_4,0,4,0.1475
177,candidate_3,candidate_2,candidate_4,0,4,0.1475
178,candidate_3,candidate_2,candidate_4,0,4,0.1475
179,candidate_3,candidate_2,0,candidate_1,4,0.1475
180,candidate_3,0,0,candidate_1,4,0.1475
181,candidate_3,candidate_2,candidate_4,0,4,0.1475
182,candidate_3,candidate_2,candidate_4,candidate_1,4,0.1475
183,candidate_3,candidate_2,0,candidate_1,4,0.1475
184,candidate_3,candidate_2,candidate_4,candidate_1,4,0.1475
185,candidate_3,candidate_2,candidate_4,0,4,0.1475
186,candidate_3,candidate_2,candidate_4,candidate_1,4,0.1475
187,candidate_3,candidate_2,0,candidate_1,4,0.1475
188,candidate_3,candidate_2,candidate_4,candidate_1,4,0.1475
189,0,candidate_2,candidate_4,0,4,0.1475
190,0,candidate_2,candidate_4,candidate_1,4,0.1475
191,0,candidate_2,candidate_4,candidate_1,4,0.1475
192,candidate_3,candidate_2,0,candidate_1,4,0.1475
193,candidate_3,candidate_2,candidate_4,0,4,0.1475
194,candidate_3,candidate_2,0,candidate_1,4,0.1475
195,candidate_3,candidate_2,candidate_4,candidate_1,4,0.1475
196,0,candidate_2,0,candidate_1,4,0.1475
197,candidate_3,candidate_2,candidate_4,candidate_1,4,0.1475
198,candidate_3,candidate_2,candidate_4,candidate_1,4,0.1475
199,candidate_3,candidate_2,candidate_4,0,4,0.1475
200,0,candidate_2,candidate_4,candidate_1,4,0.1475
201,candidate_3,candidate_2,candidate_4,candidate_1,4,0.1475
202,candidate_3,0,candidate_4,candidate_1,4,0.1475
203,candidate_3,candidate_2,candidate_4,candidate_1,4,0.1475
204,candidate_3,0,candidate_4,candidate_1,4,0.1475
205,candidate_3,candidate_2,candidate_4,candidate_1,4,0.1475
206,candidate_3,candidate_2,0,0,4,0.1475
207,candidate_3,candidate_2,candidate_4,candidate_1,4,0.1475
208,0,candidate_2,candidate_4,candidate_1,4,0.1475
209,candidate_3,candidate_2,candidate_4,candidate_1,4,0.1475
210,candidate_3,0,candidate_4,0,4,0.1475
211,candidate_3,candidate_2,0,candidate_1,4,0.1475
212,candidate_3,0,candidate_4,candidate_1,4,0.1475
213,candidate_3,candidate_2,candidate_4,candidate_1,4,0.1475
214,candidate_3,candidate_2,candidate_4,candidate_1,4,0.1475
215,0,candidate_2,candidate_4,candidate_1,4,0.1475
216,candidate_3,candidate_2,0,candidate_1,4,0.1475
217,candidate_3,candidate_2,candidate_4,0,4,0.1475
218,candidate_3,candidate_2,candidate_4,candidate_1,4,0.1475
219,0,candidate_2,candidate_4,candidate_1,4,0.1475
220,candidate_3,candidate_2,candidate_4,candidate_1,4,0.1475
221,candidate_3,candidate_2,candidate_4,candidate_1,4,0.1475
222,candidate_3,candidate_2,candidate_4,candidate_1,4,0.1475
223,candidate_3,candidate_2,candidate_4,candidate_1,4,0.1475
224,candidate_3,candidate_2,0,candidate_1,4,0.1475
225,0,0,candidate_4,0,4,0.1475
226,candidate_3,candidate_2,candidate_4,candidate_1,4,0.1475
227,0,candidate_2,0,0,4,0.1475
228,candidate_3,candidate_2,candidate_4,0,4,0.1475
229,candidate_3,0,0,candidate_1,4,0.1475
230,candidate_3,candidate_2,candidate_4,candidate_1,4,0.1475
231,0,0,candidate_4,0,4,0.1475
232,candidate_3,0,candidate_4,candidate_1,4,0.1475
233,candidate_3,candidate_2,candidate_4,candidate_1,4,0.1475
234,candidate_3,candidate_2,candidate_4,0,4,0.1475
235,candidate_3,candidate_2,candidate_4,candidate_1,4,0.1475
236,candidate_3,0,candidate_4,candidate_1,4,0.1475
237,candidate_3,0,candidate_4,candidate_1,4,0.1475
238,candidate_3,candidate_2,candidate_4,0,4,0.1475
239,candidate_3,candidate_2,0,candidate_1,4,0.1475
240,candidate_3,candidate_2,candidate_4,0,4,0.1475
241,0,candidate_2,candidate_4,candidate_1,4,0.1475
242,candidate_3,candidate_2,candidate_4,candidate_1,4,0.1475
243,candidate_3,candidate_2,0,candidate_1,4,0.1475
244,candidate_3,candidate_2,candidate_4,0,4,0.1475
245,candidate_3,candidate_2,0,candidate_1,4,0.1475
246,candidate_3,candidate_2,candidate_4,candidate_1,4,0.1475
247,candidate_3,candidate_2,0,candidate_1,4,0.1475
248,candidate_3,candidate_2,candidate_4,candidate_1,4,0.1475
249,candidate_3,candidate_2,candidate_4,candidate_1,4,0.1475
250,candidate_3,candidate_2,candidate_4,candidate_1,4,0.1475
251,candidate_3,candidate_2,0,candidate_1,4,0.1475
252,candidate_3,candidate_2,candidate_4,candidate_1,4,0.1475
253,candidate_3,candidate_2,candidate_4,candidate_1,4,0.1475
254,candidate_3,0,candidate_4,candidate_1,4,0.1475
255,candidate_3,0,candidate_4,candidate_1,4,0.1475
256,candidate_3,candidate_2,candidate_4,candidate_1,4,0.1475
257,0,candidate_2,candidate_4,candidate_1,4,0.1475
258,candidate_3,candidate_2,candidate_4,candidate_1,4,0.1475
259,0,candidate_2,candidate_4,candidate_1,4,0.1475
260,candidate_3,candidate_2,candidate_4,candidate_1,4,0.1475
261,candidate_3,candidate_2,candidate_4,candidate_1,4,0.1475
262,0,candidate_2,candidate_4,candidate_1,4,0.1475
263,0,candidate_2,0,candidate_1,4,0.1475
264,candidate_3,candidate_2,candidate_4,candidate_1,4,0.1475
265,candidate_3,0,candidate_4,candidate_1,4,0.1475
266,candidate_3,candidate_2,candidate_4,candidate_1,4,0.1475
267,candidate_3,candidate_2,candidate_4,candidate_1,4,0.1475
268,candidate_3,candidate_2,candidate_4,candidate_1,4,0.1475
269,candidate_3,candidate_2,candidate_4,candidate_1,4,0.1475
270,0,candidate_2,candidate_4,candidate_1,4,0.1475
271,candidate_3,candidate_2,candidate_4,candidate_1,4,0.1475
272,candidate_3,candidate_2,candidate_4,candidate_1,4,0.1475
273,candidate_3,0,candidate_4,candidate_1,4,0.1475
274,0,candidate_2,candidate_4,0,4,0.1475
275,candidate_3,candidate_2,candidate_4,candidate_1,4,0.1475
276,candidate_3,candidate_2,0,candidate_1,4,0.1475
277,0,candidate_2,candidate_4,candidate_1,4,0.1475
278,candidate_3,candidate_2,candidate_4,candidate_1,4,0.1475
279,0,candidate_2,candidate_4,candidate_1,4,0.1475
280,candidate_3,candidate_2,0,candidate_1,4,0.1475
281,candidate_3,candidate_2,candidate_4,candidate_1,4,0.1475
282,0,candidate_2,candidate_4,0,4,0.1475
283,candidate_3,0,candidate_4,candidate_1,4,0.1475
284,candidate_3,candidate_2,0,candidate_1,4,0.1475
285,candidate_3,0,candidate_4,candidate_1,4,0.1475
286,candidate_3,candidate_2,candidate_4,candidate_1,4,0.1475
287,candidate_3,candidate_2,candidate_4,candidate_1,4,0.1475
288,candidate_3,candidate_2,candidate_4,candidate_1,4,0.1475
289,candidate_3,candidate_2,0,candidate_1,4,0.1475
290,candidate_3,candidate_2,candidate_4,candidate_1,4,0.1475
291,candidate_3,candidate_2,candidate_4,candidate_1,4,0.1475
292,0,0,candidate_4,candidate_1,4,0.1475
293,candidate_3,candidate_2,candidate_4,candidate_1,4,0.1475
294,candidate_3,0,candidate_4,candidate_1,4,0.1475
295,0,candidate_2,candidate_4,candidate_1,4,0.1475
296,candidate_3,0,candidate_4,candidate_1,4,0.1475
297,candidate_3,candidate_2,candidate_4,0,4,0.1475
298,candidate_3,candidate_2,0,candidate_1,4,0.1475
299,0,0,0,candidate_1,4,0.1475
300,candidate_3,candidate_2,candidate_4,candidate_1,4,0.1475
301,candidate_3,0,candidate_4,candidate_1,4,0.1475
302,candidate_3,candidate_2,candidate_4,0,4,0.1475
303,candidate_3,0,candidate_4,0,4,0.1475
304,candidate_3,candidate_2,candidate_4,candidate_1,4,0.1475
305,candidate_3,0,candidate_4,candidate_1,4,0.1475
306,candidate_3,candidate_2,candidate_4,candidate_1,4,0.1475
307,candidate_3,0,candidate_4,candidate_1,4,0.1475
308,0,candidate_2,candidate_4,candidate_1,4,0.1475
309,candidate_3,candidate_2,candidate_4,candidate_1,4,0.1475
310,candidate_3,candidate_2,0,candidate_1,4,0.1475
311,candidate_3,candidate_2,candidate_4,candidate_1,4,0.1475
312,0,candidate_2,candidate_4,candidate_1,4,0.1475
313,candidate_3,candidate_2,candidate_4,candidate_1,4,0.1475
314,candidate_3,candidate_2,candidate_4,candidate_1,4,0.1475
315,candidate_3,candidate_2,candidate_4,candidate_1,4,0.1475
316,candidate_3,candidate_2,candidate_4,candidate_1,4,0.1475
317,candidate_3,candidate_2,candidate_4,0,4,0.1475
318,candidate_3,candidate_2,candidate_4,candidate_1,4,0.1475
319,candidate_3,candidate_2,candidate_4,candidate_1,4,0.1475
320,candidate_3,candidate_2,0,0,4,0.1475
321,candidate_3,candidate_2,candidate_4,candidate_1,4,0.1475
322,candidate_3,candidate_2,candidate_4,candidate_1,4,0.1475
323,candidate_3,candidate_2,candidate_4,candidate_1,4,0.1475
324,candidate_3,candidate_2,candidate_4,candidate_1,4,0.1475
325,candidate_3,0,candidate_4,0,4,0.1475
326,0,candidate_2,candidate_4,candidate_1,4,0.1475
327,candidate_3,candidate_2,candidate_4,candidate_1,4,0.1475
328,candidate_3,candidate_2,candidate_4,candidate_1,4,0.1475
329,candidate_3,0,candidate_4,candidate_1,4,0.1475
330,candidate_3,candidate_2,candidate_4,candidate_1,4,0.1475
331,0,candidate_2,candidate_4,0,4,0.1475
332,0,0,0,candidate_1,4,0.1475
333,candidate_3,0,candidate_4,candidate_1,4,0.1475
334,candidate_3,candidate_2,candidate_4,candidate_1,4,0.1475
335,0,0,candidate_4,candidate_1,4,0.1475
336,candidate_3,candidate_2,candidate_4,candidate_1,4,0.1475
337,candidate_3,candidate_2,candidate_4,candidate_1,4,0.1475
338,candidate_3,candidate_2,candidate_4,candidate_1,4,0.1475
339,candidate_3,candidate_2,candidate_4,candidate_1,4,0.1475
340,candidate_3,candidate_2,candidate_4,candidate_1,4,0.1475
341,candidate_3,candidate_2,candidate_4,candidate_1,4,0.1475
342,candidate_3,candidate_2,candidate_4,candidate_1,4,0.1475
343,candidate_3,candidate_2,candidate_4,candidate_1,4,0.1475
344,candidate_3,candidate_2,0,candidate_1,4,0.1475
345,candidate_3,candidate_2,candidate_4,0,4,0.1475
346,candidate_3,candidate_2,candidate_4,0,4,0.1475
347,candidate_3,0,candidate_4,candidate_1,4,0.1475
348,candidate_3,candidate_2,candidate_4,0,4,0.1475
349,candidate_3,0,candidate_4,candidate_1,4,0.1475
350,candidate_3,candidate_2,candidate_4,candidate_1,4,0.1475
351,candidate_3,candidate_2,candidate_4,candidate_1,4,0.1475
352,candidate_3,candidate_2,candidate_4,0,4,0.1475
353,candidate_3,candidate_2,0,candidate_1,4,0.1475
354,candidate_3,candidate_2,candidate_4,candidate_1,4,0.1475
355,0,candidate_2,candidate_4,candidate_1,4,0.1475
356,candidate_3,candidate_2,candidate_4,candidate_1,4,0.1475
357,candidate_3,candidate_2,0,0,4,0.1475
358,candidate_3,candidate_2,candidate_4,candidate_1,4,0.1475
359,candidate_3,candidate_2,candidate_4,candidate_1,4,0.1475
360,candidate_3,candidate_2,candidate_4,0,4,0.1475
361,0,candidate_2,candidate_4,candidate_1,4,0.1475
362,candidate_3,candidate_2,candidate_4,candidate_1,4,0.1475
363,candidate_3,candidate_2,0,candidate_1,4,0.1475
364,candidate_3,candidate_2,candidate_4,candidate_1,4,0.1475
365,candidate_3,candidate_2,candidate_4,candidate_1,4,0.1475
366,0,candidate_2,0,candidate_1,4,0.1475
367,candidate_3,candidate_2,candidate_4,0,4,0.1475
368,candidate_3,candidate_2,candidate_4,candidate_1,4,0.1475
369,candidate_3,candidate_2,0,candidate_1,4,0.1475
370,candidate_3,candidate_2,candidate_4,candidate_1,4,0.1475
371,candidate_3,candidate_2,candidate_4,0,4,0.1475
372,candidate_3,candidate_2,candidate_4,candidate_1,4,0.1475
373,candidate_3,candidate_2,candidate_4,candidate_1,4,0.1475
374,candidate_3,candidate_2,candidate_4,candidate_1,4,0.1475
375,candidate_3,candidate_2,candidate_4,candidate_1,4,0.1475
376,candidate_3,0,candidate_4,candidate_1,4,0.1475
377,candidate_3,0,candidate_4,candidate_1,4,0.1475
378,candidate_3,candidate_2,0,candidate_1,4,0.1475
379,candidate_3,candidate_2,candidate_4,0,4,0.1475
380,candidate_3,candidate_2,candidate_4,candidate_1,4,0.1475
381,candidate_3,candidate_2,candidate_4,0,4,0.1475
382,candidate_3,candidate_2,0,candidate_1,4,0.1475
383,candidate_3,0,candidate_4,candidate_1,4,0.1475
384,candidate_3,candidate_2,candidate_4,0,4,0.1475
385,0,candidate_2,candidate_4,candidate_1,4,0.1475
386,candidate_3,candidate_2,candidate_4,candidate_1,4,0.1475
387,candidate_3,candidate_2,candidate_4,0,4,0.1475
388,candidate_3,candidate_2,candidate_4,candidate_1,4,0.1475
389,candidate_3,candidate_2,candidate_4,candidate_1,4,0.1475
390,candidate_3,candidate_2,candidate_4,candidate_1,4,0.1475
391,candidate_3,candidate_2,candidate_4,candidate_1,4,0.1475
392,candidate_3,candidate_2,candidate_4,candidate_1,4,0.1475
393,candidate_3,candidate_2,candidate_4,candidate_1,4,0.1475
394,candidate_3,candidate_2,candidate_4,candidate_1,4,0.1475
395,candidate_3,0,candidate_4,candidate_1,4,0.1475
396,candidate_3,candidate_2,candidate_4,candidate_1,4,0.1475
397,0,candidate_2,candidate_4,candidate_1,4,0.1475
398,candidate_3,candidate_2,candidate_4,0,4,0.1475
399,candidate_3,candidate_2,0,candidate_1,4,0.1475
400,candidate_3,candidate_2,candidate_4,candidate_1,4,0.1475
401,candidate_3,candidate_2,candidate_4,candidate_1,4,0.1475
402,candidate_3,candidate_2,candidate_4,candidate_1,4,0.1475
403,candidate_3,candidate_2,0,candidate_1,4,0.1475
404,candidate_3,candidate_2,candidate_4,candidate_1,4,0.1475
405,candidate_3,candidate_2,candidate_4,candidate_1,4,0.1475
406,candidate_3,candidate_2,candidate_4,candidate_1,4,0.1475
407,0,candidate_2,candidate_4,0,4,0.1475
408,candidate_3,candidate_2,0,candidate_1,4,0.1475
409,candidate_3,candidate_2,candidate_4,candidate_1,4,0.1475
410,candidate_3,candidate_2,candidate_4,candidate_1,4,0.1475
411,candidate_3,0,candidate_4,candidate_1,4,0.1475
412,candidate_3,0,0,candidate_1,4,0.1475
413,candidate_3,candidate_2,candidate_4,candidate_1,4,0.1475
414,candidate_3,candidate_2,candidate_4,candidate_1,4,0.1475
415,0,candidate_2,candidate_4,candidate_1,4,0.1475
416,candidate_3,0,candidate_4,candidate_1,4,0.1475
417,candidate_3,0,candidate_4,candidate_1,4,0.1475
418,candidate_3,candidate_2,candidate_4,0,4,0.1475
419,candidate_3,candidate_2,0,candidate_1,4,0.1475
0,candidate_3,0,candidate_1,candidate_2,4,0.1475
1,candidate_3,candidate_4,0,candidate_2,4,0.1475
2,0,candidate_4,candidate_1,candidate_2,4,0.1475
3,0,candidate_4,candidate_1,candidate_2,4,0.1475
4,candidate_3,candidate_4,candidate_1,candidate_2,4,0.1475
5,candidate_3,0,candidate_1,candidate_2,4,0.1475
6,candidate_3,candidate_4,candidate_1,candidate_2,4,0.1475
7,0,candidate_4,candidate_1,candidate_2,4,0.1475
8,candidate_3,candidate_4,candidate_1,candidate_2,4,0.1475
9,candidate_3,candidate_4,candidate_1,candidate_2,4,0.1475
10,candidate_3,candidate_4,candidate_1,0,4,0.1475
11,candidate_3,candidate_4,candidate_1,candidate_2,4,0.1475
12,candidate_3,candidate_4,0,candidate_2,4,0.1475
13,candidate_3,candidate_4,candidate_1,candidate_2,4,0.1475
14,candidate_3,candidate_4,candidate_1,candidate_2,4,0.1475
15,candidate_3,candidate_4,candidate_1,candidate_2,4,0.1475
16,candidate_3,0,candidate_1,candidate_2,4,0.1475
17,candidate_3,candidate_4,candidate_1,candidate_2,4,0.1475
18,candidate_3,candidate_4,candidate_1,candidate_2,4,0.1475
19,candidate_3,candidate_4,candidate_1,candidate_2,4,0.1475
20,candidate_3,candidate_4,candidate_1,candidate_2,4,0.1475
21,candidate_3,0,candidate_1,candidate_2,4,0.1475
22,0,candidate_4,candidate_1,candidate_2,4,0.1475
23,candidate_3,candidate_4,0,candidate_2,4,0.1475
24,candidate_3,candidate_4,candidate_1,candidate_2,4,0.1475
25,candidate_3,candidate_4,candidate_1,0,4,0.1475
26,candidate_3,0,candidate_1,candidate_2,4,0.1475
27,candidate_3,0,candidate_1,candidate_2,4,0.1475
28,candidate_3,candidate_4,candidate_1,candidate_2,4,0.1475
29,candidate_3,candidate_4,candidate_1,0,4,0.1475
30,candidate_3,candidate_4,candidate_1,candidate_2,4,0.1475
31,0,candidate_4,candidate_1,candidate_2,4,0.1475
32,candidate_3,0,0,candidate_2,4,0.1475
33,candidate_3,candidate_4,candidate_1,candidate_2,4,0.1475
34,candidate_3,candidate_4,candidate_1,candidate_2,4,0.1475
35,candidate_3,candidate_4,candidate_1,candidate_2,4,0.1475
36,candidate_3,candidate_4,candidate_1,candidate_2,4,0.1475
37,candidate_3,candidate_4,candidate_1,candidate_2,4,0.1475
38,candidate_3,candidate_4,candidate_1,candidate_2,4,0.1475
39,0,0,candidate_1,candidate_2,4,0.1475
40,candidate_3,candidate_4,candidate_1,candidate_2,4,0.1475
41,candidate_3,0,candidate_1,candidate_2,4,0.1475
42,candidate_3,candidate_4,candidate_1,candidate_2,4,0.1475
43,candidate_3,0,candidate_1,candidate_2,4,0.1475
44,0,candidate_4,0,candidate_2,4,0.1475
45,candidate_3,candidate_4,candidate_1,0,4,0.1475
46,candidate_3,candidate_4,candidate_1,candidate_2,4,0.1475
47,0,candidate_4,candidate_1,candidate_2,4,0.1475
48,candidate_3,candidate_4,candidate_1,candidate_2,4,0.1475
49,0,candidate_4,candidate_1,candidate_2,4,0.1475
50,candidate_3,0,candidate_1,candidate_2,4,0.1475
51,candidate_3,0,candidate_1,candidate_2,4,0.1475
52,candidate_3,candidate_4,candidate_1,candidate_2,4,0.1475
53,candidate_3,candidate_4,0,candidate_2,4,0.1475
54,candidate_3,candidate_4,0,candidate_2,4,0.1475
55,0,candidate_4,candidate_1,0,4,0.1475
56,candidate_3,candidate_4,candidate_1,candidate_2,4,0.1475
57,candidate_3,candidate_4,candidate_1,0,4,0.1475
58,candidate_3,candidate_4,0,candidate_2,4,0.1475
59,candidate_3,candidate_4,candidate_1,candidate_2,4,0.1475
60,candidate_3,candidate_4,0,candidate_2,4,0.1475
61,0,candidate_4,candidate_1,candidate_2,4,0.1475
62,candidate_3,candidate_4,candidate_1,candidate_2,4,0.1475
63,candidate_3,candidate_4,candidate_1,candidate_2,4,0.1475
64,0,0,candidate_1,candidate_2,4,0.1475
65,candidate_3,candidate_4,candidate_1,0,4,0.1475
66,candidate_3,candidate_4,candidate_1,candidate_2,4,0.1475
67,candidate_3,candidate_4,candidate_1,candidate_2,4,0.1475
68,candidate_3,candidate_4,candidate_1,0,4,0.1475
69,0,candidate_4,candidate_1,candidate_2,4,0.1475
70,candidate_3,candidate_4,candidate_1,candidate_2,4,0.1475
71,candidate_3,0,0,candidate_2,4,0.1475
72,candidate_3,candidate_4,candidate_1,0,4,0.1475
73,candidate_3,candidate_4,candidate_1,candidate_2,4,0.1475
74,candidate_3,candidate_4,candidate_1,candidate_2,4,0.1475
75,0,candidate_4,candidate_1,candidate_2,4,0.1475
76,candidate_3,0,0,0,4,0.1475
77,candidate_3,0,candidate_1,candidate_2,4,0.1475
78,candidate_3,candidate_4,candidate_1,candidate_2,4,0.1475
79,candidate_3,candidate_4,candidate_1,candidate_2,4,0.1475
80,candidate_3,candidate_4,candidate_1,candidate_2,4,0.1475
81,candidate_3,candidate_4,0,candidate_2,4,0.1475
82,0,candidate_4,candidate_1,0,4,0.1475
83,candidate_3,candidate_4,candidate_1,candidate_2,4,0.1475
84,candidate_3,candidate_4,candidate_1,candidate_2,4,0.1475
85,candidate_3,0,candidate_1,candidate_2,4,0.1475
86,candidate_3,candidate_4,candidate_1,candidate_2,4,0.1475
87,0,candidate_4,candidate_1,0,4,0.1475
88,candidate_3,candidate_4,candidate_1,candidate_2,4,0.1475
89,candidate_3,candidate_4,candidate_1,candidate_2,4,0.1475
90,candidate_3,candidate_4,0,candidate_2,4,0.1475
91,candidate_3,candidate_4,candidate_1,candidate_2,4,0.1475
92,0,candidate_4,candidate_1,candidate_2,4,0.1475
93,candidate_3,candidate_4,candidate_1,candidate_2,4,0.1475
94,candidate_3,candidate_4,candidate_1,candidate_2,4,0.1475
95,0,candidate_4,candidate_1,candidate_2,4,0.1475
96,candidate_3,candidate_4,candidate_1,candidate_2,4,0.1475
97,candidate_3,0,candidate_1,candidate_2,4,0.1475
98,candidate_3,candidate_4,candidate_1,candidate_2,4,0.1475
99,candidate_3,candidate_4,candidate_1,candidate_2,4,0.1475
100,candidate_3,candidate_4,candidate_1,0,4,0.1475
101,candidate_3,0,candidate_1,0,4,0.1475
102,candidate_3,candidate_4,candidate_1,candidate_2,4,0.1475
103,candidate_3,0,candidate_1,candidate_2,4,0.1475
104,candidate_3,candidate_4,candidate_1,candidate_2,4,0.1475
105,candidate_3,candidate_4,candidate_1,candidate_2,4,0.1475
106,candidate_3,candidate_4,candidate_1,candidate_2,4,0.1475
107,candidate_3,candidate_4,0,candidate_2,4,0.1475
108,candidate_3,0,0,candidate_2,4,0.1475
109,candidate_3,candidate_4,candidate_1,candidate_2,4,0.1475
110,candidate_3,candidate_4,candidate_1,candidate_2,4,0.1475
111,candidate_3,candidate_4,candidate_1,candidate_2,4,0.1475
112,candidate_3,candidate_4,candidate_1,candidate_2,4,0.1475
113,0,candidate_4,candidate_1,candidate_2,4,0.1475
114,candidate_3,candidate_4,candidate_1,candidate_2,4,0.1475
115,candidate_3,candidate_4,candidate_1,candidate_2,4,0.1475
116,candidate_3,candidate_4,candidate_1,candidate_2,4,0.1475
117,candidate_3,candidate_4,candidate_1,candidate_2,4,0.1475
118,candidate_3,candidate_4,candidate_1,candidate_2,4,0.1475
119,candidate_3,candidate_4,0,candidate_2,4,0.1475
120,candidate_3,candidate_4,candidate_1,candidate_2,4,0.1475
121,candidate_3,candidate_4,0,candidate_2,4,0.1475
122,candidate_3,0,candidate_1,candidate_2,4,0.1475
123,0,candidate_4,0,candidate_2,4,0.1475
124,candidate_3,candidate_4,candidate_1,candidate_2,4,0.1475
0,candidate_3,candidate_4,0,candidate_1,4,0.1475
1,0,candidate_4,candidate_2,candidate_1,4,0.1475
2,0,candidate_4,candidate_2,candidate_1,4,0.1475
3,candidate_3,candidate_4,candidate_2,candidate_1,4,0.1475
4,candidate_3,candidate_4,candidate_2,candidate_1,4,0.1475
5,candidate_3,candidate_4,candidate_2,candidate_1,4,0.1475
6,candidate_3,candidate_4,candidate_2,candidate_1,4,0.1475
7,candidate_3,candidate_4,candidate_2,candidate_1,4,0.1475
8,candidate_3,candidate_4,candidate_2,candidate_1,4,0.1475
9,candidate_3,candidate_4,candidate_2,candidate_1,4,0.1475
10,candidate_3,0,candidate_2,candidate_1,4,0.1475
11,candidate_3,0,candidate_2,candidate_1,4,0.1475
12,candidate_3,candidate_4,candidate_2,candidate_1,4,0.1475
13,candidate_3,candidate_4,candidate_2,candidate_1,4,0.1475
14,candidate_3,candidate_4,candidate_2,candidate_1,4,0.1475
15,candidate_3,candidate_4,candidate_2,candidate_1,4,0.1475
16,candidate_3,candidate_4,candidate_2,candidate_1,4,0.1475
17,0,candidate_4,candidate_2,candidate_1,4,0.1475
18,candidate_3,candidate_4,candidate_2,candidate_1,4,0.1475
19,candidate_3,candidate_4,candidate_2,candidate_1,4,0.1475
20,candidate_3,0,candidate_2,candidate_1,4,0.1475
21,candidate_3,candidate_4,candidate_2,0,4,0.1475
22,candidate_3,candidate_4,candidate_2,candidate_1,4,0.1475
23,candidate_3,candidate_4,0,candidate_1,4,0.1475
24,candidate_3,candidate_4,candidate_2,candidate_1,4,0.1475
25,candidate_3,candidate_4,candidate_2,candidate_1,4,0.1475
26,candidate_3,candidate_4,0,candidate_1,4,0.1475
27,candidate_3,candidate_4,candidate_2,0,4,0.1475
28,candidate_3,candidate_4,candidate_2,candidate_1,4,0.1475
29,candidate_3,candidate_4,candidate_2,candidate_1,4,0.1475
30,candidate_3,candidate_4,candidate_2,candidate_1,4,0.1475
31,candidate_3,candidate_4,candidate_2,candidate_1,4,0.1475
32,candidate_3,candidate_4,candidate_2,candidate_1,4,0.1475
33,candidate_3,candidate_4,candidate_2,candidate_1,4,0.1475
34,candidate_3,candidate_4,candidate_2,candidate_1,4,0.1475
35,candidate_3,candidate_4,candidate_2,candidate_1,4,0.1475
36,0,candidate_4,candidate_2,candidate_1,4,0.1475
37,candidate_3,candidate_4,candidate_2,0,4,0.1475
38,candidate_3,0,candidate_2,candidate_1,4,0.1475
39,candidate_3,candidate_4,candidate_2,candidate_1,4,0.1475
40,candidate_3,candidate_4,candidate_2,candidate_1,4,0.1475
41,candidate_3,candidate_4,candidate_2,candidate_1,4,0.1475
42,candidate_3,candidate_4,candidate_2,candidate_1,4,0.1475
43,candidate_3,candidate_4,candidate_2,candidate_1,4,0.1475
44,0,candidate_4,candidate_2,candidate_1,4,0.1475
45,candidate_3,candidate_4,candidate_2,candidate_1,4,0.1475
46,candidate_3,candidate_4,candidate_2,candidate_1,4,0.1475
47,candidate_3,candidate_4,candidate_2,candidate_1,4,0.1475
48,candidate_3,candidate_4,candidate_2,0,4,0.1475
49,0,0,candidate_2,candidate_1,4,0.1475
50,candidate_3,candidate_4,candidate_2,0,4,0.1475
51,candidate_3,candidate_4,0,candidate_1,4,0.1475
52,candidate_3,candidate_4,candidate_2,candidate_1,4,0.1475
53,candidate_3,candidate_4,0,candidate_1,4,0.1475
54,candidate_3,candidate_4,candidate_2,candidate_1,4,0.1475
55,candidate_3,0,candidate_2,candidate_1,4,0.1475
56,candidate_3,0,0,candidate_1,4,0.1475
57,candidate_3,candidate_4,candidate_2,candidate_1,4,0.1475
58,candidate_3,candidate_4,0,candidate_1,4,0.1475
59,candidate_3,0,0,candidate_1,4,0.1475
60,candidate_3,candidate_4,candidate_2,candidate_1,4,0.1475
61,candidate_3,0,0,candidate_1,4,0.1475
62,0,candidate_4,candidate_2,candidate_1,4,0.1475
63,candidate_3,candidate_4,candidate_2,candidate_1,4,0.1475
64,candidate_3,0,0,candidate_1,4,0.1475
65,candidate_3,candidate_4,candidate_2,candidate_1,4,0.1475
66,candidate_3,candidate_4,candidate_2,candidate_1,4,0.1475
67,candidate_3,0,candidate_2,candidate_1,4,0.1475
68,candidate_3,candidate_4,candidate_2,candidate_1,4,0.1475
69,candidate_3,candidate_4,candidate_2,candidate_1,4,0.1475
70,candidate_3,candidate_4,candidate_2,0,4,0.1475
71,candidate_3,candidate_4,candidate_2,candidate_1,4,0.1475
72,0,0,candidate_2,candidate_1,4,0.1475
73,candidate_3,candidate_4,candidate_2,candidate_1,4,0.1475
74,candidate_3,candidate_4,candidate_2,candidate_1,4,0.1475
75,candidate_3,candidate_4,0,candidate_1,4,0.1475
76,candidate_3,candidate_4,candidate_2,candidate_1,4,0.1475
77,candidate_3,candidate_4,0,candidate_1,4,0.1475
78,candidate_3,candidate_4,candidate_2,candidate_1,4,0.1475
79,0,candidate_4,candidate_2,candidate_1,4,0.1475
80,0,candidate_4,candidate_2,candidate_1,4,0.1475
81,candidate_3,candidate_4,candidate_2,candidate_1,4,0.1475
82,candidate_3,candidate_4,candidate_2,candidate_1,4,0.1475
83,candidate_3,0,candidate_2,candidate_1,4,0.1475
84,candidate_3,candidate_4,candidate_2,candidate_1,4,0.1475
85,candidate_3,candidate_4,candidate_2,candidate_1,4,0.1475
86,0,candidate_4,candidate_2,0,4,0.1475
87,candidate_3,candidate_4,candidate_2,candidate_1,4,0.1475
88,0,candidate_4,candidate_2,candidate_1,4,0.1475
89,0,candidate_4,candidate_2,candidate_1,4,0.1475
90,candidate_3,candidate_4,candidate_2,candidate_1,4,0.1475
91,candidate_3,0,candidate_2,candidate_1,4,0.1475
92,candidate_3,candidate_4,0,candidate_1,4,0.1475
93,candidate_3,candidate_4,0,candidate_1,4,0.1475
94,0,candidate_4,candidate_2,candidate_1,4,0.1475
95,candidate_3,candidate_4,candidate_2,candidate_1,4,0.1475
96,candidate_3,candidate_4,candidate_2,candidate_1,4,0.1475
97,candidate_3,candidate_4,candidate_2,candidate_1,4,0.1475
98,candidate_3,candidate_4,candidate_2,0,4,0.1475
99,candidate_3,candidate_4,candidate_2,0,4,0.1475
100,0,0,candidate_2,candidate_1,4,0.1475
101,candidate_3,candidate_4,candidate_2,candidate_1,4,0.1475
102,candidate_3,candidate_4,0,candidate_1,4,0.1475
103,candidate_3,candidate_4,candidate_2,candidate_1,4,0.1475
104,candidate_3,candidate_4,candidate_2,candidate_1,4,0.1475
105,candidate_3,candidate_4,candidate_2,candidate_1,4,0.1475
106,candidate_3,candidate_4,candidate_2,0,4,0.1475
107,candidate_3,candidate_4,candidate_2,candidate_1,4,0.1475
108,candidate_3,candidate_4,candidate_2,0,4,0.1475
109,candidate_3,0,candidate_2,candidate_1,4,0.1475
110,candidate_3,candidate_4,candidate_2,candidate_1,4,0.1475
111,0,candidate_4,candidate_2,candidate_1,4,0.1475
112,candidate_3,candidate_4,0,candidate_1,4,0.1475
113,candidate_3,candidate_4,candidate_2,candidate_1,4,0.1475
114,candidate_3,candidate_4,candidate_2,0,4,0.1475
115,0,candidate_4,candidate_2,candidate_1,4,0.1475
116,candidate_3,candidate_4,candidate_2,0,4,0.1475
117,candidate_3,candidate_4,candidate_2,candidate_1,4,0.1475
118,candidate_3,candidate_4,0,candidate_1,4,0.1475
119,0,candidate_4,candidate_2,candidate_1,4,0.1475
120,candidate_3,candidate_4,candidate_2,candidate_1,4,0.1475
121,candidate_3,candidate_4,candidate_2,candidate_1,4,0.1475
122,candidate_3,candidate_4,0,candidate_1,4,0.1475
123,candidate_3,candidate_4,candidate_2,candidate_1,4,0.1475
124,0,candidate_4,candidate_2,candidate_1,4,0.1475
125,0,candidate_4,0,candidate_1,4,0.1475
126,0,candidate_4,candidate_2,candidate_1,4,0.1475
127,candidate_3,candidate_4,candidate_2,candidate_1,4,0.1475
128,0,candidate_4,candidate_2,candidate_1,4,0.1475
129,0,candidate_4,candidate_2,candidate_1,4,0.1475
130,0,candidate_4,0,candidate_1,4,0.1475
131,candidate_3,candidate_4,candidate_2,0,4,0.1475
132,candidate_3,candidate_4,candidate_2,candidate_1,4,0.1475
133,0,candidate_4,candidate_2,0,4,0.1475
134,candidate_3,candidate_4,candidate_2,candidate_1,4,0.1475
135,0,candidate_4,candidate_2,candidate_1,4,0.1475
136,candidate_3,candidate_4,candidate_2,candidate_1,4,0.1475
137,candidate_3,candidate_4,candidate_2,candidate_1,4,0.1475
138,candidate_3,candidate_4,candidate_2,0,4,0.1475
139,candidate_3,candidate_4,candidate_2,candidate_1,4,0.1475
140,candidate_3,candidate_4,0,candidate_1,4,0.1475
141,candidate_3,candidate_4,candidate_2,candidate_1,4,0.1475
142,candidate_3,candidate_4,candidate_2,candidate_1,4,0.1475
143,0,candidate_4,candidate_2,candidate_1,4,0.1475
144,candidate_3,candidate_4,candidate_2,candidate_1,4,0.1475
145,candidate_3,candidate_4,candidate_2,candidate_1,4,0.1475
146,candidate_3,candidate_4,candidate_2,candidate_1,4,0.1475
147,candidate_3,0,candidate_2,candidate_1,4,0.1475
148,candidate_3,candidate_4,candidate_2,candidate_1,4,0.1475
149,candidate_3,candidate_4,candidate_2,candidate_1,4,0.1475
150,candidate_3,candidate_4,candidate_2,candidate_1,4,0.1475
151,candidate_3,0,candidate_2,candidate_1,4,0.1475
152,candidate_3,candidate_4,candidate_2,candidate_1,4,0.1475
153,candidate_3,0,candidate_2,candidate_1,4,0.1475
154,candidate_3,candidate_4,0,candidate_1,4,0.1475
155,candidate_3,candidate_4,candidate_2,candidate_1,4,0.1475
156,candidate_3,candidate_4,candidate_2,candidate_1,4,0.1475
157,candidate_3,0,candidate_2,candidate_1,4,0.1475
158,candidate_3,0,candidate_2,candidate_1,4,0.1475
159,candidate_3,candidate_4,candidate_2,candidate_1,4,0.1475
160,candidate_3,candidate_4,candidate_2,candidate_1,4,0.1475
161,candidate_3,candidate_4,candidate_2,candidate_1,4,0.1475
162,0,candidate_4,candidate_2,candidate_1,4,0.1475
163,candidate_3,candidate_4,candidate_2,candidate_1,4,0.1475
164,0,candidate_4,candidate_2,candidate_1,4,0.1475
165,0,candidate_4,candidate_2,candidate_1,4,0.1475
166,candidate_3,candidate_4,0,candidate_1,4,0.1475
167,0,candidate_4,candidate_2,candidate_1,4,0.1475
168,candidate_3,candidate_4,candidate_2,candidate_1,4,0.1475
169,0,candidate_4,candidate_2,candidate_1,4,0.1475
170,candidate_3,candidate_4,candidate_2,candidate_1,4,0.1475
171,candidate_3,0,candidate_2,candidate_1,4,0.1475
172,candidate_3,candidate_4,candidate_2,candidate_1,4,0.1475
173,candidate_3,candidate_4,candidate_2,candidate_1,4,0.1475
174,candidate_3,candidate_4,0,0,4,0.1475
175,candidate_3,candidate_4,candidate_2,0,4,0.1475
176,0,candidate_4,candidate_2,candidate_1,4,0.1475
177,candidate_3,0,candidate_2,candidate_1,4,0.1475
178,0,candidate_4,candidate_2,candidate_1,4,0.1475
179,candidate_3,candidate_4,candidate_2,0,4,0.1475
180,candidate_3,candidate_4,candidate_2,candidate_1,4,0.1475
181,candidate_3,candidate_4,candidate_2,candidate_1,4,0.1475
182,candidate_3,candidate_4,candidate_2,candidate_1,4,0.1475
183,candidate_3,candidate_4,candidate_2,candidate_1,4,0.1475
184,0,candidate_4,candidate_2,candidate_1,4,0.1475
185,candidate_3,candidate_4,candidate_2,candidate_1,4,0.1475
186,candidate_3,candidate_4,0,0,4,0.1475
187,candidate_3,candidate_4,0,candidate_1,4,0.1475
188,candidate_3,candidate_4,candidate_2,candidate_1,4,0.1475
189,candidate_3,candidate_4,candidate_2,candidate_1,4,0.1475
190,0,candidate_4,candidate_2,candidate_1,4,0.1475
191,0,0,candidate_2,candidate_1,4,0.1475
192,candidate_3,candidate_4,candidate_2,0,4,0.1475
193,candidate_3,candidate_4,candidate_2,candidate_1,4,0.1475
194,candidate_3,candidate_4,candidate_2,candidate_1,4,0.1475
195,candidate_3,candidate_4,0,0,4,0.1475
196,candidate_3,0,candidate_2,candidate_1,4,0.1475
197,candidate_3,0,candidate_2,candidate_1,4,0.1475
198,0,candidate_4,candidate_2,candidate_1,4,0.1475
199,0,0,candidate_2,candidate_1,4,0.1475
200,candidate_3,candidate_4,candidate_2,candidate_1,4,0.1475
201,candidate_3,candidate_4,candidate_2,candidate_1,4,0.1475
202,candidate_3,candidate_4,candidate_2,0,4,0.1475
203,0,candidate_4,candidate_2,candidate_1,4,0.1475
204,candidate_3,candidate_4,candidate_2,candidate_1,4,0.1475
205,candidate_3,candidate_4,candidate_2,candidate_1,4,0.1475
206,candidate_3,candidate_4,candidate_2,candidate_1,4,0.1475
207,candidate_3,candidate_4,candidate_2,candidate_1,4,0.1475
208,candidate_3,0,candidate_2,candidate_1,4,0.1475
209,candidate_3,candidate_4,0,candidate_1,4,0.1475
210,candidate_3,candidate_4,candidate_2,candidate_1,4,0.1475
211,candidate_3,candidate_4,candidate_2,candidate_1,4,0.1475
212,candidate_3,candidate_4,candidate_2,candidate_1,4,0.1475
213,candidate_3,candidate_4,candidate_2,0,4,0.1475
214,candidate_3,candidate_4,candidate_2,candidate_1,4,0.1475
215,candidate_3,candidate_4,candidate_2,candidate_1,4,0.1475
216,candidate_3,candidate_4,candidate_2,candidate_1,4,0.1475
217,candidate_3,candidate_4,candidate_2,candidate_1,4,0.1475
218,candidate_3,candidate_4,candidate_2,candidate_1,4,0.1475
219,candidate_3,candidate_4,candidate_2,candidate_1,4,0.1475
220,candidate_3,0,candidate_2,candidate_1,4,0.1475
221,candidate_3,candidate_4,candidate_2,candidate_1,4,0.1475
222,0,candidate_4,candidate_2,candidate_1,4,0.1475
223,candidate_3,candidate_4,candidate_2,0,4,0.1475
224,candidate_3,candidate_4,candidate_2,candidate_1,4,0.1475
225,candidate_3,candidate_4,candidate_2,candidate_1,4,0.1475
226,candidate_3,candidate_4,candidate_2,0,4,0.1475
227,0,0,candidate_2,candidate_1,4,0.1475
228,candidate_3,candidate_4,candidate_2,candidate_1,4,0.1475
229,candidate_3,candidate_4,candidate_2,candidate_1,4,0.1475
230,candidate_3,0,candidate_2,candidate_1,4,0.1475
231,candidate_3,0,candidate_2,candidate_1,4,0.1475
232,0,candidate_4,candidate_2,candidate_1,4,0.1475
233,candidate_3,candidate_4,candidate_2,candidate_1,4,0.1475
234,candidate_3,candidate_4,candidate_2,candidate_1,4,0.1475
235,candidate_3,candidate_4,candidate_2,candidate_1,4,0.1475
236,candidate_3,candidate_4,candidate_2,candidate_1,4,0.1475
237,0,candidate_4,candidate_2,0,4,0.1475
238,candidate_3,candidate_4,candidate_2,candidate_1,4,0.1475
239,candidate_3,candidate_4,candidate_2,candidate_1,4,0.1475
240,candidate_3,candidate_4,candidate_2,0,4,0.1475
241,0,candidate_4,candidate_2,candidate_1,4,0.1475
242,candidate_3,candidate_4,candidate_2,candidate_1,4,0.1475
243,0,candidate_4,candidate_2,candidate_1,4,0.1475
244,candidate_3,0,candidate_2,candidate_1,4,0.1475
245,candidate_3,candidate_4,0,candidate_1,4,0.1475
246,0,0,candidate_2,0,4,0.1475
247,0,candidate_4,candidate_2,candidate_1,4,0.1475
248,candidate_3,candidate_4,candidate_2,0,4,0.1475
249,candidate_3,candidate_4,0,candidate_1,4,0.1475
250,candidate_3,candidate_4,candidate_2,candidate_1,4,0.1475
251,candidate_3,candidate_4,candidate_2,candidate_1,4,0.1475
252,candidate_3,candidate_4,candidate_2,0,4,0.1475
253,0,candidate_4,candidate_2,0,4,0.1475
254,candidate_3,candidate_4,candidate_2,candidate_1,4,0.1475
255,candidate_3,candidate_4,candidate_2,candidate_1,4,0.1475
256,candidate_3,0,candidate_2,candidate_1,4,0.1475
257,candidate_3,candidate_4,candidate_2,candidate_1,4,0.1475
258,candidate_3,0,candidate_2,candidate_1,4,0.1475
259,candidate_3,candidate_4,candidate_2,candidate_1,4,0.1475
260,candidate_3,candidate_4,candidate_2,candidate_1,4,0.1475
261,candidate_3,candidate_4,candidate_2,candidate_1,4,0.1475
262,candidate_3,0,candidate_2,candidate_1,4,0.1475
263,0,candidate_4,candidate_2,candidate_1,4,0.1475
264,candidate_3,candidate_4,candidate_2,0,4,0.1475
265,candidate_3,0,candidate_2,candidate_1,4,0.1475
266,candidate_3,candidate_4,candidate_2,candidate_1,4,0.1475
267,candidate_3,candidate_4,candidate_2,0,4,0.1475
268,candidate_3,candidate_4,candidate_2,candidate_1,4,0.1475
269,candidate_3,candidate_4,candidate_2,candidate_1,4,0.1475
270,0,candidate_4,candidate_2,candidate_1,4,0.1475
271,candidate_3,candidate_4,candidate_2,candidate_1,4,0.1475
272,0,candidate_4,candidate_2,candidate_1,4,0.1475
273,candidate_3,candidate_4,candidate_2,candidate_1,4,0.1475
274,candidate_3,candidate_4,candidate_2,candidate_1,4,0.1475
275,candidate_3,candidate_4,candidate_2,candidate_1,4,0.1475
276,candidate_3,candidate_4,candidate_2,candidate_1,4,0.1475
277,candidate_3,candidate_4,0,candidate_1,4,0.1475
278,candidate_3,candidate_4,candidate_2,candidate_1,4,0.1475
279,candidate_3,candidate_4,0,candidate_1,4,0.1475
280,candidate_3,candidate_4,candidate_2,candidate_1,4,0.1475
281,0,candidate_4,candidate_2,candidate_1,4,0.1475
282,0,candidate_4,candidate_2,candidate_1,4,0.1475
283,candidate_3,candidate_4,candidate_2,candidate_1,4,0.1475
284,candidate_3,candidate_4,candidate_2,candidate_1,4,0.1475
285,0,candidate_4,candidate_2,0,4,0.1475
286,0,candidate_4,candidate_2,candidate_1,4,0.1475
287,candidate_3,candidate_4,candidate_2,candidate_1,4,0.1475
288,candidate_3,candidate_4,candidate_2,candidate_1,4,0.1475
289,candidate_3,candidate_4,candidate_2,0,4,0.1475
290,candidate_3,candidate_4,candidate_2,candidate_1,4,0.1475
291,0,candidate_4,candidate_2,candidate_1,4,0.1475
292,candidate_3,candidate_4,0,candidate_1,4,0.1475
293,candidate_3,candidate_4,0,candidate_1,4,0.1475
294,0,candidate_4,candidate_2,candidate_1,4,0.1475
295,candidate_3,candidate_4,candidate_2,candidate_1,4,0.1475
296,candidate_3,candidate_4,candidate_2,candidate_1,4,0.1475
297,candidate_3,0,candidate_2,candidate_1,4,0.1475
298,candidate_3,candidate_4,candidate_2,0,4,0.1475
299,candidate_3,candidate_4,candidate_2,candidate_1,4,0.1475
300,candidate_3,candidate_4,candidate_2,candidate_1,4,0.1475
301,candidate_3,candidate_4,0,candidate_1,4,0.1475
302,candidate_3,candidate_4,candidate_2,candidate_1,4,0.1475
303,candidate_3,0,candidate_2,candidate_1,4,0.1475
304,candidate_3,candidate_4,candidate_2,candidate_1,4,0.1475
305,candidate_3,candidate_4,candidate_2,candidate_1,4,0.1475
306,candidate_3,candidate_4,candidate_2,candidate_1,4,0.1475
307,candidate_3,candidate_4,candidate_2,candidate_1,4,0.1475
308,candidate_3,0,candidate_2,candidate_1,4,0.1475
309,candidate_3,candidate_4,candidate_2,candidate_1,4,0.1475
310,candidate_3,candidate_4,candidate_2,candidate_1,4,0.1475
311,candidate_3,candidate_4,candidate_2,candidate_1,4,0.1475
312,candidate_3,candidate_4,0,candidate_1,4,0.1475
313,candidate_3,candidate_4,candidate_2,candidate_1,4,0.1475
314,candidate_3,0,candidate_2,candidate_1,4,0.1475
315,candidate_3,candidate_4,candidate_2,candidate_1,4,0.1475
316,candidate_3,candidate_4,0,candidate_1,4,0.1475
317,candidate_3,0,candidate_2,0,4,0.1475
318,candidate_3,candidate_4,0,candidate_1,4,0.1475
319,candidate_3,0,candidate_2,candidate_1,4,0.1475
320,candidate_3,candidate_4,candidate_2,candidate_1,4,0.1475
321,candidate_3,candidate_4,candidate_2,candidate_1,4,0.1475
322,candidate_3,candidate_4,candidate_2,candidate_1,4,0.1475
323,0,candidate_4,candidate_2,candidate_1,4,0.1475
324,candidate_3,candidate_4,candidate_2,candidate_1,4,0.1475
325,candidate_3,candidate_4,candidate_2,0,4,0.1475
326,candidate_3,0,candidate_2,candidate_1,4,0.1475
327,candidate_3,candidate_4,candidate_2,candidate_1,4,0.1475
328,candidate_3,candidate_4,candidate_2,candidate_1,4,0.1475
329,candidate_3,0,candidate_2,candidate_1,4,0.1475
330,candidate_3,candidate_4,candidate_2,candidate_1,4,0.1475
331,candidate_3,candidate_4,candidate_2,candidate_1,4,0.1475
332,candidate_3,candidate_4,candidate_2,candidate_1,4,0.1475
333,0,0,candidate_2,candidate_1,4,0.1475
334,candidate_3,candidate_4,candidate_2,candidate_1,4,0.1475
335,candidate_3,candidate_4,candidate_2,candidate_1,4,0.1475
336,candidate_3,candidate_4,candidate_2,candidate_1,4,0.1475
337,candidate_3,candidate_4,candidate_2,candidate_1,4,0.1475
338,candidate_3,candidate_4,candidate_2,0,4,0.1475
339,candidate_3,candidate_4,candidate_2,candidate_1,4,0.1475
340,candidate_3,candidate_4,candidate_2,candidate_1,4,0.1475
341,candidate_3,candidate_4,candidate_2,candidate_1,4,0.1475
342,candidate_3,candidate_4,candidate_2,candidate_1,4,0.1475
343,candidate_3,candidate_4,candidate_2,candidate_1,4,0.1475
344,candidate_3,candidate_4,candidate_2,candidate_1,4,0.1475
345,candidate_3,candidate_4,candidate_2,candidate_1,4,0.1475
346,candidate_3,0,candidate_2,candidate_1,4,0.1475
347,candidate_3,candidate_4,candidate_2,0,4,0.1475
348,candidate_3,candidate_4,candidate_2,candidate_1,4,0.1475
349,candidate_3,candidate_4,candidate_2,candidate_1,4,0.1475
350,candidate_3,candidate_4,candidate_2,candidate_1,4,0.1475
351,candidate_3,candidate_4,candidate_2,candidate_1,4,0.1475
352,candidate_3,candidate_4,candidate_2,candidate_1,4,0.1475
353,candidate_3,candidate_4,candidate_2,candidate_1,4,0.1475
354,0,candidate_4,candidate_2,candidate_1,4,0.1475
355,candidate_3,candidate_4,candidate_2,candidate_1,4,0.1475
356,0,0,candidate_2,0,4,0.1475
357,candidate_3,candidate_4,candidate_2,candidate_1,4,0.1475
358,candidate_3,0,candidate_2,candidate_1,4,0.1475
359,candidate_3,candidate_4,candidate_2,candidate_1,4,0.1475
360,0,0,candidate_2,candidate_1,4,0.1475
361,candidate_3,candidate_4,candidate_2,candidate_1,4,0.1475
362,candidate_3,candidate_4,candidate_2,candidate_1,4,0.1475
363,candidate_3,candidate_4,candidate_2,candidate_1,4,0.1475
364,candidate_3,candidate_4,candidate_2,candidate_1,4,0.1475
365,candidate_3,candidate_4,candidate_2,candidate_1,4,0.1475
366,candidate_3,0,0,candidate_1,4,0.1475
367,0,candidate_4,candidate_2,candidate_1,4,0.1475
368,candidate_3,candidate_4,candidate_2,candidate_1,4,0.1475
369,candidate_3,candidate_4,candidate_2,candidate_1,4,0.1475
370,candidate_3,candidate_4,candidate_2,0,4,0.1475
371,candidate_3,candidate_4,candidate_2,candidate_1,4,0.1475
372,candidate_3,candidate_4,candidate_2,candidate_1,4,0.1475
373,candidate_3,candidate_4,candidate_2,candidate_1,4,0.1475
374,candidate_3,candidate_4,candidate_2,candidate_1,4,0.1475
375,candidate_3,candidate_4,candidate_2,candidate_1,4,0.1475
376,0,candidate_4,candidate_2,candidate_1,4,0.1475
377,candidate_3,candidate_4,0,candidate_1,4,0.1475
378,candidate_3,candidate_4,candidate_2,candidate_1,4,0.1475
379,candidate_3,candidate_4,candidate_2,candidate_1,4,0.1475
380,candidate_3,candidate_4,candidate_2,candidate_1,4,0.1475
381,candidate_3,candidate_4,candidate_2,candidate_1,4,0.1475
382,candidate_3,0,candidate_2,candidate_1,4,0.1475
383,candidate_3,candidate_4,candidate_2,candidate_1,4,0.1475
384,0,0,candidate_2,candidate_1,4,0.1475
385,0,candidate_4,candidate_2,candidate_1,4,0.1475
386,0,0,candidate_2,candidate_1,4,0.1475
387,candidate_3,candidate_4,candidate_2,0,4,0.1475
388,candidate_3,candidate_4,0,candidate_1,4,0.1475
389,candidate_3,candidate_4,candidate_2,candidate_1,4,0.1475
390,candidate_3,candidate_4,candidate_2,candidate_1,4,0.1475
391,candidate_3,candidate_4,candidate_2,candidate_1,4,0.1475
392,candidate_3,candidate_4,candidate_2,candidate_1,4,0.1475
393,candidate_3,candidate_4,candidate_2,0,4,0.1475
394,candidate_3,0,0,candidate_1,4,0.1475
395,candidate_3,candidate_4,candidate_2,0,4,0.1475
396,candidate_3,candidate_4,candidate_2,candidate_1,4,0.1475
397,candidate_3,candidate_4,candidate_2,candidate_1,4,0.1475
398,candidate_3,candidate_4,candidate_2,candidate_1,4,0.1475
399,candidate_3,candidate_4,candidate_2,candidate_1,4,0.1475
400,0,candidate_4,candidate_2,candidate_1,4,0.1475
401,candidate_3,candidate_4,0,candidate_1,4,0.1475
402,candidate_3,candidate_4,candidate_2,candidate_1,4,0.1475
403,0,candidate_4,candidate_2,candidate_1,4,0.1475
404,candidate_3,0,0,0,4,0.1475
405,candidate_3,candidate_4,candidate_2,0,4,0.1475
406,candidate_3,candidate_4,0,0,4,0.1475
407,candidate_3,candidate_4,0,candidate_1,4,0.1475
408,0,candidate_4,candidate_2,candidate_1,4,0.1475
409,candidate_3,candidate_4,candidate_2,candidate_1,4,0.1475
410,candidate_3,candidate_4,candidate_2,candidate_1,4,0.1475
411,0,candidate_4,candidate_2,candidate_1,4,0.1475
412,0,candidate_4,candidate_2,0,4,0.1475
413,candidate_3,0,candidate_2,candidate_1,4,0.1475
414,candidate_3,0,candidate_2,candidate_1,4,0.1475
415,0,candidate_4,candidate_2,candidate_1,4,0.1475
416,candidate_3,candidate_4,candidate_2,0,4,0.1475
417,0,candidate_4,candidate_2,candidate_1,4,0.1475
418,0,candidate_4,candidate_2,candidate_1,4,0.1475
419,candidate_3,candidate_4,0,candidate_1,4,0.1475
420,0,0,candidate_2,candidate_1,4,0.1475
421,candidate_3,candidate_4,candidate_2,candidate_1,4,0.1475
422,candidate_3,candidate_4,candidate_2,candidate_1,4,0.1475
423,candidate_3,candidate_4,candidate_2,candidate_1,4,0.1475
424,candidate_3,candidate_4,candidate_2,candidate_1,4,0.1475
425,candidate_3,candidate_4,candidate_2,candidate_1,4,0.1475
426,candidate_3,candidate_4,0,candidate_1,4,0.1475
427,candidate_3,candidate_4,candidate_2,candidate_1,4,0.1475
428,candidate_3,candidate_4,candidate_2,candidate_1,4,0.1475
429,candidate_3,candidate_4,candidate_2,candidate_1,4,0.1475
430,candidate_3,candidate_4,candidate_2,candidate_1,4,0.1475
431,candidate_3,candidate_4,candidate_2,candidate_1,4,0.1475
432,candidate_3,candidate_4,0,candidate_1,4,0.1475
433,candidate_3,candidate_4,candidate_2,candidate_1,4,0.1475
434,candidate_3,0,candidate_2,candidate_1,4,0.1475
435,0,candidate_4,candidate_2,candidate_1,4,0.1475
436,0,candidate_4,0,candidate_1,4,0.1475
437,0,candidate_4,candidate_2,candidate_1,4,0.1475
438,candidate_3,candidate_4,candidate_2,candidate_1,4,0.1475
439,candidate_3,0,candidate_2,candidate_1,4,0.1475
440,candidate_3,candidate_4,candidate_2,candidate_1,4,0.1475
441,candidate_3,candidate_4,candidate_2,candidate_1,4,0.1475
442,candidate_3,candidate_4,candidate_2,candidate_1,4,0.1475
443,candidate_3,0,candidate_2,candidate_1,4,0.1475
444,candidate_3,candidate_4,candidate_2,candidate_1,4,0.1475
445,candidate_3,candidate_4,candidate_2,candidate_1,4,0.1475
446,candidate_3,candidate_4,candidate_2,candidate_1,4,0.1475
447,candidate_3,candidate_4,candidate_2,candidate_1,4,0.1475
448,candidate_3,candidate_4,0,candidate_1,4,0.1475
449,candidate_3,candidate_4,candidate_2,candidate_1,4,0.1475
450,candidate_3,candidate_4,candidate_2,candidate_1,4,0.1475
451,candidate_3,candidate_4,candidate_2,candidate_1,4,0.1475
452,candidate_3,candidate_4,candidate_2,candidate_1,4,0.1475
453,candidate_3,candidate_4,candidate_2,candidate_1,4,0.1475
454,candidate_3,0,candidate_2,candidate_1,4,0.1475
455,candidate_3,candidate_4,candidate_2,candidate_1,4,0.1475
456,candidate_3,candidate_4,candidate_2,candidate_1,4,0.1475
457,0,candidate_4,candidate_2,candidate_1,4,0.1475
458,candidate_3,candidate_4,candidate_2,candidate_1,4,0.1475
459,0,0,candidate_2,candidate_1,4,0.1475
460,candidate_3,candidate_4,candidate_2,candidate_1,4,0.1475
461,candidate_3,candidate_4,candidate_2,0,4,0.1475
462,candidate_3,candidate_4,0,candidate_1,4,0.1475
463,candidate_3,candidate_4,candidate_2,candidate_1,4,0.1475
464,candidate_3,0,candidate_2,candidate_1,4,0.1475
465,candidate_3,candidate_4,candidate_2,candidate_1,4,0.1475
466,candidate_3,candidate_4,candidate_2,candidate_1,4,0.1475
467,0,candidate_4,candidate_2,candidate_1,4,0.1475
468,0,candidate_4,0,candidate_1,4,0.1475
469,0,candidate_4,candidate_2,candidate_1,4,0.1475
470,candidate_3,candidate_4,candidate_2,candidate_1,4,0.1475
471,candidate_3,candidate_4,candidate_2,0,4,0.1475
472,candidate_3,candidate_4,candidate_2,candidate_1,4,0.1475
473,candidate_3,candidate_4,candidate_2,candidate_1,4,0.1475
474,candidate_3,candidate_4,0,candidate_1,4,0.1475
475,candidate_3,candidate_4,candidate_2,candidate_1,4,0.1475
476,candidate_3,0,candidate_2,candidate_1,4,0.1475
477,candidate_3,0,0,0,4,0.1475
478,candidate_3,candidate_4,candidate_2,candidate_1,4,0.1475
479,candidate_3,candidate_4,candidate_2,candidate_1,4,0.1475
480,candidate_3,candidate_4,candidate_2,candidate_1,4,0.1475
481,candidate_3,candidate_4,0,candidate_1,4,0.1475
482,candidate_3,candidate_4,candidate_2,candidate_1,4,0.1475
483,candidate_3,candidate_4,candidate_2,candidate_1,4,0.1475
484,candidate_3,candidate_4,candidate_2,candidate_1,4,0.1475
485,candidate_3,candidate_4,candidate_2,candidate_1,4,0.1475
486,candidate_3,candidate_4,candidate_2,candidate_1,4,0.1475
487,candidate_3,candidate_4,candidate_2,candidate_1,4,0.1475
488,candidate_3,candidate_4,0,candidate_1,4,0.1475
489,candidate_3,candidate_4,candidate_2,candidate_1,4,0.1475
490,candidate_3,candidate_4,candidate_2,candidate_1,4,0.1475
491,0,candidate_4,candidate_2,candidate_1,4,0.1475
492,candidate_3,candidate_4,candidate_2,candidate_1,4,0.1475
493,0,candidate_4,candidate_2,0,4,0.1475
494,0,candidate_4,candidate_2,candidate_1,4,0.1475
495,candidate_3,candidate_4,candidate_2,candidate_1,4,0.1475
496,candidate_3,candidate_4,0,candidate_1,4,0.1475
497,candidate_3,candidate_4,candidate_2,0,4,0.1475
498,candidate_3,candidate_4,candidate_2,candidate_1,4,0.1475
499,candidate_3,0,candidate_2,candidate_1,4,0.1475
500,candidate_3,candidate_4,candidate_2,candidate_1,4,0.1475
501,candidate_3,candidate_4,candidate_2,candidate_1,4,0.1475
502,candidate_3,candidate_4,candidate_2,candidate_1,4,0.1475
503,candidate_3,candidate_4,candidate_2,0,4,0.1475
504,candidate_3,candidate_4,candidate_2,candidate_1,4,0.1475
505,0,candidate_4,candidate_2,candidate_1,4,0.1475
506,candidate_3,candidate_4,candidate_2,candidate_1,4,0.1475
507,candidate_3,0,candidate_2,0,4,0.1475
508,0,0,candidate_2,0,4,0.1475
509,0,0,candidate_2,candidate_1,4,0.1475
510,0,candidate_4,0,candidate_1,4,0.1475
511,candidate_3,candidate_4,candidate_2,candidate_1,4,0.1475
512,candidate_3,candidate_4,candidate_2,candidate_1,4,0.1475
513,candidate_3,candidate_4,0,0,4,0.1475
514,candidate_3,candidate_4,candidate_2,candidate_1,4,0.1475
515,candidate_3,candidate_4,0,candidate_1,4,0.1475
516,candidate_3,candidate_4,candidate_2,candidate_1,4,0.1475
517,candidate_3,candidate_4,candidate_2,candidate_1,4,0.1475
518,candidate_3,candidate_4,candidate_2,candidate_1,4,0.1475
519,candidate_3,candidate_4,candidate_2,candidate_1,4,0.1475
520,candidate_3,0,candidate_2,candidate_1,4,0.1475
521,candidate_3,candidate_4,candidate_2,0,4,0.1475
522,candidate_3,candidate_4,candidate_2,candidate_1,4,0.1475
523,candidate_3,candidate_4,0,candidate_1,4,0.1475
524,candidate_3,0,candidate_2,candidate_1,4,0.1475
525,candidate_3,0,0,candidate_1,4,0.1475
526,candidate_3,candidate_4,candidate_2,candidate_1,4,0.1475
527,candidate_3,candidate_4,candidate_2,candidate_1,4,0.1475
528,candidate_3,0,candidate_2,candidate_1,4,0.1475
529,candidate_3,0,candidate_2,candidate_1,4,0.1475
530,candidate_3,0,candidate_2,candidate_1,4,0.1475
531,candidate_3,0,0,candidate_1,4,0.1475
532,candidate_3,candidate_4,candidate_2,candidate_1,4,0.1475
533,candidate_3,candidate_4,candidate_2,candidate_1,4,0.1475
534,candidate_3,candidate_4,candidate_2,candidate_1,4,0.1475
535,candidate_3,0,candidate_2,candidate_1,4,0.1475
536,candidate_3,candidate_4,candidate_2,candidate_1,4,0.1475
537,candidate_3,candidate_4,candidate_2,candidate_1,4,0.1475
538,candidate_3,0,candidate_2,candidate_1,4,0.1475
539,candidate_3,candidate_4,candidate_2,candidate_1,4,0.1475
540,candidate_3,candidate_4,candidate_2,candidate_1,4,0.1475
541,0,candidate_4,candidate_2,candidate_1,4,0.1475
542,candidate_3,candidate_4,candidate_2,candidate_1,4,0.1475
543,candidate_3,candidate_4,candidate_2,candidate_1,4,0.1475
544,candidate_3,candidate_4,candidate_2,candidate_1,4,0.1475
545,candidate_3,candidate_4,candidate_2,candidate_1,4,0.1475
546,candidate_3,candidate_4,candidate_2,candidate_1,4,0.1475
547,candidate_3,candidate_4,candidate_2,0,4,0.1475
548,0,candidate_4,candidate_2,candidate_1,4,0.1475
549,candidate_3,candidate_4,candidate_2,candidate_1,4,0.1475
550,candidate_3,candidate_4,candidate_2,candidate_1,4,0.1475
551,candidate_3,candidate_4,candidate_2,candidate_1,4,0.1475
552,candidate_3,candidate_4,candidate_2,candidate_1,4,0.1475
553,candidate_3,candidate_4,candidate_2,candidate_1,4,0.1475
554,candidate_3,candidate_4,candidate_2,candidate_1,4,0.1475
555,candidate_3,candidate_4,candidate_2,candidate_1,4,0.1475
556,candidate_3,candidate_4,candidate_2,candidate_1,4,0.1475
557,candidate_3,0,candidate_2,candidate_1,4,0.1475
558,candidate_3,candidate_4,0,candidate_1,4,0.1475
559,candidate_3,candidate_4,candidate_2,candidate_1,4,0.1475
560,candidate_3,candidate_4,candidate_2,candidate_1,4,0.1475
561,candidate_3,0,0,candidate_1,4,0.1475
562,candidate_3,candidate_4,0,0,4,0.1475
563,candidate_3,candidate_4,candidate_2,candidate_1,4,0.1475
564,0,candidate_4,candidate_2,candidate_1,4,0.1475
565,candidate_3,candidate_4,candidate_2,candidate_1,4,0.1475
566,candidate_3,candidate_4,0,candidate_1,4,0.1475
567,candidate_3,candidate_4,candidate_2,candidate_1,4,0.1475
568,candidate_3,candidate_4,candidate_2,candidate_1,4,0.1475
569,candidate_3,candidate_4,candidate_2,candidate_1,4,0.1475
570,candidate_3,candidate_4,candidate_2,0,4,0.1475
571,candidate_3,0,candidate_2,0,4,0.1475
572,candidate_3,candidate_4,candidate_2,candidate_1,4,0.1475
573,candidate_3,candidate_4,candidate_2,candidate_1,4,0.1475
574,candidate_3,candidate_4,candidate_2,candidate_1,4,0.1475
575,candidate_3,candidate_4,candidate_2,candidate_1,4,0.1475
576,candidate_3,candidate_4,candidate_2,candidate_1,4,0.1475
577,candidate_3,candidate_4,candidate_2,candidate_1,4,0.1475
578,0,candidate_4,candidate_2,0,4,0.1475
579,candidate_3,candidate_4,candidate_2,candidate_1,4,0.1475
580,candidate_3,candidate_4,candidate_2,candidate_1,4,0.1475
581,candidate_3,0,candidate_2,candidate_1,4,0.1475
582,candidate_3,candidate_4,candidate_2,0,4,0.1475
583,candidate_3,candidate_4,0,candidate_1,4,0.1475
584,candidate_3,candidate_4,candidate_2,candidate_1,4,0.1475
585,candidate_3,candidate_4,candidate_2,candidate_1,4,0.1475
586,candidate_3,candidate_4,0,candidate_1,4,0.1475
587,candidate_3,candidate_4,candidate_2,candidate_1,4,0.1475
588,candidate_3,candidate_4,0,candidate_1,4,0.1475
589,candidate_3,0,candidate_2,candidate_1,4,0.1475
590,candidate_3,candidate_4,candidate_2,candidate_1,4,0.1475
591,0,candidate_4,0,candidate_1,4,0.1475
592,candidate_3,0,candidate_2,candidate_1,4,0.1475
593,candidate_3,candidate_4,candidate_2,candidate_1,4,0.1475
594,candidate_3,candidate_4,0,0,4,0.1475
595,candidate_3,candidate_4,candidate_2,candidate_1,4,0.1475
596,candidate_3,0,0,candidate_1,4,0.1475
597,candidate_3,candidate_4,candidate_2,candidate_1,4,0.1475
598,candidate_3,candidate_4,candidate_2,candidate_1,4,0.1475
599,candidate_3,candidate_4,candidate_2,candidate_1,4,0.1475
600,candidate_3,candidate_4,candidate_2,0,4,0.1475
601,candidate_3,0,candidate_2,candidate_1,4,0.1475
602,candidate_3,candidate_4,0,candidate_1,4,0.1475
603,candidate_3,candidate_4,0,candidate_1,4,0.1475
604,candidate_3,0,candidate_2,candidate_1,4,0.1475
605,candidate_3,0,candidate_2,candidate_1,4,0.1475
606,candidate_3,0,candidate_2,candidate_1,4,0.1475
607,candidate_3,0,candidate_2,candidate_1,4,0.1475
608,candidate_3,candidate_4,candidate_2,candidate_1,4,0.1475
609,candidate_3,candidate_4,candidate_2,candidate_1,4,0.1475
610,candidate_3,candidate_4,candidate_2,0,4,0.1475
611,candidate_3,candidate_4,candidate_2,candidate_1,4,0.1475
612,candidate_3,candidate_4,candidate_2,candidate_1,4,0.1475
613,candidate_3,candidate_4,candidate_2,candidate_1,4,0.1475
614,candidate_3,candidate_4,candidate_2,candidate_1,4,0.1475
615,candidate_3,candidate_4,candidate_2,candidate_1,4,0.1475
616,candidate_3,candidate_4,candidate_2,candidate_1,4,0.1475
617,candidate_3,0,candidate_2,candidate_1,4,0.1475
618,candidate_3,0,candidate_2,candidate_1,4,0.1475
619,0,candidate_4,0,candidate_1,4,0.1475
620,candidate_3,0,candidate_2,candidate_1,4,0.1475
621,candidate_3,candidate_4,candidate_2,candidate_1,4,0.1475
622,candidate_3,candidate_4,candidate_2,candidate_1,4,0.1475
623,candidate_3,candidate_4,candidate_2,0,4,0.1475
624,candidate_3,candidate_4,candidate_2,candidate_1,4,0.1475
625,candidate_3,candidate_4,0,candidate_1,4,0.1475
626,0,candidate_4,0,candidate_1,4,0.1475
627,candidate_3,candidate_4,candidate_2,candidate_1,4,0.1475
628,candidate_3,candidate_4,candidate_2,candidate_1,4,0.1475
629,0,0,candidate_2,candidate_1,4,0.1475
630,candidate_3,0,candidate_2,candidate_1,4,0.1475
631,candidate_3,candidate_4,candidate_2,candidate_1,4,0.1475
632,candidate_3,0,candidate_2,candidate_1,4,0.1475
633,candidate_3,candidate_4,candidate_2,candidate_1,4,0.1475
634,candidate_3,candidate_4,candidate_2,candidate_1,4,0.1475
635,candidate_3,candidate_4,candidate_2,0,4,0.1475
636,candidate_3,candidate_4,candidate_2,0,4,0.1475
637,candidate_3,candidate_4,candidate_2,candidate_1,4,0.1475
638,candidate_3,candidate_4,candidate_2,candidate_1,4,0.1475
639,0,candidate_4,0,candidate_1,4,0.1475
640,candidate_3,candidate_4,candidate_2,candidate_1,4,0.1475
641,candidate_3,candidate_4,candidate_2,candidate_1,4,0.1475
642,candidate_3,0,candidate_2,candidate_1,4,0.1475
643,0,candidate_4,candidate_2,candidate_1,4,0.1475
644,0,candidate_4,0,candidate_1,4,0.1475
645,candidate_3,candidate_4,candidate_2,candidate_1,4,0.1475
646,candidate_3,candidate_4,candidate_2,candidate_1,4,0.1475
647,candidate_3,candidate_4,candidate_2,candidate_1,4,0.1475
648,candidate_3,candidate_4,candidate_2,candidate_1,4,0.1475
649,candidate_3,candidate_4,candidate_2,candidate_1,4,0.1475
650,candidate_3,candidate_4,candidate_2,candidate_1,4,0.1475
651,candidate_3,candidate_4,candidate_2,0,4,0.1475
652,0,candidate_4,candidate_2,0,4,0.1475
653,candidate_3,candidate_4,candidate_2,0,4,0.1475
654,candidate_3,candidate_4,candidate_2,candidate_1,4,0.1475
655,candidate_3,candidate_4,candidate_2,candidate_1,4,0.1475
656,candidate_3,candidate_4,candidate_2,candidate_1,4,0.1475
657,candidate_3,candidate_4,candidate_2,0,4,0.1475
658,candidate_3,candidate_4,candidate_2,candidate_1,4,0.1475
659,candidate_3,candidate_4,0,candidate_1,4,0.1475
660,candidate_3,candidate_4,0,candidate_1,4,0.1475
661,candidate_3,candidate_4,candidate_2,0,4,0.1475
662,candidate_3,candidate_4,candidate_2,candidate_1,4,0.1475
663,candidate_3,candidate_4,0,candidate_1,4,0.1475
664,candidate_3,candidate_4,candidate_2,candidate_1,4,0.1475
665,candidate_3,candidate_4,candidate_2,candidate_1,4,0.1475
666,0,candidate_4,candidate_2,candidate_1,4,0.1475
667,0,candidate_4,candidate_2,candidate_1,4,0.1475
668,candidate_3,candidate_4,candidate_2,0,4,0.1475
669,candidate_3,candidate_4,0,candidate_1,4,0.1475
670,candidate_3,candidate_4,candidate_2,0,4,0.1475
671,candidate_3,0,candidate_2,candidate_1,4,0.1475
672,candidate_3,candidate_4,candidate_2,candidate_1,4,0.1475
673,candidate_3,candidate_4,0,0,4,0.1475
674,candidate_3,candidate_4,candidate_2,candidate_1,4,0.1475
675,candidate_3,candidate_4,candidate_2,0,4,0.1475
676,candidate_3,candidate_4,candidate_2,candidate_1,4,0.1475
677,candidate_3,candidate_4,candidate_2,candidate_1,4,0.1475
678,candidate_3,candidate_4,candidate_2,candidate_1,4,0.1475
679,candidate_3,0,candidate_2,candidate_1,4,0.1475
680,candidate_3,candidate_4,0,candidate_1,4,0.1475
681,0,candidate_4,candidate_2,0,4,0.1475
682,candidate_3,candidate_4,0,candidate_1,4,0.1475
683,candidate_3,candidate_4,candidate_2,candidate_1,4,0.1475
684,candidate_3,candidate_4,candidate_2,candidate_1,4,0.1475
685,candidate_3,candidate_4,candidate_2,candidate_1,4,0.1475
686,candidate_3,0,0,candidate_1,4,0.1475
687,candidate_3,0,candidate_2,candidate_1,4,0.1475
688,candidate_3,candidate_4,candidate_2,candidate_1,4,0.1475
689,candidate_3,candidate_4,candidate_2,candidate_1,4,0.1475
690,candidate_3,candidate_4,candidate_2,candidate_1,4,0.1475
691,0,0,0,0,4,0.1475
692,candidate_3,candidate_4,candidate_2,candidate_1,4,0.1475
693,candidate_3,0,candidate_2,candidate_1,4,0.1475
694,candidate_3,candidate_4,candidate_2,candidate_1,4,0.1475
695,candidate_3,candidate_4,candidate_2,candidate_1,4,0.1475
696,0,candidate_4,candidate_2,candidate_1,4,0.1475
697,candidate_3,0,candidate_2,candidate_1,4,0.1475
698,candidate_3,candidate_4,candidate_2,candidate_1,4,0.1475
699,candidate_3,candidate_4,0,candidate_1,4,0.1475
700,candidate_3,candidate_4,candidate_2,candidate_1,4,0.1475
701,candidate_3,candidate_4,candidate_2,candidate_1,4,0.1475
702,candidate_3,0,candidate_2,candidate_1,4,0.1475
703,candidate_3,candidate_4,candidate_2,0,4,0.1475
704,candidate_3,candidate_4,candidate_2,0,4,0.1475
705,0,candidate_4,candidate_2,candidate_1,4,0.1475
706,candidate_3,0,candidate_2,candidate_1,4,0.1475
707,candidate_3,candidate_4,candidate_2,candidate_1,4,0.1475
708,candidate_3,candidate_4,0,candidate_1,4,0.1475
709,candidate_3,candidate_4,0,candidate_1,4,0.1475
710,candidate_3,candidate_4,candidate_2,0,4,0.1475
711,candidate_3,candidate_4,0,candidate_1,4,0.1475
712,candidate_3,candidate_4,candidate_2,candidate_1,4,0.1475
713,candidate_3,candidate_4,candidate_2,candidate_1,4,0.1475
714,candidate_3,candidate_4,candidate_2,candidate_1,4,0.1475
715,candidate_3,candidate_4,candidate_2,candidate_1,4,0.1475
716,candidate_3,candidate_4,candidate_2,candidate_1,4,0.1475
717,candidate_3,candidate_4,candidate_2,candidate_1,4,0.1475
718,candidate_3,0,0,0,4,0.1475
719,candidate_3,candidate_4,candidate_2,0,4,0.1475
720,candidate_3,candidate_4,candidate_2,candidate_1,4,0.1475
721,candidate_3,candidate_4,candidate_2,candidate_1,4,0.1475
722,0,candidate_4,candidate_2,candidate_1,4,0.1475
723,candidate_3,candidate_4,candidate_2,candidate_1,4,0.1475
724,candidate_3,candidate_4,candidate_2,candidate_1,4,0.1475
725,candidate_3,0,candidate_2,candidate_1,4,0.1475
726,candidate_3,candidate_4,candidate_2,candidate_1,4,0.1475
727,0,candidate_4,candidate_2,candidate_1,4,0.1475
728,candidate_3,0,candidate_2,candidate_1,4,0.1475
729,candidate_3,candidate_4,candidate_2,0,4,0.1475
730,candidate_3,0,candidate_2,candidate_1,4,0.1475
731,0,candidate_4,candidate_2,candidate_1,4,0.1475
732,0,candidate_4,candidate_2,candidate_1,4,0.1475
733,0,candidate_4,candidate_2,candidate_1,4,0.1475
734,candidate_3,candidate_4,candidate_2,candidate_1,4,0.1475
735,candidate_3,candidate_4,candidate_2,candidate_1,4,0.1475
736,candidate_3,0,0,candidate_1,4,0.1475
737,0,candidate_4,candidate_2,candidate_1,4,0.1475
738,candidate_3,0,candidate_2,candidate_1,4,0.1475
739,0,candidate_4,candidate_2,0,4,0.1475
740,candidate_3,candidate_4,candidate_2,candidate_1,4,0.1475
741,candidate_3,candidate_4,candidate_2,candidate_1,4,0.1475
742,candidate_3,candidate_4,0,candidate_1,4,0.1475
743,0,candidate_4,0,candidate_1,4,0.1475
744,candidate_3,candidate_4,candidate_2,candidate_1,4,0.1475
745,candidate_3,candidate_4,0,0,4,0.1475
746,candidate_3,candidate_4,0,candidate_1,4,0.1475
747,candidate_3,candidate_4,candidate_2,candidate_1,4,0.1475
748,0,candidate_4,candidate_2,candidate_1,4,0.1475
749,candidate_3,candidate_4,candidate_2,candidate_1,4,0.1475
750,candidate_3,candidate_4,0,candidate_1,4,0.1475
751,0,candidate_4,candidate_2,candidate_1,4,0.1475
752,candidate_3,candidate_4,candidate_2,candidate_1,4,0.1475
753,candidate_3,candidate_4,candidate_2,0,4,0.1475
754,candidate_3,candidate_4,candidate_2,candidate_1,4,0.1475
755,0,candidate_4,candidate_2,candidate_1,4,0.1475
756,candidate_3,candidate_4,candidate_2,0,4,0.1475
757,candidate_3,candidate_4,candidate_2,candidate_1,4,0.1475
758,0,candidate_4,candidate_2,0,4,0.1475
759,candidate_3,candidate_4,candidate_2,candidate_1,4,0.1475
760,0,candidate_4,0,candidate_1,4,0.1475
761,candidate_3,0,candidate_2,candidate_1,4,0.1475
762,candidate_3,0,candidate_2,candidate_1,4,0.1475
763,candidate_3,candidate_4,candidate_2,candidate_1,4,0.1475
764,candidate_3,candidate_4,candidate_2,0,4,0.1475
765,candidate_3,0,candidate_2,candidate_1,4,0.1475
766,candidate_3,candidate_4,candidate_2,0,4,0.1475
767,candidate_3,candidate_4,candidate_2,candidate_1,4,0.1475
768,candidate_3,candidate_4,candidate_2,0,4,0.1475
769,candidate_3,candidate_4,candidate_2,candidate_1,4,0.1475
770,candidate_3,candidate_4,candidate_2,0,4,0.1475
771,candidate_3,candidate_4,0,0,4,0.1475
772,0,0,candidate_2,candidate_1,4,0.1475
773,candidate_3,candidate_4,candidate_2,candidate_1,4,0.1475
774,candidate_3,0,candidate_2,candidate_1,4,0.1475
775,candidate_3,candidate_4,candidate_2,candidate_1,4,0.1475
776,candidate_3,candidate_4,candidate_2,candidate_1,4,0.1475
777,0,candidate_4,candidate_2,candidate_1,4,0.1475
778,candidate_3,candidate_4,candidate_2,candidate_1,4,0.1475
779,candidate_3,candidate_4,candidate_2,candidate_1,4,0.1475
780,candidate_3,candidate_4,candidate_2,candidate_1,4,0.1475
781,candidate_3,candidate_4,candidate_2,candidate_1,4,0.1475
782,candidate_3,candidate_4,0,candidate_1,4,0.1475
783,candidate_3,candidate_4,candidate_2,candidate_1,4,0.1475
784,candidate_3,candidate_4,candidate_2,candidate_1,4,0.1475
785,candidate_3,candidate_4,candidate_2,candidate_1,4,0.1475
786,0,candidate_4,candidate_2,candidate_1,4,0.1475
787,candidate_3,0,candidate_2,candidate_1,4,0.1475
788,candidate_3,0,candidate_2,candidate_1,4,0.1475
789,0,candidate_4,candidate_2,candidate_1,4,0.1475
790,candidate_3,candidate_4,candidate_2,candidate_1,4,0.1475
791,candidate_3,candidate_4,candidate_2,candidate_1,4,0.1475
792,candidate_3,candidate_4,candidate_2,candidate_1,4,0.1475
793,candidate_3,candidate_4,candidate_2,candidate_1,4,0.1475
794,candidate_3,candidate_4,candidate_2,0,4,0.1475
795,candidate_3,candidate_4,candidate_2,candidate_1,4,0.1475
796,candidate_3,candidate_4,candidate_2,0,4,0.1475
797,0,candidate_4,candidate_2,candidate_1,4,0.1475
798,candidate_3,candidate_4,candidate_2,0,4,0.1475
799,candidate_3,candidate_4,candidate_2,candidate_1,4,0.1475
800,0,candidate_4,candidate_2,candidate_1,4,0.1475
801,candidate_3,0,0,candidate_1,4,0.1475
802,0,candidate_4,candidate_2,candidate_1,4,0.1475
803,candidate_3,0,0,candidate_1,4,0.1475
804,candidate_3,candidate_4,0,candidate_1,4,0.1475
805,candidate_3,candidate_4,0,candidate_1,4,0.1475
806,candidate_3,0,candidate_2,candidate_1,4,0.1475
807,0,candidate_4,candidate_2,candidate_1,4,0.1475
808,candidate_3,candidate_4,candidate_2,0,4,0.1475
809,candidate_3,0,candidate_2,candidate_1,4,0.1475
810,candidate_3,candidate_4,0,candidate_1,4,0.1475
811,0,candidate_4,0,candidate_1,4,0.1475
812,candidate_3,candidate_4,candidate_2,candidate_1,4,0.1475
813,candidate_3,candidate_4,candidate_2,candidate_1,4,0.1475
814,0,candidate_4,0,candidate_1,4,0.1475
815,0,candidate_4,candidate_2,0,4,0.1475
816,candidate_3,candidate_4,candidate_2,0,4,0.1475
817,candidate_3,candidate_4,candidate_2,candidate_1,4,0.1475
818,candidate_3,candidate_4,candidate_2,candidate_1,4,0.1475
819,candidate_3,candidate_4,candidate_2,candidate_1,4,0.1475
820,candidate_3,candidate_4,candidate_2,candidate_1,4,0.1475
821,0,candidate_4,candidate_2,candidate_1,4,0.1475
822,candidate_3,candidate_4,candidate_2,candidate_1,4,0.1475
823,candidate_3,candidate_4,candidate_2,candidate_1,4,0.1475
824,candidate_3,0,candidate_2,candidate_1,4,0.1475
825,candidate_3,candidate_4,candidate_2,candidate_1,4,0.1475
826,0,candidate_4,0,0,4,0.1475
827,0,candidate_4,candidate_2,0,4,0.1475
828,candidate_3,candidate_4,candidate_2,0,4,0.1475
829,candidate_3,candidate_4,0,candidate_1,4,0.1475
830,candidate_3,candidate_4,candidate_2,candidate_1,4,0.1475
831,candidate_3,candidate_4,candidate_2,candidate_1,4,0.1475
832,candidate_3,candidate_4,candidate_2,candidate_1,4,0.1475
833,candidate_3,candidate_4,candidate_2,candidate_1,4,0.1475
834,candidate_3,candidate_4,candidate_2,candidate_1,4,0.1475
835,candidate_3,candidate_4,candidate_2,candidate_1,4,0.1475
836,candidate_3,candidate_4,candidate_2,candidate_1,4,0.1475
837,candidate_3,candidate_4,0,0,4,0.1475
838,candidate_3,candidate_4,candidate_2,candidate_1,4,0.1475
839,candidate_3,candidate_4,candidate_2,candidate_1,4,0.1475
840,candidate_3,0,candidate_2,candidate_1,4,0.1475
841,candidate_3,candidate_4,candidate_2,candidate_1,4,0.1475
842,candidate_3,candidate_4,candidate_2,candidate_1,4,0.1475
843,candidate_3,candidate_4,candidate_2,candidate_1,4,0.1475
844,candidate_3,candidate_4,candidate_2,candidate_1,4,0.1475
845,0,0,candidate_2,candidate_1,4,0.1475
846,candidate_3,candidate_4,candidate_2,0,4,0.1475
847,candidate_3,candidate_4,candidate_2,candidate_1,4,0.1475
848,candidate_3,candidate_4,candidate_2,candidate_1,4,0.1475
849,candidate_3,candidate_4,0,candidate_1,4,0.1475
850,candidate_3,candidate_4,candidate_2,0,4,0.1475
851,candidate_3,candidate_4,candidate_2,0,4,0.1475
852,0,candidate_4,candidate_2,candidate_1,4,0.1475
853,candidate_3,candidate_4,candidate_2,candidate_1,4,0.1475
854,candidate_3,candidate_4,candidate_2,candidate_1,4,0.1475
855,candidate_3,candidate_4,candidate_2,candidate_1,4,0.1475
856,candidate_3,candidate_4,candidate_2,candidate_1,4,0.1475
857,candidate_3,candidate_4,0,candidate_1,4,0.1475
858,candidate_3,candidate_4,candidate_2,candidate_1,4,0.1475
859,candidate_3,candidate_4,candidate_2,candidate_1,4,0.1475
860,candidate_3,0,candidate_2,candidate_1,4,0.1475
861,candidate_3,candidate_4,0,candidate_1,4,0.1475
862,candidate_3,candidate_4,0,0,4,0.1475
863,candidate_3,candidate_4,candidate_2,candidate_1,4,0.1475
864,candidate_3,0,candidate_2,candidate_1,4,0.1475
865,candidate_3,0,candidate_2,candidate_1,4,0.1475
866,candidate_3,candidate_4,candidate_2,candidate_1,4,0.1475
867,candidate_3,0,candidate_2,candidate_1,4,0.1475
868,candidate_3,candidate_4,candidate_2,candidate_1,4,0.1475
869,0,candidate_4,candidate_2,candidate_1,4,0.1475
870,candidate_3,candidate_4,candidate_2,candidate_1,4,0.1475
871,candidate_3,0,candidate_2,candidate_1,4,0.1475
872,candidate_3,candidate_4,0,candidate_1,4,0.1475
873,candidate_3,candidate_4,candidate_2,0,4,0.1475
874,candidate_3,candidate_4,candidate_2,0,4,0.1475
875,0,candidate_4,candidate_2,0,4,0.1475
876,candidate_3,candidate_4,candidate_2,candidate_1,4,0.1475
877,candidate_3,candidate_4,0,candidate_1,4,0.1475
878,candidate_3,candidate_4,candidate_2,candidate_1,4,0.1475
879,candidate_3,candidate_4,candidate_2,candidate_1,4,0.1475
880,candidate_3,candidate_4,candidate_2,candidate_1,4,0.1475
881,candidate_3,candidate_4,candidate_2,candidate_1,4,0.1475
882,candidate_3,0,candidate_2,candidate_1,4,0.1475
883,0,candidate_4,candidate_2,candidate_1,4,0.1475
884,candidate_3,candidate_4,candidate_2,candidate_1,4,0.1475
885,candidate_3,candidate_4,candidate_2,candidate_1,4,0.1475
886,candidate_3,0,candidate_2,candidate_1,4,0.1475
0,0,candidate_1,candidate_2,candidate_3,4,0.1475
1,0,candidate_1,candidate_2,candidate_3,4,0.1475
2,candidate_4,candidate_1,candidate_2,candidate_3,4,0.1475
3,candidate_4,candidate_1,candidate_2,candidate_3,4,0.1475
4,candidate_4,0,candidate_2,candidate_3,4,0.1475
5,candidate_4,candidate_1,candidate_2,0,4,0.1475
6,candidate_4,candidate_1,candidate_2,candidate_3,4,0.1475
7,candidate_4,candidate_1,candidate_2,candidate_3,4,0.1475
8,candidate_4,candidate_1,0,candidate_3,4,0.1475
9,candidate_4,candidate_1,0,candidate_3,4,0.1475
10,candidate_4,candidate_1,candidate_2,candidate_3,4,0.1475
11,0,candidate_1,candidate_2,candidate_3,4,0.1475
12,candidate_4,candidate_1,candidate_2,candidate_3,4,0.1475
13,candidate_4,candidate_1,candidate_2,candidate_3,4,0.1475
14,candidate_4,0,candidate_2,candidate_3,4,0.1475
15,0,0,candidate_2,candidate_3,4,0.1475
16,candidate_4,candidate_1,candidate_2,candidate_3,4,0.1475
17,candidate_4,candidate_1,candidate_2,candidate_3,4,0.1475
18,0,candidate_1,candidate_2,candidate_3,4,0.1475
19,candidate_4,candidate_1,candidate_2,candidate_3,4,0.1475
20,candidate_4,candidate_1,candidate_2,candidate_3,4,0.1475
21,0,candidate_1,candidate_2,0,4,0.1475
22,candidate_4,candidate_1,candidate_2,candidate_3,4,0.1475
23,candidate_4,candidate_1,candidate_2,0,4,0.1475
24,candidate_4,candidate_1,candidate_2,candidate_3,4,0.1475
25,candidate_4,candidate_1,candidate_2,candidate_3,4,0.1475
26,candidate_4,0,candidate_2,candidate_3,4,0.1475
27,candidate_4,candidate_1,candidate_2,candidate_3,4,0.1475
28,candidate_4,candidate_1,candidate_2,candidate_3,4,0.1475
29,candidate_4,candidate_1,0,candidate_3,4,0.1475
30,candidate_4,candidate_1,candidate_2,candidate_3,4,0.1475
31,candidate_4,candidate_1,candidate_2,candidate_3,4,0.1475
32,0,candidate_1,candidate_2,0,4,0.1475
33,0,candidate_1,0,candidate_3,4,0.1475
34,candidate_4,candidate_1,candidate_2,candidate_3,4,0.1475
35,candidate_4,0,candidate_2,candidate_3,4,0.1475
36,0,candidate_1,candidate_2,candidate_3,4,0.1475
37,candidate_4,candidate_1,0,candidate_3,4,0.1475
38,0,0,candidate_2,candidate_3,4,0.1475
39,candidate_4,candidate_1,candidate_2,candidate_3,4,0.1475
40,candidate_4,candidate_1,candidate_2,candidate_3,4,0.1475
41,candidate_4,candidate_1,candidate_2,candidate_3,4,0.1475
42,candidate_4,candidate_1,0,candidate_3,4,0.1475
43,candidate_4,candidate_1,0,candidate_3,4,0.1475
44,candidate_4,candidate_1,candidate_2,candidate_3,4,0.1475
45,candidate_4,candidate_1,candidate_2,0,4,0.1475
46,candidate_4,0,candidate_2,candidate_3,4,0.1475
47,candidate_4,candidate_1,candidate_2,candidate_3,4,0.1475
48,candidate_4,candidate_1,candidate_2,candidate_3,4,0.1475
49,0,candidate_1,0,candidate_3,4,0.1475
50,candidate_4,candidate_1,candidate_2,candidate_3,4,0.1475
51,candidate_4,candidate_1,candidate_2,0,4,0.1475
52,candidate_4,candidate_1,candidate_2,candidate_3,4,0.1475
53,candidate_4,candidate_1,candidate_2,candidate_3,4,0.1475
54,candidate_4,candidate_1,candidate_2,0,4,0.1475
55,candidate_4,candidate_1,candidate_2,candidate_3,4,0.1475
56,candidate_4,0,candidate_2,0,4,0.1475
57,candidate_4,candidate_1,candidate_2,candidate_3,4,0.1475
58,candidate_4,candidate_1,candidate_2,candidate_3,4,0.1475
59,candidate_4,candidate_1,candidate_2,candidate_3,4,0.1475
60,candidate_4,candidate_1,candidate_2,candidate_3,4,0.1475
61,candidate_4,0,candidate_2,candidate_3,4,0.1475
62,candidate_4,candidate_1,candidate_2,0,4,0.1475
63,candidate_4,candidate_1,0,0,4,0.1475
64,candidate_4,0,candidate_2,candidate_3,4,0.1475
65,candidate_4,0,candidate_2,0,4,0.1475
66,candidate_4,candidate_1,candidate_2,candidate_3,4,0.1475
67,candidate_4,candidate_1,candidate_2,candidate_3,4,0.1475
68,0,candidate_1,candidate_2,candidate_3,4,0.1475
69,candidate_4,candidate_1,candidate_2,candidate_3,4,0.1475
70,candidate_4,candidate_1,candidate_2,candidate_3,4,0.1475
71,0,candidate_1,candidate_2,candidate_3,4,0.1475
72,0,candidate_1,0,candidate_3,4,0.1475
73,candidate_4,candidate_1,candidate_2,candidate_3,4,0.1475
74,0,candidate_1,candidate_2,candidate_3,4,0.1475
75,candidate_4,candidate_1,candidate_2,candidate_3,4,0.1475
76,candidate_4,candidate_1,candidate_2,candidate_3,4,0.1475
77,0,candidate_1,candidate_2,0,4,0.1475
78,candidate_4,candidate_1,0,candidate_3,4,0.1475
79,candidate_4,candidate_1,candidate_2,candidate_3,4,0.1475
80,candidate_4,candidate_1,candidate_2,candidate_3,4,0.1475
81,candidate_4,candidate_1,candidate_2,candidate_3,4,0.1475
82,candidate_4,candidate_1,candidate_2,candidate_3,4,0.1475
83,candidate_4,candidate_1,candidate_2,candidate_3,4,0.1475
84,candidate_4,candidate_1,candidate_2,candidate_3,4,0.1475
85,candidate_4,candidate_1,0,0,4,0.1475
86,candidate_4,0,candidate_2,candidate_3,4,0.1475
87,candidate_4,candidate_1,candidate_2,candidate_3,4,0.1475
88,candidate_4,candidate_1,candidate_2,candidate_3,4,0.1475
89,candidate_4,candidate_1,candidate_2,candidate_3,4,0.1475
90,candidate_4,candidate_1,candidate_2,candidate_3,4,0.1475
91,candidate_4,0,candidate_2,candidate_3,4,0.1475
92,0,candidate_1,candidate_2,candidate_3,4,0.1475
93,0,candidate_1,candidate_2,candidate_3,4,0.1475
94,candidate_4,candidate_1,candidate_2,candidate_3,4,0.1475
95,0,candidate_1,0,candidate_3,4,0.1475
96,candidate_4,candidate_1,candidate_2,candidate_3,4,0.1475
97,candidate_4,candidate_1,candidate_2,candidate_3,4,0.1475
98,0,candidate_1,candidate_2,candidate_3,4,0.1475
99,candidate_4,candidate_1,candidate_2,candidate_3,4,0.1475
100,candidate_4,candidate_1,candidate_2,candidate_3,4,0.1475
101,candidate_4,candidate_1,candidate_2,candidate_3,4,0.1475
102,candidate_4,candidate_1,candidate_2,candidate_3,4,0.1475
103,0,candidate_1,candidate_2,candidate_3,4,0.1475
104,candidate_4,candidate_1,candidate_2,0,4,0.1475
105,candidate_4,candidate_1,candidate_2,candidate_3,4,0.1475
106,0,candidate_1,candidate_2,candidate_3,4,0.1475
107,0,0,candidate_2,candidate_3,4,0.1475
108,candidate_4,candidate_1,candidate_2,candidate_3,4,0.1475
109,0,candidate_1,candidate_2,candidate_3,4,0.1475
110,candidate_4,candidate_1,candidate_2,candidate_3,4,0.1475
111,0,candidate_1,candidate_2,candidate_3,4,0.1475
112,candidate_4,candidate_1,candidate_2,candidate_3,4,0.1475
113,candidate_4,candidate_1,candidate_2,candidate_3,4,0.1475
114,candidate_4,0,candidate_2,candidate_3,4,0.1475
115,candidate_4,candidate_1,candidate_2,candidate_3,4,0.1475
116,candidate_4,candidate_1,0,candidate_3,4,0.1475
117,candidate_4,candidate_1,candidate_2,candidate_3,4,0.1475
118,0,candidate_1,0,candidate_3,4,0.1475
119,candidate_4,candidate_1,candidate_2,candidate_3,4,0.1475
120,0,candidate_1,candidate_2,candidate_3,4,0.1475
121,candidate_4,candidate_1,0,0,4,0.1475
122,0,candidate_1,candidate_2,candidate_3,4,0.1475
123,candidate_4,candidate_1,candidate_2,candidate_3,4,0.1475
124,0,candidate_1,candidate_2,candidate_3,4,0.1475
125,candidate_4,candidate_1,0,candidate_3,4,0.1475
126,candidate_4,candidate_1,candidate_2,candidate_3,4,0.1475
127,0,candidate_1,candidate_2,candidate_3,4,0.1475
128,0,candidate_1,candidate_2,candidate_3,4,0.1475
129,candidate_4,candidate_1,0,candidate_3,4,0.1475
130,candidate_4,candidate_1,candidate_2,candidate_3,4,0.1475
131,candidate_4,candidate_1,candidate_2,candidate_3,4,0.1475
132,candidate_4,candidate_1,candidate_2,0,4,0.1475
133,candidate_4,0,candidate_2,candidate_3,4,0.1475
134,candidate_4,candidate_1,candidate_2,candidate_3,4,0.1475
135,candidate_4,candidate_1,candidate_2,candidate_3,4,0.1475
136,candidate_4,candidate_1,candidate_2,candidate_3,4,0.1475
137,0,candidate_1,candidate_2,candidate_3,4,0.1475
138,candidate_4,0,candidate_2,candidate_3,4,0.1475
139,0,candidate_1,candidate_2,0,4,0.1475
140,candidate_4,candidate_1,candidate_2,0,4,0.1475
141,candidate_4,candidate_1,candidate_2,candidate_3,4,0.1475
142,candidate_4,candidate_1,candidate_2,candidate_3,4,0.1475
143,candidate_4,0,candidate_2,candidate_3,4,0.1475
144,0,candidate_1,0,candidate_3,4,0.1475
145,candidate_4,candidate_1,candidate_2,0,4,0.1475
146,0,candidate_1,candidate_2,candidate_3,4,0.1475
147,candidate_4,0,candidate_2,0,4,0.1475
148,0,candidate_1,candidate_2,candidate_3,4,0.1475
149,candidate_4,candidate_1,0,0,4,0.1475
150,candidate_4,candidate_1,candidate_2,candidate_3,4,0.1475
151,candidate_4,candidate_1,candidate_2,candidate_3,4,0.1475
152,candidate_4,0,candidate_2,candidate_3,4,0.1475
153,candidate_4,candidate_1,candidate_2,candidate_3,4,0.1475
154,candidate_4,candidate_1,candidate_2,candidate_3,4,0.1475
155,candidate_4,0,candidate_2,candidate_3,4,0.1475
156,0,candidate_1,candidate_2,candidate_3,4,0.1475
157,candidate_4,candidate_1,candidate_2,candidate_3,4,0.1475
158,candidate_4,0,candidate_2,candidate_3,4,0.1475
159,candidate_4,candidate_1,candidate_2,candidate_3,4,0.1475
160,candidate_4,candidate_1,0,candidate_3,4,0.1475
161,candidate_4,candidate_1,candidate_2,0,4,0.1475
162,candidate_4,candidate_1,candidate_2,candidate_3,4,0.1475
163,candidate_4,candidate_1,candidate_2,candidate_3,4,0.1475
164,0,candidate_1,candidate_2,candidate_3,4,0.1475
165,candidate_4,candidate_1,candidate_2,candidate_3,4,0.1475
166,candidate_4,candidate_1,candidate_2,candidate_3,4,0.1475
167,candidate_4,candidate_1,0,candidate_3,4,0.1475
168,candidate_4,0,candidate_2,0,4,0.1475
169,candidate_4,candidate_1,candidate_2,0,4,0.1475
170,candidate_4,candidate_1,candidate_2,candidate_3,4,0.1475
171,candidate_4,candidate_1,candidate_2,0,4,0.1475
172,candidate_4,candidate_1,candidate_2,candidate_3,4,0.1475
173,0,candidate_1,candidate_2,candidate_3,4,0.1475
174,candidate_4,candidate_1,candidate_2,candidate_3,4,0.1475
175,candidate_4,candidate_1,candidate_2,0,4,0.1475
176,candidate_4,candidate_1,0,candidate_3,4,0.1475
177,candidate_4,candidate_1,candidate_2,candidate_3,4,0.1475
178,candidate_4,candidate_1,0,candidate_3,4,0.1475
179,candidate_4,candidate_1,candidate_2,0,4,0.1475
180,candidate_4,candidate_1,candidate_2,candidate_3,4,0.1475
181,candidate_4,candidate_1,candidate_2,candidate_3,4,0.1475
182,candidate_4,candidate_1,candidate_2,candidate_3,4,0.1475
183,candidate_4,candidate_1,candidate_2,0,4,0.1475
184,candidate_4,candidate_1,0,candidate_3,4,0.1475
185,candidate_4,0,candidate_2,candidate_3,4,0.1475
186,candidate_4,candidate_1,0,0,4,0.1475
187,candidate_4,candidate_1,candidate_2,candidate_3,4,0.1475
188,candidate_4,candidate_1,candidate_2,candidate_3,4,0.1475
189,candidate_4,candidate_1,candidate_2,candidate_3,4,0.1475
190,candidate_4,candidate_1,candidate_2,0,4,0.1475
191,candidate_4,candidate_1,candidate_2,0,4,0.1475
192,candidate_4,candidate_1,0,candidate_3,4,0.1475
193,candidate_4,candidate_1,candidate_2,candidate_3,4,0.1475
194,candidate_4,candidate_1,candidate_2,candidate_3,4,0.1475
195,candidate_4,candidate_1,candidate_2,candidate_3,4,0.1475
196,0,candidate_1,0,0,4,0.1475
197,candidate_4,candidate_1,candidate_2,candidate_3,4,0.1475
198,candidate_4,candidate_1,candidate_2,candidate_3,4,0.1475
199,candidate_4,0,candidate_2,candidate_3,4,0.1475
200,candidate_4,candidate_1,0,candidate_3,4,0.1475
201,candidate_4,candidate_1,candidate_2,candidate_3,4,0.1475
202,candidate_4,0,candidate_2,candidate_3,4,0.1475
203,0,0,candidate_2,candidate_3,4,0.1475
204,candidate_4,candidate_1,candidate_2,candidate_3,4,0.1475
205,candidate_4,candidate_1,candidate_2,candidate_3,4,0.1475
206,candidate_4,0,candidate_2,candidate_3,4,0.1475
207,0,0,0,0,4,0.1475
208,candidate_4,candidate_1,candidate_2,0,4,0.1475
209,0,candidate_1,0,candidate_3,4,0.1475
210,candidate_4,candidate_1,0,candidate_3,4,0.1475
211,candidate_4,candidate_1,candidate_2,candidate_3,4,0.1475
212,candidate_4,candidate_1,candidate_2,0,4,0.1475
213,candidate_4,candidate_1,0,0,4,0.1475
214,0,0,candidate_2,candidate_3,4,0.1475
215,candidate_4,candidate_1,candidate_2,candidate_3,4,0.1475
216,0,candidate_1,candidate_2,candidate_3,4,0.1475
217,0,candidate_1,candidate_2,candidate_3,4,0.1475
218,candidate_4,candidate_1,candidate_2,candidate_3,4,0.1475
219,candidate_4,0,candidate_2,candidate_3,4,0.1475
220,candidate_4,0,0,candidate_3,4,0.1475
221,candidate_4,candidate_1,candidate_2,candidate_3,4,0.1475
222,candidate_4,candidate_1,candidate_2,0,4,0.1475
223,candidate_4,candidate_1,candidate_2,0,4,0.1475
224,candidate_4,candidate_1,candidate_2,candidate_3,4,0.1475
225,candidate_4,candidate_1,candidate_2,0,4,0.1475
226,candidate_4,candidate_1,candidate_2,candidate_3,4,0.1475
227,candidate_4,candidate_1,candidate_2,candidate_3,4,0.1475
228,candidate_4,candidate_1,candidate_2,candidate_3,4,0.1475
229,candidate_4,candidate_1,candidate_2,candidate_3,4,0.1475
230,candidate_4,candidate_1,candidate_2,candidate_3,4,0.1475
231,0,candidate_1,candidate_2,candidate_3,4,0.1475
232,candidate_4,0,candidate_2,candidate_3,4,0.1475
233,candidate_4,candidate_1,candidate_2,candidate_3,4,0.1475
234,0,candidate_1,candidate_2,candidate_3,4,0.1475
235,candidate_4,candidate_1,candidate_2,candidate_3,4,0.1475
236,candidate_4,candidate_1,candidate_2,0,4,0.1475
237,candidate_4,0,candidate_2,candidate_3,4,0.1475
238,candidate_4,candidate_1,candidate_2,0,4,0.1475
239,candidate_4,candidate_1,candidate_2,candidate_3,4,0.1475
240,candidate_4,candidate_1,0,candidate_3,4,0.1475
241,candidate_4,0,candidate_2,candidate_3,4,0.1475
242,candidate_4,candidate_1,candidate_2,candidate_3,4,0.1475
243,0,candidate_1,candidate_2,candidate_3,4,0.1475
244,0,candidate_1,0,candidate_3,4,0.1475
245,candidate_4,candidate_1,candidate_2,0,4,0.1475
246,candidate_4,candidate_1,candidate_2,candidate_3,4,0.1475
247,candidate_4,candidate_1,candidate_2,candidate_3,4,0.1475
248,0,candidate_1,candidate_2,candidate_3,4,0.1475
249,candidate_4,0,0,candidate_3,4,0.1475
250,candidate_4,candidate_1,0,0,4,0.1475
251,candidate_4,candidate_1,candidate_2,candidate_3,4,0.1475
252,candidate_4,0,candidate_2,candidate_3,4,0.1475
253,candidate_4,0,candidate_2,candidate_3,4,0.1475
254,candidate_4,candidate_1,candidate_2,candidate_3,4,0.1475
255,candidate_4,0,candidate_2,candidate_3,4,0.1475
256,0,0,candidate_2,candidate_3,4,0.1475
257,candidate_4,candidate_1,0,candidate_3,4,0.1475
258,candidate_4,0,candidate_2,candidate_3,4,0.1475
259,0,candidate_1,candidate_2,0,4,0.1475
260,candidate_4,0,candidate_2,candidate_3,4,0.1475
261,candidate_4,candidate_1,candidate_2,0,4,0.1475
262,candidate_4,candidate_1,candidate_2,candidate_3,4,0.1475
263,candidate_4,candidate_1,candidate_2,candidate_3,4,0.1475
264,0,candidate_1,0,candidate_3,4,0.1475
265,0,candidate_1,candidate_2,candidate_3,4,0.1475
266,candidate_4,candidate_1,candidate_2,candidate_3,4,0.1475
267,candidate_4,candidate_1,0,0,4,0.1475
268,candidate_4,candidate_1,candidate_2,candidate_3,4,0.1475
269,candidate_4,candidate_1,0,candidate_3,4,0.1475
270,candidate_4,0,candidate_2,0,4,0.1475
271,candidate_4,candidate_1,candidate_2,candidate_3,4,0.1475
272,candidate_4,candidate_1,candidate_2,candidate_3,4,0.1475
273,0,candidate_1,candidate_2,candidate_3,4,0.1475
274,candidate_4,candidate_1,0,0,4,0.1475
275,candidate_4,0,0,candidate_3,4,0.1475
276,candidate_4,candidate_1,candidate_2,candidate_3,4,0.1475
277,candidate_4,candidate_1,candidate_2,candidate_3,4,0.1475
278,candidate_4,candidate_1,candidate_2,candidate_3,4,0.1475
279,candidate_4,candidate_1,0,candidate_3,4,0.1475
280,candidate_4,0,0,candidate_3,4,0.1475
281,candidate_4,candidate_1,candidate_2,candidate_3,4,0.1475
282,candidate_4,0,candidate_2,candidate_3,4,0.1475
283,candidate_4,candidate_1,0,0,4,0.1475
284,candidate_4,candidate_1,0,candidate_3,4,0.1475
285,candidate_4,0,candidate_2,candidate_3,4,0.1475
286,candidate_4,candidate_1,candidate_2,candidate_3,4,0.1475
287,candidate_4,candidate_1,0,candidate_3,4,0.1475
288,candidate_4,candidate_1,candidate_2,candidate_3,4,0.1475
289,candidate_4,candidate_1,0,0,4,0.1475
290,0,candidate_1,candidate_2,candidate_3,4,0.1475
291,candidate_4,candidate_1,0,candidate_3,4,0.1475
292,0,0,candidate_2,candidate_3,4,0.1475
293,0,candidate_1,candidate_2,candidate_3,4,0.1475
294,candidate_4,candidate_1,candidate_2,candidate_3,4,0.1475
295,candidate_4,candidate_1,candidate_2,candidate_3,4,0.1475
296,candidate_4,candidate_1,candidate_2,candidate_3,4,0.1475
297,candidate_4,candidate_1,candidate_2,candidate_3,4,0.1475
298,candidate_4,candidate_1,candidate_2,candidate_3,4,0.1475
299,candidate_4,0,candidate_2,candidate_3,4,0.1475
300,candidate_4,0,candidate_2,0,4,0.1475
301,candidate_4,candidate_1,candidate_2,candidate_3,4,0.1475
302,candidate_4,candidate_1,candidate_2,candidate_3,4,0.1475
303,candidate_4,candidate_1,0,candidate_3,4,0.1475
304,candidate_4,candidate_1,candidate_2,candidate_3,4,0.1475
305,candidate_4,candidate_1,candidate_2,candidate_3,4,0.1475
306,candidate_4,0,candidate_2,candidate_3,4,0.1475
307,candidate_4,candidate_1,candidate_2,candidate_3,4,0.1475
308,candidate_4,candidate_1,candidate_2,candidate_3,4,0.1475
309,candidate_4,candidate_1,candidate_2,candidate_3,4,0.1475
310,0,candidate_1,candidate_2,candidate_3,4,0.1475
311,candidate_4,candidate_1,0,candidate_3,4,0.1475
312,0,candidate_1,0,candidate_3,4,0.1475
313,candidate_4,candidate_1,candidate_2,candidate_3,4,0.1475
314,candidate_4,candidate_1,candidate_2,candidate_3,4,0.1475
315,candidate_4,candidate_1,candidate_2,candidate_3,4,0.1475
316,candidate_4,candidate_1,candidate_2,0,4,0.1475
317,candidate_4,candidate_1,candidate_2,0,4,0.1475
318,candidate_4,candidate_1,candidate_2,candidate_3,4,0.1475
319,candidate_4,candidate_1,0,candidate_3,4,0.1475
320,candidate_4,candidate_1,candidate_2,0,4,0.1475
321,candidate_4,candidate_1,candidate_2,candidate_3,4,0.1475
322,candidate_4,candidate_1,candidate_2,candidate_3,4,0.1475
323,0,candidate_1,candidate_2,0,4,0.1475
324,candidate_4,candidate_1,candidate_2,candidate_3,4,0.1475
325,0,candidate_1,candidate_2,candidate_3,4,0.1475
326,candidate_4,candidate_1,candidate_2,candidate_3,4,0.1475
327,candidate_4,candidate_1,candidate_2,candidate_3,4,0.1475
328,candidate_4,candidate_1,candidate_2,candidate_3,4,0.1475
329,0,candidate_1,candidate_2,candidate_3,4,0.1475
330,candidate_4,0,candidate_2,candidate_3,4,0.1475
331,candidate_4,candidate_1,candidate_2,candidate_3,4,0.1475
332,candidate_4,candidate_1,candidate_2,candidate_3,4,0.1475
333,0,candidate_1,candidate_2,candidate_3,4,0.1475
334,candidate_4,0,candidate_2,candidate_3,4,0.1475
335,candidate_4,0,candidate_2,candidate_3,4,0.1475
336,candidate_4,candidate_1,candidate_2,candidate_3,4,0.1475
337,candidate_4,candidate_1,0,candidate_3,4,0.1475
338,candidate_4,candidate_1,candidate_2,candidate_3,4,0.1475
339,candidate_4,candidate_1,candidate_2,candidate_3,4,0.1475
340,candidate_4,0,candidate_2,candidate_3,4,0.1475
341,candidate_4,candidate_1,candidate_2,candidate_3,4,0.1475
342,candidate_4,0,candidate_2,candidate_3,4,0.1475
343,candidate_4,candidate_1,candidate_2,0,4,0.1475
344,candidate_4,candidate_1,candidate_2,candidate_3,4,0.1475
345,candidate_4,0,0,candidate_3,4,0.1475
346,candidate_4,candidate_1,candidate_2,candidate_3,4,0.1475
347,candidate_4,0,candidate_2,0,4,0.1475
348,candidate_4,candidate_1,candidate_2,candidate_3,4,0.1475
349,candidate_4,candidate_1,candidate_2,0,4,0.1475
350,candidate_4,candidate_1,candidate_2,0,4,0.1475
351,candidate_4,candidate_1,candidate_2,candidate_3,4,0.1475
352,candidate_4,0,candidate_2,candidate_3,4,0.1475
353,candidate_4,candidate_1,candidate_2,candidate_3,4,0.1475
354,candidate_4,candidate_1,0,candidate_3,4,0.1475
355,candidate_4,candidate_1,candidate_2,candidate_3,4,0.1475
356,candidate_4,candidate_1,0,0,4,0.1475
357,candidate_4,candidate_1,candidate_2,candidate_3,4,0.1475
358,candidate_4,candidate_1,candidate_2,candidate_3,4,0.1475
359,0,candidate_1,candidate_2,0,4,0.1475
360,candidate_4,candidate_1,candidate_2,candidate_3,4,0.1475
361,candidate_4,candidate_1,candidate_2,0,4,0.1475
362,candidate_4,candidate_1,candidate_2,candidate_3,4,0.1475
363,candidate_4,candidate_1,candidate_2,0,4,0.1475
364,candidate_4,candidate_1,candidate_2,candidate_3,4,0.1475
365,0,candidate_1,0,candidate_3,4,0.1475
366,candidate_4,candidate_1,candidate_2,candidate_3,4,0.1475
367,candidate_4,candidate_1,candidate_2,candidate_3,4,0.1475
368,candidate_4,candidate_1,candidate_2,candidate_3,4,0.1475
369,candidate_4,candidate_1,candidate_2,candidate_3,4,0.1475
370,candidate_4,candidate_1,candidate_2,0,4,0.1475
371,0,candidate_1,0,candidate_3,4,0.1475
372,candidate_4,candidate_1,candidate_2,0,4,0.1475
373,candidate_4,candidate_1,candidate_2,candidate_3,4,0.1475
374,candidate_4,candidate_1,candidate_2,candidate_3,4,0.1475
375,0,candidate_1,candidate_2,candidate_3,4,0.1475
376,candidate_4,candidate_1,candidate_2,candidate_3,4,0.1475
377,candidate_4,0,candidate_2,candidate_3,4,0.1475
378,candidate_4,candidate_1,candidate_2,candidate_3,4,0.1475
379,candidate_4,candidate_1,candidate_2,candidate_3,4,0.1475
380,0,candidate_1,candidate_2,candidate_3,4,0.1475
381,candidate_4,candidate_1,candidate_2,candidate_3,4,0.1475
382,candidate_4,candidate_1,0,candidate_3,4,0.1475
383,candidate_4,candidate_1,candidate_2,candidate_3,4,0.1475
384,candidate_4,candidate_1,candidate_2,0,4,0.1475
385,candidate_4,0,candidate_2,candidate_3,4,0.1475
386,0,candidate_1,candidate_2,candidate_3,4,0.1475
387,candidate_4,candidate_1,0,candidate_3,4,0.1475
388,0,0,candidate_2,0,4,0.1475
389,candidate_4,candidate_1,0,candidate_3,4,0.1475
390,candidate_4,candidate_1,candidate_2,candidate_3,4,0.1475
391,candidate_4,candidate_1,candidate_2,candidate_3,4,0.1475
392,candidate_4,candidate_1,candidate_2,candidate_3,4,0.1475
393,candidate_4,candidate_1,candidate_2,candidate_3,4,0.1475
394,candidate_4,0,candidate_2,candidate_3,4,0.1475
395,candidate_4,candidate_1,candidate_2,candidate_3,4,0.1475
396,candidate_4,candidate_1,candidate_2,candidate_3,4,0.1475
397,candidate_4,candidate_1,0,candidate_3,4,0.1475
398,candidate_4,candidate_1,candidate_2,candidate_3,4,0.1475
399,candidate_4,candidate_1,candidate_2,candidate_3,4,0.1475
400,candidate_4,candidate_1,candidate_2,candidate_3,4,0.1475
401,candidate_4,candidate_1,candidate_2,candidate_3,4,0.1475
402,candidate_4,candidate_1,candidate_2,candidate_3,4,0.1475
403,candidate_4,candidate_1,0,candidate_3,4,0.1475
404,candidate_4,candidate_1,candidate_2,candidate_3,4,0.1475
405,candidate_4,candidate_1,candidate_2,candidate_3,4,0.1475
406,candidate_4,0,candidate_2,candidate_3,4,0.1475
407,candidate_4,candidate_1,candidate_2,candidate_3,4,0.1475
408,candidate_4,candidate_1,0,candidate_3,4,0.1475
409,candidate_4,candidate_1,candidate_2,candidate_3,4,0.1475
410,candidate_4,candidate_1,candidate_2,0,4,0.1475
411,candidate_4,candidate_1,0,candidate_3,4,0.1475
412,candidate_4,candidate_1,candidate_2,0,4,0.1475
413,candidate_4,candidate_1,candidate_2,0,4,0.1475
414,candidate_4,candidate_1,candidate_2,candidate_3,4,0.1475
415,candidate_4,candidate_1,candidate_2,candidate_3,4,0.1475
416,candidate_4,candidate_1,candidate_2,candidate_3,4,0.1475
417,candidate_4,candidate_1,candidate_2,candidate_3,4,0.1475
418,candidate_4,candidate_1,candidate_2,candidate_3,4,0.1475
419,0,0,candidate_2,candidate_3,4,0.1475
420,candidate_4,candidate_1,0,candidate_3,4,0.1475
421,candidate_4,candidate_1,candidate_2,0,4,0.1475
422,0,candidate_1,candidate_2,candidate_3,4,0.1475
423,candidate_4,candidate_1,candidate_2,candidate_3,4,0.1475
424,0,candidate_1,candidate_2,candidate_3,4,0.1475
425,candidate_4,candidate_1,candidate_2,candidate_3,4,0.1475
426,candidate_4,0,candidate_2,candidate_3,4,0.1475
427,candidate_4,candidate_1,0,candidate_3,4,0.1475
428,candidate_4,candidate_1,0,0,4,0.1475
429,candidate_4,candidate_1,candidate_2,candidate_3,4,0.1475
430,candidate_4,candidate_1,candidate_2,candidate_3,4,0.1475
431,candidate_4,candidate_1,candidate_2,candidate_3,4,0.1475
432,candidate_4,candidate_1,candidate_2,candidate_3,4,0.1475
433,candidate_4,0,candidate_2,candidate_3,4,0.1475
434,candidate_4,candidate_1,candidate_2,candidate_3,4,0.1475
435,candidate_4,candidate_1,candidate_2,candidate_3,4,0.1475
436,candidate_4,candidate_1,0,candidate_3,4,0.1475
437,0,candidate_1,candidate_2,candidate_3,4,0.1475
438,candidate_4,candidate_1,0,candidate_3,4,0.1475
439,candidate_4,candidate_1,candidate_2,candidate_3,4,0.1475
440,candidate_4,candidate_1,candidate_2,candidate_3,4,0.1475
441,candidate_4,candidate_1,0,candidate_3,4,0.1475
442,candidate_4,0,candidate_2,candidate_3,4,0.1475
443,candidate_4,candidate_1,candidate_2,candidate_3,4,0.1475
444,candidate_4,candidate_1,candidate_2,candidate_3,4,0.1475
445,candidate_4,candidate_1,candidate_2,candidate_3,4,0.1475
446,candidate_4,candidate_1,candidate_2,candidate_3,4,0.1475
447,candidate_4,candidate_1,candidate_2,candidate_3,4,0.1475
448,0,candidate_1,candidate_2,candidate_3,4,0.1475
449,candidate_4,0,candidate_2,0,4,0.1475
450,candidate_4,candidate_1,candidate_2,candidate_3,4,0.1475
451,0,candidate_1,candidate_2,candidate_3,4,0.1475
452,candidate_4,0,candidate_2,0,4,0.1475
453,candidate_4,candidate_1,candidate_2,candidate_3,4,0.1475
454,candidate_4,candidate_1,candidate_2,candidate_3,4,0.1475
455,candidate_4,0,candidate_2,0,4,0.1475
456,candidate_4,candidate_1,candidate_2,candidate_3,4,0.1475
457,candidate_4,candidate_1,candidate_2,candidate_3,4,0.1475
458,candidate_4,candidate_1,candidate_2,candidate_3,4,0.1475
459,candidate_4,0,0,0,4,0.1475
460,candidate_4,candidate_1,candidate_2,candidate_3,4,0.1475
461,candidate_4,candidate_1,0,candidate_3,4,0.1475
462,0,candidate_1,candidate_2,candidate_3,4,0.1475
463,candidate_4,candidate_1,candidate_2,candidate_3,4,0.1475
464,candidate_4,candidate_1,candidate_2,candidate_3,4,0.1475
465,candidate_4,candidate_1,candidate_2,candidate_3,4,0.1475
466,candidate_4,candidate_1,candidate_2,candidate_3,4,0.1475
467,0,candidate_1,candidate_2,candidate_3,4,0.1475
468,0,0,candidate_2,candidate_3,4,0.1475
469,candidate_4,candidate_1,candidate_2,candidate_3,4,0.1475
470,candidate_4,candidate_1,candidate_2,candidate_3,4,0.1475
471,candidate_4,candidate_1,candidate_2,candidate_3,4,0.1475
472,0,candidate_1,candidate_2,0,4,0.1475
473,candidate_4,candidate_1,candidate_2,candidate_3,4,0.1475
474,candidate_4,candidate_1,candidate_2,candidate_3,4,0.1475
475,candidate_4,candidate_1,candidate_2,candidate_3,4,0.1475
476,candidate_4,candidate_1,candidate_2,candidate_3,4,0.1475
477,candidate_4,candidate_1,candidate_2,candidate_3,4,0.1475
478,candidate_4,candidate_1,candidate_2,0,4,0.1475
479,0,candidate_1,0,candidate_3,4,0.1475
480,0,candidate_1,candidate_2,candidate_3,4,0.1475
481,candidate_4,candidate_1,candidate_2,candidate_3,4,0.1475
482,candidate_4,0,candidate_2,candidate_3,4,0.1475
483,candidate_4,candidate_1,candidate_2,candidate_3,4,0.1475
484,candidate_4,candidate_1,candidate_2,candidate_3,4,0.1475
485,candidate_4,candidate_1,candidate_2,candidate_3,4,0.1475
486,candidate_4,candidate_1,candidate_2,candidate_3,4,0.1475
487,0,candidate_1,candidate_2,candidate_3,4,0.1475
488,candidate_4,candidate_1,candidate_2,0,4,0.1475
489,candidate_4,candidate_1,candidate_2,candidate_3,4,0.1475
490,candidate_4,candidate_1,candidate_2,candidate_3,4,0.1475
491,candidate_4,candidate_1,candidate_2,candidate_3,4,0.1475
492,candidate_4,candidate_1,candidate_2,0,4,0.1475
493,candidate_4,candidate_1,candidate_2,candidate_3,4,0.1475
494,candidate_4,0,candidate_2,candidate_3,4,0.1475
495,candidate_4,candidate_1,candidate_2,candidate_3,4,0.1475
496,candidate_4,candidate_1,candidate_2,candidate_3,4,0.1475
497,candidate_4,candidate_1,candidate_2,0,4,0.1475
498,candidate_4,candidate_1,candidate_2,candidate_3,4,0.1475
499,candidate_4,candidate_1,candidate_2,candidate_3,4,0.1475
500,0,candidate_1,0,candidate_3,4,0.1475
501,candidate_4,candidate_1,candidate_2,candidate_3,4,0.1475
502,candidate_4,candidate_1,candidate_2,candidate_3,4,0.1475
503,candidate_4,0,candidate_2,candidate_3,4,0.1475
504,0,candidate_1,candidate_2,candidate_3,4,0.1475
505,candidate_4,candidate_1,candidate_2,0,4,0.1475
506,candidate_4,candidate_1,candidate_2,candidate_3,4,0.1475
507,candidate_4,candidate_1,candidate_2,candidate_3,4,0.1475
508,0,candidate_1,candidate_2,candidate_3,4,0.1475
509,candidate_4,candidate_1,candidate_2,candidate_3,4,0.1475
510,candidate_4,candidate_1,0,candidate_3,4,0.1475
511,0,candidate_1,candidate_2,candidate_3,4,0.1475
512,candidate_4,candidate_1,0,candidate_3,4,0.1475
513,candidate_4,candidate_1,candidate_2,candidate_3,4,0.1475
514,candidate_4,0,candidate_2,candidate_3,4,0.1475
515,candidate_4,candidate_1,candidate_2,candidate_3,4,0.1475
516,candidate_4,candidate_1,candidate_2,candidate_3,4,0.1475
517,0,candidate_1,candidate_2,candidate_3,4,0.1475
518,candidate_4,candidate_1,candidate_2,candidate_3,4,0.1475
519,candidate_4,candidate_1,0,candidate_3,4,0.1475
520,candidate_4,candidate_1,candidate_2,candidate_3,4,0.1475
521,0,candidate_1,candidate_2,candidate_3,4,0.1475
522,0,candidate_1,0,candidate_3,4,0.1475
523,candidate_4,candidate_1,candidate_2,candidate_3,4,0.1475
524,candidate_4,candidate_1,candidate_2,candidate_3,4,0.1475
525,candidate_4,0,candidate_2,candidate_3,4,0.1475
526,candidate_4,candidate_1,candidate_2,candidate_3,4,0.1475
527,candidate_4,candidate_1,candidate_2,candidate_3,4,0.1475
528,candidate_4,candidate_1,candidate_2,candidate_3,4,0.1475
529,candidate_4,candidate_1,0,candidate_3,4,0.1475
530,candidate_4,candidate_1,candidate_2,candidate_3,4,0.1475
531,candidate_4,candidate_1,candidate_2,candidate_3,4,0.1475
532,candidate_4,candidate_1,candidate_2,0,4,0.1475
533,0,candidate_1,candidate_2,candidate_3,4,0.1475
534,candidate_4,candidate_1,candidate_2,0,4,0.1475
535,candidate_4,0,candidate_2,candidate_3,4,0.1475
536,candidate_4,candidate_1,candidate_2,candidate_3,4,0.1475
537,candidate_4,candidate_1,candidate_2,candidate_3,4,0.1475
538,candidate_4,candidate_1,candidate_2,candidate_3,4,0.1475
539,candidate_4,candidate_1,0,candidate_3,4,0.1475
540,candidate_4,candidate_1,candidate_2,candidate_3,4,0.1475
541,0,candidate_1,candidate_2,0,4,0.1475
542,candidate_4,0,candidate_2,candidate_3,4,0.1475
543,candidate_4,candidate_1,candidate_2,candidate_3,4,0.1475
544,candidate_4,candidate_1,candidate_2,candidate_3,4,0.1475
545,candidate_4,candidate_1,candidate_2,candidate_3,4,0.1475
546,candidate_4,candidate_1,candidate_2,candidate_3,4,0.1475
547,candidate_4,candidate_1,candidate_2,candidate_3,4,0.1475
548,candidate_4,0,candidate_2,candidate_3,4,0.1475
549,candidate_4,candidate_1,candidate_2,candidate_3,4,0.1475
550,0,candidate_1,0,0,4,0.1475
551,0,0,candidate_2,candidate_3,4,0.1475
552,candidate_4,candidate_1,0,candidate_3,4,0.1475
553,0,candidate_1,candidate_2,0,4,0.1475
554,candidate_4,candidate_1,0,candidate_3,4,0.1475
555,candidate_4,0,candidate_2,candidate_3,4,0.1475
556,candidate_4,candidate_1,candidate_2,0,4,0.1475
557,candidate_4,0,candidate_2,candidate_3,4,0.1475
558,candidate_4,candidate_1,candidate_2,0,4,0.1475
559,candidate_4,candidate_1,candidate_2,candidate_3,4,0.1475
560,0,candidate_1,candidate_2,0,4,0.1475
561,candidate_4,candidate_1,candidate_2,candidate_3,4,0.1475
562,candidate_4,candidate_1,candidate_2,candidate_3,4,0.1475
563,candidate_4,candidate_1,0,candidate_3,4,0.1475
564,candidate_4,candidate_1,candidate_2,candidate_3,4,0.1475
565,candidate_4,candidate_1,candidate_2,candidate_3,4,0.1475
566,0,candidate_1,candidate_2,candidate_3,4,0.1475
567,candidate_4,candidate_1,candidate_2,candidate_3,4,0.1475
568,candidate_4,candidate_1,candidate_2,candidate_3,4,0.1475
569,candidate_4,candidate_1,candidate_2,candidate_3,4,0.1475
570,0,candidate_1,candidate_2,candidate_3,4,0.1475
571,candidate_4,candidate_1,candidate_2,0,4,0.1475
572,candidate_4,candidate_1,candidate_2,0,4,0.1475
573,candidate_4,candidate_1,candidate_2,candidate_3,4,0.1475
574,candidate_4,candidate_1,0,candidate_3,4,0.1475
575,candidate_4,candidate_1,candidate_2,candidate_3,4,0.1475
576,candidate_4,0,candidate_2,candidate_3,4,0.1475
577,candidate_4,candidate_1,candidate_2,candidate_3,4,0.1475
578,candidate_4,candidate_1,candidate_2,candidate_3,4,0.1475
579,candidate_4,candidate_1,0,0,4,0.1475
580,candidate_4,candidate_1,candidate_2,candidate_3,4,0.1475
581,candidate_4,candidate_1,candidate_2,candidate_3,4,0.1475
582,candidate_4,0,0,0,4,0.1475
583,candidate_4,candidate_1,candidate_2,0,4,0.1475
584,candidate_4,candidate_1,0,candidate_3,4,0.1475
585,candidate_4,candidate_1,candidate_2,candidate_3,4,0.1475
586,candidate_4,candidate_1,candidate_2,candidate_3,4,0.1475
587,candidate_4,candidate_1,candidate_2,candidate_3,4,0.1475
588,candidate_4,candidate_1,candidate_2,candidate_3,4,0.1475
589,candidate_4,candidate_1,candidate_2,candidate_3,4,0.1475
590,candidate_4,candidate_1,candidate_2,candidate_3,4,0.1475
591,candidate_4,candidate_1,candidate_2,candidate_3,4,0.1475
592,candidate_4,candidate_1,candidate_2,candidate_3,4,0.1475
593,0,0,candidate_2,candidate_3,4,0.1475
594,candidate_4,candidate_1,candidate_2,candidate_3,4,0.1475
595,candidate_4,0,candidate_2,0,4,0.1475
596,candidate_4,candidate_1,candidate_2,candidate_3,4,0.1475
597,candidate_4,candidate_1,candidate_2,candidate_3,4,0.1475
598,candidate_4,candidate_1,candidate_2,candidate_3,4,0.1475
599,0,candidate_1,candidate_2,candidate_3,4,0.1475
600,candidate_4,candidate_1,candidate_2,candidate_3,4,0.1475
601,candidate_4,candidate_1,candidate_2,0,4,0.1475
602,candidate_4,0,candidate_2,candidate_3,4,0.1475
603,candidate_4,candidate_1,candidate_2,candidate_3,4,0.1475
604,candidate_4,candidate_1,candidate_2,candidate_3,4,0.1475
605,candidate_4,candidate_1,candidate_2,candidate_3,4,0.1475
606,candidate_4,candidate_1,candidate_2,candidate_3,4,0.1475
607,candidate_4,candidate_1,candidate_2,candidate_3,4,0.1475
608,candidate_4,candidate_1,candidate_2,0,4,0.1475
609,candidate_4,candidate_1,candidate_2,candidate_3,4,0.1475
610,candidate_4,candidate_1,candidate_2,candidate_3,4,0.1475
611,0,0,candidate_2,candidate_3,4,0.1475
612,0,0,candidate_2,candidate_3,4,0.1475
613,candidate_4,candidate_1,0,candidate_3,4,0.1475
614,candidate_4,candidate_1,candidate_2,candidate_3,4,0.1475
615,candidate_4,candidate_1,candidate_2,candidate_3,4,0.1475
616,candidate_4,candidate_1,candidate_2,0,4,0.1475
617,candidate_4,candidate_1,candidate_2,candidate_3,4,0.1475
618,candidate_4,candidate_1,candidate_2,candidate_3,4,0.1475
619,0,candidate_1,candidate_2,candidate_3,4,0.1475
620,candidate_4,candidate_1,0,candidate_3,4,0.1475
621,0,candidate_1,candidate_2,candidate_3,4,0.1475
622,candidate_4,candidate_1,candidate_2,candidate_3,4,0.1475
623,candidate_4,0,candidate_2,candidate_3,4,0.1475
624,candidate_4,candidate_1,candidate_2,candidate_3,4,0.1475
625,candidate_4,candidate_1,candidate_2,candidate_3,4,0.1475
626,candidate_4,candidate_1,candidate_2,candidate_3,4,0.1475
627,candidate_4,candidate_1,candidate_2,candidate_3,4,0.1475
628,candidate_4,candidate_1,0,candidate_3,4,0.1475
629,candidate_4,candidate_1,candidate_2,candidate_3,4,0.1475
630,candidate_4,candidate_1,0,candidate_3,4,0.1475
631,candidate_4,candidate_1,0,candidate_3,4,0.1475
632,candidate_4,candidate_1,candidate_2,0,4,0.1475
633,0,candidate_1,candidate_2,candidate_3,4,0.1475
634,candidate_4,candidate_1,candidate_2,candidate_3,4,0.1475
635,candidate_4,0,candidate_2,0,4,0.1475
636,candidate_4,candidate_1,candidate_2,candidate_3,4,0.1475
637,candidate_4,candidate_1,0,candidate_3,4,0.1475
638,candidate_4,candidate_1,candidate_2,0,4,0.1475
639,candidate_4,0,candidate_2,candidate_3,4,0.1475
640,candidate_4,candidate_1,candidate_2,candidate_3,4,0.1475
641,candidate_4,candidate_1,0,0,4,0.1475
642,candidate_4,candidate_1,candidate_2,candidate_3,4,0.1475
643,candidate_4,0,candidate_2,0,4,0.1475
644,candidate_4,candidate_1,candidate_2,candidate_3,4,0.1475
645,candidate_4,candidate_1,candidate_2,candidate_3,4,0.1475
646,candidate_4,0,candidate_2,candidate_3,4,0.1475
647,candidate_4,candidate_1,candidate_2,candidate_3,4,0.1475
648,candidate_4,candidate_1,candidate_2,candidate_3,4,0.1475
649,candidate_4,candidate_1,candidate_2,candidate_3,4,0.1475
650,candidate_4,candidate_1,0,candidate_3,4,0.1475
651,candidate_4,0,0,candidate_3,4,0.1475
652,candidate_4,candidate_1,candidate_2,candidate_3,4,0.1475
653,candidate_4,candidate_1,candidate_2,candidate_3,4,0.1475
654,candidate_4,0,candidate_2,candidate_3,4,0.1475
655,candidate_4,0,0,candidate_3,4,0.1475
656,candidate_4,candidate_1,candidate_2,candidate_3,4,0.1475
657,candidate_4,candidate_1,0,candidate_3,4,0.1475
658,candidate_4,candidate_1,0,candidate_3,4,0.1475
659,candidate_4,candidate_1,0,candidate_3,4,0.1475
660,candidate_4,candidate_1,candidate_2,candidate_3,4,0.1475
661,candidate_4,candidate_1,0,candidate_3,4,0.1475
662,candidate_4,candidate_1,candidate_2,0,4,0.1475
663,candidate_4,0,candidate_2,candidate_3,4,0.1475
664,candidate_4,candidate_1,candidate_2,candidate_3,4,0.1475
665,candidate_4,candidate_1,candidate_2,0,4,0.1475
666,candidate_4,candidate_1,candidate_2,candidate_3,4,0.1475
667,candidate_4,candidate_1,candidate_2,0,4,0.1475
668,candidate_4,candidate_1,candidate_2,candidate_3,4,0.1475
669,0,candidate_1,candidate_2,candidate_3,4,0.1475
670,candidate_4,candidate_1,candidate_2,candidate_3,4,0.1475
671,candidate_4,candidate_1,candidate_2,0,4,0.1475
672,candidate_4,candidate_1,candidate_2,candidate_3,4,0.1475
673,candidate_4,0,candidate_2,candidate_3,4,0.1475
674,candidate_4,candidate_1,candidate_2,candidate_3,4,0.1475
675,candidate_4,candidate_1,candidate_2,candidate_3,4,0.1475
676,candidate_4,candidate_1,candidate_2,candidate_3,4,0.1475
677,candidate_4,candidate_1,candidate_2,candidate_3,4,0.1475
678,candidate_4,candidate_1,candidate_2,candidate_3,4,0.1475
679,candidate_4,candidate_1,0,candidate_3,4,0.1475
680,candidate_4,candidate_1,0,candidate_3,4,0.1475
681,candidate_4,candidate_1,candidate_2,candidate_3,4,0.1475
682,candidate_4,candidate_1,candidate_2,candidate_3,4,0.1475
683,0,candidate_1,0,0,4,0.1475
684,candidate_4,candidate_1,candidate_2,0,4,0.1475
685,0,candidate_1,candidate_2,0,4,0.1475
686,candidate_4,candidate_1,candidate_2,candidate_3,4,0.1475
687,0,candidate_1,candidate_2,0,4,0.1475
688,0,0,candidate_2,candidate_3,4,0.1475
689,candidate_4,candidate_1,candidate_2,candidate_3,4,0.1475
690,candidate_4,candidate_1,0,candidate_3,4,0.1475
691,candidate_4,candidate_1,candidate_2,candidate_3,4,0.1475
692,candidate_4,candidate_1,candidate_2,candidate_3,4,0.1475
693,candidate_4,0,candidate_2,candidate_3,4,0.1475
694,candidate_4,candidate_1,candidate_2,candidate_3,4,0.1475
695,candidate_4,candidate_1,candidate_2,candidate_3,4,0.1475
696,candidate_4,candidate_1,candidate_2,candidate_3,4,0.1475
697,candidate_4,candidate_1,candidate_2,candidate_3,4,0.1475
698,candidate_4,candidate_1,candidate_2,candidate_3,4,0.1475
699,candidate_4,candidate_1,candidate_2,candidate_3,4,0.1475
700,candidate_4,candidate_1,candidate_2,candidate_3,4,0.1475
701,candidate_4,0,candidate_2,candidate_3,4,0.1475
702,candidate_4,candidate_1,candidate_2,candidate_3,4,0.1475
703,candidate_4,candidate_1,candidate_2,candidate_3,4,0.1475
704,candidate_4,candidate_1,candidate_2,candidate_3,4,0.1475
705,0,candidate_1,0,0,4,0.1475
706,candidate_4,candidate_1,candidate_2,candidate_3,4,0.1475
707,candidate_4,candidate_1,candidate_2,candidate_3,4,0.1475
708,candidate_4,0,candidate_2,candidate_3,4,0.1475
709,candidate_4,candidate_1,candidate_2,0,4,0.1475
710,candidate_4,candidate_1,candidate_2,candidate_3,4,0.1475
711,candidate_4,candidate_1,candidate_2,candidate_3,4,0.1475
712,candidate_4,candidate_1,candidate_2,candidate_3,4,0.1475
713,candidate_4,candidate_1,0,candidate_3,4,0.1475
714,candidate_4,candidate_1,candidate_2,0,4,0.1475
715,candidate_4,candidate_1,candidate_2,candidate_3,4,0.1475
716,candidate_4,0,candidate_2,candidate_3,4,0.1475
717,candidate_4,candidate_1,candidate_2,0,4,0.1475
718,candidate_4,candidate_1,candidate_2,candidate_3,4,0.1475
719,candidate_4,candidate_1,candidate_2,candidate_3,4,0.1475
720,candidate_4,candidate_1,candidate_2,candidate_3,4,0.1475
721,candidate_4,candidate_1,candidate_2,candidate_3,4,0.1475
722,candidate_4,candidate_1,candidate_2,0,4,0.1475
723,candidate_4,candidate_1,candidate_2,candidate_3,4,0.1475
724,candidate_4,candidate_1,candidate_2,0,4,0.1475
725,candidate_4,candidate_1,candidate_2,candidate_3,4,0.1475
726,0,0,candidate_2,candidate_3,4,0.1475
727,candidate_4,candidate_1,candidate_2,candidate_3,4,0.1475
728,candidate_4,candidate_1,candidate_2,candidate_3,4,0.1475
729,candidate_4,0,candidate_2,candidate_3,4,0.1475
730,candidate_4,candidate_1,candidate_2,candidate_3,4,0.1475
731,0,candidate_1,candidate_2,candidate_3,4,0.1475
732,candidate_4,0,candidate_2,candidate_3,4,0.1475
733,candidate_4,0,candidate_2,candidate_3,4,0.1475
734,candidate_4,candidate_1,candidate_2,0,4,0.1475
735,0,candidate_1,candidate_2,0,4,0.1475
736,0,candidate_1,candidate_2,candidate_3,4,0.1475
737,candidate_4,candidate_1,candidate_2,0,4,0.1475
738,candidate_4,0,candidate_2,candidate_3,4,0.1475
739,candidate_4,candidate_1,0,candidate_3,4,0.1475
740,candidate_4,candidate_1,candidate_2,candidate_3,4,0.1475
741,candidate_4,candidate_1,candidate_2,candidate_3,4,0.1475
742,candidate_4,candidate_1,candidate_2,candidate_3,4,0.1475
743,candidate_4,candidate_1,candidate_2,candidate_3,4,0.1475
744,candidate_4,candidate_1,candidate_2,candidate_3,4,0.1475
745,candidate_4,candidate_1,candidate_2,candidate_3,4,0.1475
746,candidate_4,candidate_1,candidate_2,candidate_3,4,0.1475
747,candidate_4,candidate_1,0,candidate_3,4,0.1475
748,candidate_4,candidate_1,candidate_2,candidate_3,4,0.1475
749,candidate_4,candidate_1,candidate_2,candidate_3,4,0.1475
750,candidate_4,0,0,0,4,0.1475
751,candidate_4,candidate_1,0,0,4,0.1475
752,candidate_4,candidate_1,candidate_2,candidate_3,4,0.1475
753,candidate_4,candidate_1,0,candidate_3,4,0.1475
754,candidate_4,candidate_1,candidate_2,0,4,0.1475
755,candidate_4,candidate_1,candidate_2,candidate_3,4,0.1475
756,candidate_4,candidate_1,candidate_2,candidate_3,4,0.1475
757,candidate_4,candidate_1,candidate_2,candidate_3,4,0.1475
758,candidate_4,0,candidate_2,candidate_3,4,0.1475
759,candidate_4,0,candidate_2,candidate_3,4,0.1475
760,candidate_4,candidate_1,0,0,4,0.1475
761,0,candidate_1,candidate_2,candidate_3,4,0.1475
762,0,candidate_1,candidate_2,candidate_3,4,0.1475
763,candidate_4,candidate_1,candidate_2,candidate_3,4,0.1475
764,candidate_4,candidate_1,candidate_2,candidate_3,4,0.1475
765,candidate_4,candidate_1,candidate_2,candidate_3,4,0.1475
766,candidate_4,candidate_1,candidate_2,candidate_3,4,0.1475
767,candidate_4,0,candidate_2,0,4,0.1475
768,candidate_4,candidate_1,candidate_2,candidate_3,4,0.1475
769,0,candidate_1,candidate_2,0,4,0.1475
770,candidate_4,candidate_1,candidate_2,candidate_3,4,0.1475
771,candidate_4,candidate_1,candidate_2,candidate_3,4,0.1475
772,candidate_4,candidate_1,candidate_2,candidate_3,4,0.1475
773,candidate_4,candidate_1,candidate_2,candidate_3,4,0.1475
774,candidate_4,candidate_1,candidate_2,candidate_3,4,0.1475
775,candidate_4,candidate_1,candidate_2,candidate_3,4,0.1475
776,candidate_4,candidate_1,candidate_2,0,4,0.1475
777,candidate_4,candidate_1,candidate_2,candidate_3,4,0.1475
778,candidate_4,candidate_1,candidate_2,candidate_3,4,0.1475
779,candidate_4,candidate_1,candidate_2,candidate_3,4,0.1475
780,candidate_4,candidate_1,candidate_2,candidate_3,4,0.1475
781,0,candidate_1,0,0,4,0.1475
782,candidate_4,candidate_1,candidate_2,0,4,0.1475
783,candidate_4,candidate_1,candidate_2,candidate_3,4,0.1475
784,candidate_4,0,candidate_2,candidate_3,4,0.1475
785,candidate_4,0,candidate_2,candidate_3,4,0.1475
786,candidate_4,candidate_1,candidate_2,candidate_3,4,0.1475
787,candidate_4,candidate_1,0,candidate_3,4,0.1475
788,candidate_4,candidate_1,candidate_2,0,4,0.1475
789,candidate_4,candidate_1,candidate_2,candidate_3,4,0.1475
790,candidate_4,candidate_1,candidate_2,0,4,0.1475
791,candidate_4,0,0,candidate_3,4,0.1475
792,candidate_4,candidate_1,0,candidate_3,4,0.1475
793,candidate_4,0,candidate_2,candidate_3,4,0.1475
794,0,candidate_1,candidate_2,0,4,0.1475
795,candidate_4,candidate_1,0,candidate_3,4,0.1475
796,candidate_4,candidate_1,candidate_2,candidate_3,4,0.1475
797,candidate_4,candidate_1,candidate_2,candidate_3,4,0.1475
798,candidate_4,candidate_1,candidate_2,candidate_3,4,0.1475
799,candidate_4,0,0,candidate_3,4,0.1475
800,candidate_4,candidate_1,candidate_2,candidate_3,4,0.1475
801,candidate_4,candidate_1,candidate_2,candidate_3,4,0.1475
802,candidate_4,0,candidate_2,candidate_3,4,0.1475
803,candidate_4,candidate_1,candidate_2,candidate_3,4,0.1475
804,0,0,candidate_2,candidate_3,4,0.1475
805,0,0,candidate_2,candidate_3,4,0.1475
806,candidate_4,candidate_1,candidate_2,candidate_3,4,0.1475
807,candidate_4,0,candidate_2,candidate_3,4,0.1475
808,candidate_4,candidate_1,0,candidate_3,4,0.1475
809,candidate_4,candidate_1,candidate_2,candidate_3,4,0.1475
810,candidate_4,candidate_1,candidate_2,candidate_3,4,0.1475
811,candidate_4,candidate_1,candidate_2,candidate_3,4,0.1475
812,candidate_4,candidate_1,candidate_2,candidate_3,4,0.1475
813,candidate_4,candidate_1,candidate_2,candidate_3,4,0.1475
814,candidate_4,candidate_1,candidate_2,candidate_3,4,0.1475
815,0,candidate_1,candidate_2,0,4,0.1475
816,candidate_4,candidate_1,candidate_2,0,4,0.1475
817,candidate_4,candidate_1,candidate_2,candidate_3,4,0.1475
818,candidate_4,candidate_1,candidate_2,candidate_3,4,0.1475
819,0,candidate_1,candidate_2,candidate_3,4,0.1475
820,candidate_4,candidate_1,candidate_2,0,4,0.1475
821,candidate_4,candidate_1,candidate_2,candidate_3,4,0.1475
822,candidate_4,candidate_1,candidate_2,0,4,0.1475
823,candidate_4,candidate_1,candidate_2,candidate_3,4,0.1475
824,candidate_4,candidate_1,candidate_2,candidate_3,4,0.1475
825,candidate_4,0,candidate_2,candidate_3,4,0.1475
826,candidate_4,0,candidate_2,candidate_3,4,0.1475
827,candidate_4,candidate_1,candidate_2,0,4,0.1475
828,candidate_4,candidate_1,candidate_2,candidate_3,4,0.1475
829,candidate_4,candidate_1,0,candidate_3,4,0.1475
830,0,candidate_1,candidate_2,candidate_3,4,0.1475
831,candidate_4,candidate_1,candidate_2,0,4,0.1475
832,candidate_4,candidate_1,candidate_2,candidate_3,4,0.1475
833,candidate_4,candidate_1,candidate_2,candidate_3,4,0.1475
834,candidate_4,candidate_1,candidate_2,candidate_3,4,0.1475
835,candidate_4,candidate_1,candidate_2,candidate_3,4,0.1475
836,candidate_4,candidate_1,candidate_2,candidate_3,4,0.1475
837,0,candidate_1,candidate_2,candidate_3,4,0.1475
838,candidate_4,candidate_1,candidate_2,candidate_3,4,0.1475
839,0,0,candidate_2,candidate_3,4,0.1475
840,candidate_4,candidate_1,0,candidate_3,4,0.1475
841,candidate_4,candidate_1,candidate_2,candidate_3,4,0.1475
842,candidate_4,candidate_1,candidate_2,candidate_3,4,0.1475
843,candidate_4,candidate_1,candidate_2,candidate_3,4,0.1475
844,candidate_4,candidate_1,candidate_2,candidate_3,4,0.1475
845,candidate_4,0,0,candidate_3,4,0.1475
846,candidate_4,candidate_1,candidate_2,candidate_3,4,0.1475
847,candidate_4,0,candidate_2,0,4,0.1475
848,candidate_4,candidate_1,0,0,4,0.1475
849,candidate_4,0,candidate_2,candidate_3,4,0.1475
850,candidate_4,candidate_1,0,candidate_3,4,0.1475
851,candidate_4,0,candidate_2,candidate_3,4,0.1475
852,candidate_4,candidate_1,candidate_2,candidate_3,4,0.1475
853,candidate_4,candidate_1,candidate_2,0,4,0.1475
854,candidate_4,candidate_1,candidate_2,candidate_3,4,0.1475
855,candidate_4,candidate_1,candidate_2,candidate_3,4,0.1475
856,candidate_4,candidate_1,candidate_2,candidate_3,4,0.1475
857,candidate_4,candidate_1,candidate_2,candidate_3,4,0.1475
858,candidate_4,candidate_1,candidate_2,candidate_3,4,0.1475
859,candidate_4,candidate_1,0,candidate_3,4,0.1475
860,candidate_4,candidate_1,candidate_2,candidate_3,4,0.1475
861,candidate_4,candidate_1,candidate_2,candidate_3,4,0.1475
862,candidate_4,candidate_1,candidate_2,candidate_3,4,0.1475
863,0,0,candidate_2,candidate_3,4,0.1475
864,0,candidate_1,candidate_2,candidate_3,4,0.1475
865,candidate_4,candidate_1,candidate_2,candidate_3,4,0.1475
866,candidate_4,0,candidate_2,0,4,0.1475
867,0,candidate_1,candidate_2,0,4,0.1475
868,candidate_4,0,candidate_2,0,4,0.1475
869,candidate_4,candidate_1,candidate_2,candidate_3,4,0.1475
870,0,candidate_1,candidate_2,0,4,0.1475
871,candidate_4,candidate_1,candidate_2,candidate_3,4,0.1475
872,candidate_4,candidate_1,candidate_2,candidate_3,4,0.1475
873,candidate_4,candidate_1,candidate_2,candidate_3,4,0.1475
874,candidate_4,candidate_1,candidate_2,candidate_3,4,0.1475
875,0,candidate_1,candidate_2,candidate_3,4,0.1475
876,candidate_4,candidate_1,candidate_2,candidate_3,4,0.1475
877,candidate_4,0,candidate_2,candidate_3,4,0.1475
878,candidate_4,candidate_1,candidate_2,candidate_3,4,0.1475
879,candidate_4,candidate_1,candidate_2,candidate_3,4,0.1475
880,candidate_4,candidate_1,candidate_2,candidate_3,4,0.1475
881,candidate_4,candidate_1,candidate_2,0,4,0.1475
882,candidate_4,candidate_1,candidate_2,candidate_3,4,0.1475
883,candidate_4,candidate_1,candidate_2,candidate_3,4,0.1475
884,candidate_4,candidate_1,candidate_2,candidate_3,4,0.1475
885,candidate_4,candidate_1,candidate_2,candidate_3,4,0.1475
886,0,candidate_1,0,candidate_3,4,0.1475
887,candidate_4,0,candidate_2,candidate_3,4,0.1475
888,candidate_4,candidate_1,candidate_2,candidate_3,4,0.1475
889,candidate_4,candidate_1,candidate_2,candidate_3,4,0.1475
890,candidate_4,candidate_1,candidate_2,0,4,0.1475
891,0,0,candidate_2,candidate_3,4,0.1475
892,0,candidate_1,candidate_2,0,4,0.1475
893,candidate_4,candidate_1,candidate_2,candidate_3,4,0.1475
894,candidate_4,candidate_1,0,0,4,0.1475
895,candidate_4,candidate_1,candidate_2,candidate_3,4,0.1475
896,candidate_4,candidate_1,candidate_2,candidate_3,4,0.1475
897,candidate_4,candidate_1,candidate_2,candidate_3,4,0.1475
898,candidate_4,candidate_1,candidate_2,0,4,0.1475
899,candidate_4,candidate_1,0,candidate_3,4,0.1475
900,0,0,candidate_2,candidate_3,4,0.1475
901,candidate_4,0,candidate_2,candidate_3,4,0.1475
902,candidate_4,candidate_1,candidate_2,0,4,0.1475
903,0,candidate_1,candidate_2,candidate_3,4,0.1475
904,candidate_4,candidate_1,candidate_2,0,4,0.1475
905,0,0,candidate_2,candidate_3,4,0.1475
906,candidate_4,candidate_1,candidate_2,candidate_3,4,0.1475
907,candidate_4,candidate_1,candidate_2,candidate_3,4,0.1475
908,0,candidate_1,0,candidate_3,4,0.1475
909,candidate_4,candidate_1,candidate_2,candidate_3,4,0.1475
910,candidate_4,candidate_1,0,candidate_3,4,0.1475
911,candidate_4,candidate_1,candidate_2,0,4,0.1475
912,candidate_4,candidate_1,candidate_2,candidate_3,4,0.1475
913,0,candidate_1,candidate_2,candidate_3,4,0.1475
914,candidate_4,candidate_1,candidate_2,candidate_3,4,0.1475
915,0,0,candidate_2,candidate_3,4,0.1475
916,candidate_4,candidate_1,candidate_2,candidate_3,4,0.1475
917,candidate_4,candidate_1,candidate_2,candidate_3,4,0.1475
918,candidate_4,candidate_1,candidate_2,0,4,0.1475
919,candidate_4,0,candidate_2,candidate_3,4,0.1475
920,0,candidate_1,candidate_2,candidate_3,4,0.1475
921,candidate_4,0,candidate_2,candidate_3,4,0.1475
922,candidate_4,candidate_1,candidate_2,0,4,0.1475
923,candidate_4,candidate_1,candidate_2,candidate_3,4,0.1475
924,candidate_4,candidate_1,candidate_2,candidate_3,4,0.1475
925,0,candidate_1,candidate_2,candidate_3,4,0.1475
926,0,candidate_1,candidate_2,candidate_3,4,0.1475
927,candidate_4,candidate_1,0,candidate_3,4,0.1475
928,candidate_4,candidate_1,candidate_2,candidate_3,4,0.1475
929,candidate_4,candidate_1,candidate_2,candidate_3,4,0.1475
930,candidate_4,candidate_1,candidate_2,candidate_3,4,0.1475
931,0,candidate_1,candidate_2,candidate_3,4,0.1475
932,candidate_4,candidate_1,0,candidate_3,4,0.1475
933,candidate_4,candidate_1,candidate_2,candidate_3,4,0.1475
934,candidate_4,candidate_1,candidate_2,0,4,0.1475
935,0,candidate_1,candidate_2,candidate_3,4,0.1475
936,candidate_4,candidate_1,0,candidate_3,4,0.1475
937,candidate_4,candidate_1,candidate_2,candidate_3,4,0.1475
938,candidate_4,candidate_1,candidate_2,candidate_3,4,0.1475
939,candidate_4,candidate_1,candidate_2,candidate_3,4,0.1475
940,candidate_4,0,candidate_2,0,4,0.1475
941,candidate_4,candidate_1,candidate_2,0,4,0.1475
942,candidate_4,candidate_1,candidate_2,candidate_3,4,0.1475
943,candidate_4,candidate_1,0,candidate_3,4,0.1475
944,0,candidate_1,candidate_2,0,4,0.1475
945,candidate_4,candidate_1,candidate_2,0,4,0.1475
946,candidate_4,candidate_1,candidate_2,candidate_3,4,0.1475
947,candidate_4,0,candidate_2,candidate_3,4,0.1475
948,candidate_4,candidate_1,0,candidate_3,4,0.1475
949,candidate_4,candidate_1,candidate_2,0,4,0.1475
950,candidate_4,candidate_1,candidate_2,candidate_3,4,0.1475
951,candidate_4,0,candidate_2,candidate_3,4,0.1475
952,candidate_4,candidate_1,candidate_2,candidate_3,4,0.1475
953,candidate_4,candidate_1,candidate_2,0,4,0.1475
954,candidate_4,candidate_1,0,candidate_3,4,0.1475
955,candidate_4,candidate_1,candidate_2,candidate_3,4,0.1475
956,0,candidate_1,candidate_2,candidate_3,4,0.1475
957,candidate_4,candidate_1,candidate_2,candidate_3,4,0.1475
958,candidate_4,candidate_1,0,0,4,0.1475
959,candidate_4,candidate_1,candidate_2,0,4,0.1475
960,0,candidate_1,candidate_2,candidate_3,4,0.1475
961,0,0,candidate_2,candidate_3,4,0.1475
962,candidate_4,candidate_1,candidate_2,candidate_3,4,0.1475
963,candidate_4,0,0,candidate_3,4,0.1475
964,candidate_4,candidate_1,candidate_2,candidate_3,4,0.1475
965,0,candidate_1,candidate_2,candidate_3,4,0.1475
966,candidate_4,candidate_1,candidate_2,0,4,0.1475
967,candidate_4,candidate_1,candidate_2,candidate_3,4,0.1475
968,candidate_4,candidate_1,candidate_2,candidate_3,4,0.1475
969,candidate_4,candidate_1,0,candidate_3,4,0.1475
970,candidate_4,candidate_1,candidate_2,candidate_3,4,0.1475
971,candidate_4,candidate_1,candidate_2,candidate_3,4,0.1475
972,candidate_4,candidate_1,candidate_2,candidate_3,4,0.1475
973,0,candidate_1,candidate_2,0,4,0.1475
974,candidate_4,candidate_1,0,candidate_3,4,0.1475
975,0,0,candidate_2,candidate_3,4,0.1475
976,candidate_4,candidate_1,candidate_2,candidate_3,4,0.1475
977,candidate_4,candidate_1,0,candidate_3,4,0.1475
978,candidate_4,candidate_1,candidate_2,candidate_3,4,0.1475
979,0,candidate_1,candidate_2,candidate_3,4,0.1475
980,candidate_4,candidate_1,candidate_2,0,4,0.1475
981,candidate_4,0,candidate_2,candidate_3,4,0.1475
982,candidate_4,candidate_1,candidate_2,candidate_3,4,0.1475
983,candidate_4,candidate_1,candidate_2,candidate_3,4,0.1475
984,candidate_4,0,candidate_2,0,4,0.1475
985,candidate_4,candidate_1,candidate_2,candidate_3,4,0.1475
986,candidate_4,candidate_1,candidate_2,candidate_3,4,0.1475
987,candidate_4,candidate_1,candidate_2,candidate_3,4,0.1475
988,candidate_4,candidate_1,candidate_2,candidate_3,4,0.1475
989,0,candidate_1,candidate_2,candidate_3,4,0.1475
990,candidate_4,candidate_1,candidate_2,candidate_3,4,0.1475
991,candidate_4,candidate_1,candidate_2,candidate_3,4,0.1475
992,candidate_4,candidate_1,candidate_2,candidate_3,4,0.1475
993,candidate_4,candidate_1,candidate_2,candidate_3,4,0.1475
994,0,candidate_1,candidate_2,candidate_3,4,0.1475
995,candidate_4,candidate_1,0,0,4,0.1475
996,candidate_4,candidate_1,0,0,4,0.1475
997,candidate_4,candidate_1,candidate_2,candidate_3,4,0.1475
998,candidate_4,candidate_1,candidate_2,candidate_3,4,0.1475
999,candidate_4,candidate_1,candidate_2,candidate_3,4,0.1475
1000,candidate_4,candidate_1,candidate_2,0,4,0.1475
1001,candidate_4,candidate_1,candidate_2,candidate_3,4,0.1475
1002,0,candidate_1,candidate_2,candidate_3,4,0.1475
1003,candidate_4,0,candidate_2,candidate_3,4,0.1475
1004,candidate_4,0,candidate_2,candidate_3,4,0.1475
1005,candidate_4,candidate_1,0,candidate_3,4,0.1475
1006,candidate_4,candidate_1,candidate_2,candidate_3,4,0.1475
1007,candidate_4,candidate_1,candidate_2,candidate_3,4,0.1475
1008,candidate_4,candidate_1,0,candidate_3,4,0.1475
1009,candidate_4,candidate_1,candidate_2,0,4,0.1475
1010,candidate_4,0,candidate_2,candidate_3,4,0.1475
1011,0,candidate_1,0,candidate_3,4,0.1475
1012,candidate_4,candidate_1,candidate_2,candidate_3,4,0.1475
1013,candidate_4,0,0,candidate_3,4,0.1475
1014,candidate_4,candidate_1,candidate_2,candidate_3,4,0.1475
1015,candidate_4,candidate_1,candidate_2,candidate_3,4,0.1475
1016,candidate_4,candidate_1,candidate_2,candidate_3,4,0.1475
1017,candidate_4,candidate_1,candidate_2,candidate_3,4,0.1475
1018,candidate_4,candidate_1,candidate_2,candidate_3,4,0.1475
1019,candidate_4,candidate_1,candidate_2,0,4,0.1475
1020,candidate_4,candidate_1,candidate_2,candidate_3,4,0.1475
1021,candidate_4,candidate_1,candidate_2,candidate_3,4,0.1475
1022,candidate_4,candidate_1,candidate_2,0,4,0.1475
1023,0,candidate_1,0,candidate_3,4,0.1475
1024,candidate_4,candidate_1,0,candidate_3,4,0.1475
1025,candidate_4,candidate_1,candidate_2,candidate_3,4,0.1475
1026,candidate_4,candidate_1,candidate_2,candidate_3,4,0.1475
1027,candidate_4,0,candidate_2,0,4,0.1475
1028,candidate_4,candidate_1,candidate_2,candidate_3,4,0.1475
1029,candidate_4,candidate_1,candidate_2,candidate_3,4,0.1475
1030,candidate_4,candidate_1,candidate_2,0,4,0.1475
1031,candidate_4,0,candidate_2,candidate_3,4,0.1475
1032,candidate_4,candidate_1,candidate_2,candidate_3,4,0.1475
1033,candidate_4,candidate_1,candidate_2,candidate_3,4,0.1475
1034,candidate_4,candidate_1,candidate_2,0,4,0.1475
1035,candidate_4,candidate_1,candidate_2,candidate_3,4,0.1475
1036,candidate_4,candidate_1,candidate_2,candidate_3,4,0.1475
1037,candidate_4,candidate_1,candidate_2,candidate_3,4,0.1475
1038,candidate_4,candidate_1,candidate_2,candidate_3,4,0.1475
1039,candidate_4,candidate_1,0,0,4,0.1475
1040,candidate_4,candidate_1,candidate_2,candidate_3,4,0.1475
1041,candidate_4,candidate_1,candidate_2,candidate_3,4,0.1475
1042,candidate_4,candidate_1,candidate_2,candidate_3,4,0.1475
1043,candidate_4,0,candidate_2,candidate_3,4,0.1475
1044,candidate_4,0,candidate_2,candidate_3,4,0.1475
1045,candidate_4,candidate_1,candidate_2,candidate_3,4,0.1475
1046,candidate_4,candidate_1,candidate_2,candidate_3,4,0.1475
1047,candidate_4,candidate_1,0,candidate_3,4,0.1475
1048,candidate_4,candidate_1,candidate_2,candidate_3,4,0.1475
1049,candidate_4,0,candidate_2,candidate_3,4,0.1475
1050,candidate_4,candidate_1,candidate_2,candidate_3,4,0.1475
1051,candidate_4,candidate_1,candidate_2,candidate_3,4,0.1475
1052,candidate_4,candidate_1,candidate_2,candidate_3,4,0.1475
1053,candidate_4,0,candidate_2,0,4,0.1475
1054,candidate_4,candidate_1,candidate_2,candidate_3,4,0.1475
1055,candidate_4,candidate_1,candidate_2,candidate_3,4,0.1475
1056,candidate_4,candidate_1,candidate_2,candidate_3,4,0.1475
1057,candidate_4,candidate_1,candidate_2,candidate_3,4,0.1475
1058,candidate_4,candidate_1,0,candidate_3,4,0.1475
1059,candidate_4,candidate_1,candidate_2,candidate_3,4,0.1475
1060,0,candidate_1,candidate_2,candidate_3,4,0.1475
1061,candidate_4,candidate_1,candidate_2,candidate_3,4,0.1475
1062,candidate_4,candidate_1,candidate_2,candidate_3,4,0.1475
1063,candidate_4,candidate_1,0,candidate_3,4,0.1475
1064,candidate_4,candidate_1,candidate_2,candidate_3,4,0.1475
1065,candidate_4,candidate_1,0,candidate_3,4,0.1475
1066,candidate_4,candidate_1,candidate_2,candidate_3,4,0.1475
1067,candidate_4,candidate_1,candidate_2,candidate_3,4,0.1475
1068,candidate_4,candidate_1,candidate_2,candidate_3,4,0.1475
1069,0,candidate_1,candidate_2,candidate_3,4,0.1475
1070,candidate_4,candidate_1,candidate_2,candidate_3,4,0.1475
1071,candidate_4,candidate_1,candidate_2,candidate_3,4,0.1475
1072,candidate_4,candidate_1,candidate_2,candidate_3,4,0.1475
1073,candidate_4,candidate_1,candidate_2,candidate_3,4,0.1475
1074,candidate_4,candidate_1,0,candidate_3,4,0.1475
1075,candidate_4,candidate_1,candidate_2,candidate_3,4,0.1475
1076,candidate_4,candidate_1,candidate_2,candidate_3,4,0.1475
1077,candidate_4,candidate_1,candidate_2,candidate_3,4,0.1475
1078,candidate_4,candidate_1,0,candidate_3,4,0.1475
1079,candidate_4,candidate_1,0,candidate_3,4,0.1475
1080,candidate_4,candidate_1,candidate_2,candidate_3,4,0.1475
1081,candidate_4,candidate_1,candidate_2,0,4,0.1475
1082,candidate_4,candidate_1,0,candidate_3,4,0.1475
1083,candidate_4,candidate_1,candidate_2,candidate_3,4,0.1475
1084,0,candidate_1,candidate_2,0,4,0.1475
1085,candidate_4,candidate_1,candidate_2,candidate_3,4,0.1475
1086,0,candidate_1,candidate_2,0,4,0.1475
1087,0,candidate_1,0,candidate_3,4,0.1475
1088,candidate_4,candidate_1,candidate_2,candidate_3,4,0.1475
1089,candidate_4,candidate_1,candidate_2,candidate_3,4,0.1475
1090,candidate_4,candidate_1,candidate_2,candidate_3,4,0.1475
1091,candidate_4,candidate_1,0,candidate_3,4,0.1475
1092,candidate_4,candidate_1,candidate_2,candidate_3,4,0.1475
1093,candidate_4,candidate_1,candidate_2,0,4,0.1475
1094,candidate_4,candidate_1,candidate_2,0,4,0.1475
1095,candidate_4,candidate_1,candidate_2,candidate_3,4,0.1475
1096,candidate_4,0,candidate_2,candidate_3,4,0.1475
1097,candidate_4,candidate_1,candidate_2,candidate_3,4,0.1475
1098,candidate_4,candidate_1,candidate_2,candidate_3,4,0.1475
1099,candidate_4,candidate_1,0,candidate_3,4,0.1475
1100,candidate_4,candidate_1,candidate_2,candidate_3,4,0.1475
1101,candidate_4,candidate_1,0,candidate_3,4,0.1475
1102,0,candidate_1,candidate_2,candidate_3,4,0.1475
1103,candidate_4,candidate_1,candidate_2,candidate_3,4,0.1475
1104,candidate_4,candidate_1,candidate_2,candidate_3,4,0.1475
1105,candidate_4,candidate_1,candidate_2,candidate_3,4,0.1475
1106,candidate_4,candidate_1,candidate_2,candidate_3,4,0.1475
1107,candidate_4,candidate_1,candidate_2,candidate_3,4,0.1475
1108,candidate_4,candidate_1,candidate_2,candidate_3,4,0.1475
1109,candidate_4,candidate_1,candidate_2,candidate_3,4,0.1475
1110,0,candidate_1,candidate_2,0,4,0.1475
1111,candidate_4,candidate_1,candidate_2,candidate_3,4,0.1475
1112,candidate_4,0,candidate_2,candidate_3,4,0.1475
1113,candidate_4,candidate_1,candidate_2,candidate_3,4,0.1475
1114,candidate_4,candidate_1,candidate_2,0,4,0.1475
1115,candidate_4,candidate_1,0,candidate_3,4,0.1475
1116,candidate_4,candidate_1,candidate_2,0,4,0.1475
1117,candidate_4,candidate_1,0,candidate_3,4,0.1475
1118,candidate_4,candidate_1,candidate_2,candidate_3,4,0.1475
1119,candidate_4,candidate_1,candidate_2,candidate_3,4,0.1475
1120,candidate_4,candidate_1,candidate_2,candidate_3,4,0.1475
1121,candidate_4,candidate_1,candidate_2,candidate_3,4,0.1475
1122,0,candidate_1,candidate_2,candidate_3,4,0.1475
1123,candidate_4,candidate_1,candidate_2,candidate_3,4,0.1475
1124,candidate_4,candidate_1,candidate_2,0,4,0.1475
1125,candidate_4,candidate_1,candidate_2,candidate_3,4,0.1475
1126,candidate_4,candidate_1,0,candidate_3,4,0.1475
1127,candidate_4,candidate_1,candidate_2,candidate_3,4,0.1475
1128,candidate_4,candidate_1,0,candidate_3,4,0.1475
1129,candidate_4,candidate_1,candidate_2,candidate_3,4,0.1475
1130,candidate_4,candidate_1,candidate_2,candidate_3,4,0.1475
1131,candidate_4,candidate_1,candidate_2,candidate_3,4,0.1475
1132,candidate_4,candidate_1,candidate_2,0,4,0.1475
1133,0,candidate_1,0,candidate_3,4,0.1475
1134,candidate_4,0,candidate_2,candidate_3,4,0.1475
1135,candidate_4,candidate_1,candidate_2,candidate_3,4,0.1475
1136,candidate_4,candidate_1,0,candidate_3,4,0.1475
1137,candidate_4,0,0,candidate_3,4,0.1475
1138,candidate_4,0,candidate_2,candidate_3,4,0.1475
1139,0,candidate_1,candidate_2,candidate_3,4,0.1475
1140,candidate_4,candidate_1,candidate_2,candidate_3,4,0.1475
1141,candidate_4,candidate_1,candidate_2,candidate_3,4,0.1475
1142,candidate_4,candidate_1,candidate_2,candidate_3,4,0.1475
1143,candidate_4,candidate_1,candidate_2,candidate_3,4,0.1475
1144,candidate_4,0,candidate_2,candidate_3,4,0.1475
1145,candidate_4,candidate_1,candidate_2,candidate_3,4,0.1475
1146,candidate_4,candidate_1,candidate_2,candidate_3,4,0.1475
1147,candidate_4,candidate_1,candidate_2,candidate_3,4,0.1475
1148,candidate_4,candidate_1,candidate_2,candidate_3,4,0.1475
1149,candidate_4,candidate_1,0,candidate_3,4,0.1475
1150,0,candidate_1,candidate_2,candidate_3,4,0.1475
1151,candidate_4,candidate_1,0,candidate_3,4,0.1475
1152,candidate_4,candidate_1,0,candidate_3,4,0.1475
1153,candidate_4,candidate_1,candidate_2,0,4,0.1475
1154,candidate_4,0,candidate_2,candidate_3,4,0.1475
1155,candidate_4,candidate_1,candidate_2,candidate_3,4,0.1475
1156,candidate_4,candidate_1,0,candidate_3,4,0.1475
1157,candidate_4,candidate_1,candidate_2,0,4,0.1475
1158,candidate_4,candidate_1,candidate_2,candidate_3,4,0.1475
1159,candidate_4,0,candidate_2,0,4,0.1475
1160,candidate_4,candidate_1,candidate_2,candidate_3,4,0.1475
1161,candidate_4,candidate_1,candidate_2,candidate_3,4,0.1475
1162,candidate_4,candidate_1,candidate_2,candidate_3,4,0.1475
1163,candidate_4,candidate_1,candidate_2,candidate_3,4,0.1475
1164,candidate_4,candidate_1,candidate_2,candidate_3,4,0.1475
1165,candidate_4,candidate_1,candidate_2,candidate_3,4,0.1475
1166,0,candidate_1,candidate_2,0,4,0.1475
1167,candidate_4,candidate_1,candidate_2,0,4,0.1475
0,candidate_4,candidate_1,candidate_3,candidate_2,4,0.1475
1,candidate_4,candidate_1,candidate_3,candidate_2,4,0.1475
2,candidate_4,candidate_1,candidate_3,candidate_2,4,0.1475
3,candidate_4,candidate_1,candidate_3,candidate_2,4,0.1475
4,candidate_4,candidate_1,candidate_3,candidate_2,4,0.1475
5,candidate_4,0,candidate_3,candidate_2,4,0.1475
6,0,candidate_1,0,candidate_2,4,0.1475
7,candidate_4,candidate_1,candidate_3,0,4,0.1475
8,candidate_4,candidate_1,candidate_3,candidate_2,4,0.1475
9,candidate_4,candidate_1,candidate_3,candidate_2,4,0.1475
10,0,candidate_1,candidate_3,candidate_2,4,0.1475
11,candidate_4,candidate_1,candidate_3,candidate_2,4,0.1475
12,candidate_4,0,candidate_3,candidate_2,4,0.1475
13,candidate_4,candidate_1,candidate_3,candidate_2,4,0.1475
14,candidate_4,candidate_1,candidate_3,candidate_2,4,0.1475
15,candidate_4,0,candidate_3,candidate_2,4,0.1475
16,candidate_4,candidate_1,candidate_3,0,4,0.1475
17,0,candidate_1,candidate_3,candidate_2,4,0.1475
18,candidate_4,candidate_1,candidate_3,0,4,0.1475
19,candidate_4,candidate_1,candidate_3,candidate_2,4,0.1475
20,candidate_4,candidate_1,candidate_3,candidate_2,4,0.1475
21,0,candidate_1,candidate_3,candidate_2,4,0.1475
22,candidate_4,0,0,candidate_2,4,0.1475
23,candidate_4,candidate_1,candidate_3,candidate_2,4,0.1475
24,candidate_4,candidate_1,candidate_3,candidate_2,4,0.1475
25,candidate_4,candidate_1,candidate_3,candidate_2,4,0.1475
26,candidate_4,0,candidate_3,0,4,0.1475
27,candidate_4,candidate_1,candidate_3,candidate_2,4,0.1475
28,candidate_4,candidate_1,candidate_3,0,4,0.1475
29,candidate_4,candidate_1,candidate_3,candidate_2,4,0.1475
30,0,0,candidate_3,candidate_2,4,0.1475
31,0,candidate_1,candidate_3,candidate_2,4,0.1475
32,candidate_4,candidate_1,0,candidate_2,4,0.1475
33,0,candidate_1,candidate_3,0,4,0.1475
34,candidate_4,candidate_1,candidate_3,candidate_2,4,0.1475
35,candidate_4,candidate_1,candidate_3,candidate_2,4,0.1475
36,candidate_4,candidate_1,candidate_3,candidate_2,4,0.1475
37,candidate_4,candidate_1,candidate_3,candidate_2,4,0.1475
38,candidate_4,candidate_1,candidate_3,0,4,0.1475
39,candidate_4,candidate_1,candidate_3,candidate_2,4,0.1475
40,0,candidate_1,candidate_3,candidate_2,4,0.1475
41,candidate_4,candidate_1,candidate_3,candidate_2,4,0.1475
42,candidate_4,candidate_1,candidate_3,candidate_2,4,0.1475
43,candidate_4,candidate_1,candidate_3,0,4,0.1475
44,candidate_4,candidate_1,candidate_3,candidate_2,4,0.1475
45,candidate_4,candidate_1,candidate_3,candidate_2,4,0.1475
46,candidate_4,candidate_1,candidate_3,candidate_2,4,0.1475
47,candidate_4,candidate_1,0,candidate_2,4,0.1475
48,candidate_4,candidate_1,candidate_3,candidate_2,4,0.1475
49,0,candidate_1,candidate_3,candidate_2,4,0.1475
50,candidate_4,candidate_1,candidate_3,candidate_2,4,0.1475
51,candidate_4,candidate_1,candidate_3,candidate_2,4,0.1475
52,candidate_4,candidate_1,0,candidate_2,4,0.1475
53,candidate_4,candidate_1,candidate_3,candidate_2,4,0.1475
54,0,0,candidate_3,candidate_2,4,0.1475
55,candidate_4,candidate_1,0,candidate_2,4,0.1475
56,candidate_4,candidate_1,candidate_3,candidate_2,4,0.1475
57,0,candidate_1,candidate_3,candidate_2,4,0.1475
58,0,candidate_1,candidate_3,candidate_2,4,0.1475
59,0,candidate_1,candidate_3,candidate_2,4,0.1475
60,candidate_4,candidate_1,candidate_3,candidate_2,4,0.1475
61,0,candidate_1,candidate_3,0,4,0.1475
62,0,candidate_1,candidate_3,candidate_2,4,0.1475
63,0,candidate_1,candidate_3,candidate_2,4,0.1475
64,candidate_4,candidate_1,candidate_3,0,4,0.1475
65,candidate_4,0,candidate_3,candidate_2,4,0.1475
66,candidate_4,candidate_1,candidate_3,candidate_2,4,0.1475
67,candidate_4,candidate_1,candidate_3,candidate_2,4,0.1475
68,candidate_4,candidate_1,candidate_3,candidate_2,4,0.1475
69,candidate_4,candidate_1,candidate_3,candidate_2,4,0.1475
70,candidate_4,candidate_1,0,candidate_2,4,0.1475
71,candidate_4,candidate_1,candidate_3,candidate_2,4,0.1475
72,candidate_4,0,candidate_3,candidate_2,4,0.1475
73,0,candidate_1,candidate_3,candidate_2,4,0.1475
74,candidate_4,candidate_1,candidate_3,candidate_2,4,0.1475
75,candidate_4,candidate_1,candidate_3,candidate_2,4,0.1475
76,candidate_4,0,candidate_3,0,4,0.1475
77,candidate_4,candidate_1,candidate_3,candidate_2,4,0.1475
78,candidate_4,candidate_1,candidate_3,candidate_2,4,0.1475
79,candidate_4,candidate_1,candidate_3,0,4,0.1475
80,candidate_4,candidate_1,candidate_3,candidate_2,4,0.1475
81,candidate_4,candidate_1,candidate_3,candidate_2,4,0.1475
82,0,candidate_1,0,candidate_2,4,0.1475
83,candidate_4,candidate_1,candidate_3,candidate_2,4,0.1475
84,0,0,0,candidate_2,4,0.1475
85,candidate_4,candidate_1,candidate_3,candidate_2,4,0.1475
86,candidate_4,candidate_1,0,candidate_2,4,0.1475
87,0,candidate_1,candidate_3,candidate_2,4,0.1475
88,candidate_4,candidate_1,candidate_3,candidate_2,4,0.1475
89,candidate_4,candidate_1,candidate_3,0,4,0.1475
90,candidate_4,candidate_1,candidate_3,candidate_2,4,0.1475
91,candidate_4,0,candidate_3,candidate_2,4,0.1475
92,candidate_4,candidate_1,candidate_3,candidate_2,4,0.1475
93,candidate_4,0,candidate_3,candidate_2,4,0.1475
94,candidate_4,candidate_1,candidate_3,candidate_2,4,0.1475
95,candidate_4,0,candidate_3,candidate_2,4,0.1475
96,0,0,candidate_3,candidate_2,4,0.1475
97,candidate_4,candidate_1,0,candidate_2,4,0.1475
98,0,0,candidate_3,candidate_2,4,0.1475
99,candidate_4,candidate_1,candidate_3,0,4,0.1475
100,candidate_4,candidate_1,candidate_3,candidate_2,4,0.1475
101,candidate_4,candidate_1,candidate_3,candidate_2,4,0.1475
102,candidate_4,0,0,candidate_2,4,0.1475
103,candidate_4,candidate_1,0,candidate_2,4,0.1475
104,candidate_4,candidate_1,candidate_3,candidate_2,4,0.1475
105,candidate_4,candidate_1,candidate_3,candidate_2,4,0.1475
106,candidate_4,candidate_1,candidate_3,0,4,0.1475
107,candidate_4,candidate_1,candidate_3,candidate_2,4,0.1475
108,0,candidate_1,candidate_3,0,4,0.1475
109,candidate_4,candidate_1,candidate_3,candidate_2,4,0.1475
110,candidate_4,candidate_1,candidate_3,0,4,0.1475
111,candidate_4,candidate_1,candidate_3,candidate_2,4,0.1475
112,candidate_4,candidate_1,candidate_3,candidate_2,4,0.1475
113,candidate_4,0,candidate_3,candidate_2,4,0.1475
114,candidate_4,0,candidate_3,candidate_2,4,0.1475
115,candidate_4,candidate_1,candidate_3,candidate_2,4,0.1475
116,candidate_4,0,candidate_3,candidate_2,4,0.1475
117,candidate_4,candidate_1,candidate_3,0,4,0.1475
118,candidate_4,candidate_1,0,candidate_2,4,0.1475
119,candidate_4,candidate_1,candidate_3,0,4,0.1475
120,candidate_4,candidate_1,candidate_3,candidate_2,4,0.1475
121,candidate_4,candidate_1,candidate_3,candidate_2,4,0.1475
122,candidate_4,candidate_1,candidate_3,0,4,0.1475
123,candidate_4,candidate_1,candidate_3,candidate_2,4,0.1475
124,candidate_4,candidate_1,candidate_3,candidate_2,4,0.1475
125,candidate_4,0,candidate_3,candidate_2,4,0.1475
126,candidate_4,candidate_1,candidate_3,candidate_2,4,0.1475
127,0,candidate_1,candidate_3,candidate_2,4,0.1475
128,candidate_4,candidate_1,candidate_3,candidate_2,4,0.1475
129,candidate_4,candidate_1,candidate_3,candidate_2,4,0.1475
130,candidate_4,candidate_1,0,candidate_2,4,0.1475
131,0,candidate_1,0,0,4,0.1475
132,0,candidate_1,candidate_3,candidate_2,4,0.1475
133,candidate_4,candidate_1,0,candidate_2,4,0.1475
134,0,candidate_1,candidate_3,candidate_2,4,0.1475
135,0,0,0,candidate_2,4,0.1475
136,0,candidate_1,candidate_3,0,4,0.1475
137,candidate_4,candidate_1,0,0,4,0.1475
138,candidate_4,candidate_1,candidate_3,candidate_2,4,0.1475
139,candidate_4,candidate_1,candidate_3,candidate_2,4,0.1475
140,candidate_4,candidate_1,candidate_3,candidate_2,4,0.1475
141,candidate_4,0,candidate_3,candidate_2,4,0.1475
142,candidate_4,candidate_1,candidate_3,candidate_2,4,0.1475
143,0,candidate_1,0,candidate_2,4,0.1475
144,candidate_4,candidate_1,candidate_3,0,4,0.1475
145,candidate_4,candidate_1,0,0,4,0.1475
146,candidate_4,candidate_1,candidate_3,candidate_2,4,0.1475
147,candidate_4,candidate_1,0,0,4,0.1475
148,candidate_4,candidate_1,candidate_3,candidate_2,4,0.1475
149,candidate_4,candidate_1,candidate_3,candidate_2,4,0.1475
150,candidate_4,candidate_1,candidate_3,candidate_2,4,0.1475
151,0,candidate_1,candidate_3,candidate_2,4,0.1475
152,candidate_4,0,candidate_3,candidate_2,4,0.1475
153,candidate_4,candidate_1,candidate_3,candidate_2,4,0.1475
154,candidate_4,candidate_1,0,candidate_2,4,0.1475
155,candidate_4,candidate_1,candidate_3,candidate_2,4,0.1475
156,candidate_4,0,candidate_3,0,4,0.1475
157,candidate_4,candidate_1,candidate_3,candidate_2,4,0.1475
158,candidate_4,candidate_1,candidate_3,candidate_2,4,0.1475
159,candidate_4,0,candidate_3,candidate_2,4,0.1475
160,0,candidate_1,candidate_3,candidate_2,4,0.1475
161,candidate_4,candidate_1,candidate_3,candidate_2,4,0.1475
162,candidate_4,candidate_1,candidate_3,candidate_2,4,0.1475
163,candidate_4,0,candidate_3,candidate_2,4,0.1475
164,candidate_4,candidate_1,candidate_3,candidate_2,4,0.1475
165,candidate_4,candidate_1,candidate_3,0,4,0.1475
166,candidate_4,0,candidate_3,candidate_2,4,0.1475
167,candidate_4,candidate_1,candidate_3,candidate_2,4,0.1475
168,candidate_4,candidate_1,candidate_3,candidate_2,4,0.1475
169,candidate_4,candidate_1,candidate_3,candidate_2,4,0.1475
170,candidate_4,candidate_1,0,candidate_2,4,0.1475
171,0,candidate_1,candidate_3,candidate_2,4,0.1475
172,candidate_4,candidate_1,0,candidate_2,4,0.1475
173,candidate_4,0,candidate_3,candidate_2,4,0.1475
174,candidate_4,candidate_1,candidate_3,candidate_2,4,0.1475
175,candidate_4,0,0,candidate_2,4,0.1475
176,candidate_4,0,0,0,4,0.1475
177,candidate_4,candidate_1,candidate_3,candidate_2,4,0.1475
178,candidate_4,0,candidate_3,candidate_2,4,0.1475
179,candidate_4,0,candidate_3,candidate_2,4,0.1475
180,candidate_4,candidate_1,candidate_3,candidate_2,4,0.1475
181,candidate_4,candidate_1,candidate_3,candidate_2,4,0.1475
182,candidate_4,0,candidate_3,candidate_2,4,0.1475
183,candidate_4,candidate_1,0,candidate_2,4,0.1475
184,candidate_4,candidate_1,candidate_3,candidate_2,4,0.1475
185,candidate_4,candidate_1,candidate_3,candidate_2,4,0.1475
186,candidate_4,candidate_1,candidate_3,candidate_2,4,0.1475
187,0,0,0,candidate_2,4,0.1475
188,candidate_4,candidate_1,candidate_3,candidate_2,4,0.1475
189,0,candidate_1,candidate_3,candidate_2,4,0.1475
190,candidate_4,0,candidate_3,candidate_2,4,0.1475
191,candidate_4,candidate_1,0,candidate_2,4,0.1475
192,candidate_4,candidate_1,candidate_3,candidate_2,4,0.1475
193,candidate_4,candidate_1,0,candidate_2,4,0.1475
194,candidate_4,candidate_1,candidate_3,candidate_2,4,0.1475
195,candidate_4,candidate_1,candidate_3,0,4,0.1475
196,candidate_4,candidate_1,0,candidate_2,4,0.1475
197,candidate_4,candidate_1,candidate_3,candidate_2,4,0.1475
198,0,candidate_1,candidate_3,candidate_2,4,0.1475
199,candidate_4,candidate_1,candidate_3,candidate_2,4,0.1475
200,candidate_4,candidate_1,candidate_3,candidate_2,4,0.1475
201,candidate_4,candidate_1,candidate_3,candidate_2,4,0.1475
202,candidate_4,candidate_1,candidate_3,candidate_2,4,0.1475
203,candidate_4,candidate_1,candidate_3,0,4,0.1475
204,candidate_4,candidate_1,candidate_3,0,4,0.1475
205,candidate_4,candidate_1,candidate_3,candidate_2,4,0.1475
206,candidate_4,0,candidate_3,candidate_2,4,0.1475
207,candidate_4,0,0,candidate_2,4,0.1475
208,candidate_4,candidate_1,candidate_3,candidate_2,4,0.1475
209,candidate_4,candidate_1,candidate_3,candidate_2,4,0.1475
210,candidate_4,candidate_1,candidate_3,candidate_2,4,0.1475
211,candidate_4,0,candidate_3,candidate_2,4,0.1475
212,candidate_4,candidate_1,candidate_3,candidate_2,4,0.1475
213,candidate_4,candidate_1,candidate_3,candidate_2,4,0.1475
214,candidate_4,candidate_1,candidate_3,candidate_2,4,0.1475
215,0,candidate_1,candidate_3,candidate_2,4,0.1475
216,candidate_4,candidate_1,candidate_3,candidate_2,4,0.1475
217,candidate_4,candidate_1,0,candidate_2,4,0.1475
218,0,candidate_1,candidate_3,candidate_2,4,0.1475
219,candidate_4,candidate_1,candidate_3,candidate_2,4,0.1475
220,candidate_4,0,candidate_3,0,4,0.1475
221,candidate_4,candidate_1,candidate_3,0,4,0.1475
222,candidate_4,candidate_1,candidate_3,candidate_2,4,0.1475
223,candidate_4,candidate_1,candidate_3,candidate_2,4,0.1475
224,candidate_4,0,candidate_3,candidate_2,4,0.1475
225,candidate_4,candidate_1,candidate_3,0,4,0.1475
226,candidate_4,candidate_1,candidate_3,candidate_2,4,0.1475
227,candidate_4,candidate_1,candidate_3,candidate_2,4,0.1475
228,candidate_4,0,0,candidate_2,4,0.1475
229,candidate_4,candidate_1,candidate_3,candidate_2,4,0.1475
230,candidate_4,candidate_1,candidate_3,candidate_2,4,0.1475
231,candidate_4,candidate_1,candidate_3,candidate_2,4,0.1475
232,candidate_4,candidate_1,candidate_3,candidate_2,4,0.1475
233,candidate_4,candidate_1,candidate_3,candidate_2,4,0.1475
234,candidate_4,candidate_1,candidate_3,candidate_2,4,0.1475
235,candidate_4,candidate_1,candidate_3,candidate_2,4,0.1475
236,0,0,candidate_3,candidate_2,4,0.1475
237,candidate_4,0,candidate_3,candidate_2,4,0.1475
238,candidate_4,candidate_1,candidate_3,candidate_2,4,0.1475
239,candidate_4,candidate_1,candidate_3,candidate_2,4,0.1475
240,0,candidate_1,candidate_3,candidate_2,4,0.1475
241,candidate_4,candidate_1,candidate_3,candidate_2,4,0.1475
242,candidate_4,candidate_1,candidate_3,candidate_2,4,0.1475
243,candidate_4,candidate_1,0,candidate_2,4,0.1475
244,0,candidate_1,candidate_3,candidate_2,4,0.1475
245,candidate_4,candidate_1,candidate_3,candidate_2,4,0.1475
246,candidate_4,candidate_1,candidate_3,candidate_2,4,0.1475
247,candidate_4,0,candidate_3,candidate_2,4,0.1475
248,candidate_4,candidate_1,candidate_3,candidate_2,4,0.1475
249,candidate_4,0,candidate_3,candidate_2,4,0.1475
250,0,candidate_1,candidate_3,candidate_2,4,0.1475
251,candidate_4,candidate_1,candidate_3,candidate_2,4,0.1475
252,candidate_4,candidate_1,0,candidate_2,4,0.1475
253,candidate_4,candidate_1,candidate_3,candidate_2,4,0.1475
254,0,candidate_1,candidate_3,candidate_2,4,0.1475
255,candidate_4,candidate_1,candidate_3,candidate_2,4,0.1475
256,candidate_4,candidate_1,candidate_3,candidate_2,4,0.1475
257,candidate_4,candidate_1,candidate_3,candidate_2,4,0.1475
258,candidate_4,candidate_1,candidate_3,candidate_2,4,0.1475
259,0,candidate_1,candidate_3,0,4,0.1475
260,0,candidate_1,candidate_3,0,4,0.1475
261,candidate_4,candidate_1,0,candidate_2,4,0.1475
262,candidate_4,candidate_1,candidate_3,candidate_2,4,0.1475
263,candidate_4,candidate_1,candidate_3,0,4,0.1475
264,candidate_4,0,candidate_3,candidate_2,4,0.1475
265,candidate_4,candidate_1,candidate_3,candidate_2,4,0.1475
266,candidate_4,candidate_1,candidate_3,candidate_2,4,0.1475
267,candidate_4,0,candidate_3,candidate_2,4,0.1475
268,candidate_4,candidate_1,candidate_3,candidate_2,4,0.1475
269,candidate_4,candidate_1,candidate_3,candidate_2,4,0.1475
270,candidate_4,0,candidate_3,candidate_2,4,0.1475
271,candidate_4,candidate_1,candidate_3,candidate_2,4,0.1475
272,candidate_4,candidate_1,0,candidate_2,4,0.1475
273,candidate_4,candidate_1,candidate_3,candidate_2,4,0.1475
274,candidate_4,candidate_1,candidate_3,candidate_2,4,0.1475
275,candidate_4,0,0,0,4,0.1475
276,candidate_4,candidate_1,candidate_3,candidate_2,4,0.1475
277,candidate_4,candidate_1,candidate_3,candidate_2,4,0.1475
278,candidate_4,candidate_1,0,candidate_2,4,0.1475
279,candidate_4,candidate_1,candidate_3,candidate_2,4,0.1475
280,candidate_4,candidate_1,candidate_3,candidate_2,4,0.1475
281,candidate_4,candidate_1,0,candidate_2,4,0.1475
282,candidate_4,candidate_1,candidate_3,candidate_2,4,0.1475
283,candidate_4,candidate_1,candidate_3,candidate_2,4,0.1475
284,candidate_4,candidate_1,candidate_3,candidate_2,4,0.1475
285,candidate_4,0,candidate_3,candidate_2,4,0.1475
286,candidate_4,candidate_1,candidate_3,candidate_2,4,0.1475
287,candidate_4,candidate_1,candidate_3,candidate_2,4,0.1475
288,candidate_4,candidate_1,candidate_3,candidate_2,4,0.1475
289,candidate_4,candidate_1,candidate_3,candidate_2,4,0.1475
290,candidate_4,candidate_1,candidate_3,candidate_2,4,0.1475
291,candidate_4,candidate_1,candidate_3,candidate_2,4,0.1475
292,candidate_4,candidate_1,candidate_3,candidate_2,4,0.1475
293,0,candidate_1,candidate_3,candidate_2,4,0.1475
294,candidate_4,candidate_1,0,candidate_2,4,0.1475
295,candidate_4,candidate_1,candidate_3,candidate_2,4,0.1475
296,candidate_4,0,candidate_3,candidate_2,4,0.1475
297,candidate_4,candidate_1,0,candidate_2,4,0.1475
298,candidate_4,candidate_1,candidate_3,candidate_2,4,0.1475
299,candidate_4,candidate_1,candidate_3,candidate_2,4,0.1475
300,candidate_4,candidate_1,0,candidate_2,4,0.1475
301,candidate_4,candidate_1,candidate_3,candidate_2,4,0.1475
302,candidate_4,candidate_1,candidate_3,candidate_2,4,0.1475
303,candidate_4,candidate_1,0,candidate_2,4,0.1475
304,candidate_4,candidate_1,candidate_3,candidate_2,4,0.1475
305,candidate_4,candidate_1,candidate_3,candidate_2,4,0.1475
306,candidate_4,candidate_1,candidate_3,candidate_2,4,0.1475
307,candidate_4,candidate_1,candidate_3,candidate_2,4,0.1475
308,candidate_4,candidate_1,0,candidate_2,4,0.1475
309,candidate_4,candidate_1,candidate_3,candidate_2,4,0.1475
310,candidate_4,candidate_1,candidate_3,candidate_2,4,0.1475
311,candidate_4,candidate_1,candidate_3,candidate_2,4,0.1475
312,candidate_4,candidate_1,candidate_3,candidate_2,4,0.1475
313,candidate_4,0,0,candidate_2,4,0.1475
314,candidate_4,candidate_1,candidate_3,candidate_2,4,0.1475
315,candidate_4,candidate_1,candidate_3,candidate_2,4,0.1475
316,candidate_4,candidate_1,candidate_3,candidate_2,4,0.1475
317,candidate_4,candidate_1,candidate_3,candidate_2,4,0.1475
318,candidate_4,0,candidate_3,candidate_2,4,0.1475
319,candidate_4,candidate_1,candidate_3,candidate_2,4,0.1475
320,candidate_4,candidate_1,candidate_3,candidate_2,4,0.1475
321,candidate_4,candidate_1,candidate_3,candidate_2,4,0.1475
322,candidate_4,candidate_1,candidate_3,candidate_2,4,0.1475
323,candidate_4,candidate_1,candidate_3,candidate_2,4,0.1475
324,candidate_4,0,candidate_3,candidate_2,4,0.1475
325,candidate_4,candidate_1,candidate_3,candidate_2,4,0.1475
326,0,0,candidate_3,0,4,0.1475
327,0,candidate_1,candidate_3,candidate_2,4,0.1475
328,candidate_4,0,candidate_3,0,4,0.1475
329,candidate_4,candidate_1,0,candidate_2,4,0.1475
330,candidate_4,candidate_1,candidate_3,0,4,0.1475
331,0,candidate_1,candidate_3,0,4,0.1475
332,candidate_4,candidate_1,candidate_3,candidate_2,4,0.1475
333,candidate_4,0,candidate_3,candidate_2,4,0.1475
334,candidate_4,candidate_1,candidate_3,0,4,0.1475
335,candidate_4,candidate_1,0,candidate_2,4,0.1475
336,candidate_4,0,candidate_3,candidate_2,4,0.1475
337,candidate_4,0,candidate_3,candidate_2,4,0.1475
338,candidate_4,candidate_1,candidate_3,candidate_2,4,0.1475
339,candidate_4,candidate_1,candidate_3,candidate_2,4,0.1475
340,0,0,candidate_3,0,4,0.1475
341,candidate_4,candidate_1,candidate_3,candidate_2,4,0.1475
342,candidate_4,candidate_1,0,candidate_2,4,0.1475
343,candidate_4,candidate_1,candidate_3,candidate_2,4,0.1475
344,candidate_4,candidate_1,candidate_3,candidate_2,4,0.1475
345,0,candidate_1,candidate_3,candidate_2,4,0.1475
346,candidate_4,candidate_1,candidate_3,candidate_2,4,0.1475
347,candidate_4,candidate_1,candidate_3,candidate_2,4,0.1475
348,candidate_4,candidate_1,candidate_3,candidate_2,4,0.1475
349,candidate_4,candidate_1,candidate_3,0,4,0.1475
350,candidate_4,0,candidate_3,candidate_2,4,0.1475
351,candidate_4,0,candidate_3,candidate_2,4,0.1475
352,candidate_4,candidate_1,candidate_3,0,4,0.1475
353,candidate_4,candidate_1,candidate_3,candidate_2,4,0.1475
354,candidate_4,candidate_1,candidate_3,candidate_2,4,0.1475
355,candidate_4,candidate_1,candidate_3,candidate_2,4,0.1475
356,candidate_4,candidate_1,0,candidate_2,4,0.1475
357,0,candidate_1,0,candidate_2,4,0.1475
358,candidate_4,candidate_1,0,candidate_2,4,0.1475
359,candidate_4,candidate_1,candidate_3,candidate_2,4,0.1475
360,candidate_4,candidate_1,candidate_3,candidate_2,4,0.1475
361,candidate_4,candidate_1,candidate_3,candidate_2,4,0.1475
362,candidate_4,candidate_1,candidate_3,candidate_2,4,0.1475
363,candidate_4,candidate_1,candidate_3,0,4,0.1475
364,0,candidate_1,candidate_3,candidate_2,4,0.1475
365,candidate_4,candidate_1,candidate_3,candidate_2,4,0.1475
366,candidate_4,candidate_1,candidate_3,candidate_2,4,0.1475
367,candidate_4,candidate_1,candidate_3,candidate_2,4,0.1475
368,candidate_4,candidate_1,candidate_3,candidate_2,4,0.1475
369,candidate_4,candidate_1,0,candidate_2,4,0.1475
370,candidate_4,0,0,candidate_2,4,0.1475
371,candidate_4,candidate_1,candidate_3,candidate_2,4,0.1475
372,candidate_4,candidate_1,candidate_3,0,4,0.1475
373,candidate_4,candidate_1,candidate_3,candidate_2,4,0.1475
374,candidate_4,0,candidate_3,candidate_2,4,0.1475
375,candidate_4,0,candidate_3,candidate_2,4,0.1475
376,0,candidate_1,candidate_3,candidate_2,4,0.1475
377,candidate_4,candidate_1,candidate_3,candidate_2,4,0.1475
378,candidate_4,0,0,candidate_2,4,0.1475
379,candidate_4,candidate_1,candidate_3,candidate_2,4,0.1475
380,candidate_4,candidate_1,candidate_3,0,4,0.1475
381,candidate_4,candidate_1,candidate_3,0,4,0.1475
382,candidate_4,candidate_1,candidate_3,candidate_2,4,0.1475
383,candidate_4,candidate_1,candidate_3,candidate_2,4,0.1475
384,candidate_4,candidate_1,candidate_3,candidate_2,4,0.1475
385,candidate_4,candidate_1,candidate_3,0,4,0.1475
386,candidate_4,candidate_1,candidate_3,candidate_2,4,0.1475
387,candidate_4,candidate_1,candidate_3,candidate_2,4,0.1475
388,candidate_4,candidate_1,candidate_3,candidate_2,4,0.1475
389,0,candidate_1,candidate_3,candidate_2,4,0.1475
390,candidate_4,candidate_1,candidate_3,candidate_2,4,0.1475
391,candidate_4,candidate_1,candidate_3,candidate_2,4,0.1475
392,candidate_4,candidate_1,candidate_3,candidate_2,4,0.1475
393,candidate_4,0,candidate_3,candidate_2,4,0.1475
394,candidate_4,0,candidate_3,candidate_2,4,0.1475
395,0,candidate_1,candidate_3,candidate_2,4,0.1475
396,candidate_4,candidate_1,candidate_3,candidate_2,4,0.1475
397,candidate_4,0,candidate_3,0,4,0.1475
398,0,candidate_1,candidate_3,candidate_2,4,0.1475
399,candidate_4,0,candidate_3,0,4,0.1475
400,0,candidate_1,candidate_3,candidate_2,4,0.1475
401,candidate_4,0,candidate_3,candidate_2,4,0.1475
402,candidate_4,candidate_1,candidate_3,candidate_2,4,0.1475
403,candidate_4,candidate_1,candidate_3,candidate_2,4,0.1475
404,candidate_4,candidate_1,candidate_3,candidate_2,4,0.1475
405,candidate_4,0,candidate_3,0,4,0.1475
406,candidate_4,candidate_1,0,candidate_2,4,0.1475
407,candidate_4,candidate_1,candidate_3,candidate_2,4,0.1475
408,candidate_4,candidate_1,candidate_3,0,4,0.1475
409,candidate_4,candidate_1,candidate_3,0,4,0.1475
410,candidate_4,candidate_1,candidate_3,candidate_2,4,0.1475
411,candidate_4,candidate_1,candidate_3,candidate_2,4,0.1475
412,candidate_4,0,candidate_3,candidate_2,4,0.1475
413,candidate_4,0,candidate_3,candidate_2,4,0.1475
414,0,candidate_1,candidate_3,candidate_2,4,0.1475
415,candidate_4,candidate_1,candidate_3,0,4,0.1475
416,candidate_4,candidate_1,candidate_3,candidate_2,4,0.1475
417,candidate_4,candidate_1,candidate_3,candidate_2,4,0.1475
418,candidate_4,candidate_1,0,candidate_2,4,0.1475
419,candidate_4,candidate_1,candidate_3,candidate_2,4,0.1475
420,candidate_4,candidate_1,candidate_3,0,4,0.1475
421,0,candidate_1,candidate_3,0,4,0.1475
422,candidate_4,candidate_1,candidate_3,candidate_2,4,0.1475
423,candidate_4,candidate_1,candidate_3,candidate_2,4,0.1475
424,candidate_4,candidate_1,candidate_3,candidate_2,4,0.1475
425,candidate_4,candidate_1,candidate_3,candidate_2,4,0.1475
426,candidate_4,candidate_1,candidate_3,candidate_2,4,0.1475
427,candidate_4,candidate_1,candidate_3,0,4,0.1475
428,candidate_4,candidate_1,candidate_3,candidate_2,4,0.1475
429,candidate_4,candidate_1,candidate_3,candidate_2,4,0.1475
430,candidate_4,0,candidate_3,candidate_2,4,0.1475
431,candidate_4,candidate_1,candidate_3,candidate_2,4,0.1475
432,candidate_4,candidate_1,candidate_3,candidate_2,4,0.1475
433,candidate_4,candidate_1,candidate_3,candidate_2,4,0.1475
434,candidate_4,candidate_1,candidate_3,candidate_2,4,0.1475
435,candidate_4,candidate_1,candidate_3,candidate_2,4,0.1475
436,candidate_4,candidate_1,candidate_3,candidate_2,4,0.1475
437,candidate_4,candidate_1,candidate_3,candidate_2,4,0.1475
438,candidate_4,candidate_1,candidate_3,candidate_2,4,0.1475
439,candidate_4,0,0,0,4,0.1475
440,0,candidate_1,0,0,4,0.1475
441,candidate_4,candidate_1,candidate_3,candidate_2,4,0.1475
442,candidate_4,0,0,candidate_2,4,0.1475
443,candidate_4,candidate_1,0,candidate_2,4,0.1475
444,candidate_4,0,0,candidate_2,4,0.1475
445,candidate_4,candidate_1,candidate_3,0,4,0.1475
446,candidate_4,candidate_1,candidate_3,candidate_2,4,0.1475
447,candidate_4,candidate_1,candidate_3,candidate_2,4,0.1475
448,candidate_4,0,candidate_3,candidate_2,4,0.1475
449,candidate_4,candidate_1,candidate_3,candidate_2,4,0.1475
450,candidate_4,candidate_1,candidate_3,candidate_2,4,0.1475
451,candidate_4,candidate_1,candidate_3,candidate_2,4,0.1475
452,candidate_4,candidate_1,candidate_3,candidate_2,4,0.1475
453,candidate_4,candidate_1,candidate_3,candidate_2,4,0.1475
454,candidate_4,candidate_1,0,0,4,0.1475
455,candidate_4,candidate_1,candidate_3,candidate_2,4,0.1475
456,0,candidate_1,candidate_3,candidate_2,4,0.1475
457,candidate_4,candidate_1,candidate_3,candidate_2,4,0.1475
458,candidate_4,candidate_1,candidate_3,0,4,0.1475
459,candidate_4,candidate_1,candidate_3,candidate_2,4,0.1475
460,candidate_4,candidate_1,candidate_3,candidate_2,4,0.1475
461,candidate_4,candidate_1,candidate_3,0,4,0.1475
462,candidate_4,0,candidate_3,candidate_2,4,0.1475
463,candidate_4,candidate_1,candidate_3,candidate_2,4,0.1475
464,candidate_4,candidate_1,0,0,4,0.1475
465,candidate_4,candidate_1,candidate_3,candidate_2,4,0.1475
466,candidate_4,candidate_1,candidate_3,candidate_2,4,0.1475
467,candidate_4,candidate_1,candidate_3,candidate_2,4,0.1475
468,0,candidate_1,candidate_3,candidate_2,4,0.1475
469,candidate_4,candidate_1,candidate_3,0,4,0.1475
470,0,candidate_1,candidate_3,candidate_2,4,0.1475
471,candidate_4,0,candidate_3,candidate_2,4,0.1475
472,candidate_4,candidate_1,0,candidate_2,4,0.1475
473,candidate_4,candidate_1,candidate_3,candidate_2,4,0.1475
474,candidate_4,0,candidate_3,candidate_2,4,0.1475
475,candidate_4,candidate_1,0,candidate_2,4,0.1475
476,0,candidate_1,candidate_3,candidate_2,4,0.1475
477,candidate_4,0,candidate_3,candidate_2,4,0.1475
478,0,0,candidate_3,candidate_2,4,0.1475
479,candidate_4,candidate_1,0,candidate_2,4,0.1475
480,candidate_4,candidate_1,candidate_3,0,4,0.1475
481,0,candidate_1,candidate_3,candidate_2,4,0.1475
482,candidate_4,candidate_1,candidate_3,candidate_2,4,0.1475
483,candidate_4,0,candidate_3,0,4,0.1475
484,candidate_4,candidate_1,0,candidate_2,4,0.1475
485,candidate_4,candidate_1,0,candidate_2,4,0.1475
486,candidate_4,candidate_1,candidate_3,candidate_2,4,0.1475
487,candidate_4,candidate_1,candidate_3,candidate_2,4,0.1475
488,candidate_4,candidate_1,candidate_3,candidate_2,4,0.1475
489,candidate_4,candidate_1,candidate_3,0,4,0.1475
490,candidate_4,candidate_1,candidate_3,candidate_2,4,0.1475
491,candidate_4,candidate_1,0,candidate_2,4,0.1475
492,candidate_4,candidate_1,candidate_3,candidate_2,4,0.1475
493,candidate_4,candidate_1,0,candidate_2,4,0.1475
494,candidate_4,candidate_1,candidate_3,candidate_2,4,0.1475
495,candidate_4,0,0,candidate_2,4,0.1475
496,candidate_4,candidate_1,0,candidate_2,4,0.1475
497,0,0,0,candidate_2,4,0.1475
498,candidate_4,candidate_1,candidate_3,candidate_2,4,0.1475
499,candidate_4,candidate_1,candidate_3,0,4,0.1475
500,0,candidate_1,0,candidate_2,4,0.1475
501,candidate_4,candidate_1,candidate_3,candidate_2,4,0.1475
502,0,candidate_1,candidate_3,candidate_2,4,0.1475
503,candidate_4,candidate_1,candidate_3,0,4,0.1475
504,candidate_4,candidate_1,candidate_3,candidate_2,4,0.1475
505,0,candidate_1,candidate_3,0,4,0.1475
506,candidate_4,candidate_1,candidate_3,candidate_2,4,0.1475
507,candidate_4,candidate_1,candidate_3,candidate_2,4,0.1475
508,candidate_4,candidate_1,candidate_3,0,4,0.1475
509,candidate_4,candidate_1,candidate_3,0,4,0.1475
510,candidate_4,candidate_1,candidate_3,candidate_2,4,0.1475
511,candidate_4,candidate_1,candidate_3,candidate_2,4,0.1475
512,candidate_4,0,0,candidate_2,4,0.1475
513,candidate_4,candidate_1,candidate_3,candidate_2,4,0.1475
514,0,candidate_1,candidate_3,candidate_2,4,0.1475
515,candidate_4,candidate_1,candidate_3,candidate_2,4,0.1475
516,candidate_4,candidate_1,candidate_3,candidate_2,4,0.1475
517,candidate_4,candidate_1,candidate_3,candidate_2,4,0.1475
518,candidate_4,candidate_1,candidate_3,candidate_2,4,0.1475
519,candidate_4,candidate_1,candidate_3,candidate_2,4,0.1475
520,candidate_4,candidate_1,candidate_3,candidate_2,4,0.1475
521,candidate_4,candidate_1,candidate_3,candidate_2,4,0.1475
522,candidate_4,candidate_1,candidate_3,candidate_2,4,0.1475
523,candidate_4,candidate_1,candidate_3,0,4,0.1475
524,0,0,candidate_3,candidate_2,4,0.1475
525,candidate_4,candidate_1,candidate_3,candidate_2,4,0.1475
526,candidate_4,candidate_1,candidate_3,candidate_2,4,0.1475
527,0,candidate_1,candidate_3,candidate_2,4,0.1475
528,candidate_4,candidate_1,candidate_3,candidate_2,4,0.1475
529,candidate_4,candidate_1,candidate_3,candidate_2,4,0.1475
530,candidate_4,candidate_1,candidate_3,candidate_2,4,0.1475
531,0,candidate_1,candidate_3,0,4,0.1475
532,candidate_4,candidate_1,candidate_3,candidate_2,4,0.1475
533,candidate_4,0,candidate_3,candidate_2,4,0.1475
534,candidate_4,candidate_1,candidate_3,candidate_2,4,0.1475
535,candidate_4,candidate_1,candidate_3,candidate_2,4,0.1475
536,0,candidate_1,candidate_3,candidate_2,4,0.1475
537,candidate_4,candidate_1,candidate_3,0,4,0.1475
538,candidate_4,candidate_1,candidate_3,candidate_2,4,0.1475
539,0,0,candidate_3,candidate_2,4,0.1475
540,candidate_4,candidate_1,candidate_3,0,4,0.1475
541,candidate_4,0,candidate_3,candidate_2,4,0.1475
542,candidate_4,candidate_1,candidate_3,candidate_2,4,0.1475
543,candidate_4,candidate_1,candidate_3,candidate_2,4,0.1475
544,candidate_4,candidate_1,candidate_3,candidate_2,4,0.1475
545,candidate_4,candidate_1,candidate_3,candidate_2,4,0.1475
546,candidate_4,candidate_1,0,candidate_2,4,0.1475
547,candidate_4,candidate_1,candidate_3,candidate_2,4,0.1475
548,0,0,candidate_3,candidate_2,4,0.1475
549,candidate_4,0,0,0,4,0.1475
550,candidate_4,candidate_1,candidate_3,candidate_2,4,0.1475
551,candidate_4,candidate_1,candidate_3,candidate_2,4,0.1475
552,0,0,0,candidate_2,4,0.1475
553,candidate_4,candidate_1,candidate_3,candidate_2,4,0.1475
554,candidate_4,candidate_1,candidate_3,candidate_2,4,0.1475
555,candidate_4,candidate_1,candidate_3,candidate_2,4,0.1475
556,candidate_4,candidate_1,candidate_3,candidate_2,4,0.1475
557,candidate_4,candidate_1,candidate_3,candidate_2,4,0.1475
558,candidate_4,0,candidate_3,candidate_2,4,0.1475
559,candidate_4,candidate_1,candidate_3,candidate_2,4,0.1475
560,candidate_4,0,candidate_3,candidate_2,4,0.1475
561,candidate_4,candidate_1,candidate_3,candidate_2,4,0.1475
562,candidate_4,candidate_1,candidate_3,candidate_2,4,0.1475
563,candidate_4,0,candidate_3,candidate_2,4,0.1475
564,0,0,candidate_3,candidate_2,4,0.1475
565,candidate_4,0,candidate_3,candidate_2,4,0.1475
566,candidate_4,candidate_1,candidate_3,candidate_2,4,0.1475
567,candidate_4,candidate_1,candidate_3,candidate_2,4,0.1475
568,candidate_4,candidate_1,candidate_3,0,4,0.1475
569,candidate_4,0,candidate_3,candidate_2,4,0.1475
570,0,candidate_1,candidate_3,candidate_2,4,0.1475
571,0,candidate_1,candidate_3,candidate_2,4,0.1475
572,candidate_4,0,candidate_3,candidate_2,4,0.1475
573,candidate_4,candidate_1,0,candidate_2,4,0.1475
574,candidate_4,0,candidate_3,candidate_2,4,0.1475
575,candidate_4,candidate_1,candidate_3,candidate_2,4,0.1475
576,candidate_4,candidate_1,0,candidate_2,4,0.1475
577,candidate_4,candidate_1,candidate_3,candidate_2,4,0.1475
578,candidate_4,candidate_1,candidate_3,candidate_2,4,0.1475
579,candidate_4,0,candidate_3,candidate_2,4,0.1475
580,candidate_4,candidate_1,candidate_3,candidate_2,4,0.1475
581,candidate_4,candidate_1,candidate_3,candidate_2,4,0.1475
582,candidate_4,candidate_1,candidate_3,candidate_2,4,0.1475
583,candidate_4,candidate_1,candidate_3,candidate_2,4,0.1475
584,candidate_4,candidate_1,candidate_3,candidate_2,4,0.1475
585,candidate_4,0,candidate_3,candidate_2,4,0.1475
586,candidate_4,candidate_1,candidate_3,candidate_2,4,0.1475
587,candidate_4,0,candidate_3,candidate_2,4,0.1475
588,candidate_4,0,0,candidate_2,4,0.1475
589,candidate_4,candidate_1,candidate_3,0,4,0.1475
590,candidate_4,candidate_1,candidate_3,0,4,0.1475
591,candidate_4,candidate_1,0,candidate_2,4,0.1475
592,candidate_4,candidate_1,candidate_3,candidate_2,4,0.1475
593,0,candidate_1,candidate_3,candidate_2,4,0.1475
594,candidate_4,candidate_1,candidate_3,candidate_2,4,0.1475
595,0,0,candidate_3,candidate_2,4,0.1475
596,candidate_4,candidate_1,candidate_3,candidate_2,4,0.1475
597,candidate_4,candidate_1,candidate_3,candidate_2,4,0.1475
598,candidate_4,0,candidate_3,candidate_2,4,0.1475
599,candidate_4,0,candidate_3,candidate_2,4,0.1475
600,candidate_4,candidate_1,candidate_3,candidate_2,4,0.1475
601,candidate_4,candidate_1,candidate_3,candidate_2,4,0.1475
602,candidate_4,candidate_1,candidate_3,candidate_2,4,0.1475
603,candidate_4,candidate_1,candidate_3,0,4,0.1475
604,candidate_4,candidate_1,candidate_3,candidate_2,4,0.1475
605,candidate_4,candidate_1,candidate_3,candidate_2,4,0.1475
606,candidate_4,candidate_1,candidate_3,candidate_2,4,0.1475
607,candidate_4,candidate_1,candidate_3,candidate_2,4,0.1475
608,candidate_4,candidate_1,candidate_3,0,4,0.1475
609,candidate_4,candidate_1,candidate_3,candidate_2,4,0.1475
610,candidate_4,candidate_1,candidate_3,candidate_2,4,0.1475
611,candidate_4,candidate_1,candidate_3,candidate_2,4,0.1475
612,candidate_4,candidate_1,candidate_3,candidate_2,4,0.1475
613,candidate_4,candidate_1,candidate_3,candidate_2,4,0.1475
614,candidate_4,candidate_1,candidate_3,candidate_2,4,0.1475
615,candidate_4,candidate_1,candidate_3,candidate_2,4,0.1475
616,candidate_4,candidate_1,candidate_3,0,4,0.1475
617,candidate_4,candidate_1,candidate_3,0,4,0.1475
618,candidate_4,candidate_1,0,candidate_2,4,0.1475
619,candidate_4,candidate_1,candidate_3,candidate_2,4,0.1475
620,0,candidate_1,0,candidate_2,4,0.1475
621,candidate_4,candidate_1,candidate_3,candidate_2,4,0.1475
622,candidate_4,candidate_1,0,candidate_2,4,0.1475
623,candidate_4,candidate_1,candidate_3,candidate_2,4,0.1475
624,candidate_4,candidate_1,candidate_3,0,4,0.1475
625,candidate_4,candidate_1,candidate_3,candidate_2,4,0.1475
626,candidate_4,candidate_1,candidate_3,0,4,0.1475
627,candidate_4,candidate_1,candidate_3,candidate_2,4,0.1475
628,0,candidate_1,candidate_3,0,4,0.1475
629,candidate_4,candidate_1,candidate_3,candidate_2,4,0.1475
630,candidate_4,candidate_1,0,candidate_2,4,0.1475
631,candidate_4,candidate_1,candidate_3,candidate_2,4,0.1475
632,candidate_4,candidate_1,0,candidate_2,4,0.1475
633,candidate_4,candidate_1,0,candidate_2,4,0.1475
634,candidate_4,candidate_1,candidate_3,candidate_2,4,0.1475
635,candidate_4,candidate_1,candidate_3,candidate_2,4,0.1475
636,candidate_4,candidate_1,candidate_3,candidate_2,4,0.1475
637,candidate_4,0,candidate_3,candidate_2,4,0.1475
638,candidate_4,candidate_1,candidate_3,candidate_2,4,0.1475
639,candidate_4,candidate_1,candidate_3,candidate_2,4,0.1475
640,candidate_4,candidate_1,0,candidate_2,4,0.1475
641,candidate_4,candidate_1,candidate_3,candidate_2,4,0.1475
642,candidate_4,candidate_1,candidate_3,candidate_2,4,0.1475
643,candidate_4,candidate_1,candidate_3,0,4,0.1475
644,candidate_4,candidate_1,candidate_3,candidate_2,4,0.1475
645,candidate_4,candidate_1,candidate_3,candidate_2,4,0.1475
646,0,candidate_1,candidate_3,candidate_2,4,0.1475
647,candidate_4,candidate_1,candidate_3,candidate_2,4,0.1475
648,candidate_4,0,candidate_3,candidate_2,4,0.1475
649,candidate_4,candidate_1,candidate_3,candidate_2,4,0.1475
650,candidate_4,candidate_1,candidate_3,candidate_2,4,0.1475
651,candidate_4,candidate_1,candidate_3,candidate_2,4,0.1475
652,candidate_4,0,candidate_3,candidate_2,4,0.1475
653,candidate_4,candidate_1,candidate_3,candidate_2,4,0.1475
654,candidate_4,candidate_1,candidate_3,candidate_2,4,0.1475
655,candidate_4,candidate_1,candidate_3,candidate_2,4,0.1475
656,0,candidate_1,candidate_3,candidate_2,4,0.1475
657,candidate_4,candidate_1,candidate_3,candidate_2,4,0.1475
658,candidate_4,candidate_1,candidate_3,candidate_2,4,0.1475
659,candidate_4,candidate_1,candidate_3,candidate_2,4,0.1475
660,candidate_4,candidate_1,candidate_3,candidate_2,4,0.1475
661,candidate_4,candidate_1,candidate_3,0,4,0.1475
662,candidate_4,candidate_1,candidate_3,candidate_2,4,0.1475
663,candidate_4,0,candidate_3,candidate_2,4,0.1475
664,candidate_4,candidate_1,candidate_3,candidate_2,4,0.1475
665,0,candidate_1,candidate_3,candidate_2,4,0.1475
666,candidate_4,candidate_1,candidate_3,candidate_2,4,0.1475
667,candidate_4,candidate_1,candidate_3,0,4,0.1475
668,candidate_4,candidate_1,candidate_3,0,4,0.1475
669,candidate_4,candidate_1,0,0,4,0.1475
670,candidate_4,candidate_1,0,candidate_2,4,0.1475
671,candidate_4,candidate_1,candidate_3,candidate_2,4,0.1475
672,0,0,candidate_3,candidate_2,4,0.1475
673,candidate_4,candidate_1,candidate_3,candidate_2,4,0.1475
674,candidate_4,candidate_1,0,0,4,0.1475
675,candidate_4,candidate_1,candidate_3,candidate_2,4,0.1475
676,0,candidate_1,candidate_3,0,4,0.1475
677,candidate_4,candidate_1,candidate_3,candidate_2,4,0.1475
678,candidate_4,candidate_1,candidate_3,candidate_2,4,0.1475
679,candidate_4,candidate_1,0,candidate_2,4,0.1475
680,candidate_4,0,candidate_3,0,4,0.1475
681,candidate_4,candidate_1,candidate_3,0,4,0.1475
682,candidate_4,candidate_1,0,candidate_2,4,0.1475
683,candidate_4,candidate_1,candidate_3,candidate_2,4,0.1475
684,candidate_4,candidate_1,0,candidate_2,4,0.1475
685,candidate_4,candidate_1,candidate_3,candidate_2,4,0.1475
686,0,candidate_1,candidate_3,candidate_2,4,0.1475
687,candidate_4,candidate_1,candidate_3,0,4,0.1475
688,0,candidate_1,candidate_3,0,4,0.1475
689,candidate_4,candidate_1,candidate_3,candidate_2,4,0.1475
690,candidate_4,candidate_1,candidate_3,0,4,0.1475
691,candidate_4,candidate_1,candidate_3,candidate_2,4,0.1475
692,candidate_4,0,candidate_3,candidate_2,4,0.1475
693,0,candidate_1,0,candidate_2,4,0.1475
694,0,candidate_1,candidate_3,candidate_2,4,0.1475
695,candidate_4,candidate_1,0,candidate_2,4,0.1475
696,candidate_4,candidate_1,candidate_3,candidate_2,4,0.1475
697,0,candidate_1,candidate_3,0,4,0.1475
698,candidate_4,candidate_1,candidate_3,candidate_2,4,0.1475
699,candidate_4,candidate_1,candidate_3,candidate_2,4,0.1475
700,candidate_4,candidate_1,candidate_3,candidate_2,4,0.1475
701,candidate_4,candidate_1,candidate_3,candidate_2,4,0.1475
702,candidate_4,0,candidate_3,candidate_2,4,0.1475
703,candidate_4,candidate_1,candidate_3,0,4,0.1475
704,candidate_4,candidate_1,candidate_3,candidate_2,4,0.1475
705,candidate_4,candidate_1,0,candidate_2,4,0.1475
706,candidate_4,candidate_1,candidate_3,candidate_2,4,0.1475
707,candidate_4,0,candidate_3,candidate_2,4,0.1475
708,candidate_4,candidate_1,candidate_3,candidate_2,4,0.1475
709,candidate_4,candidate_1,candidate_3,candidate_2,4,0.1475
710,0,0,candidate_3,0,4,0.1475
711,0,candidate_1,0,candidate_2,4,0.1475
712,candidate_4,0,0,candidate_2,4,0.1475
713,candidate_4,candidate_1,candidate_3,candidate_2,4,0.1475
714,candidate_4,candidate_1,candidate_3,candidate_2,4,0.1475
715,candidate_4,candidate_1,candidate_3,candidate_2,4,0.1475
716,candidate_4,candidate_1,candidate_3,candidate_2,4,0.1475
717,candidate_4,candidate_1,candidate_3,candidate_2,4,0.1475
718,0,candidate_1,candidate_3,candidate_2,4,0.1475
719,0,candidate_1,0,candidate_2,4,0.1475
720,candidate_4,candidate_1,candidate_3,candidate_2,4,0.1475
721,0,candidate_1,candidate_3,candidate_2,4,0.1475
722,candidate_4,candidate_1,candidate_3,candidate_2,4,0.1475
723,candidate_4,candidate_1,candidate_3,candidate_2,4,0.1475
724,0,candidate_1,0,0,4,0.1475
725,candidate_4,candidate_1,candidate_3,candidate_2,4,0.1475
726,candidate_4,candidate_1,candidate_3,candidate_2,4,0.1475
727,candidate_4,candidate_1,candidate_3,candidate_2,4,0.1475
728,candidate_4,candidate_1,candidate_3,candidate_2,4,0.1475
729,candidate_4,candidate_1,candidate_3,candidate_2,4,0.1475
730,candidate_4,0,candidate_3,candidate_2,4,0.1475
731,candidate_4,candidate_1,candidate_3,candidate_2,4,0.1475
732,0,0,candidate_3,candidate_2,4,0.1475
733,candidate_4,candidate_1,candidate_3,candidate_2,4,0.1475
734,candidate_4,candidate_1,candidate_3,candidate_2,4,0.1475
735,candidate_4,candidate_1,candidate_3,candidate_2,4,0.1475
736,candidate_4,candidate_1,candidate_3,candidate_2,4,0.1475
737,candidate_4,candidate_1,candidate_3,candidate_2,4,0.1475
738,candidate_4,candidate_1,candidate_3,candidate_2,4,0.1475
739,candidate_4,candidate_1,0,candidate_2,4,0.1475
740,candidate_4,candidate_1,candidate_3,candidate_2,4,0.1475
741,candidate_4,candidate_1,candidate_3,candidate_2,4,0.1475
742,candidate_4,candidate_1,candidate_3,candidate_2,4,0.1475
743,0,candidate_1,candidate_3,candidate_2,4,0.1475
744,0,candidate_1,candidate_3,candidate_2,4,0.1475
745,candidate_4,candidate_1,candidate_3,candidate_2,4,0.1475
746,candidate_4,candidate_1,candidate_3,candidate_2,4,0.1475
747,candidate_4,candidate_1,candidate_3,candidate_2,4,0.1475
748,candidate_4,candidate_1,candidate_3,candidate_2,4,0.1475
749,candidate_4,candidate_1,candidate_3,candidate_2,4,0.1475
750,candidate_4,candidate_1,candidate_3,0,4,0.1475
751,candidate_4,candidate_1,0,candidate_2,4,0.1475
752,candidate_4,candidate_1,0,candidate_2,4,0.1475
753,0,candidate_1,candidate_3,candidate_2,4,0.1475
754,candidate_4,0,candidate_3,0,4,0.1475
755,candidate_4,candidate_1,candidate_3,candidate_2,4,0.1475
756,candidate_4,candidate_1,candidate_3,candidate_2,4,0.1475
757,0,candidate_1,candidate_3,candidate_2,4,0.1475
758,candidate_4,candidate_1,candidate_3,candidate_2,4,0.1475
759,candidate_4,candidate_1,candidate_3,0,4,0.1475
760,candidate_4,candidate_1,candidate_3,candidate_2,4,0.1475
761,0,0,candidate_3,candidate_2,4,0.1475
762,0,candidate_1,candidate_3,candidate_2,4,0.1475
763,candidate_4,candidate_1,candidate_3,candidate_2,4,0.1475
764,candidate_4,candidate_1,candidate_3,candidate_2,4,0.1475
765,candidate_4,candidate_1,candidate_3,0,4,0.1475
766,candidate_4,0,candidate_3,candidate_2,4,0.1475
767,candidate_4,candidate_1,candidate_3,candidate_2,4,0.1475
768,candidate_4,candidate_1,candidate_3,candidate_2,4,0.1475
769,0,candidate_1,candidate_3,candidate_2,4,0.1475
770,candidate_4,candidate_1,candidate_3,0,4,0.1475
771,0,candidate_1,candidate_3,candidate_2,4,0.1475
772,candidate_4,0,candidate_3,candidate_2,4,0.1475
773,candidate_4,candidate_1,candidate_3,candidate_2,4,0.1475
774,candidate_4,candidate_1,candidate_3,candidate_2,4,0.1475
775,candidate_4,0,candidate_3,candidate_2,4,0.1475
776,candidate_4,candidate_1,0,candidate_2,4,0.1475
777,candidate_4,candidate_1,candidate_3,0,4,0.1475
778,candidate_4,candidate_1,candidate_3,candidate_2,4,0.1475
779,candidate_4,candidate_1,candidate_3,candidate_2,4,0.1475
780,0,candidate_1,candidate_3,candidate_2,4,0.1475
781,candidate_4,candidate_1,candidate_3,candidate_2,4,0.1475
782,candidate_4,candidate_1,candidate_3,candidate_2,4,0.1475
783,candidate_4,candidate_1,candidate_3,candidate_2,4,0.1475
784,candidate_4,0,candidate_3,candidate_2,4,0.1475
785,candidate_4,candidate_1,candidate_3,candidate_2,4,0.1475
786,candidate_4,0,0,candidate_2,4,0.1475
787,candidate_4,candidate_1,candidate_3,candidate_2,4,0.1475
788,0,candidate_1,candidate_3,candidate_2,4,0.1475
789,candidate_4,0,candidate_3,candidate_2,4,0.1475
790,candidate_4,candidate_1,candidate_3,candidate_2,4,0.1475
791,candidate_4,candidate_1,candidate_3,candidate_2,4,0.1475
792,candidate_4,candidate_1,candidate_3,candidate_2,4,0.1475
793,candidate_4,candidate_1,candidate_3,candidate_2,4,0.1475
794,0,candidate_1,candidate_3,candidate_2,4,0.1475
795,candidate_4,candidate_1,candidate_3,candidate_2,4,0.1475
796,candidate_4,candidate_1,candidate_3,candidate_2,4,0.1475
797,candidate_4,candidate_1,candidate_3,candidate_2,4,0.1475
798,candidate_4,0,candidate_3,candidate_2,4,0.1475
799,candidate_4,candidate_1,candidate_3,candidate_2,4,0.1475
800,candidate_4,0,candidate_3,candidate_2,4,0.1475
801,candidate_4,0,candidate_3,candidate_2,4,0.1475
802,0,candidate_1,0,candidate_2,4,0.1475
803,candidate_4,candidate_1,candidate_3,candidate_2,4,0.1475
804,0,candidate_1,candidate_3,candidate_2,4,0.1475
805,candidate_4,candidate_1,0,candidate_2,4,0.1475
806,candidate_4,candidate_1,candidate_3,candidate_2,4,0.1475
807,0,candidate_1,0,0,4,0.1475
808,0,candidate_1,candidate_3,candidate_2,4,0.1475
809,candidate_4,candidate_1,candidate_3,0,4,0.1475
810,candidate_4,candidate_1,candidate_3,candidate_2,4,0.1475
811,0,candidate_1,candidate_3,candidate_2,4,0.1475
812,0,candidate_1,candidate_3,candidate_2,4,0.1475
813,candidate_4,candidate_1,candidate_3,0,4,0.1475
814,candidate_4,candidate_1,candidate_3,candidate_2,4,0.1475
815,candidate_4,candidate_1,candidate_3,0,4,0.1475
816,candidate_4,candidate_1,candidate_3,0,4,0.1475
817,candidate_4,candidate_1,candidate_3,candidate_2,4,0.1475
818,candidate_4,candidate_1,candidate_3,candidate_2,4,0.1475
819,candidate_4,candidate_1,candidate_3,candidate_2,4,0.1475
820,candidate_4,candidate_1,candidate_3,candidate_2,4,0.1475
821,candidate_4,candidate_1,candidate_3,candidate_2,4,0.1475
822,0,candidate_1,candidate_3,candidate_2,4,0.1475
823,candidate_4,0,candidate_3,candidate_2,4,0.1475
824,candidate_4,candidate_1,candidate_3,candidate_2,4,0.1475
825,candidate_4,candidate_1,candidate_3,0,4,0.1475
826,candidate_4,candidate_1,candidate_3,candidate_2,4,0.1475
827,candidate_4,candidate_1,candidate_3,0,4,0.1475
828,candidate_4,candidate_1,0,candidate_2,4,0.1475
829,candidate_4,candidate_1,0,0,4,0.1475
830,candidate_4,candidate_1,candidate_3,candidate_2,4,0.1475
831,candidate_4,candidate_1,candidate_3,candidate_2,4,0.1475
832,candidate_4,candidate_1,candidate_3,candidate_2,4,0.1475
833,candidate_4,candidate_1,candidate_3,candidate_2,4,0.1475
834,candidate_4,candidate_1,candidate_3,candidate_2,4,0.1475
835,candidate_4,candidate_1,0,candidate_2,4,0.1475
836,candidate_4,candidate_1,candidate_3,candidate_2,4,0.1475
837,0,candidate_1,candidate_3,0,4,0.1475
838,candidate_4,candidate_1,candidate_3,candidate_2,4,0.1475
839,candidate_4,candidate_1,candidate_3,0,4,0.1475
840,candidate_4,candidate_1,candidate_3,candidate_2,4,0.1475
841,candidate_4,candidate_1,candidate_3,candidate_2,4,0.1475
842,candidate_4,candidate_1,0,candidate_2,4,0.1475
843,candidate_4,candidate_1,candidate_3,candidate_2,4,0.1475
844,candidate_4,candidate_1,candidate_3,candidate_2,4,0.1475
845,candidate_4,candidate_1,candidate_3,candidate_2,4,0.1475
846,candidate_4,candidate_1,candidate_3,candidate_2,4,0.1475
847,candidate_4,candidate_1,candidate_3,candidate_2,4,0.1475
848,candidate_4,candidate_1,0,candidate_2,4,0.1475
849,candidate_4,candidate_1,0,candidate_2,4,0.1475
850,candidate_4,candidate_1,candidate_3,candidate_2,4,0.1475
851,candidate_4,candidate_1,candidate_3,candidate_2,4,0.1475
852,candidate_4,candidate_1,candidate_3,candidate_2,4,0.1475
853,candidate_4,candidate_1,candidate_3,candidate_2,4,0.1475
854,0,candidate_1,candidate_3,0,4,0.1475
855,candidate_4,candidate_1,candidate_3,candidate_2,4,0.1475
856,candidate_4,candidate_1,candidate_3,candidate_2,4,0.1475
857,candidate_4,candidate_1,candidate_3,candidate_2,4,0.1475
858,candidate_4,candidate_1,candidate_3,0,4,0.1475
859,candidate_4,candidate_1,candidate_3,candidate_2,4,0.1475
860,candidate_4,candidate_1,0,0,4,0.1475
861,candidate_4,candidate_1,candidate_3,0,4,0.1475
862,candidate_4,candidate_1,candidate_3,candidate_2,4,0.1475
863,0,candidate_1,candidate_3,candidate_2,4,0.1475
864,candidate_4,candidate_1,0,candidate_2,4,0.1475
865,candidate_4,candidate_1,0,candidate_2,4,0.1475
866,0,candidate_1,candidate_3,candidate_2,4,0.1475
867,candidate_4,candidate_1,candidate_3,0,4,0.1475
868,candidate_4,candidate_1,candidate_3,candidate_2,4,0.1475
869,candidate_4,candidate_1,candidate_3,candidate_2,4,0.1475
870,candidate_4,candidate_1,candidate_3,candidate_2,4,0.1475
871,candidate_4,candidate_1,candidate_3,candidate_2,4,0.1475
872,candidate_4,candidate_1,candidate_3,candidate_2,4,0.1475
873,candidate_4,candidate_1,candidate_3,candidate_2,4,0.1475
874,candidate_4,candidate_1,candidate_3,candidate_2,4,0.1475
875,candidate_4,candidate_1,candidate_3,0,4,0.1475
876,candidate_4,candidate_1,candidate_3,candidate_2,4,0.1475
877,candidate_4,candidate_1,candidate_3,candidate_2,4,0.1475
878,candidate_4,candidate_1,candidate_3,candidate_2,4,0.1475
879,candidate_4,candidate_1,candidate_3,candidate_2,4,0.1475
880,candidate_4,candidate_1,candidate_3,candidate_2,4,0.1475
881,0,candidate_1,candidate_3,candidate_2,4,0.1475
882,0,candidate_1,candidate_3,candidate_2,4,0.1475
883,0,candidate_1,candidate_3,candidate_2,4,0.1475
884,candidate_4,candidate_1,candidate_3,candidate_2,4,0.1475
885,candidate_4,candidate_1,candidate_3,0,4,0.1475
886,candidate_4,candidate_1,0,candidate_2,4,0.1475
887,candidate_4,candidate_1,candidate_3,0,4,0.1475
888,candidate_4,candidate_1,0,candidate_2,4,0.1475
889,candidate_4,candidate_1,candidate_3,candidate_2,4,0.1475
890,candidate_4,candidate_1,candidate_3,candidate_2,4,0.1475
891,0,candidate_1,candidate_3,candidate_2,4,0.1475
892,candidate_4,candidate_1,candidate_3,candidate_2,4,0.1475
893,candidate_4,candidate_1,candidate_3,candidate_2,4,0.1475
894,candidate_4,0,candidate_3,0,4,0.1475
895,candidate_4,candidate_1,candidate_3,candidate_2,4,0.1475
896,candidate_4,candidate_1,0,candidate_2,4,0.1475
897,candidate_4,candidate_1,candidate_3,candidate_2,4,0.1475
898,candidate_4,candidate_1,candidate_3,candidate_2,4,0.1475
899,candidate_4,candidate_1,candidate_3,0,4,0.1475
900,candidate_4,candidate_1,candidate_3,candidate_2,4,0.1475
901,candidate_4,candidate_1,candidate_3,candidate_2,4,0.1475
902,candidate_4,candidate_1,candidate_3,candidate_2,4,0.1475
903,candidate_4,candidate_1,0,candidate_2,4,0.1475
904,candidate_4,candidate_1,candidate_3,candidate_2,4,0.1475
905,candidate_4,candidate_1,candidate_3,candidate_2,4,0.1475
906,candidate_4,candidate_1,candidate_3,candidate_2,4,0.1475
907,candidate_4,candidate_1,candidate_3,candidate_2,4,0.1475
908,candidate_4,candidate_1,candidate_3,candidate_2,4,0.1475
909,candidate_4,candidate_1,candidate_3,candidate_2,4,0.1475
910,candidate_4,candidate_1,candidate_3,0,4,0.1475
911,candidate_4,candidate_1,candidate_3,0,4,0.1475
912,0,candidate_1,candidate_3,candidate_2,4,0.1475
913,candidate_4,candidate_1,candidate_3,candidate_2,4,0.1475
914,candidate_4,0,0,candidate_2,4,0.1475
915,candidate_4,candidate_1,candidate_3,candidate_2,4,0.1475
916,candidate_4,candidate_1,candidate_3,0,4,0.1475
917,candidate_4,candidate_1,candidate_3,candidate_2,4,0.1475
918,candidate_4,candidate_1,candidate_3,0,4,0.1475
919,candidate_4,candidate_1,candidate_3,candidate_2,4,0.1475
920,candidate_4,0,candidate_3,0,4,0.1475
921,candidate_4,candidate_1,0,candidate_2,4,0.1475
922,candidate_4,candidate_1,candidate_3,candidate_2,4,0.1475
923,candidate_4,candidate_1,candidate_3,0,4,0.1475
924,candidate_4,candidate_1,candidate_3,candidate_2,4,0.1475
925,candidate_4,candidate_1,candidate_3,0,4,0.1475
926,candidate_4,candidate_1,candidate_3,candidate_2,4,0.1475
927,candidate_4,candidate_1,0,candidate_2,4,0.1475
928,candidate_4,candidate_1,candidate_3,candidate_2,4,0.1475
929,candidate_4,candidate_1,candidate_3,candidate_2,4,0.1475
930,0,candidate_1,candidate_3,0,4,0.1475
931,candidate_4,candidate_1,candidate_3,0,4,0.1475
932,candidate_4,candidate_1,0,candidate_2,4,0.1475
933,candidate_4,candidate_1,0,candidate_2,4,0.1475
934,candidate_4,candidate_1,candidate_3,0,4,0.1475
935,candidate_4,candidate_1,0,candidate_2,4,0.1475
936,candidate_4,candidate_1,0,candidate_2,4,0.1475
937,candidate_4,candidate_1,candidate_3,candidate_2,4,0.1475
938,candidate_4,candidate_1,candidate_3,candidate_2,4,0.1475
939,0,candidate_1,candidate_3,candidate_2,4,0.1475
940,candidate_4,candidate_1,candidate_3,candidate_2,4,0.1475
941,0,candidate_1,candidate_3,candidate_2,4,0.1475
942,candidate_4,candidate_1,candidate_3,0,4,0.1475
943,candidate_4,candidate_1,0,candidate_2,4,0.1475
944,0,candidate_1,candidate_3,candidate_2,4,0.1475
945,candidate_4,candidate_1,candidate_3,candidate_2,4,0.1475
946,0,candidate_1,candidate_3,candidate_2,4,0.1475
947,candidate_4,candidate_1,candidate_3,candidate_2,4,0.1475
948,candidate_4,candidate_1,candidate_3,candidate_2,4,0.1475
949,candidate_4,candidate_1,0,candidate_2,4,0.1475
950,candidate_4,candidate_1,candidate_3,candidate_2,4,0.1475
951,candidate_4,candidate_1,candidate_3,candidate_2,4,0.1475
952,candidate_4,candidate_1,candidate_3,candidate_2,4,0.1475
953,candidate_4,candidate_1,candidate_3,candidate_2,4,0.1475
954,candidate_4,candidate_1,candidate_3,candidate_2,4,0.1475
955,0,candidate_1,candidate_3,candidate_2,4,0.1475
956,candidate_4,candidate_1,candidate_3,candidate_2,4,0.1475
957,candidate_4,candidate_1,candidate_3,candidate_2,4,0.1475
958,candidate_4,candidate_1,candidate_3,candidate_2,4,0.1475
959,candidate_4,candidate_1,candidate_3,candidate_2,4,0.1475
960,candidate_4,candidate_1,candidate_3,candidate_2,4,0.1475
961,candidate_4,0,0,0,4,0.1475
962,candidate_4,candidate_1,candidate_3,0,4,0.1475
963,0,candidate_1,candidate_3,0,4,0.1475
964,candidate_4,candidate_1,candidate_3,candidate_2,4,0.1475
965,candidate_4,0,candidate_3,0,4,0.1475
966,candidate_4,candidate_1,candidate_3,candidate_2,4,0.1475
967,candidate_4,candidate_1,candidate_3,candidate_2,4,0.1475
968,candidate_4,candidate_1,candidate_3,candidate_2,4,0.1475
969,candidate_4,candidate_1,candidate_3,candidate_2,4,0.1475
970,candidate_4,0,candidate_3,candidate_2,4,0.1475
971,0,candidate_1,0,candidate_2,4,0.1475
972,candidate_4,candidate_1,0,0,4,0.1475
973,candidate_4,candidate_1,candidate_3,candidate_2,4,0.1475
974,candidate_4,candidate_1,candidate_3,candidate_2,4,0.1475
975,candidate_4,candidate_1,candidate_3,candidate_2,4,0.1475
976,candidate_4,candidate_1,candidate_3,candidate_2,4,0.1475
977,candidate_4,candidate_1,candidate_3,candidate_2,4,0.1475
978,candidate_4,0,candidate_3,0,4,0.1475
979,candidate_4,candidate_1,candidate_3,0,4,0.1475
980,candidate_4,candidate_1,candidate_3,candidate_2,4,0.1475
981,candidate_4,0,candidate_3,candidate_2,4,0.1475
982,0,candidate_1,candidate_3,candidate_2,4,0.1475
983,candidate_4,0,candidate_3,candidate_2,4,0.1475
984,0,candidate_1,candidate_3,0,4,0.1475
985,candidate_4,candidate_1,candidate_3,candidate_2,4,0.1475
986,candidate_4,candidate_1,candidate_3,candidate_2,4,0.1475
987,0,candidate_1,candidate_3,candidate_2,4,0.1475
988,0,candidate_1,candidate_3,candidate_2,4,0.1475
989,candidate_4,candidate_1,candidate_3,candidate_2,4,0.1475
990,candidate_4,candidate_1,candidate_3,0,4,0.1475
991,candidate_4,candidate_1,candidate_3,candidate_2,4,0.1475
992,candidate_4,candidate_1,0,candidate_2,4,0.1475
993,0,candidate_1,candidate_3,candidate_2,4,0.1475
994,candidate_4,candidate_1,candidate_3,candidate_2,4,0.1475
995,candidate_4,0,candidate_3,candidate_2,4,0.1475
996,0,candidate_1,candidate_3,candidate_2,4,0.1475
997,candidate_4,candidate_1,candidate_3,candidate_2,4,0.1475
998,candidate_4,candidate_1,candidate_3,candidate_2,4,0.1475
999,0,candidate_1,candidate_3,candidate_2,4,0.1475
1000,candidate_4,candidate_1,candidate_3,candidate_2,4,0.1475
1001,0,0,0,candidate_2,4,0.1475
1002,candidate_4,candidate_1,candidate_3,candidate_2,4,0.1475
1003,candidate_4,candidate_1,candidate_3,candidate_2,4,0.1475
1004,candidate_4,candidate_1,0,candidate_2,4,0.1475
1005,candidate_4,candidate_1,candidate_3,candidate_2,4,0.1475
1006,candidate_4,candidate_1,candidate_3,candidate_2,4,0.1475
1007,candidate_4,candidate_1,candidate_3,candidate_2,4,0.1475
1008,candidate_4,candidate_1,candidate_3,candidate_2,4,0.1475
1009,candidate_4,candidate_1,candidate_3,candidate_2,4,0.1475
1010,candidate_4,candidate_1,candidate_3,candidate_2,4,0.1475
1011,candidate_4,candidate_1,candidate_3,candidate_2,4,0.1475
1012,candidate_4,candidate_1,candidate_3,candidate_2,4,0.1475
1013,candidate_4,candidate_1,candidate_3,candidate_2,4,0.1475
1014,candidate_4,candidate_1,0,candidate_2,4,0.1475
1015,candidate_4,candidate_1,0,candidate_2,4,0.1475
1016,candidate_4,candidate_1,candidate_3,candidate_2,4,0.1475
1017,candidate_4,0,candidate_3,candidate_2,4,0.1475
1018,candidate_4,candidate_1,candidate_3,candidate_2,4,0.1475
1019,candidate_4,0,candidate_3,candidate_2,4,0.1475
1020,candidate_4,candidate_1,candidate_3,candidate_2,4,0.1475
1021,candidate_4,candidate_1,candidate_3,candidate_2,4,0.1475
1022,candidate_4,candidate_1,candidate_3,candidate_2,4,0.1475
1023,candidate_4,candidate_1,candidate_3,candidate_2,4,0.1475
1024,candidate_4,candidate_1,candidate_3,candidate_2,4,0.1475
1025,candidate_4,candidate_1,candidate_3,candidate_2,4,0.1475
1026,candidate_4,candidate_1,candidate_3,candidate_2,4,0.1475
1027,candidate_4,candidate_1,candidate_3,candidate_2,4,0.1475
1028,candidate_4,0,candidate_3,candidate_2,4,0.1475
1029,candidate_4,candidate_1,candidate_3,candidate_2,4,0.1475
1030,candidate_4,candidate_1,0,candidate_2,4,0.1475
1031,candidate_4,candidate_1,0,candidate_2,4,0.1475
1032,0,candidate_1,candidate_3,candidate_2,4,0.1475
1033,candidate_4,candidate_1,candidate_3,candidate_2,4,0.1475
1034,candidate_4,candidate_1,candidate_3,candidate_2,4,0.1475
1035,candidate_4,candidate_1,candidate_3,candidate_2,4,0.1475
1036,candidate_4,candidate_1,candidate_3,candidate_2,4,0.1475
1037,candidate_4,candidate_1,candidate_3,candidate_2,4,0.1475
1038,candidate_4,0,0,candidate_2,4,0.1475
1039,0,candidate_1,0,candidate_2,4,0.1475
1040,candidate_4,candidate_1,candidate_3,candidate_2,4,0.1475
1041,candidate_4,0,candidate_3,candidate_2,4,0.1475
1042,0,candidate_1,candidate_3,candidate_2,4,0.1475
1043,candidate_4,candidate_1,0,candidate_2,4,0.1475
1044,candidate_4,candidate_1,candidate_3,0,4,0.1475
1045,candidate_4,candidate_1,candidate_3,candidate_2,4,0.1475
1046,candidate_4,candidate_1,candidate_3,candidate_2,4,0.1475
1047,candidate_4,candidate_1,candidate_3,0,4,0.1475
1048,candidate_4,0,candidate_3,candidate_2,4,0.1475
1049,candidate_4,candidate_1,candidate_3,candidate_2,4,0.1475
1050,candidate_4,candidate_1,candidate_3,candidate_2,4,0.1475
1051,candidate_4,0,candidate_3,candidate_2,4,0.1475
1052,candidate_4,candidate_1,candidate_3,candidate_2,4,0.1475
1053,candidate_4,candidate_1,candidate_3,candidate_2,4,0.1475
1054,candidate_4,0,candidate_3,candidate_2,4,0.1475
1055,candidate_4,candidate_1,candidate_3,0,4,0.1475
1056,candidate_4,0,candidate_3,candidate_2,4,0.1475
1057,candidate_4,0,candidate_3,candidate_2,4,0.1475
1058,candidate_4,candidate_1,candidate_3,candidate_2,4,0.1475
1059,candidate_4,candidate_1,0,candidate_2,4,0.1475
1060,candidate_4,candidate_1,candidate_3,candidate_2,4,0.1475
1061,candidate_4,candidate_1,candidate_3,candidate_2,4,0.1475
1062,candidate_4,candidate_1,candidate_3,candidate_2,4,0.1475
1063,candidate_4,candidate_1,0,candidate_2,4,0.1475
1064,candidate_4,candidate_1,candidate_3,candidate_2,4,0.1475
1065,candidate_4,0,candidate_3,0,4,0.1475
1066,candidate_4,candidate_1,candidate_3,0,4,0.1475
1067,candidate_4,0,candidate_3,candidate_2,4,0.1475
1068,candidate_4,candidate_1,candidate_3,candidate_2,4,0.1475
1069,0,candidate_1,candidate_3,candidate_2,4,0.1475
1070,candidate_4,candidate_1,candidate_3,0,4,0.1475
1071,candidate_4,candidate_1,candidate_3,candidate_2,4,0.1475
1072,candidate_4,candidate_1,candidate_3,candidate_2,4,0.1475
1073,candidate_4,candidate_1,candidate_3,0,4,0.1475
1074,candidate_4,candidate_1,candidate_3,candidate_2,4,0.1475
1075,candidate_4,candidate_1,candidate_3,candidate_2,4,0.1475
1076,candidate_4,candidate_1,candidate_3,candidate_2,4,0.1475
1077,0,candidate_1,candidate_3,0,4,0.1475
1078,candidate_4,0,0,candidate_2,4,0.1475
1079,candidate_4,candidate_1,candidate_3,candidate_2,4,0.1475
1080,candidate_4,candidate_1,candidate_3,candidate_2,4,0.1475
1081,0,candidate_1,candidate_3,candidate_2,4,0.1475
1082,candidate_4,candidate_1,candidate_3,candidate_2,4,0.1475
1083,candidate_4,candidate_1,0,candidate_2,4,0.1475
1084,candidate_4,candidate_1,candidate_3,candidate_2,4,0.1475
1085,candidate_4,candidate_1,candidate_3,candidate_2,4,0.1475
1086,candidate_4,candidate_1,candidate_3,candidate_2,4,0.1475
1087,candidate_4,candidate_1,candidate_3,candidate_2,4,0.1475
1088,candidate_4,0,candidate_3,candidate_2,4,0.1475
1089,candidate_4,candidate_1,candidate_3,candidate_2,4,0.1475
1090,candidate_4,candidate_1,candidate_3,candidate_2,4,0.1475
1091,candidate_4,candidate_1,0,candidate_2,4,0.1475
1092,candidate_4,0,candidate_3,0,4,0.1475
1093,candidate_4,0,candidate_3,0,4,0.1475
1094,candidate_4,0,candidate_3,candidate_2,4,0.1475
1095,candidate_4,candidate_1,candidate_3,0,4,0.1475
1096,candidate_4,candidate_1,candidate_3,candidate_2,4,0.1475
1097,candidate_4,candidate_1,candidate_3,candidate_2,4,0.1475
1098,candidate_4,0,candidate_3,candidate_2,4,0.1475
1099,candidate_4,candidate_1,candidate_3,candidate_2,4,0.1475
1100,candidate_4,candidate_1,candidate_3,candidate_2,4,0.1475
1101,candidate_4,candidate_1,candidate_3,candidate_2,4,0.1475
1102,candidate_4,candidate_1,candidate_3,0,4,0.1475
1103,candidate_4,candidate_1,candidate_3,candidate_2,4,0.1475
1104,candidate_4,candidate_1,candidate_3,candidate_2,4,0.1475
1105,candidate_4,candidate_1,candidate_3,candidate_2,4,0.1475
1106,candidate_4,candidate_1,0,candidate_2,4,0.1475
1107,candidate_4,0,candidate_3,candidate_2,4,0.1475
1108,0,candidate_1,candidate_3,candidate_2,4,0.1475
1109,candidate_4,candidate_1,candidate_3,candidate_2,4,0.1475
1110,candidate_4,candidate_1,candidate_3,candidate_2,4,0.1475
1111,0,candidate_1,candidate_3,candidate_2,4,0.1475
1112,candidate_4,candidate_1,candidate_3,0,4,0.1475
1113,candidate_4,candidate_1,candidate_3,candidate_2,4,0.1475
1114,candidate_4,0,0,candidate_2,4,0.1475
1115,candidate_4,0,0,candidate_2,4,0.1475
1116,candidate_4,candidate_1,candidate_3,candidate_2,4,0.1475
1117,candidate_4,candidate_1,candidate_3,candidate_2,4,0.1475
1118,candidate_4,candidate_1,candidate_3,candidate_2,4,0.1475
1119,0,candidate_1,candidate_3,candidate_2,4,0.1475
1120,0,0,candidate_3,candidate_2,4,0.1475
1121,candidate_4,candidate_1,candidate_3,candidate_2,4,0.1475
1122,candidate_4,candidate_1,candidate_3,candidate_2,4,0.1475
1123,candidate_4,0,candidate_3,candidate_2,4,0.1475
1124,candidate_4,candidate_1,candidate_3,candidate_2,4,0.1475
1125,candidate_4,candidate_1,candidate_3,candidate_2,4,0.1475
1126,candidate_4,candidate_1,candidate_3,candidate_2,4,0.1475
1127,candidate_4,candidate_1,candidate_3,candidate_2,4,0.1475
1128,candidate_4,candidate_1,candidate_3,candidate_2,4,0.1475
1129,candidate_4,candidate_1,candidate_3,candidate_2,4,0.1475
1130,candidate_4,candidate_1,candidate_3,candidate_2,4,0.1475
1131,candidate_4,candidate_1,candidate_3,candidate_2,4,0.1475
1132,candidate_4,candidate_1,candidate_3,candidate_2,4,0.1475
1133,0,candidate_1,candidate_3,candidate_2,4,0.1475
1134,candidate_4,candidate_1,0,candidate_2,4,0.1475
1135,candidate_4,candidate_1,candidate_3,candidate_2,4,0.1475
1136,candidate_4,candidate_1,candidate_3,candidate_2,4,0.1475
1137,0,candidate_1,candidate_3,candidate_2,4,0.1475
1138,candidate_4,candidate_1,candidate_3,candidate_2,4,0.1475
1139,candidate_4,candidate_1,candidate_3,candidate_2,4,0.1475
1140,candidate_4,0,candidate_3,candidate_2,4,0.1475
1141,0,candidate_1,candidate_3,candidate_2,4,0.1475
1142,0,candidate_1,0,candidate_2,4,0.1475
1143,candidate_4,candidate_1,candidate_3,candidate_2,4,0.1475
1144,candidate_4,candidate_1,candidate_3,candidate_2,4,0.1475
1145,candidate_4,candidate_1,candidate_3,candidate_2,4,0.1475
1146,candidate_4,candidate_1,candidate_3,0,4,0.1475
1147,candidate_4,candidate_1,candidate_3,candidate_2,4,0.1475
1148,candidate_4,candidate_1,0,candidate_2,4,0.1475
1149,0,0,candidate_3,candidate_2,4,0.1475
1150,candidate_4,0,0,0,4,0.1475
1151,candidate_4,candidate_1,candidate_3,candidate_2,4,0.1475
1152,candidate_4,candidate_1,candidate_3,candidate_2,4,0.1475
1153,candidate_4,candidate_1,candidate_3,candidate_2,4,0.1475
1154,candidate_4,candidate_1,candidate_3,candidate_2,4,0.1475
1155,candidate_4,candidate_1,candidate_3,0,4,0.1475
1156,candidate_4,0,candidate_3,candidate_2,4,0.1475
1157,candidate_4,candidate_1,candidate_3,candidate_2,4,0.1475
1158,candidate_4,candidate_1,candidate_3,0,4,0.1475
1159,candidate_4,candidate_1,candidate_3,candidate_2,4,0.1475
1160,candidate_4,candidate_1,candidate_3,candidate_2,4,0.1475
1161,candidate_4,candidate_1,candidate_3,candidate_2,4,0.1475
1162,candidate_4,0,0,candidate_2,4,0.1475
1163,candidate_4,candidate_1,candidate_3,candidate_2,4,0.1475
1164,candidate_4,candidate_1,candidate_3,candidate_2,4,0.1475
1165,candidate_4,candidate_1,candidate_3,candidate_2,4,0.1475
1166,candidate_4,candidate_1,candidate_3,candidate_2,4,0.1475
1167,candidate_4,candidate_1,0,candidate_2,4,0.1475
1168,candidate_4,candidate_1,candidate_3,candidate_2,4,0.1475
1169,candidate_4,candidate_1,candidate_3,candidate_2,4,0.1475
1170,candidate_4,candidate_1,0,candidate_2,4,0.1475
1171,candidate_4,candidate_1,candidate_3,candidate_2,4,0.1475
1172,candidate_4,0,candidate_3,candidate_2,4,0.1475
1173,candidate_4,candidate_1,candidate_3,candidate_2,4,0.1475
1174,candidate_4,candidate_1,candidate_3,candidate_2,4,0.1475
1175,candidate_4,candidate_1,candidate_3,candidate_2,4,0.1475
1176,candidate_4,candidate_1,candidate_3,candidate_2,4,0.1475
1177,candidate_4,candidate_1,candidate_3,candidate_2,4,0.1475
1178,candidate_4,candidate_1,candidate_3,candidate_2,4,0.1475
1179,candidate_4,candidate_1,candidate_3,candidate_2,4,0.1475
1180,candidate_4,0,candidate_3,candidate_2,4,0.1475
1181,candidate_4,candidate_1,0,candidate_2,4,0.1475
1182,candidate_4,candidate_1,candidate_3,candidate_2,4,0.1475
1183,candidate_4,candidate_1,candidate_3,candidate_2,4,0.1475
1184,candidate_4,candidate_1,candidate_3,candidate_2,4,0.1475
1185,candidate_4,candidate_1,candidate_3,candidate_2,4,0.1475
1186,0,0,candidate_3,candidate_2,4,0.1475
1187,candidate_4,candidate_1,candidate_3,candidate_2,4,0.1475
1188,candidate_4,candidate_1,candidate_3,candidate_2,4,0.1475
1189,candidate_4,candidate_1,candidate_3,candidate_2,4,0.1475
1190,candidate_4,candidate_1,candidate_3,candidate_2,4,0.1475
1191,candidate_4,candidate_1,candidate_3,0,4,0.1475
1192,candidate_4,candidate_1,candidate_3,candidate_2,4,0.1475
1193,candidate_4,candidate_1,0,candidate_2,4,0.1475
1194,candidate_4,candidate_1,candidate_3,candidate_2,4,0.1475
1195,candidate_4,candidate_1,candidate_3,0,4,0.1475
1196,candidate_4,candidate_1,candidate_3,candidate_2,4,0.1475
1197,candidate_4,candidate_1,candidate_3,0,4,0.1475
1198,candidate_4,candidate_1,candidate_3,candidate_2,4,0.1475
1199,0,candidate_1,candidate_3,0,4,0.1475
1200,candidate_4,candidate_1,candidate_3,candidate_2,4,0.1475
1201,candidate_4,candidate_1,candidate_3,candidate_2,4,0.1475
1202,0,candidate_1,candidate_3,candidate_2,4,0.1475
1203,candidate_4,candidate_1,candidate_3,candidate_2,4,0.1475
1204,candidate_4,candidate_1,candidate_3,candidate_2,4,0.1475
1205,candidate_4,candidate_1,candidate_3,candidate_2,4,0.1475
1206,candidate_4,candidate_1,candidate_3,candidate_2,4,0.1475
1207,0,candidate_1,candidate_3,candidate_2,4,0.1475
1208,candidate_4,candidate_1,candidate_3,candidate_2,4,0.1475
1209,candidate_4,candidate_1,candidate_3,candidate_2,4,0.1475
1210,candidate_4,candidate_1,candidate_3,candidate_2,4,0.1475
1211,candidate_4,candidate_1,candidate_3,0,4,0.1475
1212,candidate_4,0,candidate_3,0,4,0.1475
1213,candidate_4,candidate_1,candidate_3,candidate_2,4,0.1475
1214,candidate_4,candidate_1,candidate_3,candidate_2,4,0.1475
1215,candidate_4,candidate_1,candidate_3,candidate_2,4,0.1475
1216,candidate_4,candidate_1,0,0,4,0.1475
1217,candidate_4,candidate_1,candidate_3,candidate_2,4,0.1475
1218,candidate_4,0,candidate_3,candidate_2,4,0.1475
1219,candidate_4,candidate_1,candidate_3,candidate_2,4,0.1475
1220,0,candidate_1,candidate_3,candidate_2,4,0.1475
1221,candidate_4,candidate_1,candidate_3,candidate_2,4,0.1475
1222,candidate_4,candidate_1,candidate_3,candidate_2,4,0.1475
1223,candidate_4,candidate_1,0,candidate_2,4,0.1475
1224,candidate_4,candidate_1,candidate_3,candidate_2,4,0.1475
1225,candidate_4,candidate_1,candidate_3,candidate_2,4,0.1475
1226,candidate_4,candidate_1,candidate_3,candidate_2,4,0.1475
1227,candidate_4,candidate_1,candidate_3,candidate_2,4,0.1475
1228,candidate_4,0,candidate_3,candidate_2,4,0.1475
1229,candidate_4,candidate_1,candidate_3,candidate_2,4,0.1475
1230,candidate_4,candidate_1,candidate_3,candidate_2,4,0.1475
1231,candidate_4,candidate_1,candidate_3,candidate_2,4,0.1475
1232,0,candidate_1,candidate_3,candidate_2,4,0.1475
1233,candidate_4,candidate_1,candidate_3,candidate_2,4,0.1475
1234,0,0,candidate_3,candidate_2,4,0.1475
1235,candidate_4,candidate_1,0,0,4,0.1475
1236,candidate_4,candidate_1,0,candidate_2,4,0.1475
1237,candidate_4,candidate_1,0,candidate_2,4,0.1475
1238,candidate_4,candidate_1,candidate_3,candidate_2,4,0.1475
1239,candidate_4,candidate_1,candidate_3,candidate_2,4,0.1475
1240,0,candidate_1,candidate_3,candidate_2,4,0.1475
1241,candidate_4,candidate_1,candidate_3,0,4,0.1475
1242,candidate_4,candidate_1,candidate_3,candidate_2,4,0.1475
1243,candidate_4,candidate_1,0,candidate_2,4,0.1475
1244,candidate_4,0,candidate_3,candidate_2,4,0.1475
1245,0,candidate_1,candidate_3,candidate_2,4,0.1475
1246,candidate_4,candidate_1,candidate_3,candidate_2,4,0.1475
1247,candidate_4,candidate_1,candidate_3,candidate_2,4,0.1475
1248,candidate_4,candidate_1,candidate_3,candidate_2,4,0.1475
1249,candidate_4,candidate_1,candidate_3,candidate_2,4,0.1475
1250,candidate_4,candidate_1,candidate_3,candidate_2,4,0.1475
1251,candidate_4,candidate_1,candidate_3,candidate_2,4,0.1475
1252,candidate_4,candidate_1,candidate_3,candidate_2,4,0.1475
1253,candidate_4,candidate_1,candidate_3,candidate_2,4,0.1475
1254,candidate_4,0,candidate_3,candidate_2,4,0.1475
1255,candidate_4,candidate_1,candidate_3,candidate_2,4,0.1475
1256,candidate_4,0,candidate_3,candidate_2,4,0.1475
1257,candidate_4,0,candidate_3,candidate_2,4,0.1475
1258,candidate_4,candidate_1,candidate_3,0,4,0.1475
1259,candidate_4,candidate_1,candidate_3,candidate_2,4,0.1475
1260,0,0,candidate_3,candidate_2,4,0.1475
1261,candidate_4,candidate_1,candidate_3,0,4,0.1475
1262,candidate_4,candidate_1,candidate_3,0,4,0.1475
1263,candidate_4,candidate_1,candidate_3,0,4,0.1475
1264,candidate_4,candidate_1,candidate_3,candidate_2,4,0.1475
1265,candidate_4,candidate_1,candidate_3,candidate_2,4,0.1475
1266,candidate_4,candidate_1,candidate_3,0,4,0.1475
1267,candidate_4,candidate_1,candidate_3,candidate_2,4,0.1475
1268,candidate_4,candidate_1,candidate_3,candidate_2,4,0.1475
1269,candidate_4,candidate_1,candidate_3,0,4,0.1475
1270,candidate_4,0,candidate_3,candidate_2,4,0.1475
1271,candidate_4,candidate_1,candidate_3,candidate_2,4,0.1475
1272,candidate_4,0,candidate_3,candidate_2,4,0.1475
1273,0,candidate_1,candidate_3,0,4,0.1475
1274,candidate_4,candidate_1,candidate_3,candidate_2,4,0.1475
1275,candidate_4,candidate_1,0,candidate_2,4,0.1475
1276,candidate_4,candidate_1,0,candidate_2,4,0.1475
1277,candidate_4,candidate_1,candidate_3,0,4,0.1475
1278,candidate_4,0,candidate_3,candidate_2,4,0.1475
1279,candidate_4,candidate_1,candidate_3,candidate_2,4,0.1475
1280,candidate_4,candidate_1,candidate_3,candidate_2,4,0.1475
1281,0,0,candidate_3,candidate_2,4,0.1475
1282,0,candidate_1,0,0,4,0.1475
1283,candidate_4,candidate_1,candidate_3,candidate_2,4,0.1475
1284,candidate_4,0,candidate_3,candidate_2,4,0.1475
1285,candidate_4,candidate_1,candidate_3,candidate_2,4,0.1475
1286,candidate_4,candidate_1,candidate_3,candidate_2,4,0.1475
1287,candidate_4,0,candidate_3,candidate_2,4,0.1475
1288,candidate_4,candidate_1,candidate_3,0,4,0.1475
1289,candidate_4,candidate_1,candidate_3,0,4,0.1475
1290,candidate_4,candidate_1,candidate_3,candidate_2,4,0.1475
1291,candidate_4,candidate_1,candidate_3,0,4,0.1475
1292,candidate_4,candidate_1,candidate_3,candidate_2,4,0.1475
1293,candidate_4,candidate_1,candidate_3,candidate_2,4,0.1475
1294,candidate_4,0,candidate_3,0,4,0.1475
1295,candidate_4,0,candidate_3,0,4,0.1475
1296,candidate_4,candidate_1,candidate_3,0,4,0.1475
1297,candidate_4,candidate_1,candidate_3,candidate_2,4,0.1475
1298,candidate_4,candidate_1,candidate_3,0,4,0.1475
1299,candidate_4,candidate_1,candidate_3,candidate_2,4,0.1475
1300,0,0,candidate_3,candidate_2,4,0.1475
1301,candidate_4,candidate_1,candidate_3,candidate_2,4,0.1475
1302,candidate_4,candidate_1,candidate_3,0,4,0.1475
1303,candidate_4,candidate_1,candidate_3,candidate_2,4,0.1475
1304,candidate_4,candidate_1,candidate_3,candidate_2,4,0.1475
1305,candidate_4,candidate_1,candidate_3,0,4,0.1475
1306,0,candidate_1,candidate_3,candidate_2,4,0.1475
1307,candidate_4,candidate_1,candidate_3,candidate_2,4,0.1475
0,candidate_4,candidate_2,candidate_1,0,4,0.1475
1,candidate_4,candidate_2,candidate_1,candidate_3,4,0.1475
2,candidate_4,0,candidate_1,candidate_3,4,0.1475
3,candidate_4,candidate_2,0,candidate_3,4,0.1475
4,candidate_4,candidate_2,candidate_1,candidate_3,4,0.1475
5,0,candidate_2,candidate_1,candidate_3,4,0.1475
6,candidate_4,candidate_2,candidate_1,candidate_3,4,0.1475
7,0,candidate_2,candidate_1,candidate_3,4,0.1475
8,0,candidate_2,candidate_1,candidate_3,4,0.1475
9,0,candidate_2,candidate_1,candidate_3,4,0.1475
10,candidate_4,candidate_2,0,candidate_3,4,0.1475
11,candidate_4,candidate_2,candidate_1,candidate_3,4,0.1475
12,candidate_4,candidate_2,candidate_1,candidate_3,4,0.1475
13,candidate_4,candidate_2,candidate_1,candidate_3,4,0.1475
14,candidate_4,candidate_2,candidate_1,candidate_3,4,0.1475
15,candidate_4,candidate_2,candidate_1,candidate_3,4,0.1475
16,candidate_4,candidate_2,candidate_1,candidate_3,4,0.1475
17,candidate_4,candidate_2,candidate_1,candidate_3,4,0.1475
18,candidate_4,candidate_2,0,candidate_3,4,0.1475
19,candidate_4,candidate_2,0,candidate_3,4,0.1475
20,candidate_4,candidate_2,0,candidate_3,4,0.1475
21,candidate_4,candidate_2,candidate_1,candidate_3,4,0.1475
22,candidate_4,candidate_2,0,candidate_3,4,0.1475
23,candidate_4,candidate_2,candidate_1,candidate_3,4,0.1475
24,candidate_4,candidate_2,candidate_1,candidate_3,4,0.1475
25,candidate_4,candidate_2,candidate_1,candidate_3,4,0.1475
26,candidate_4,candidate_2,candidate_1,candidate_3,4,0.1475
27,0,candidate_2,candidate_1,candidate_3,4,0.1475
28,0,candidate_2,0,candidate_3,4,0.1475
29,candidate_4,candidate_2,candidate_1,0,4,0.1475
30,candidate_4,candidate_2,0,candidate_3,4,0.1475
31,candidate_4,candidate_2,0,candidate_3,4,0.1475
32,candidate_4,candidate_2,candidate_1,candidate_3,4,0.1475
33,candidate_4,0,candidate_1,candidate_3,4,0.1475
34,candidate_4,0,candidate_1,candidate_3,4,0.1475
35,candidate_4,candidate_2,candidate_1,0,4,0.1475
36,0,candidate_2,candidate_1,candidate_3,4,0.1475
37,candidate_4,candidate_2,0,candidate_3,4,0.1475
38,0,candidate_2,0,candidate_3,4,0.1475
39,candidate_4,candidate_2,candidate_1,candidate_3,4,0.1475
40,candidate_4,candidate_2,candidate_1,candidate_3,4,0.1475
41,candidate_4,candidate_2,candidate_1,candidate_3,4,0.1475
42,candidate_4,candidate_2,candidate_1,candidate_3,4,0.1475
43,candidate_4,candidate_2,candidate_1,0,4,0.1475
44,0,candidate_2,candidate_1,candidate_3,4,0.1475
45,candidate_4,candidate_2,candidate_1,0,4,0.1475
46,candidate_4,candidate_2,candidate_1,candidate_3,4,0.1475
47,candidate_4,candidate_2,candidate_1,candidate_3,4,0.1475
48,candidate_4,0,candidate_1,candidate_3,4,0.1475
49,candidate_4,candidate_2,candidate_1,candidate_3,4,0.1475
50,candidate_4,candidate_2,candidate_1,0,4,0.1475
51,candidate_4,candidate_2,candidate_1,candidate_3,4,0.1475
52,candidate_4,candidate_2,candidate_1,0,4,0.1475
53,candidate_4,candidate_2,candidate_1,candidate_3,4,0.1475
54,candidate_4,0,candidate_1,candidate_3,4,0.1475
55,candidate_4,candidate_2,candidate_1,candidate_3,4,0.1475
56,candidate_4,candidate_2,0,candidate_3,4,0.1475
57,candidate_4,candidate_2,0,candidate_3,4,0.1475
58,candidate_4,candidate_2,candidate_1,candidate_3,4,0.1475
59,candidate_4,candidate_2,0,candidate_3,4,0.1475
60,candidate_4,candidate_2,candidate_1,candidate_3,4,0.1475
61,candidate_4,candidate_2,candidate_1,candidate_3,4,0.1475
62,candidate_4,candidate_2,0,candidate_3,4,0.1475
63,candidate_4,candidate_2,candidate_1,candidate_3,4,0.1475
64,candidate_4,candidate_2,candidate_1,candidate_3,4,0.1475
65,candidate_4,0,candidate_1,candidate_3,4,0.1475
66,candidate_4,candidate_2,candidate_1,0,4,0.1475
67,candidate_4,candidate_2,candidate_1,candidate_3,4,0.1475
68,0,candidate_2,0,candidate_3,4,0.1475
69,candidate_4,0,0,candidate_3,4,0.1475
70,candidate_4,candidate_2,candidate_1,candidate_3,4,0.1475
71,candidate_4,candidate_2,candidate_1,candidate_3,4,0.1475
72,candidate_4,candidate_2,candidate_1,candidate_3,4,0.1475
73,candidate_4,0,candidate_1,candidate_3,4,0.1475
74,candidate_4,candidate_2,candidate_1,candidate_3,4,0.1475
75,candidate_4,candidate_2,candidate_1,0,4,0.1475
76,candidate_4,candidate_2,candidate_1,candidate_3,4,0.1475
77,candidate_4,candidate_2,0,candidate_3,4,0.1475
78,candidate_4,candidate_2,candidate_1,candidate_3,4,0.1475
79,candidate_4,candidate_2,candidate_1,candidate_3,4,0.1475
80,candidate_4,candidate_2,candidate_1,candidate_3,4,0.1475
81,candidate_4,candidate_2,candidate_1,candidate_3,4,0.1475
82,candidate_4,candidate_2,candidate_1,candidate_3,4,0.1475
83,candidate_4,candidate_2,0,candidate_3,4,0.1475
84,candidate_4,candidate_2,candidate_1,candidate_3,4,0.1475
85,candidate_4,candidate_2,candidate_1,candidate_3,4,0.1475
86,candidate_4,0,candidate_1,candidate_3,4,0.1475
87,candidate_4,candidate_2,0,candidate_3,4,0.1475
88,candidate_4,candidate_2,candidate_1,candidate_3,4,0.1475
89,candidate_4,0,candidate_1,candidate_3,4,0.1475
90,candidate_4,candidate_2,0,candidate_3,4,0.1475
91,candidate_4,candidate_2,candidate_1,candidate_3,4,0.1475
92,candidate_4,0,candidate_1,candidate_3,4,0.1475
93,0,candidate_2,candidate_1,candidate_3,4,0.1475
94,candidate_4,candidate_2,candidate_1,candidate_3,4,0.1475
95,candidate_4,0,candidate_1,candidate_3,4,0.1475
96,candidate_4,candidate_2,candidate_1,candidate_3,4,0.1475
97,candidate_4,candidate_2,0,candidate_3,4,0.1475
98,0,0,0,candidate_3,4,0.1475
99,candidate_4,candidate_2,candidate_1,candidate_3,4,0.1475
100,candidate_4,candidate_2,candidate_1,0,4,0.1475
101,candidate_4,candidate_2,candidate_1,0,4,0.1475
102,0,0,candidate_1,0,4,0.1475
103,candidate_4,candidate_2,0,candidate_3,4,0.1475
104,candidate_4,candidate_2,candidate_1,candidate_3,4,0.1475
105,candidate_4,candidate_2,candidate_1,candidate_3,4,0.1475
106,candidate_4,candidate_2,candidate_1,candidate_3,4,0.1475
107,candidate_4,0,candidate_1,candidate_3,4,0.1475
108,candidate_4,candidate_2,candidate_1,candidate_3,4,0.1475
109,candidate_4,candidate_2,candidate_1,candidate_3,4,0.1475
110,0,candidate_2,candidate_1,candidate_3,4,0.1475
111,candidate_4,candidate_2,candidate_1,candidate_3,4,0.1475
112,candidate_4,candidate_2,candidate_1,candidate_3,4,0.1475
113,0,0,candidate_1,candidate_3,4,0.1475
114,candidate_4,0,candidate_1,0,4,0.1475
115,0,candidate_2,candidate_1,candidate_3,4,0.1475
116,candidate_4,candidate_2,candidate_1,candidate_3,4,0.1475
117,candidate_4,candidate_2,candidate_1,candidate_3,4,0.1475
118,candidate_4,candidate_2,candidate_1,candidate_3,4,0.1475
119,candidate_4,0,candidate_1,candidate_3,4,0.1475
120,candidate_4,candidate_2,candidate_1,candidate_3,4,0.1475
121,candidate_4,candidate_2,candidate_1,candidate_3,4,0.1475
122,candidate_4,candidate_2,candidate_1,candidate_3,4,0.1475
123,candidate_4,candidate_2,0,candidate_3,4,0.1475
124,candidate_4,candidate_2,candidate_1,candidate_3,4,0.1475
125,candidate_4,candidate_2,candidate_1,0,4,0.1475
126,candidate_4,candidate_2,candidate_1,0,4,0.1475
127,candidate_4,candidate_2,candidate_1,candidate_3,4,0.1475
128,candidate_4,candidate_2,candidate_1,candidate_3,4,0.1475
129,candidate_4,candidate_2,candidate_1,candidate_3,4,0.1475
130,candidate_4,candidate_2,candidate_1,candidate_3,4,0.1475
131,candidate_4,candidate_2,candidate_1,candidate_3,4,0.1475
132,0,candidate_2,0,candidate_3,4,0.1475
133,candidate_4,candidate_2,candidate_1,candidate_3,4,0.1475
134,candidate_4,candidate_2,candidate_1,candidate_3,4,0.1475
135,candidate_4,candidate_2,0,candidate_3,4,0.1475
136,0,candidate_2,candidate_1,candidate_3,4,0.1475
137,0,candidate_2,candidate_1,candidate_3,4,0.1475
138,0,candidate_2,candidate_1,candidate_3,4,0.1475
139,candidate_4,candidate_2,candidate_1,candidate_3,4,0.1475
140,0,candidate_2,0,candidate_3,4,0.1475
141,0,0,candidate_1,0,4,0.1475
142,candidate_4,candidate_2,candidate_1,0,4,0.1475
143,0,candidate_2,candidate_1,candidate_3,4,0.1475
144,candidate_4,candidate_2,candidate_1,candidate_3,4,0.1475
145,candidate_4,candidate_2,candidate_1,candidate_3,4,0.1475
146,candidate_4,candidate_2,candidate_1,candidate_3,4,0.1475
147,candidate_4,candidate_2,candidate_1,0,4,0.1475
148,candidate_4,0,candidate_1,candidate_3,4,0.1475
149,candidate_4,candidate_2,candidate_1,0,4,0.1475
150,candidate_4,candidate_2,candidate_1,candidate_3,4,0.1475
151,candidate_4,candidate_2,0,candidate_3,4,0.1475
152,candidate_4,candidate_2,candidate_1,candidate_3,4,0.1475
153,candidate_4,candidate_2,candidate_1,candidate_3,4,0.1475
154,candidate_4,candidate_2,candidate_1,candidate_3,4,0.1475
155,candidate_4,candidate_2,candidate_1,candidate_3,4,0.1475
156,candidate_4,candidate_2,candidate_1,candidate_3,4,0.1475
157,candidate_4,candidate_2,candidate_1,candidate_3,4,0.1475
158,candidate_4,candidate_2,candidate_1,candidate_3,4,0.1475
159,candidate_4,0,candidate_1,candidate_3,4,0.1475
160,candidate_4,candidate_2,candidate_1,candidate_3,4,0.1475
161,candidate_4,candidate_2,candidate_1,candidate_3,4,0.1475
162,candidate_4,candidate_2,candidate_1,candidate_3,4,0.1475
163,candidate_4,candidate_2,0,candidate_3,4,0.1475
164,candidate_4,candidate_2,candidate_1,candidate_3,4,0.1475
165,candidate_4,candidate_2,candidate_1,0,4,0.1475
166,candidate_4,candidate_2,candidate_1,candidate_3,4,0.1475
167,candidate_4,candidate_2,candidate_1,candidate_3,4,0.1475
168,candidate_4,candidate_2,candidate_1,candidate_3,4,0.1475
169,candidate_4,0,candidate_1,candidate_3,4,0.1475
170,candidate_4,0,candidate_1,candidate_3,4,0.1475
171,candidate_4,0,0,candidate_3,4,0.1475
172,0,candidate_2,candidate_1,candidate_3,4,0.1475
173,candidate_4,candidate_2,candidate_1,candidate_3,4,0.1475
174,candidate_4,candidate_2,candidate_1,candidate_3,4,0.1475
175,candidate_4,candidate_2,candidate_1,candidate_3,4,0.1475
176,candidate_4,candidate_2,candidate_1,candidate_3,4,0.1475
177,0,0,0,candidate_3,4,0.1475
178,candidate_4,candidate_2,candidate_1,candidate_3,4,0.1475
179,candidate_4,candidate_2,candidate_1,0,4,0.1475
180,candidate_4,candidate_2,candidate_1,candidate_3,4,0.1475
181,candidate_4,0,candidate_1,candidate_3,4,0.1475
182,candidate_4,0,candidate_1,candidate_3,4,0.1475
183,candidate_4,candidate_2,candidate_1,candidate_3,4,0.1475
184,candidate_4,candidate_2,candidate_1,candidate_3,4,0.1475
185,candidate_4,candidate_2,0,candidate_3,4,0.1475
186,candidate_4,0,candidate_1,candidate_3,4,0.1475
187,candidate_4,candidate_2,candidate_1,0,4,0.1475
188,candidate_4,candidate_2,candidate_1,candidate_3,4,0.1475
189,candidate_4,candidate_2,candidate_1,candidate_3,4,0.1475
190,candidate_4,candidate_2,candidate_1,candidate_3,4,0.1475
191,candidate_4,candidate_2,candidate_1,candidate_3,4,0.1475
192,0,candidate_2,candidate_1,candidate_3,4,0.1475
193,candidate_4,candidate_2,candidate_1,candidate_3,4,0.1475
194,candidate_4,candidate_2,candidate_1,candidate_3,4,0.1475
195,candidate_4,candidate_2,candidate_1,candidate_3,4,0.1475
196,candidate_4,0,candidate_1,candidate_3,4,0.1475
197,candidate_4,candidate_2,candidate_1,candidate_3,4,0.1475
198,0,candidate_2,candidate_1,candidate_3,4,0.1475
199,candidate_4,candidate_2,0,candidate_3,4,0.1475
200,candidate_4,0,candidate_1,0,4,0.1475
201,candidate_4,candidate_2,candidate_1,candidate_3,4,0.1475
202,0,candidate_2,candidate_1,candidate_3,4,0.1475
203,0,candidate_2,candidate_1,0,4,0.1475
204,0,0,candidate_1,0,4,0.1475
205,candidate_4,candidate_2,candidate_1,candidate_3,4,0.1475
206,candidate_4,candidate_2,candidate_1,0,4,0.1475
207,candidate_4,candidate_2,candidate_1,candidate_3,4,0.1475
208,candidate_4,candidate_2,candidate_1,candidate_3,4,0.1475
209,candidate_4,candidate_2,candidate_1,0,4,0.1475
210,candidate_4,candidate_2,candidate_1,candidate_3,4,0.1475
211,candidate_4,candidate_2,candidate_1,candidate_3,4,0.1475
212,candidate_4,candidate_2,candidate_1,candidate_3,4,0.1475
213,candidate_4,0,candidate_1,candidate_3,4,0.1475
214,candidate_4,candidate_2,candidate_1,candidate_3,4,0.1475
215,candidate_4,0,candidate_1,candidate_3,4,0.1475
216,candidate_4,candidate_2,candidate_1,candidate_3,4,0.1475
217,candidate_4,candidate_2,candidate_1,candidate_3,4,0.1475
218,candidate_4,candidate_2,0,candidate_3,4,0.1475
219,candidate_4,candidate_2,0,candidate_3,4,0.1475
220,candidate_4,candidate_2,candidate_1,candidate_3,4,0.1475
221,candidate_4,candidate_2,candidate_1,candidate_3,4,0.1475
222,candidate_4,candidate_2,candidate_1,candidate_3,4,0.1475
223,candidate_4,candidate_2,candidate_1,candidate_3,4,0.1475
224,candidate_4,0,candidate_1,candidate_3,4,0.1475
225,candidate_4,candidate_2,candidate_1,candidate_3,4,0.1475
226,candidate_4,candidate_2,candidate_1,candidate_3,4,0.1475
227,candidate_4,candidate_2,candidate_1,candidate_3,4,0.1475
228,candidate_4,candidate_2,candidate_1,candidate_3,4,0.1475
229,candidate_4,candidate_2,candidate_1,candidate_3,4,0.1475
230,0,0,candidate_1,candidate_3,4,0.1475
231,candidate_4,candidate_2,candidate_1,candidate_3,4,0.1475
232,candidate_4,candidate_2,candidate_1,candidate_3,4,0.1475
233,candidate_4,candidate_2,candidate_1,candidate_3,4,0.1475
234,candidate_4,candidate_2,candidate_1,candidate_3,4,0.1475
235,candidate_4,candidate_2,candidate_1,candidate_3,4,0.1475
236,candidate_4,0,candidate_1,candidate_3,4,0.1475
237,candidate_4,candidate_2,candidate_1,candidate_3,4,0.1475
238,candidate_4,candidate_2,candidate_1,0,4,0.1475
239,candidate_4,0,candidate_1,candidate_3,4,0.1475
240,candidate_4,candidate_2,candidate_1,candidate_3,4,0.1475
241,candidate_4,candidate_2,candidate_1,0,4,0.1475
242,candidate_4,candidate_2,candidate_1,candidate_3,4,0.1475
243,candidate_4,candidate_2,candidate_1,candidate_3,4,0.1475
244,candidate_4,candidate_2,candidate_1,candidate_3,4,0.1475
245,candidate_4,candidate_2,candidate_1,candidate_3,4,0.1475
246,candidate_4,candidate_2,candidate_1,candidate_3,4,0.1475
247,candidate_4,candidate_2,candidate_1,0,4,0.1475
248,0,candidate_2,candidate_1,candidate_3,4,0.1475
249,candidate_4,candidate_2,candidate_1,candidate_3,4,0.1475
250,candidate_4,0,candidate_1,0,4,0.1475
251,0,candidate_2,candidate_1,candidate_3,4,0.1475
252,candidate_4,0,candidate_1,candidate_3,4,0.1475
253,candidate_4,candidate_2,candidate_1,candidate_3,4,0.1475
254,candidate_4,candidate_2,0,candidate_3,4,0.1475
255,candidate_4,candidate_2,candidate_1,candidate_3,4,0.1475
256,candidate_4,candidate_2,candidate_1,candidate_3,4,0.1475
257,candidate_4,candidate_2,candidate_1,candidate_3,4,0.1475
258,candidate_4,candidate_2,candidate_1,0,4,0.1475
259,candidate_4,candidate_2,candidate_1,0,4,0.1475
260,candidate_4,candidate_2,candidate_1,candidate_3,4,0.1475
261,candidate_4,candidate_2,candidate_1,candidate_3,4,0.1475
262,candidate_4,candidate_2,candidate_1,candidate_3,4,0.1475
263,candidate_4,candidate_2,candidate_1,candidate_3,4,0.1475
264,candidate_4,candidate_2,0,candidate_3,4,0.1475
265,candidate_4,candidate_2,candidate_1,candidate_3,4,0.1475
266,candidate_4,candidate_2,candidate_1,candidate_3,4,0.1475
267,candidate_4,candidate_2,candidate_1,candidate_3,4,0.1475
268,0,candidate_2,candidate_1,candidate_3,4,0.1475
269,candidate_4,candidate_2,0,candidate_3,4,0.1475
270,candidate_4,candidate_2,0,candidate_3,4,0.1475
271,candidate_4,candidate_2,candidate_1,candidate_3,4,0.1475
272,0,candidate_2,candidate_1,candidate_3,4,0.1475
273,0,candidate_2,candidate_1,candidate_3,4,0.1475
274,candidate_4,candidate_2,candidate_1,candidate_3,4,0.1475
275,candidate_4,candidate_2,0,candidate_3,4,0.1475
276,0,0,candidate_1,candidate_3,4,0.1475
277,candidate_4,candidate_2,candidate_1,candidate_3,4,0.1475
278,candidate_4,candidate_2,candidate_1,candidate_3,4,0.1475
279,0,0,candidate_1,candidate_3,4,0.1475
280,candidate_4,candidate_2,candidate_1,candidate_3,4,0.1475
281,candidate_4,candidate_2,candidate_1,0,4,0.1475
282,candidate_4,candidate_2,0,candidate_3,4,0.1475
283,candidate_4,candidate_2,candidate_1,candidate_3,4,0.1475
284,candidate_4,candidate_2,candidate_1,candidate_3,4,0.1475
285,candidate_4,candidate_2,0,candidate_3,4,0.1475
286,0,candidate_2,candidate_1,candidate_3,4,0.1475
287,candidate_4,candidate_2,candidate_1,candidate_3,4,0.1475
288,candidate_4,candidate_2,candidate_1,candidate_3,4,0.1475
289,candidate_4,candidate_2,candidate_1,candidate_3,4,0.1475
290,candidate_4,candidate_2,candidate_1,candidate_3,4,0.1475
291,candidate_4,candidate_2,0,candidate_3,4,0.1475
292,candidate_4,0,candidate_1,0,4,0.1475
293,candidate_4,candidate_2,candidate_1,candidate_3,4,0.1475
294,candidate_4,candidate_2,candidate_1,candidate_3,4,0.1475
295,candidate_4,candidate_2,candidate_1,candidate_3,4,0.1475
296,0,candidate_2,0,candidate_3,4,0.1475
297,candidate_4,candidate_2,candidate_1,candidate_3,4,0.1475
298,candidate_4,candidate_2,candidate_1,candidate_3,4,0.1475
299,0,0,candidate_1,candidate_3,4,0.1475
300,candidate_4,candidate_2,candidate_1,0,4,0.1475
301,candidate_4,candidate_2,candidate_1,candidate_3,4,0.1475
302,candidate_4,candidate_2,0,candidate_3,4,0.1475
303,0,candidate_2,candidate_1,0,4,0.1475
304,candidate_4,candidate_2,candidate_1,candidate_3,4,0.1475
305,candidate_4,candidate_2,candidate_1,candidate_3,4,0.1475
306,candidate_4,candidate_2,candidate_1,candidate_3,4,0.1475
307,candidate_4,candidate_2,candidate_1,candidate_3,4,0.1475
308,candidate_4,candidate_2,candidate_1,0,4,0.1475
309,candidate_4,0,candidate_1,candidate_3,4,0.1475
310,0,candidate_2,candidate_1,candidate_3,4,0.1475
311,candidate_4,0,candidate_1,0,4,0.1475
312,candidate_4,0,0,candidate_3,4,0.1475
313,candidate_4,candidate_2,candidate_1,candidate_3,4,0.1475
314,candidate_4,candidate_2,candidate_1,candidate_3,4,0.1475
315,0,candidate_2,0,candidate_3,4,0.1475
316,candidate_4,0,0,0,4,0.1475
317,candidate_4,candidate_2,candidate_1,0,4,0.1475
318,0,candidate_2,candidate_1,0,4,0.1475
319,candidate_4,0,0,0,4,0.1475
320,candidate_4,candidate_2,candidate_1,candidate_3,4,0.1475
321,candidate_4,candidate_2,0,candidate_3,4,0.1475
322,candidate_4,candidate_2,0,candidate_3,4,0.1475
323,candidate_4,candidate_2,candidate_1,candidate_3,4,0.1475
324,candidate_4,candidate_2,0,candidate_3,4,0.1475
325,candidate_4,candidate_2,candidate_1,candidate_3,4,0.1475
326,0,candidate_2,candidate_1,candidate_3,4,0.1475
327,candidate_4,candidate_2,0,candidate_3,4,0.1475
328,candidate_4,candidate_2,candidate_1,candidate_3,4,0.1475
329,candidate_4,candidate_2,candidate_1,0,4,0.1475
330,candidate_4,candidate_2,candidate_1,candidate_3,4,0.1475
331,candidate_4,candidate_2,candidate_1,candidate_3,4,0.1475
332,candidate_4,candidate_2,candidate_1,candidate_3,4,0.1475
333,candidate_4,0,candidate_1,0,4,0.1475
334,candidate_4,candidate_2,candidate_1,0,4,0.1475
335,candidate_4,candidate_2,candidate_1,candidate_3,4,0.1475
336,candidate_4,candidate_2,candidate_1,candidate_3,4,0.1475
337,0,candidate_2,candidate_1,candidate_3,4,0.1475
338,candidate_4,candidate_2,candidate_1,0,4,0.1475
339,candidate_4,candidate_2,candidate_1,candidate_3,4,0.1475
340,0,candidate_2,candidate_1,0,4,0.1475
341,candidate_4,candidate_2,candidate_1,candidate_3,4,0.1475
342,candidate_4,candidate_2,0,candidate_3,4,0.1475
343,candidate_4,candidate_2,candidate_1,0,4,0.1475
344,candidate_4,candidate_2,candidate_1,candidate_3,4,0.1475
345,candidate_4,candidate_2,candidate_1,candidate_3,4,0.1475
346,candidate_4,candidate_2,candidate_1,0,4,0.1475
347,0,0,candidate_1,candidate_3,4,0.1475
348,candidate_4,0,candidate_1,candidate_3,4,0.1475
349,candidate_4,candidate_2,candidate_1,candidate_3,4,0.1475
350,candidate_4,candidate_2,candidate_1,candidate_3,4,0.1475
351,candidate_4,candidate_2,0,candidate_3,4,0.1475
352,candidate_4,candidate_2,candidate_1,candidate_3,4,0.1475
353,candidate_4,candidate_2,candidate_1,candidate_3,4,0.1475
354,candidate_4,candidate_2,candidate_1,candidate_3,4,0.1475
355,candidate_4,candidate_2,candidate_1,candidate_3,4,0.1475
356,candidate_4,candidate_2,candidate_1,candidate_3,4,0.1475
357,candidate_4,candidate_2,candidate_1,candidate_3,4,0.1475
358,candidate_4,candidate_2,candidate_1,candidate_3,4,0.1475
359,0,0,candidate_1,candidate_3,4,0.1475
360,candidate_4,candidate_2,candidate_1,0,4,0.1475
361,candidate_4,candidate_2,candidate_1,0,4,0.1475
362,candidate_4,candidate_2,candidate_1,candidate_3,4,0.1475
363,candidate_4,candidate_2,candidate_1,candidate_3,4,0.1475
364,candidate_4,0,0,candidate_3,4,0.1475
365,candidate_4,candidate_2,0,0,4,0.1475
366,candidate_4,candidate_2,candidate_1,candidate_3,4,0.1475
367,candidate_4,candidate_2,candidate_1,0,4,0.1475
368,candidate_4,candidate_2,candidate_1,candidate_3,4,0.1475
369,candidate_4,candidate_2,0,candidate_3,4,0.1475
370,0,candidate_2,candidate_1,candidate_3,4,0.1475
371,candidate_4,0,candidate_1,candidate_3,4,0.1475
372,0,candidate_2,candidate_1,candidate_3,4,0.1475
373,candidate_4,candidate_2,0,candidate_3,4,0.1475
374,candidate_4,candidate_2,candidate_1,candidate_3,4,0.1475
375,candidate_4,candidate_2,candidate_1,candidate_3,4,0.1475
376,candidate_4,candidate_2,candidate_1,candidate_3,4,0.1475
377,candidate_4,candidate_2,0,candidate_3,4,0.1475
378,candidate_4,candidate_2,candidate_1,candidate_3,4,0.1475
379,candidate_4,candidate_2,0,candidate_3,4,0.1475
380,candidate_4,candidate_2,candidate_1,candidate_3,4,0.1475
381,candidate_4,candidate_2,candidate_1,candidate_3,4,0.1475
382,candidate_4,0,candidate_1,candidate_3,4,0.1475
383,candidate_4,candidate_2,candidate_1,candidate_3,4,0.1475
384,candidate_4,candidate_2,0,candidate_3,4,0.1475
385,candidate_4,candidate_2,candidate_1,candidate_3,4,0.1475
386,0,candidate_2,0,candidate_3,4,0.1475
387,0,candidate_2,candidate_1,candidate_3,4,0.1475
388,candidate_4,candidate_2,candidate_1,candidate_3,4,0.1475
389,candidate_4,candidate_2,candidate_1,0,4,0.1475
390,candidate_4,candidate_2,candidate_1,candidate_3,4,0.1475
391,candidate_4,candidate_2,candidate_1,candidate_3,4,0.1475
392,candidate_4,0,candidate_1,candidate_3,4,0.1475
393,candidate_4,candidate_2,candidate_1,candidate_3,4,0.1475
394,candidate_4,candidate_2,candidate_1,0,4,0.1475
395,candidate_4,candidate_2,candidate_1,candidate_3,4,0.1475
396,candidate_4,candidate_2,candidate_1,candidate_3,4,0.1475
397,0,candidate_2,candidate_1,candidate_3,4,0.1475
398,candidate_4,candidate_2,candidate_1,candidate_3,4,0.1475
399,candidate_4,candidate_2,candidate_1,candidate_3,4,0.1475
400,0,0,candidate_1,candidate_3,4,0.1475
401,candidate_4,candidate_2,candidate_1,candidate_3,4,0.1475
402,candidate_4,candidate_2,candidate_1,candidate_3,4,0.1475
403,candidate_4,candidate_2,0,candidate_3,4,0.1475
404,candidate_4,candidate_2,candidate_1,candidate_3,4,0.1475
405,candidate_4,candidate_2,candidate_1,candidate_3,4,0.1475
406,0,candidate_2,candidate_1,candidate_3,4,0.1475
407,candidate_4,candidate_2,0,candidate_3,4,0.1475
408,candidate_4,candidate_2,candidate_1,candidate_3,4,0.1475
409,candidate_4,candidate_2,candidate_1,candidate_3,4,0.1475
410,0,0,candidate_1,candidate_3,4,0.1475
411,candidate_4,candidate_2,candidate_1,candidate_3,4,0.1475
412,candidate_4,candidate_2,candidate_1,candidate_3,4,0.1475
413,candidate_4,candidate_2,candidate_1,candidate_3,4,0.1475
414,0,candidate_2,candidate_1,candidate_3,4,0.1475
415,candidate_4,candidate_2,candidate_1,candidate_3,4,0.1475
416,0,candidate_2,candidate_1,candidate_3,4,0.1475
417,candidate_4,candidate_2,candidate_1,0,4,0.1475
418,candidate_4,candidate_2,candidate_1,candidate_3,4,0.1475
419,candidate_4,candidate_2,candidate_1,candidate_3,4,0.1475
420,candidate_4,candidate_2,candidate_1,candidate_3,4,0.1475
421,candidate_4,candidate_2,candidate_1,0,4,0.1475
422,candidate_4,candidate_2,candidate_1,candidate_3,4,0.1475
423,candidate_4,0,candidate_1,candidate_3,4,0.1475
424,candidate_4,0,candidate_1,candidate_3,4,0.1475
425,candidate_4,candidate_2,0,candidate_3,4,0.1475
426,candidate_4,candidate_2,candidate_1,candidate_3,4,0.1475
427,candidate_4,candidate_2,candidate_1,candidate_3,4,0.1475
428,candidate_4,0,candidate_1,candidate_3,4,0.1475
429,candidate_4,candidate_2,candidate_1,candidate_3,4,0.1475
430,candidate_4,candidate_2,candidate_1,candidate_3,4,0.1475
431,candidate_4,candidate_2,candidate_1,candidate_3,4,0.1475
432,candidate_4,0,candidate_1,candidate_3,4,0.1475
433,candidate_4,candidate_2,candidate_1,candidate_3,4,0.1475
434,candidate_4,candidate_2,candidate_1,0,4,0.1475
435,candidate_4,candidate_2,0,candidate_3,4,0.1475
436,candidate_4,0,candidate_1,0,4,0.1475
437,0,candidate_2,candidate_1,candidate_3,4,0.1475
438,candidate_4,candidate_2,candidate_1,candidate_3,4,0.1475
439,candidate_4,candidate_2,candidate_1,candidate_3,4,0.1475
440,candidate_4,candidate_2,candidate_1,candidate_3,4,0.1475
441,candidate_4,candidate_2,candidate_1,candidate_3,4,0.1475
442,0,candidate_2,0,candidate_3,4,0.1475
443,candidate_4,candidate_2,candidate_1,candidate_3,4,0.1475
444,candidate_4,candidate_2,candidate_1,candidate_3,4,0.1475
445,candidate_4,candidate_2,candidate_1,candidate_3,4,0.1475
446,candidate_4,candidate_2,candidate_1,candidate_3,4,0.1475
447,candidate_4,candidate_2,0,candidate_3,4,0.1475
448,candidate_4,candidate_2,candidate_1,candidate_3,4,0.1475
449,candidate_4,candidate_2,candidate_1,candidate_3,4,0.1475
450,candidate_4,candidate_2,candidate_1,candidate_3,4,0.1475
451,candidate_4,0,candidate_1,candidate_3,4,0.1475
452,candidate_4,0,candidate_1,candidate_3,4,0.1475
453,candidate_4,candidate_2,candidate_1,candidate_3,4,0.1475
454,candidate_4,candidate_2,candidate_1,candidate_3,4,0.1475
455,candidate_4,candidate_2,0,candidate_3,4,0.1475
456,candidate_4,candidate_2,candidate_1,candidate_3,4,0.1475
457,candidate_4,candidate_2,0,candidate_3,4,0.1475
458,0,candidate_2,candidate_1,candidate_3,4,0.1475
459,candidate_4,candidate_2,candidate_1,candidate_3,4,0.1475
460,candidate_4,candidate_2,candidate_1,candidate_3,4,0.1475
461,candidate_4,candidate_2,candidate_1,candidate_3,4,0.1475
462,candidate_4,candidate_2,candidate_1,0,4,0.1475
463,candidate_4,0,candidate_1,candidate_3,4,0.1475
464,0,candidate_2,candidate_1,candidate_3,4,0.1475
465,candidate_4,candidate_2,candidate_1,candidate_3,4,0.1475
466,candidate_4,candidate_2,candidate_1,candidate_3,4,0.1475
467,candidate_4,candidate_2,candidate_1,candidate_3,4,0.1475
468,candidate_4,0,candidate_1,candidate_3,4,0.1475
469,candidate_4,candidate_2,candidate_1,candidate_3,4,0.1475
470,candidate_4,0,candidate_1,candidate_3,4,0.1475
471,candidate_4,0,candidate_1,candidate_3,4,0.1475
472,candidate_4,0,candidate_1,candidate_3,4,0.1475
473,candidate_4,candidate_2,candidate_1,candidate_3,4,0.1475
474,candidate_4,candidate_2,candidate_1,candidate_3,4,0.1475
475,candidate_4,candidate_2,candidate_1,0,4,0.1475
476,candidate_4,candidate_2,candidate_1,candidate_3,4,0.1475
477,0,candidate_2,0,candidate_3,4,0.1475
478,candidate_4,candidate_2,candidate_1,candidate_3,4,0.1475
479,0,candidate_2,candidate_1,candidate_3,4,0.1475
480,candidate_4,candidate_2,0,0,4,0.1475
481,candidate_4,candidate_2,candidate_1,candidate_3,4,0.1475
482,candidate_4,candidate_2,candidate_1,candidate_3,4,0.1475
0,candidate_4,candidate_2,candidate_3,candidate_1,4,0.1475
1,candidate_4,candidate_2,candidate_3,candidate_1,4,0.1475
2,candidate_4,candidate_2,candidate_3,candidate_1,4,0.1475
3,candidate_4,0,candidate_3,0,4,0.1475
4,candidate_4,candidate_2,0,candidate_1,4,0.1475
5,candidate_4,candidate_2,candidate_3,candidate_1,4,0.1475
6,candidate_4,candidate_2,candidate_3,candidate_1,4,0.1475
7,0,candidate_2,candidate_3,candidate_1,4,0.1475
8,0,candidate_2,candidate_3,candidate_1,4,0.1475
9,candidate_4,candidate_2,0,0,4,0.1475
10,candidate_4,candidate_2,candidate_3,candidate_1,4,0.1475
11,candidate_4,candidate_2,candidate_3,candidate_1,4,0.1475
12,candidate_4,candidate_2,candidate_3,candidate_1,4,0.1475
13,candidate_4,candidate_2,candidate_3,candidate_1,4,0.1475
14,candidate_4,candidate_2,candidate_3,candidate_1,4,0.1475
15,0,0,candidate_3,candidate_1,4,0.1475
16,candidate_4,candidate_2,candidate_3,0,4,0.1475
17,candidate_4,0,candidate_3,candidate_1,4,0.1475
18,candidate_4,candidate_2,candidate_3,candidate_1,4,0.1475
19,candidate_4,0,0,candidate_1,4,0.1475
20,candidate_4,candidate_2,candidate_3,0,4,0.1475
21,candidate_4,0,candidate_3,candidate_1,4,0.1475
22,candidate_4,candidate_2,candidate_3,candidate_1,4,0.1475
23,0,0,candidate_3,candidate_1,4,0.1475
24,candidate_4,candidate_2,candidate_3,candidate_1,4,0.1475
25,candidate_4,candidate_2,candidate_3,candidate_1,4,0.1475
26,candidate_4,candidate_2,candidate_3,candidate_1,4,0.1475
27,0,candidate_2,candidate_3,candidate_1,4,0.1475
28,candidate_4,candidate_2,candidate_3,0,4,0.1475
29,candidate_4,candidate_2,candidate_3,candidate_1,4,0.1475
30,candidate_4,candidate_2,candidate_3,candidate_1,4,0.1475
31,candidate_4,candidate_2,0,candidate_1,4,0.1475
32,candidate_4,candidate_2,candidate_3,candidate_1,4,0.1475
33,candidate_4,candidate_2,candidate_3,candidate_1,4,0.1475
34,candidate_4,candidate_2,candidate_3,candidate_1,4,0.1475
35,candidate_4,candidate_2,candidate_3,candidate_1,4,0.1475
36,candidate_4,candidate_2,candidate_3,candidate_1,4,0.1475
37,candidate_4,candidate_2,candidate_3,candidate_1,4,0.1475
38,candidate_4,candidate_2,candidate_3,candidate_1,4,0.1475
39,candidate_4,0,candidate_3,candidate_1,4,0.1475
40,0,candidate_2,candidate_3,candidate_1,4,0.1475
41,candidate_4,candidate_2,candidate_3,candidate_1,4,0.1475
42,candidate_4,candidate_2,candidate_3,candidate_1,4,0.1475
43,candidate_4,candidate_2,candidate_3,candidate_1,4,0.1475
44,candidate_4,candidate_2,candidate_3,candidate_1,4,0.1475
45,candidate_4,candidate_2,candidate_3,0,4,0.1475
46,candidate_4,candidate_2,candidate_3,candidate_1,4,0.1475
47,candidate_4,candidate_2,candidate_3,candidate_1,4,0.1475
48,candidate_4,candidate_2,candidate_3,candidate_1,4,0.1475
49,0,candidate_2,candidate_3,candidate_1,4,0.1475
50,candidate_4,0,candidate_3,candidate_1,4,0.1475
51,candidate_4,candidate_2,0,candidate_1,4,0.1475
52,candidate_4,0,candidate_3,candidate_1,4,0.1475
53,candidate_4,candidate_2,candidate_3,candidate_1,4,0.1475
54,candidate_4,candidate_2,0,candidate_1,4,0.1475
55,candidate_4,candidate_2,candidate_3,candidate_1,4,0.1475
56,candidate_4,candidate_2,candidate_3,candidate_1,4,0.1475
57,0,candidate_2,candidate_3,candidate_1,4,0.1475
58,candidate_4,0,candidate_3,candidate_1,4,0.1475
59,candidate_4,candidate_2,0,candidate_1,4,0.1475
60,candidate_4,candidate_2,candidate_3,candidate_1,4,0.1475
61,candidate_4,candidate_2,candidate_3,candidate_1,4,0.1475
62,candidate_4,candidate_2,candidate_3,candidate_1,4,0.1475
63,candidate_4,candidate_2,candidate_3,candidate_1,4,0.1475
64,candidate_4,candidate_2,0,candidate_1,4,0.1475
65,candidate_4,candidate_2,0,candidate_1,4,0.1475
66,candidate_4,candidate_2,candidate_3,candidate_1,4,0.1475
67,candidate_4,candidate_2,candidate_3,candidate_1,4,0.1475
68,candidate_4,candidate_2,candidate_3,candidate_1,4,0.1475
69,0,candidate_2,candidate_3,candidate_1,4,0.1475
70,candidate_4,candidate_2,candidate_3,candidate_1,4,0.1475
71,0,candidate_2,0,0,4,0.1475
72,candidate_4,candidate_2,candidate_3,candidate_1,4,0.1475
73,candidate_4,candidate_2,0,candidate_1,4,0.1475
74,candidate_4,0,candidate_3,0,4,0.1475
75,candidate_4,candidate_2,candidate_3,candidate_1,4,0.1475
76,candidate_4,candidate_2,0,0,4,0.1475
77,candidate_4,candidate_2,candidate_3,candidate_1,4,0.1475
78,candidate_4,candidate_2,candidate_3,candidate_1,4,0.1475
79,candidate_4,candidate_2,candidate_3,candidate_1,4,0.1475
80,candidate_4,candidate_2,candidate_3,candidate_1,4,0.1475
81,0,candidate_2,0,candidate_1,4,0.1475
82,candidate_4,candidate_2,candidate_3,candidate_1,4,0.1475
83,candidate_4,candidate_2,candidate_3,candidate_1,4,0.1475
84,0,candidate_2,0,candidate_1,4,0.1475
85,candidate_4,0,candidate_3,candidate_1,4,0.1475
86,candidate_4,candidate_2,candidate_3,candidate_1,4,0.1475
87,candidate_4,candidate_2,candidate_3,candidate_1,4,0.1475
88,candidate_4,candidate_2,candidate_3,candidate_1,4,0.1475
89,candidate_4,candidate_2,0,candidate_1,4,0.1475
90,candidate_4,0,0,candidate_1,4,0.1475
91,candidate_4,candidate_2,candidate_3,candidate_1,4,0.1475
92,candidate_4,0,0,candidate_1,4,0.1475
93,0,candidate_2,candidate_3,candidate_1,4,0.1475
94,candidate_4,candidate_2,0,0,4,0.1475
95,candidate_4,candidate_2,candidate_3,candidate_1,4,0.1475
96,candidate_4,candidate_2,candidate_3,candidate_1,4,0.1475
97,candidate_4,candidate_2,candidate_3,0,4,0.1475
98,0,0,0,candidate_1,4,0.1475
99,candidate_4,candidate_2,0,candidate_1,4,0.1475
100,candidate_4,candidate_2,0,candidate_1,4,0.1475
101,candidate_4,0,candidate_3,candidate_1,4,0.1475
102,candidate_4,candidate_2,candidate_3,candidate_1,4,0.1475
103,candidate_4,0,candidate_3,candidate_1,4,0.1475
104,candidate_4,candidate_2,0,candidate_1,4,0.1475
105,0,candidate_2,candidate_3,candidate_1,4,0.1475
106,candidate_4,candidate_2,candidate_3,candidate_1,4,0.1475
107,candidate_4,candidate_2,candidate_3,candidate_1,4,0.1475
108,0,candidate_2,0,0,4,0.1475
109,0,candidate_2,0,0,4,0.1475
110,candidate_4,candidate_2,candidate_3,candidate_1,4,0.1475
111,candidate_4,candidate_2,candidate_3,candidate_1,4,0.1475
112,candidate_4,0,candidate_3,candidate_1,4,0.1475
113,candidate_4,candidate_2,candidate_3,candidate_1,4,0.1475
114,candidate_4,0,candidate_3,candidate_1,4,0.1475
115,candidate_4,candidate_2,0,candidate_1,4,0.1475
116,0,candidate_2,candidate_3,candidate_1,4,0.1475
117,candidate_4,candidate_2,candidate_3,candidate_1,4,0.1475
118,candidate_4,candidate_2,candidate_3,candidate_1,4,0.1475
119,candidate_4,candidate_2,candidate_3,candidate_1,4,0.1475
120,0,candidate_2,candidate_3,0,4,0.1475
121,candidate_4,candidate_2,candidate_3,candidate_1,4,0.1475
122,candidate_4,candidate_2,candidate_3,candidate_1,4,0.1475
123,candidate_4,0,candidate_3,candidate_1,4,0.1475
124,candidate_4,candidate_2,candidate_3,candidate_1,4,0.1475
125,candidate_4,candidate_2,0,candidate_1,4,0.1475
126,candidate_4,candidate_2,candidate_3,candidate_1,4,0.1475
127,candidate_4,0,candidate_3,candidate_1,4,0.1475
128,candidate_4,candidate_2,candidate_3,candidate_1,4,0.1475
129,0,0,candidate_3,0,4,0.1475
130,candidate_4,0,0,0,4,0.1475
131,candidate_4,candidate_2,candidate_3,candidate_1,4,0.1475
132,candidate_4,candidate_2,candidate_3,candidate_1,4,0.1475
133,candidate_4,candidate_2,candidate_3,candidate_1,4,0.1475
134,candidate_4,candidate_2,candidate_3,candidate_1,4,0.1475
135,candidate_4,candidate_2,candidate_3,candidate_1,4,0.1475
136,0,candidate_2,candidate_3,candidate_1,4,0.1475
137,0,candidate_2,candidate_3,candidate_1,4,0.1475
138,candidate_4,candidate_2,candidate_3,candidate_1,4,0.1475
139,candidate_4,candidate_2,candidate_3,candidate_1,4,0.1475
140,candidate_4,candidate_2,0,candidate_1,4,0.1475
141,candidate_4,candidate_2,candidate_3,candidate_1,4,0.1475
142,candidate_4,candidate_2,candidate_3,0,4,0.1475
143,candidate_4,candidate_2,candidate_3,candidate_1,4,0.1475
144,candidate_4,candidate_2,candidate_3,0,4,0.1475
145,candidate_4,candidate_2,candidate_3,candidate_1,4,0.1475
146,candidate_4,candidate_2,candidate_3,candidate_1,4,0.1475
147,candidate_4,candidate_2,candidate_3,candidate_1,4,0.1475
148,0,candidate_2,candidate_3,candidate_1,4,0.1475
149,candidate_4,candidate_2,candidate_3,candidate_1,4,0.1475
150,candidate_4,candidate_2,candidate_3,0,4,0.1475
151,candidate_4,candidate_2,candidate_3,candidate_1,4,0.1475
152,candidate_4,candidate_2,candidate_3,candidate_1,4,0.1475
153,candidate_4,candidate_2,candidate_3,candidate_1,4,0.1475
154,candidate_4,candidate_2,candidate_3,candidate_1,4,0.1475
155,candidate_4,candidate_2,candidate_3,candidate_1,4,0.1475
156,candidate_4,candidate_2,candidate_3,candidate_1,4,0.1475
157,candidate_4,candidate_2,0,candidate_1,4,0.1475
158,candidate_4,candidate_2,candidate_3,candidate_1,4,0.1475
159,candidate_4,candidate_2,candidate_3,candidate_1,4,0.1475
160,candidate_4,0,candidate_3,candidate_1,4,0.1475
161,candidate_4,candidate_2,candidate_3,candidate_1,4,0.1475
162,candidate_4,candidate_2,0,candidate_1,4,0.1475
163,candidate_4,candidate_2,candidate_3,candidate_1,4,0.1475
164,candidate_4,0,candidate_3,candidate_1,4,0.1475
165,candidate_4,candidate_2,candidate_3,candidate_1,4,0.1475
166,candidate_4,candidate_2,candidate_3,0,4,0.1475
167,candidate_4,0,candidate_3,candidate_1,4,0.1475
168,candidate_4,candidate_2,candidate_3,candidate_1,4,0.1475
169,candidate_4,0,candidate_3,candidate_1,4,0.1475
170,candidate_4,0,candidate_3,candidate_1,4,0.1475
171,candidate_4,candidate_2,0,candidate_1,4,0.1475
172,candidate_4,candidate_2,candidate_3,candidate_1,4,0.1475
173,candidate_4,candidate_2,candidate_3,candidate_1,4,0.1475
174,candidate_4,candidate_2,candidate_3,candidate_1,4,0.1475
175,candidate_4,candidate_2,candidate_3,candidate_1,4,0.1475
176,candidate_4,candidate_2,candidate_3,candidate_1,4,0.1475
177,candidate_4,candidate_2,candidate_3,candidate_1,4,0.1475
178,0,candidate_2,candidate_3,candidate_1,4,0.1475
179,candidate_4,candidate_2,candidate_3,candidate_1,4,0.1475
180,candidate_4,candidate_2,candidate_3,candidate_1,4,0.1475
181,candidate_4,candidate_2,candidate_3,0,4,0.1475
182,candidate_4,candidate_2,candidate_3,candidate_1,4,0.1475
183,candidate_4,candidate_2,candidate_3,candidate_1,4,0.1475
184,candidate_4,candidate_2,candidate_3,candidate_1,4,0.1475
185,candidate_4,candidate_2,0,candidate_1,4,0.1475
186,0,0,candidate_3,candidate_1,4,0.1475
187,candidate_4,candidate_2,candidate_3,candidate_1,4,0.1475
188,0,candidate_2,candidate_3,candidate_1,4,0.1475
189,candidate_4,candidate_2,candidate_3,candidate_1,4,0.1475
190,0,0,0,candidate_1,4,0.1475
191,candidate_4,candidate_2,candidate_3,candidate_1,4,0.1475
192,0,candidate_2,0,candidate_1,4,0.1475
193,candidate_4,candidate_2,candidate_3,candidate_1,4,0.1475
194,candidate_4,0,candidate_3,candidate_1,4,0.1475
195,candidate_4,candidate_2,candidate_3,candidate_1,4,0.1475
196,candidate_4,candidate_2,0,0,4,0.1475
197,candidate_4,0,candidate_3,candidate_1,4,0.1475
198,candidate_4,candidate_2,candidate_3,candidate_1,4,0.1475
199,candidate_4,candidate_2,candidate_3,candidate_1,4,0.1475
200,0,candidate_2,candidate_3,candidate_1,4,0.1475
201,candidate_4,candidate_2,candidate_3,candidate_1,4,0.1475
202,candidate_4,candidate_2,candidate_3,candidate_1,4,0.1475
203,candidate_4,candidate_2,candidate_3,candidate_1,4,0.1475
204,candidate_4,0,candidate_3,candidate_1,4,0.1475
205,candidate_4,0,0,candidate_1,4,0.1475
206,candidate_4,candidate_2,candidate_3,candidate_1,4,0.1475
207,candidate_4,candidate_2,candidate_3,candidate_1,4,0.1475
208,candidate_4,candidate_2,0,0,4,0.1475
209,candidate_4,candidate_2,0,0,4,0.1475
210,candidate_4,candidate_2,candidate_3,0,4,0.1475
211,0,candidate_2,candidate_3,candidate_1,4,0.1475
212,candidate_4,0,0,candidate_1,4,0.1475
213,candidate_4,candidate_2,candidate_3,candidate_1,4,0.1475
214,candidate_4,candidate_2,candidate_3,candidate_1,4,0.1475
215,candidate_4,candidate_2,0,candidate_1,4,0.1475
216,candidate_4,candidate_2,candidate_3,candidate_1,4,0.1475
217,candidate_4,candidate_2,candidate_3,0,4,0.1475
218,candidate_4,candidate_2,0,candidate_1,4,0.1475
219,0,candidate_2,candidate_3,candidate_1,4,0.1475
220,candidate_4,0,candidate_3,candidate_1,4,0.1475
221,candidate_4,candidate_2,0,candidate_1,4,0.1475
222,0,candidate_2,candidate_3,candidate_1,4,0.1475
223,candidate_4,candidate_2,0,candidate_1,4,0.1475
224,candidate_4,candidate_2,candidate_3,candidate_1,4,0.1475
225,candidate_4,candidate_2,candidate_3,candidate_1,4,0.1475
226,candidate_4,0,candidate_3,candidate_1,4,0.1475
227,candidate_4,0,candidate_3,0,4,0.1475
228,0,candidate_2,candidate_3,candidate_1,4,0.1475
229,candidate_4,candidate_2,candidate_3,candidate_1,4,0.1475
230,candidate_4,candidate_2,candidate_3,candidate_1,4,0.1475
231,candidate_4,candidate_2,candidate_3,candidate_1,4,0.1475
232,candidate_4,candidate_2,candidate_3,candidate_1,4,0.1475
233,candidate_4,candidate_2,candidate_3,0,4,0.1475
234,candidate_4,candidate_2,candidate_3,candidate_1,4,0.1475
235,0,candidate_2,candidate_3,candidate_1,4,0.1475
236,candidate_4,0,candidate_3,candidate_1,4,0.1475
237,candidate_4,candidate_2,candidate_3,0,4,0.1475
238,0,0,candidate_3,0,4,0.1475
239,candidate_4,candidate_2,candidate_3,0,4,0.1475
240,0,candidate_2,candidate_3,candidate_1,4,0.1475
241,candidate_4,0,candidate_3,candidate_1,4,0.1475
242,candidate_4,candidate_2,0,candidate_1,4,0.1475
243,candidate_4,candidate_2,candidate_3,candidate_1,4,0.1475
244,candidate_4,candidate_2,candidate_3,candidate_1,4,0.1475
245,candidate_4,candidate_2,candidate_3,candidate_1,4,0.1475
246,candidate_4,candidate_2,candidate_3,candidate_1,4,0.1475
247,0,candidate_2,candidate_3,candidate_1,4,0.1475
248,0,candidate_2,candidate_3,candidate_1,4,0.1475
249,candidate_4,candidate_2,0,candidate_1,4,0.1475
250,candidate_4,candidate_2,0,candidate_1,4,0.1475
251,candidate_4,candidate_2,0,candidate_1,4,0.1475
252,candidate_4,candidate_2,candidate_3,candidate_1,4,0.1475
253,candidate_4,candidate_2,candidate_3,candidate_1,4,0.1475
254,candidate_4,candidate_2,candidate_3,candidate_1,4,0.1475
255,candidate_4,candidate_2,candidate_3,candidate_1,4,0.1475
256,candidate_4,candidate_2,candidate_3,candidate_1,4,0.1475
257,candidate_4,candidate_2,0,candidate_1,4,0.1475
258,candidate_4,candidate_2,candidate_3,candidate_1,4,0.1475
259,candidate_4,candidate_2,0,candidate_1,4,0.1475
260,candidate_4,candidate_2,candidate_3,0,4,0.1475
261,0,candidate_2,0,candidate_1,4,0.1475
262,candidate_4,candidate_2,0,candidate_1,4,0.1475
263,candidate_4,candidate_2,candidate_3,candidate_1,4,0.1475
264,candidate_4,candidate_2,candidate_3,candidate_1,4,0.1475
265,candidate_4,candidate_2,candidate_3,candidate_1,4,0.1475
266,candidate_4,candidate_2,0,candidate_1,4,0.1475
267,candidate_4,0,candidate_3,candidate_1,4,0.1475
268,candidate_4,candidate_2,candidate_3,candidate_1,4,0.1475
269,candidate_4,candidate_2,candidate_3,candidate_1,4,0.1475
270,candidate_4,0,candidate_3,candidate_1,4,0.1475
271,candidate_4,candidate_2,candidate_3,candidate_1,4,0.1475
272,candidate_4,candidate_2,candidate_3,candidate_1,4,0.1475
273,candidate_4,candidate_2,candidate_3,0,4,0.1475
274,candidate_4,candidate_2,0,candidate_1,4,0.1475
275,0,candidate_2,candidate_3,candidate_1,4,0.1475
276,candidate_4,candidate_2,candidate_3,candidate_1,4,0.1475
277,candidate_4,candidate_2,candidate_3,candidate_1,4,0.1475
278,candidate_4,candidate_2,candidate_3,candidate_1,4,0.1475
279,candidate_4,candidate_2,candidate_3,candidate_1,4,0.1475
280,candidate_4,candidate_2,candidate_3,candidate_1,4,0.1475
281,0,candidate_2,candidate_3,candidate_1,4,0.1475
282,candidate_4,candidate_2,candidate_3,candidate_1,4,0.1475
283,candidate_4,candidate_2,candidate_3,candidate_1,4,0.1475
284,candidate_4,candidate_2,candidate_3,candidate_1,4,0.1475
285,candidate_4,candidate_2,candidate_3,candidate_1,4,0.1475
286,candidate_4,candidate_2,candidate_3,candidate_1,4,0.1475
287,candidate_4,candidate_2,0,candidate_1,4,0.1475
288,candidate_4,candidate_2,candidate_3,candidate_1,4,0.1475
289,candidate_4,0,candidate_3,candidate_1,4,0.1475
290,candidate_4,candidate_2,candidate_3,candidate_1,4,0.1475
291,candidate_4,0,candidate_3,candidate_1,4,0.1475
292,candidate_4,candidate_2,0,candidate_1,4,0.1475
293,candidate_4,candidate_2,candidate_3,candidate_1,4,0.1475
294,candidate_4,candidate_2,candidate_3,candidate_1,4,0.1475
295,candidate_4,candidate_2,candidate_3,candidate_1,4,0.1475
296,candidate_4,candidate_2,candidate_3,candidate_1,4,0.1475
297,candidate_4,candidate_2,0,candidate_1,4,0.1475
298,candidate_4,candidate_2,0,candidate_1,4,0.1475
299,candidate_4,candidate_2,candidate_3,candidate_1,4,0.1475
300,candidate_4,candidate_2,candidate_3,candidate_1,4,0.1475
301,0,candidate_2,candidate_3,candidate_1,4,0.1475
302,candidate_4,candidate_2,candidate_3,candidate_1,4,0.1475
303,candidate_4,0,candidate_3,candidate_1,4,0.1475
304,candidate_4,candidate_2,candidate_3,candidate_1,4,0.1475
305,candidate_4,candidate_2,candidate_3,0,4,0.1475
306,0,candidate_2,candidate_3,candidate_1,4,0.1475
307,candidate_4,candidate_2,candidate_3,candidate_1,4,0.1475
308,0,0,candidate_3,candidate_1,4,0.1475
309,candidate_4,candidate_2,candidate_3,candidate_1,4,0.1475
310,candidate_4,candidate_2,candidate_3,candidate_1,4,0.1475
311,candidate_4,candidate_2,candidate_3,candidate_1,4,0.1475
312,0,candidate_2,candidate_3,candidate_1,4,0.1475
313,candidate_4,candidate_2,candidate_3,candidate_1,4,0.1475
314,candidate_4,candidate_2,candidate_3,candidate_1,4,0.1475
315,candidate_4,candidate_2,candidate_3,candidate_1,4,0.1475
316,0,candidate_2,candidate_3,candidate_1,4,0.1475
317,candidate_4,candidate_2,candidate_3,candidate_1,4,0.1475
318,candidate_4,0,candidate_3,0,4,0.1475
319,candidate_4,candidate_2,candidate_3,candidate_1,4,0.1475
320,candidate_4,candidate_2,candidate_3,candidate_1,4,0.1475
321,candidate_4,0,candidate_3,0,4,0.1475
322,candidate_4,0,candidate_3,candidate_1,4,0.1475
323,candidate_4,0,candidate_3,0,4,0.1475
324,candidate_4,0,candidate_3,candidate_1,4,0.1475
325,candidate_4,candidate_2,candidate_3,candidate_1,4,0.1475
326,candidate_4,candidate_2,candidate_3,candidate_1,4,0.1475
327,candidate_4,candidate_2,0,candidate_1,4,0.1475
328,candidate_4,candidate_2,candidate_3,candidate_1,4,0.1475
329,candidate_4,candidate_2,candidate_3,0,4,0.1475
330,0,0,candidate_3,candidate_1,4,0.1475
331,candidate_4,candidate_2,candidate_3,0,4,0.1475
332,candidate_4,candidate_2,candidate_3,candidate_1,4,0.1475
333,candidate_4,candidate_2,0,0,4,0.1475
334,candidate_4,candidate_2,candidate_3,candidate_1,4,0.1475
335,0,candidate_2,candidate_3,candidate_1,4,0.1475
336,candidate_4,0,candidate_3,0,4,0.1475
337,candidate_4,candidate_2,candidate_3,candidate_1,4,0.1475
338,candidate_4,candidate_2,candidate_3,candidate_1,4,0.1475
339,candidate_4,candidate_2,candidate_3,candidate_1,4,0.1475
340,candidate_4,candidate_2,0,0,4,0.1475
341,candidate_4,candidate_2,candidate_3,candidate_1,4,0.1475
342,candidate_4,candidate_2,candidate_3,candidate_1,4,0.1475
343,0,candidate_2,candidate_3,candidate_1,4,0.1475
344,0,candidate_2,candidate_3,candidate_1,4,0.1475
345,candidate_4,candidate_2,candidate_3,candidate_1,4,0.1475
346,candidate_4,candidate_2,candidate_3,candidate_1,4,0.1475
347,candidate_4,candidate_2,candidate_3,candidate_1,4,0.1475
348,candidate_4,0,candidate_3,candidate_1,4,0.1475
349,candidate_4,0,0,candidate_1,4,0.1475
350,candidate_4,candidate_2,candidate_3,candidate_1,4,0.1475
351,candidate_4,candidate_2,candidate_3,candidate_1,4,0.1475
352,candidate_4,candidate_2,candidate_3,candidate_1,4,0.1475
353,candidate_4,candidate_2,candidate_3,0,4,0.1475
354,candidate_4,candidate_2,candidate_3,candidate_1,4,0.1475
355,candidate_4,candidate_2,candidate_3,candidate_1,4,0.1475
356,candidate_4,candidate_2,candidate_3,candidate_1,4,0.1475
357,0,candidate_2,candidate_3,candidate_1,4,0.1475
358,candidate_4,candidate_2,candidate_3,0,4,0.1475
359,0,candidate_2,candidate_3,candidate_1,4,0.1475
360,candidate_4,candidate_2,0,candidate_1,4,0.1475
361,candidate_4,candidate_2,candidate_3,candidate_1,4,0.1475
362,candidate_4,candidate_2,candidate_3,candidate_1,4,0.1475
363,candidate_4,candidate_2,0,0,4,0.1475
364,candidate_4,candidate_2,0,0,4,0.1475
365,candidate_4,candidate_2,candidate_3,candidate_1,4,0.1475
366,candidate_4,candidate_2,candidate_3,candidate_1,4,0.1475
367,candidate_4,candidate_2,candidate_3,candidate_1,4,0.1475
368,candidate_4,0,candidate_3,candidate_1,4,0.1475
369,candidate_4,0,candidate_3,candidate_1,4,0.1475
370,candidate_4,candidate_2,candidate_3,candidate_1,4,0.1475
371,candidate_4,candidate_2,candidate_3,candidate_1,4,0.1475
372,candidate_4,0,0,candidate_1,4,0.1475
373,candidate_4,candidate_2,candidate_3,candidate_1,4,0.1475
374,candidate_4,candidate_2,candidate_3,candidate_1,4,0.1475
375,candidate_4,candidate_2,candidate_3,candidate_1,4,0.1475
376,candidate_4,candidate_2,candidate_3,0,4,0.1475
377,0,candidate_2,candidate_3,candidate_1,4,0.1475
378,candidate_4,candidate_2,candidate_3,candidate_1,4,0.1475
379,0,candidate_2,0,0,4,0.1475
380,candidate_4,candidate_2,candidate_3,candidate_1,4,0.1475
381,candidate_4,candidate_2,candidate_3,0,4,0.1475
382,candidate_4,candidate_2,candidate_3,candidate_1,4,0.1475
383,candidate_4,candidate_2,candidate_3,candidate_1,4,0.1475
384,candidate_4,candidate_2,0,0,4,0.1475
385,0,candidate_2,candidate_3,candidate_1,4,0.1475
386,candidate_4,candidate_2,candidate_3,candidate_1,4,0.1475
387,candidate_4,candidate_2,0,candidate_1,4,0.1475
388,candidate_4,candidate_2,candidate_3,candidate_1,4,0.1475
389,candidate_4,candidate_2,candidate_3,candidate_1,4,0.1475
390,candidate_4,candidate_2,candidate_3,0,4,0.1475
391,candidate_4,candidate_2,candidate_3,candidate_1,4,0.1475
392,candidate_4,candidate_2,candidate_3,candidate_1,4,0.1475
393,0,candidate_2,candidate_3,candidate_1,4,0.1475
394,candidate_4,candidate_2,candidate_3,candidate_1,4,0.1475
395,candidate_4,candidate_2,candidate_3,candidate_1,4,0.1475
396,candidate_4,candidate_2,candidate_3,candidate_1,4,0.1475
397,candidate_4,0,candidate_3,candidate_1,4,0.1475
398,candidate_4,candidate_2,0,candidate_1,4,0.1475
399,candidate_4,candidate_2,candidate_3,candidate_1,4,0.1475
400,candidate_4,candidate_2,candidate_3,candidate_1,4,0.1475
401,candidate_4,candidate_2,candidate_3,candidate_1,4,0.1475
402,candidate_4,candidate_2,candidate_3,0,4,0.1475
403,candidate_4,candidate_2,0,candidate_1,4,0.1475
404,candidate_4,candidate_2,candidate_3,candidate_1,4,0.1475
405,candidate_4,candidate_2,candidate_3,candidate_1,4,0.1475
406,candidate_4,candidate_2,candidate_3,candidate_1,4,0.1475
407,candidate_4,candidate_2,candidate_3,candidate_1,4,0.1475
408,candidate_4,0,candidate_3,candidate_1,4,0.1475
409,0,0,candidate_3,candidate_1,4,0.1475
410,candidate_4,0,candidate_3,candidate_1,4,0.1475
411,candidate_4,candidate_2,candidate_3,candidate_1,4,0.1475
412,candidate_4,candidate_2,candidate_3,candidate_1,4,0.1475
413,candidate_4,candidate_2,candidate_3,candidate_1,4,0.1475
414,0,candidate_2,0,candidate_1,4,0.1475
415,candidate_4,candidate_2,candidate_3,0,4,0.1475
416,candidate_4,candidate_2,candidate_3,candidate_1,4,0.1475
417,candidate_4,candidate_2,candidate_3,candidate_1,4,0.1475
418,candidate_4,candidate_2,candidate_3,candidate_1,4,0.1475
419,candidate_4,0,candidate_3,candidate_1,4,0.1475
420,candidate_4,candidate_2,candidate_3,candidate_1,4,0.1475
421,candidate_4,candidate_2,0,candidate_1,4,0.1475
422,candidate_4,candidate_2,candidate_3,candidate_1,4,0.1475
423,candidate_4,candidate_2,candidate_3,candidate_1,4,0.1475
424,0,candidate_2,candidate_3,candidate_1,4,0.1475
425,candidate_4,candidate_2,candidate_3,candidate_1,4,0.1475
426,candidate_4,0,candidate_3,candidate_1,4,0.1475
427,candidate_4,candidate_2,0,candidate_1,4,0.1475
428,candidate_4,candidate_2,candidate_3,candidate_1,4,0.1475
429,candidate_4,candidate_2,0,candidate_1,4,0.1475
430,candidate_4,candidate_2,candidate_3,candidate_1,4,0.1475
431,candidate_4,candidate_2,candidate_3,candidate_1,4,0.1475
432,0,candidate_2,candidate_3,candidate_1,4,0.1475
433,0,candidate_2,candidate_3,candidate_1,4,0.1475
434,candidate_4,candidate_2,candidate_3,candidate_1,4,0.1475
435,candidate_4,candidate_2,candidate_3,0,4,0.1475
436,candidate_4,candidate_2,candidate_3,candidate_1,4,0.1475
437,candidate_4,candidate_2,candidate_3,candidate_1,4,0.1475
438,candidate_4,candidate_2,candidate_3,candidate_1,4,0.1475
439,candidate_4,candidate_2,candidate_3,candidate_1,4,0.1475
440,candidate_4,candidate_2,candidate_3,candidate_1,4,0.1475
441,0,candidate_2,0,candidate_1,4,0.1475
442,candidate_4,candidate_2,candidate_3,candidate_1,4,0.1475
443,candidate_4,candidate_2,candidate_3,candidate_1,4,0.1475
444,0,candidate_2,candidate_3,candidate_1,4,0.1475
445,candidate_4,candidate_2,candidate_3,candidate_1,4,0.1475
446,candidate_4,candidate_2,candidate_3,candidate_1,4,0.1475
447,candidate_4,candidate_2,0,0,4,0.1475
448,candidate_4,0,candidate_3,candidate_1,4,0.1475
449,candidate_4,candidate_2,candidate_3,candidate_1,4,0.1475
450,candidate_4,candidate_2,candidate_3,candidate_1,4,0.1475
451,candidate_4,candidate_2,0,candidate_1,4,0.1475
452,candidate_4,candidate_2,candidate_3,0,4,0.1475
453,candidate_4,candidate_2,candidate_3,candidate_1,4,0.1475
454,candidate_4,candidate_2,candidate_3,0,4,0.1475
455,candidate_4,candidate_2,candidate_3,candidate_1,4,0.1475
456,0,0,candidate_3,candidate_1,4,0.1475
457,candidate_4,0,0,candidate_1,4,0.1475
458,candidate_4,0,candidate_3,candidate_1,4,0.1475
459,candidate_4,candidate_2,candidate_3,candidate_1,4,0.1475
460,candidate_4,candidate_2,candidate_3,candidate_1,4,0.1475
461,candidate_4,candidate_2,candidate_3,candidate_1,4,0.1475
462,candidate_4,candidate_2,candidate_3,candidate_1,4,0.1475
463,candidate_4,0,candidate_3,candidate_1,4,0.1475
464,candidate_4,candidate_2,candidate_3,candidate_1,4,0.1475
465,candidate_4,candidate_2,candidate_3,candidate_1,4,0.1475
466,candidate_4,0,candidate_3,candidate_1,4,0.1475
467,candidate_4,0,candidate_3,0,4,0.1475
468,candidate_4,candidate_2,candidate_3,candidate_1,4,0.1475
469,candidate_4,candidate_2,candidate_3,candidate_1,4,0.1475
470,candidate_4,candidate_2,candidate_3,candidate_1,4,0.1475
471,candidate_4,candidate_2,candidate_3,candidate_1,4,0.1475
472,candidate_4,candidate_2,candidate_3,candidate_1,4,0.1475
473,candidate_4,0,0,candidate_1,4,0.1475
474,candidate_4,candidate_2,candidate_3,candidate_1,4,0.1475
475,candidate_4,candidate_2,candidate_3,candidate_1,4,0.1475
476,candidate_4,candidate_2,candidate_3,candidate_1,4,0.1475
477,candidate_4,candidate_2,0,candidate_1,4,0.1475
478,candidate_4,candidate_2,candidate_3,candidate_1,4,0.1475
479,0,candidate_2,candidate_3,candidate_1,4,0.1475
480,0,0,candidate_3,0,4,0.1475
481,0,candidate_2,candidate_3,candidate_1,4,0.1475
482,candidate_4,candidate_2,candidate_3,candidate_1,4,0.1475
483,candidate_4,candidate_2,0,candidate_1,4,0.1475
484,candidate_4,candidate_2,candidate_3,candidate_1,4,0.1475
485,candidate_4,0,candidate_3,candidate_1,4,0.1475
486,candidate_4,candidate_2,candidate_3,0,4,0.1475
487,candidate_4,candidate_2,candidate_3,candidate_1,4,0.1475
488,candidate_4,candidate_2,candidate_3,candidate_1,4,0.1475
489,candidate_4,candidate_2,candidate_3,candidate_1,4,0.1475
490,candidate_4,candidate_2,candidate_3,candidate_1,4,0.1475
491,candidate_4,candidate_2,candidate_3,candidate_1,4,0.1475
492,candidate_4,candidate_2,candidate_3,candidate_1,4,0.1475
493,candidate_4,0,candidate_3,candidate_1,4,0.1475
494,candidate_4,candidate_2,candidate_3,0,4,0.1475
495,candidate_4,candidate_2,candidate_3,candidate_1,4,0.1475
496,candidate_4,candidate_2,candidate_3,candidate_1,4,0.1475
497,0,candidate_2,candidate_3,candidate_1,4,0.1475
498,candidate_4,0,candidate_3,candidate_1,4,0.1475
499,candidate_4,candidate_2,candidate_3,candidate_1,4,0.1475
500,candidate_4,candidate_2,candidate_3,candidate_1,4,0.1475
501,candidate_4,candidate_2,candidate_3,0,4,0.1475
502,0,candidate_2,candidate_3,candidate_1,4,0.1475
503,candidate_4,candidate_2,candidate_3,candidate_1,4,0.1475
504,candidate_4,0,0,candidate_1,4,0.1475
505,candidate_4,candidate_2,candidate_3,candidate_1,4,0.1475
506,candidate_4,0,candidate_3,candidate_1,4,0.1475
507,candidate_4,candidate_2,0,candidate_1,4,0.1475
508,candidate_4,candidate_2,candidate_3,candidate_1,4,0.1475
509,candidate_4,0,candidate_3,candidate_1,4,0.1475
510,candidate_4,candidate_2,candidate_3,candidate_1,4,0.1475
511,candidate_4,candidate_2,candidate_3,candidate_1,4,0.1475
512,candidate_4,candidate_2,candidate_3,candidate_1,4,0.1475
513,candidate_4,candidate_2,candidate_3,candidate_1,4,0.1475
514,candidate_4,candidate_2,candidate_3,candidate_1,4,0.1475
515,0,candidate_2,candidate_3,0,4,0.1475
516,candidate_4,candidate_2,candidate_3,candidate_1,4,0.1475
517,candidate_4,0,candidate_3,candidate_1,4,0.1475
518,0,candidate_2,candidate_3,candidate_1,4,0.1475
519,0,candidate_2,candidate_3,candidate_1,4,0.1475
520,candidate_4,candidate_2,candidate_3,candidate_1,4,0.1475
521,candidate_4,candidate_2,candidate_3,candidate_1,4,0.1475
522,candidate_4,0,candidate_3,candidate_1,4,0.1475
523,candidate_4,0,0,candidate_1,4,0.1475
524,candidate_4,0,candidate_3,candidate_1,4,0.1475
525,candidate_4,candidate_2,candidate_3,candidate_1,4,0.1475
526,candidate_4,candidate_2,candidate_3,candidate_1,4,0.1475
527,candidate_4,0,candidate_3,candidate_1,4,0.1475
528,0,candidate_2,candidate_3,0,4,0.1475
529,candidate_4,candidate_2,candidate_3,candidate_1,4,0.1475
530,candidate_4,candidate_2,candidate_3,candidate_1,4,0.1475
531,candidate_4,candidate_2,candidate_3,candidate_1,4,0.1475
532,candidate_4,0,candidate_3,candidate_1,4,0.1475
533,candidate_4,candidate_2,candidate_3,candidate_1,4,0.1475
534,candidate_4,candidate_2,candidate_3,candidate_1,4,0.1475
535,candidate_4,candidate_2,candidate_3,candidate_1,4,0.1475
536,0,candidate_2,candidate_3,candidate_1,4,0.1475
537,candidate_4,0,candidate_3,candidate_1,4,0.1475
538,candidate_4,candidate_2,candidate_3,candidate_1,4,0.1475
539,0,candidate_2,0,candidate_1,4,0.1475
540,candidate_4,candidate_2,candidate_3,candidate_1,4,0.1475
541,candidate_4,candidate_2,candidate_3,candidate_1,4,0.1475
542,candidate_4,candidate_2,candidate_3,candidate_1,4,0.1475
543,candidate_4,candidate_2,candidate_3,candidate_1,4,0.1475
544,0,candidate_2,candidate_3,candidate_1,4,0.1475
545,candidate_4,candidate_2,candidate_3,candidate_1,4,0.1475
546,candidate_4,candidate_2,0,candidate_1,4,0.1475
547,0,candidate_2,candidate_3,candidate_1,4,0.1475
548,candidate_4,candidate_2,candidate_3,0,4,0.1475
549,candidate_4,0,candidate_3,0,4,0.1475
550,candidate_4,candidate_2,candidate_3,candidate_1,4,0.1475
551,candidate_4,candidate_2,0,candidate_1,4,0.1475
552,candidate_4,candidate_2,candidate_3,candidate_1,4,0.1475
553,candidate_4,candidate_2,candidate_3,candidate_1,4,0.1475
554,0,candidate_2,candidate_3,candidate_1,4,0.1475
555,candidate_4,candidate_2,candidate_3,candidate_1,4,0.1475
556,0,candidate_2,candidate_3,candidate_1,4,0.1475
557,candidate_4,0,candidate_3,0,4,0.1475
558,candidate_4,candidate_2,candidate_3,0,4,0.1475
559,candidate_4,candidate_2,candidate_3,candidate_1,4,0.1475
560,candidate_4,candidate_2,candidate_3,0,4,0.1475
561,candidate_4,candidate_2,candidate_3,candidate_1,4,0.1475
562,candidate_4,candidate_2,candidate_3,candidate_1,4,0.1475
563,0,0,candidate_3,candidate_1,4,0.1475
564,candidate_4,candidate_2,candidate_3,candidate_1,4,0.1475
565,candidate_4,candidate_2,candidate_3,candidate_1,4,0.1475
566,candidate_4,candidate_2,candidate_3,candidate_1,4,0.1475
567,0,candidate_2,candidate_3,candidate_1,4,0.1475
568,candidate_4,candidate_2,candidate_3,candidate_1,4,0.1475
569,candidate_4,candidate_2,0,candidate_1,4,0.1475
570,candidate_4,candidate_2,candidate_3,candidate_1,4,0.1475
571,candidate_4,candidate_2,candidate_3,0,4,0.1475
572,candidate_4,candidate_2,0,candidate_1,4,0.1475
573,candidate_4,candidate_2,0,candidate_1,4,0.1475
574,candidate_4,candidate_2,candidate_3,candidate_1,4,0.1475
575,candidate_4,0,candidate_3,candidate_1,4,0.1475
576,candidate_4,0,0,candidate_1,4,0.1475
577,candidate_4,candidate_2,candidate_3,candidate_1,4,0.1475
578,candidate_4,candidate_2,candidate_3,candidate_1,4,0.1475
579,0,candidate_2,0,candidate_1,4,0.1475
580,candidate_4,candidate_2,0,candidate_1,4,0.1475
581,candidate_4,candidate_2,candidate_3,candidate_1,4,0.1475
582,candidate_4,candidate_2,0,candidate_1,4,0.1475
583,candidate_4,candidate_2,candidate_3,candidate_1,4,0.1475
584,candidate_4,candidate_2,candidate_3,candidate_1,4,0.1475
585,candidate_4,candidate_2,candidate_3,candidate_1,4,0.1475
586,0,candidate_2,candidate_3,candidate_1,4,0.1475
587,candidate_4,candidate_2,candidate_3,candidate_1,4,0.1475
588,candidate_4,candidate_2,0,candidate_1,4,0.1475
589,candidate_4,candidate_2,candidate_3,candidate_1,4,0.1475
590,candidate_4,candidate_2,candidate_3,candidate_1,4,0.1475
591,candidate_4,candidate_2,candidate_3,candidate_1,4,0.1475
592,candidate_4,candidate_2,candidate_3,candidate_1,4,0.1475
593,candidate_4,0,candidate_3,candidate_1,4,0.1475
594,candidate_4,candidate_2,candidate_3,candidate_1,4,0.1475
595,candidate_4,candidate_2,candidate_3,candidate_1,4,0.1475
596,candidate_4,candidate_2,candidate_3,candidate_1,4,0.1475
597,candidate_4,candidate_2,candidate_3,candidate_1,4,0.1475
598,candidate_4,0,0,candidate_1,4,0.1475
599,candidate_4,candidate_2,candidate_3,0,4,0.1475
600,candidate_4,candidate_2,candidate_3,candidate_1,4,0.1475
601,0,candidate_2,candidate_3,candidate_1,4,0.1475
602,candidate_4,candidate_2,candidate_3,candidate_1,4,0.1475
603,candidate_4,candidate_2,candidate_3,candidate_1,4,0.1475
604,candidate_4,candidate_2,candidate_3,0,4,0.1475
605,candidate_4,candidate_2,candidate_3,candidate_1,4,0.1475
606,candidate_4,candidate_2,0,0,4,0.1475
607,candidate_4,candidate_2,candidate_3,candidate_1,4,0.1475
608,candidate_4,candidate_2,candidate_3,0,4,0.1475
609,0,candidate_2,candidate_3,0,4,0.1475
610,candidate_4,candidate_2,candidate_3,candidate_1,4,0.1475
611,candidate_4,candidate_2,candidate_3,candidate_1,4,0.1475
612,candidate_4,candidate_2,candidate_3,candidate_1,4,0.1475
613,candidate_4,candidate_2,candidate_3,candidate_1,4,0.1475
614,candidate_4,candidate_2,candidate_3,candidate_1,4,0.1475
615,candidate_4,candidate_2,candidate_3,candidate_1,4,0.1475
616,candidate_4,candidate_2,candidate_3,candidate_1,4,0.1475
617,candidate_4,0,candidate_3,candidate_1,4,0.1475
618,candidate_4,candidate_2,candidate_3,candidate_1,4,0.1475
619,candidate_4,candidate_2,candidate_3,0,4,0.1475
620,candidate_4,0,candidate_3,candidate_1,4,0.1475
621,candidate_4,candidate_2,candidate_3,candidate_1,4,0.1475
622,candidate_4,candidate_2,candidate_3,0,4,0.1475
623,candidate_4,candidate_2,0,candidate_1,4,0.1475
624,candidate_4,candidate_2,candidate_3,0,4,0.1475
625,candidate_4,candidate_2,candidate_3,candidate_1,4,0.1475
626,candidate_4,0,candidate_3,candidate_1,4,0.1475
627,candidate_4,0,candidate_3,candidate_1,4,0.1475
628,candidate_4,candidate_2,candidate_3,candidate_1,4,0.1475
629,candidate_4,candidate_2,candidate_3,candidate_1,4,0.1475
630,candidate_4,candidate_2,0,candidate_1,4,0.1475
631,candidate_4,0,candidate_3,0,4,0.1475
632,candidate_4,candidate_2,candidate_3,0,4,0.1475
633,candidate_4,candidate_2,candidate_3,0,4,0.1475
634,candidate_4,candidate_2,candidate_3,candidate_1,4,0.1475
635,0,candidate_2,candidate_3,candidate_1,4,0.1475
636,0,candidate_2,0,candidate_1,4,0.1475
637,candidate_4,candidate_2,candidate_3,candidate_1,4,0.1475
638,candidate_4,candidate_2,candidate_3,candidate_1,4,0.1475
639,0,candidate_2,0,candidate_1,4,0.1475
640,candidate_4,candidate_2,candidate_3,candidate_1,4,0.1475
641,0,candidate_2,candidate_3,candidate_1,4,0.1475
642,candidate_4,candidate_2,candidate_3,candidate_1,4,0.1475
643,0,candidate_2,candidate_3,0,4,0.1475
644,candidate_4,candidate_2,candidate_3,candidate_1,4,0.1475
645,candidate_4,candidate_2,candidate_3,0,4,0.1475
646,0,candidate_2,candidate_3,candidate_1,4,0.1475
647,candidate_4,candidate_2,candidate_3,candidate_1,4,0.1475
648,candidate_4,candidate_2,candidate_3,candidate_1,4,0.1475
649,candidate_4,candidate_2,candidate_3,candidate_1,4,0.1475
650,candidate_4,candidate_2,candidate_3,candidate_1,4,0.1475
651,candidate_4,candidate_2,0,candidate_1,4,0.1475
652,candidate_4,candidate_2,candidate_3,candidate_1,4,0.1475
653,candidate_4,candidate_2,candidate_3,candidate_1,4,0.1475
654,0,candidate_2,0,candidate_1,4,0.1475
655,candidate_4,0,0,candidate_1,4,0.1475
656,candidate_4,candidate_2,0,candidate_1,4,0.1475
657,candidate_4,candidate_2,candidate_3,candidate_1,4,0.1475
658,0,candidate_2,candidate_3,candidate_1,4,0.1475
659,0,candidate_2,candidate_3,candidate_1,4,0.1475
660,candidate_4,candidate_2,0,candidate_1,4,0.1475
661,candidate_4,candidate_2,candidate_3,candidate_1,4,0.1475
662,candidate_4,candidate_2,0,candidate_1,4,0.1475
663,candidate_4,candidate_2,candidate_3,candidate_1,4,0.1475
664,candidate_4,candidate_2,candidate_3,candidate_1,4,0.1475
665,0,candidate_2,candidate_3,candidate_1,4,0.1475
666,candidate_4,candidate_2,candidate_3,candidate_1,4,0.1475
667,candidate_4,candidate_2,candidate_3,0,4,0.1475
668,candidate_4,candidate_2,0,candidate_1,4,0.1475
669,candidate_4,0,0,0,4,0.1475
670,candidate_4,0,0,candidate_1,4,0.1475
671,0,candidate_2,candidate_3,candidate_1,4,0.1475
672,candidate_4,candidate_2,candidate_3,candidate_1,4,0.1475
673,0,candidate_2,candidate_3,candidate_1,4,0.1475
674,candidate_4,candidate_2,candidate_3,candidate_1,4,0.1475
675,candidate_4,candidate_2,candidate_3,0,4,0.1475
676,candidate_4,candidate_2,0,candidate_1,4,0.1475
677,candidate_4,candidate_2,candidate_3,candidate_1,4,0.1475
678,candidate_4,candidate_2,candidate_3,candidate_1,4,0.1475
679,candidate_4,candidate_2,candidate_3,0,4,0.1475
680,0,candidate_2,candidate_3,candidate_1,4,0.1475
681,candidate_4,candidate_2,candidate_3,candidate_1,4,0.1475
682,candidate_4,candidate_2,candidate_3,candidate_1,4,0.1475
683,candidate_4,candidate_2,candidate_3,candidate_1,4,0.1475
684,candidate_4,candidate_2,candidate_3,candidate_1,4,0.1475
685,candidate_4,candidate_2,candidate_3,candidate_1,4,0.1475
686,candidate_4,candidate_2,candidate_3,0,4,0.1475
687,candidate_4,candidate_2,candidate_3,candidate_1,4,0.1475
688,candidate_4,candidate_2,candidate_3,candidate_1,4,0.1475
689,candidate_4,candidate_2,candidate_3,candidate_1,4,0.1475
690,candidate_4,candidate_2,0,candidate_1,4,0.1475
691,candidate_4,candidate_2,candidate_3,0,4,0.1475
692,candidate_4,candidate_2,candidate_3,candidate_1,4,0.1475
693,candidate_4,candidate_2,candidate_3,0,4,0.1475
694,candidate_4,candidate_2,0,0,4,0.1475
695,candidate_4,0,candidate_3,candidate_1,4,0.1475
696,candidate_4,0,candidate_3,candidate_1,4,0.1475
697,0,candidate_2,candidate_3,candidate_1,4,0.1475
698,candidate_4,candidate_2,0,0,4,0.1475
699,candidate_4,0,candidate_3,candidate_1,4,0.1475
700,candidate_4,candidate_2,candidate_3,candidate_1,4,0.1475
701,candidate_4,candidate_2,candidate_3,candidate_1,4,0.1475
702,candidate_4,candidate_2,candidate_3,candidate_1,4,0.1475
703,candidate_4,0,candidate_3,candidate_1,4,0.1475
704,candidate_4,candidate_2,candidate_3,candidate_1,4,0.1475
705,candidate_4,candidate_2,candidate_3,candidate_1,4,0.1475
706,0,candidate_2,candidate_3,candidate_1,4,0.1475
707,candidate_4,candidate_2,0,candidate_1,4,0.1475
708,candidate_4,candidate_2,candidate_3,candidate_1,4,0.1475
709,candidate_4,0,candidate_3,candidate_1,4,0.1475
710,candidate_4,candidate_2,candidate_3,0,4,0.1475
711,candidate_4,candidate_2,candidate_3,candidate_1,4,0.1475
712,candidate_4,candidate_2,candidate_3,0,4,0.1475
713,candidate_4,candidate_2,candidate_3,candidate_1,4,0.1475
714,0,0,0,0,4,0.1475
715,candidate_4,candidate_2,0,candidate_1,4,0.1475
716,0,0,candidate_3,candidate_1,4,0.1475
717,0,0,0,candidate_1,4,0.1475
718,candidate_4,candidate_2,candidate_3,candidate_1,4,0.1475
719,candidate_4,candidate_2,candidate_3,0,4,0.1475
720,candidate_4,candidate_2,candidate_3,candidate_1,4,0.1475
721,candidate_4,candidate_2,candidate_3,candidate_1,4,0.1475
722,candidate_4,candidate_2,candidate_3,candidate_1,4,0.1475
723,0,candidate_2,candidate_3,candidate_1,4,0.1475
724,candidate_4,candidate_2,candidate_3,candidate_1,4,0.1475
725,candidate_4,0,0,candidate_1,4,0.1475
726,candidate_4,candidate_2,candidate_3,candidate_1,4,0.1475
727,candidate_4,candidate_2,candidate_3,0,4,0.1475
728,candidate_4,candidate_2,candidate_3,candidate_1,4,0.1475
729,candidate_4,candidate_2,candidate_3,candidate_1,4,0.1475
730,candidate_4,candidate_2,candidate_3,candidate_1,4,0.1475
731,candidate_4,candidate_2,candidate_3,candidate_1,4,0.1475
732,candidate_4,candidate_2,candidate_3,candidate_1,4,0.1475
733,candidate_4,candidate_2,candidate_3,0,4,0.1475
734,candidate_4,candidate_2,candidate_3,candidate_1,4,0.1475
735,candidate_4,candidate_2,0,candidate_1,4,0.1475
736,candidate_4,candidate_2,candidate_3,candidate_1,4,0.1475
737,candidate_4,candidate_2,candidate_3,candidate_1,4,0.1475
738,candidate_4,candidate_2,0,candidate_1,4,0.1475
739,0,candidate_2,candidate_3,candidate_1,4,0.1475
740,candidate_4,candidate_2,candidate_3,candidate_1,4,0.1475
741,0,candidate_2,candidate_3,candidate_1,4,0.1475
742,candidate_4,candidate_2,candidate_3,candidate_1,4,0.1475
743,candidate_4,0,0,candidate_1,4,0.1475
744,candidate_4,candidate_2,candidate_3,candidate_1,4,0.1475
745,candidate_4,candidate_2,candidate_3,candidate_1,4,0.1475
746,candidate_4,candidate_2,candidate_3,candidate_1,4,0.1475
747,candidate_4,0,candidate_3,0,4,0.1475
748,candidate_4,candidate_2,candidate_3,candidate_1,4,0.1475
749,candidate_4,candidate_2,candidate_3,candidate_1,4,0.1475
750,candidate_4,candidate_2,candidate_3,candidate_1,4,0.1475
751,candidate_4,candidate_2,0,candidate_1,4,0.1475
752,candidate_4,candidate_2,candidate_3,0,4,0.1475
753,candidate_4,candidate_2,candidate_3,0,4,0.1475
754,candidate_4,candidate_2,candidate_3,candidate_1,4,0.1475
755,candidate_4,candidate_2,candidate_3,candidate_1,4,0.1475
756,candidate_4,candidate_2,candidate_3,candidate_1,4,0.1475
757,candidate_4,0,candidate_3,0,4,0.1475
758,candidate_4,candidate_2,candidate_3,candidate_1,4,0.1475
759,candidate_4,candidate_2,candidate_3,candidate_1,4,0.1475
760,candidate_4,0,candidate_3,candidate_1,4,0.1475
761,0,candidate_2,candidate_3,candidate_1,4,0.1475
762,0,0,candidate_3,candidate_1,4,0.1475
763,candidate_4,candidate_2,0,candidate_1,4,0.1475
764,candidate_4,candidate_2,candidate_3,candidate_1,4,0.1475
765,candidate_4,candidate_2,candidate_3,0,4,0.1475
766,candidate_4,candidate_2,candidate_3,0,4,0.1475
767,candidate_4,candidate_2,candidate_3,candidate_1,4,0.1475
768,candidate_4,candidate_2,candidate_3,candidate_1,4,0.1475
769,0,candidate_2,candidate_3,candidate_1,4,0.1475
770,candidate_4,candidate_2,candidate_3,candidate_1,4,0.1475
771,candidate_4,0,candidate_3,candidate_1,4,0.1475
772,candidate_4,candidate_2,0,candidate_1,4,0.1475
773,candidate_4,candidate_2,candidate_3,candidate_1,4,0.1475
774,0,candidate_2,candidate_3,candidate_1,4,0.1475
775,0,candidate_2,candidate_3,candidate_1,4,0.1475
776,candidate_4,candidate_2,candidate_3,candidate_1,4,0.1475
777,0,candidate_2,0,candidate_1,4,0.1475
778,candidate_4,candidate_2,candidate_3,candidate_1,4,0.1475
779,0,candidate_2,candidate_3,candidate_1,4,0.1475
780,candidate_4,candidate_2,candidate_3,candidate_1,4,0.1475
781,candidate_4,candidate_2,candidate_3,candidate_1,4,0.1475
782,candidate_4,candidate_2,candidate_3,candidate_1,4,0.1475
783,candidate_4,candidate_2,candidate_3,candidate_1,4,0.1475
784,0,candidate_2,candidate_3,0,4,0.1475
785,candidate_4,candidate_2,0,candidate_1,4,0.1475
786,candidate_4,candidate_2,0,candidate_1,4,0.1475
787,candidate_4,candidate_2,candidate_3,candidate_1,4,0.1475
788,candidate_4,candidate_2,candidate_3,candidate_1,4,0.1475
789,0,0,candidate_3,candidate_1,4,0.1475
790,0,candidate_2,candidate_3,0,4,0.1475
791,candidate_4,candidate_2,candidate_3,candidate_1,4,0.1475
792,candidate_4,0,candidate_3,candidate_1,4,0.1475
793,candidate_4,candidate_2,candidate_3,candidate_1,4,0.1475
794,candidate_4,0,0,candidate_1,4,0.1475
795,0,0,candidate_3,candidate_1,4,0.1475
796,candidate_4,candidate_2,0,candidate_1,4,0.1475
797,candidate_4,candidate_2,candidate_3,candidate_1,4,0.1475
798,candidate_4,0,candidate_3,candidate_1,4,0.1475
799,0,candidate_2,candidate_3,candidate_1,4,0.1475
800,candidate_4,candidate_2,0,candidate_1,4,0.1475
801,0,candidate_2,candidate_3,candidate_1,4,0.1475
802,candidate_4,0,candidate_3,candidate_1,4,0.1475
803,0,candidate_2,candidate_3,candidate_1,4,0.1475
804,candidate_4,0,candidate_3,0,4,0.1475
805,candidate_4,candidate_2,candidate_3,candidate_1,4,0.1475
806,candidate_4,candidate_2,candidate_3,candidate_1,4,0.1475
807,candidate_4,candidate_2,candidate_3,candidate_1,4,0.1475
808,candidate_4,candidate_2,0,0,4,0.1475
809,candidate_4,candidate_2,candidate_3,candidate_1,4,0.1475
810,candidate_4,candidate_2,candidate_3,candidate_1,4,0.1475
811,candidate_4,candidate_2,0,candidate_1,4,0.1475
812,candidate_4,candidate_2,candidate_3,candidate_1,4,0.1475
813,candidate_4,candidate_2,candidate_3,candidate_1,4,0.1475
814,candidate_4,candidate_2,candidate_3,candidate_1,4,0.1475
815,candidate_4,candidate_2,candidate_3,candidate_1,4,0.1475
816,candidate_4,candidate_2,candidate_3,0,4,0.1475
817,candidate_4,candidate_2,candidate_3,candidate_1,4,0.1475
818,0,0,candidate_3,candidate_1,4,0.1475
819,0,candidate_2,candidate_3,candidate_1,4,0.1475
820,candidate_4,candidate_2,candidate_3,candidate_1,4,0.1475
821,candidate_4,candidate_2,candidate_3,candidate_1,4,0.1475
822,0,candidate_2,candidate_3,candidate_1,4,0.1475
823,candidate_4,candidate_2,candidate_3,0,4,0.1475
824,candidate_4,candidate_2,candidate_3,candidate_1,4,0.1475
825,candidate_4,0,candidate_3,candidate_1,4,0.1475
826,candidate_4,candidate_2,0,candidate_1,4,0.1475
827,candidate_4,candidate_2,candidate_3,candidate_1,4,0.1475
828,candidate_4,0,candidate_3,0,4,0.1475
829,candidate_4,0,candidate_3,0,4,0.1475
830,0,candidate_2,candidate_3,candidate_1,4,0.1475
831,candidate_4,candidate_2,0,0,4,0.1475
832,candidate_4,candidate_2,candidate_3,candidate_1,4,0.1475
833,candidate_4,candidate_2,candidate_3,candidate_1,4,0.1475
834,candidate_4,candidate_2,0,candidate_1,4,0.1475
835,0,0,candidate_3,candidate_1,4,0.1475
836,candidate_4,candidate_2,candidate_3,candidate_1,4,0.1475
837,candidate_4,candidate_2,candidate_3,0,4,0.1475
838,candidate_4,candidate_2,candidate_3,candidate_1,4,0.1475
839,candidate_4,0,candidate_3,candidate_1,4,0.1475
840,candidate_4,0,candidate_3,0,4,0.1475
841,candidate_4,candidate_2,candidate_3,candidate_1,4,0.1475
842,candidate_4,candidate_2,candidate_3,candidate_1,4,0.1475
843,candidate_4,candidate_2,candidate_3,candidate_1,4,0.1475
844,candidate_4,candidate_2,candidate_3,0,4,0.1475
845,candidate_4,candidate_2,candidate_3,candidate_1,4,0.1475
846,candidate_4,candidate_2,candidate_3,candidate_1,4,0.1475
847,0,candidate_2,candidate_3,candidate_1,4,0.1475
848,candidate_4,candidate_2,candidate_3,candidate_1,4,0.1475
849,candidate_4,candidate_2,candidate_3,candidate_1,4,0.1475
850,candidate_4,candidate_2,candidate_3,candidate_1,4,0.1475
851,candidate_4,candidate_2,candidate_3,0,4,0.1475
852,candidate_4,candidate_2,candidate_3,candidate_1,4,0.1475
853,0,0,candidate_3,candidate_1,4,0.1475
854,candidate_4,candidate_2,candidate_3,candidate_1,4,0.1475
855,candidate_4,candidate_2,candidate_3,candidate_1,4,0.1475
856,0,candidate_2,candidate_3,candidate_1,4,0.1475
857,candidate_4,candidate_2,candidate_3,candidate_1,4,0.1475
858,candidate_4,candidate_2,candidate_3,candidate_1,4,0.1475
859,candidate_4,candidate_2,candidate_3,candidate_1,4,0.1475
860,candidate_4,0,candidate_3,candidate_1,4,0.1475
861,candidate_4,candidate_2,candidate_3,candidate_1,4,0.1475
862,0,candidate_2,0,candidate_1,4,0.1475
863,candidate_4,candidate_2,candidate_3,candidate_1,4,0.1475
864,candidate_4,candidate_2,candidate_3,candidate_1,4,0.1475
865,0,candidate_2,candidate_3,candidate_1,4,0.1475
866,0,candidate_2,0,candidate_1,4,0.1475
867,0,candidate_2,candidate_3,candidate_1,4,0.1475
868,candidate_4,candidate_2,candidate_3,0,4,0.1475
869,candidate_4,candidate_2,candidate_3,candidate_1,4,0.1475
870,candidate_4,candidate_2,candidate_3,candidate_1,4,0.1475
871,candidate_4,0,candidate_3,candidate_1,4,0.1475
872,candidate_4,0,candidate_3,candidate_1,4,0.1475
873,candidate_4,candidate_2,candidate_3,candidate_1,4,0.1475
874,candidate_4,candidate_2,candidate_3,0,4,0.1475
875,0,candidate_2,0,candidate_1,4,0.1475
876,candidate_4,candidate_2,candidate_3,candidate_1,4,0.1475
877,candidate_4,candidate_2,candidate_3,candidate_1,4,0.1475
878,candidate_4,candidate_2,candidate_3,0,4,0.1475
879,candidate_4,candidate_2,0,0,4,0.1475
880,candidate_4,candidate_2,candidate_3,candidate_1,4,0.1475
881,candidate_4,candidate_2,candidate_3,candidate_1,4,0.1475
882,candidate_4,candidate_2,candidate_3,candidate_1,4,0.1475
883,0,candidate_2,candidate_3,candidate_1,4,0.1475
884,candidate_4,candidate_2,candidate_3,candidate_1,4,0.1475
885,candidate_4,0,candidate_3,candidate_1,4,0.1475
886,candidate_4,candidate_2,candidate_3,candidate_1,4,0.1475
887,0,candidate_2,candidate_3,candidate_1,4,0.1475
888,candidate_4,candidate_2,0,candidate_1,4,0.1475
889,candidate_4,candidate_2,candidate_3,candidate_1,4,0.1475
890,candidate_4,candidate_2,0,candidate_1,4,0.1475
891,candidate_4,candidate_2,candidate_3,candidate_1,4,0.1475
892,candidate_4,candidate_2,candidate_3,candidate_1,4,0.1475
893,candidate_4,0,candidate_3,candidate_1,4,0.1475
894,candidate_4,0,0,candidate_1,4,0.1475
895,candidate_4,candidate_2,0,candidate_1,4,0.1475
896,candidate_4,candidate_2,candidate_3,candidate_1,4,0.1475
897,0,candidate_2,candidate_3,0,4,0.1475
898,candidate_4,0,candidate_3,candidate_1,4,0.1475
899,candidate_4,candidate_2,candidate_3,candidate_1,4,0.1475
900,candidate_4,0,0,0,4,0.1475
901,candidate_4,candidate_2,candidate_3,candidate_1,4,0.1475
902,0,candidate_2,candidate_3,candidate_1,4,0.1475
903,candidate_4,candidate_2,candidate_3,candidate_1,4,0.1475
904,candidate_4,0,candidate_3,candidate_1,4,0.1475
905,candidate_4,candidate_2,candidate_3,candidate_1,4,0.1475
906,candidate_4,candidate_2,candidate_3,candidate_1,4,0.1475
907,candidate_4,0,0,candidate_1,4,0.1475
908,candidate_4,candidate_2,candidate_3,candidate_1,4,0.1475
909,candidate_4,candidate_2,candidate_3,candidate_1,4,0.1475
910,candidate_4,0,0,0,4,0.1475
911,candidate_4,0,candidate_3,candidate_1,4,0.1475
912,0,0,candidate_3,candidate_1,4,0.1475
913,candidate_4,candidate_2,candidate_3,candidate_1,4,0.1475
914,candidate_4,candidate_2,candidate_3,candidate_1,4,0.1475
915,candidate_4,candidate_2,0,0,4,0.1475
916,0,candidate_2,candidate_3,candidate_1,4,0.1475
917,candidate_4,candidate_2,candidate_3,candidate_1,4,0.1475
918,candidate_4,candidate_2,candidate_3,candidate_1,4,0.1475
919,0,candidate_2,0,candidate_1,4,0.1475
920,candidate_4,0,candidate_3,candidate_1,4,0.1475
921,candidate_4,candidate_2,candidate_3,0,4,0.1475
922,candidate_4,candidate_2,0,0,4,0.1475
923,candidate_4,candidate_2,0,0,4,0.1475
924,0,0,candidate_3,candidate_1,4,0.1475
925,candidate_4,candidate_2,candidate_3,candidate_1,4,0.1475
926,candidate_4,candidate_2,0,candidate_1,4,0.1475
927,candidate_4,candidate_2,candidate_3,candidate_1,4,0.1475
928,candidate_4,candidate_2,candidate_3,candidate_1,4,0.1475
929,candidate_4,candidate_2,0,candidate_1,4,0.1475
930,candidate_4,candidate_2,0,candidate_1,4,0.1475
931,candidate_4,candidate_2,0,candidate_1,4,0.1475
932,candidate_4,0,candidate_3,candidate_1,4,0.1475
933,candidate_4,candidate_2,candidate_3,candidate_1,4,0.1475
934,candidate_4,candidate_2,candidate_3,0,4,0.1475
935,candidate_4,candidate_2,0,0,4,0.1475
936,candidate_4,candidate_2,candidate_3,candidate_1,4,0.1475
937,candidate_4,0,candidate_3,candidate_1,4,0.1475
938,candidate_4,0,candidate_3,candidate_1,4,0.1475
939,0,candidate_2,candidate_3,candidate_1,4,0.1475
940,candidate_4,candidate_2,candidate_3,candidate_1,4,0.1475
941,candidate_4,candidate_2,candidate_3,candidate_1,4,0.1475
942,candidate_4,candidate_2,0,candidate_1,4,0.1475
943,candidate_4,candidate_2,candidate_3,candidate_1,4,0.1475
944,candidate_4,candidate_2,candidate_3,candidate_1,4,0.1475
945,candidate_4,candidate_2,candidate_3,candidate_1,4,0.1475
946,candidate_4,candidate_2,0,candidate_1,4,0.1475
947,candidate_4,candidate_2,candidate_3,candidate_1,4,0.1475
948,candidate_4,0,candidate_3,candidate_1,4,0.1475
949,candidate_4,candidate_2,candidate_3,candidate_1,4,0.1475
950,candidate_4,candidate_2,candidate_3,candidate_1,4,0.1475
951,candidate_4,candidate_2,candidate_3,candidate_1,4,0.1475
952,candidate_4,0,0,candidate_1,4,0.1475
953,0,candidate_2,candidate_3,candidate_1,4,0.1475
954,candidate_4,candidate_2,candidate_3,candidate_1,4,0.1475
955,candidate_4,candidate_2,candidate_3,candidate_1,4,0.1475
956,candidate_4,candidate_2,0,candidate_1,4,0.1475
957,candidate_4,candidate_2,candidate_3,candidate_1,4,0.1475
958,0,0,0,candidate_1,4,0.1475
959,candidate_4,candidate_2,candidate_3,candidate_1,4,0.1475
960,candidate_4,candidate_2,candidate_3,candidate_1,4,0.1475
961,candidate_4,candidate_2,candidate_3,candidate_1,4,0.1475
962,candidate_4,candidate_2,candidate_3,candidate_1,4,0.1475
963,candidate_4,candidate_2,candidate_3,candidate_1,4,0.1475
964,candidate_4,candidate_2,candidate_3,candidate_1,4,0.1475
965,candidate_4,0,candidate_3,0,4,0.1475
966,0,candidate_2,candidate_3,0,4,0.1475
967,candidate_4,candidate_2,candidate_3,candidate_1,4,0.1475
968,candidate_4,candidate_2,candidate_3,candidate_1,4,0.1475
969,candidate_4,candidate_2,0,candidate_1,4,0.1475
970,0,candidate_2,candidate_3,candidate_1,4,0.1475
971,candidate_4,candidate_2,candidate_3,candidate_1,4,0.1475
972,0,candidate_2,candidate_3,candidate_1,4,0.1475
973,candidate_4,candidate_2,0,candidate_1,4,0.1475
974,candidate_4,candidate_2,candidate_3,0,4,0.1475
975,candidate_4,0,0,candidate_1,4,0.1475
976,candidate_4,candidate_2,candidate_3,candidate_1,4,0.1475
977,candidate_4,candidate_2,0,candidate_1,4,0.1475
978,candidate_4,0,candidate_3,candidate_1,4,0.1475
979,candidate_4,candidate_2,candidate_3,0,4,0.1475
980,candidate_4,candidate_2,0,candidate_1,4,0.1475
981,candidate_4,candidate_2,candidate_3,candidate_1,4,0.1475
982,0,candidate_2,candidate_3,candidate_1,4,0.1475
983,candidate_4,candidate_2,candidate_3,candidate_1,4,0.1475
984,candidate_4,candidate_2,candidate_3,candidate_1,4,0.1475
985,candidate_4,0,candidate_3,0,4,0.1475
986,candidate_4,candidate_2,candidate_3,candidate_1,4,0.1475
987,candidate_4,candidate_2,candidate_3,0,4,0.1475
988,candidate_4,candidate_2,0,candidate_1,4,0.1475
989,candidate_4,candidate_2,0,candidate_1,4,0.1475
990,0,candidate_2,candidate_3,candidate_1,4,0.1475
991,candidate_4,candidate_2,0,candidate_1,4,0.1475
992,candidate_4,0,candidate_3,candidate_1,4,0.1475
993,candidate_4,candidate_2,candidate_3,candidate_1,4,0.1475
994,candidate_4,candidate_2,candidate_3,0,4,0.1475
995,candidate_4,candidate_2,candidate_3,candidate_1,4,0.1475
996,candidate_4,0,0,0,4,0.1475
997,candidate_4,candidate_2,candidate_3,candidate_1,4,0.1475
998,candidate_4,candidate_2,candidate_3,0,4,0.1475
999,candidate_4,candidate_2,0,candidate_1,4,0.1475
1000,candidate_4,candidate_2,candidate_3,candidate_1,4,0.1475
1001,candidate_4,candidate_2,candidate_3,candidate_1,4,0.1475
1002,candidate_4,candidate_2,candidate_3,candidate_1,4,0.1475
1003,candidate_4,candidate_2,candidate_3,0,4,0.1475
1004,candidate_4,candidate_2,0,candidate_1,4,0.1475
1005,candidate_4,candidate_2,candidate_3,candidate_1,4,0.1475
1006,candidate_4,candidate_2,candidate_3,candidate_1,4,0.1475
1007,candidate_4,candidate_2,0,candidate_1,4,0.1475
1008,candidate_4,candidate_2,0,candidate_1,4,0.1475
1009,candidate_4,candidate_2,candidate_3,candidate_1,4,0.1475
1010,0,candidate_2,0,candidate_1,4,0.1475
1011,candidate_4,candidate_2,candidate_3,candidate_1,4,0.1475
1012,candidate_4,0,candidate_3,0,4,0.1475
1013,candidate_4,candidate_2,candidate_3,candidate_1,4,0.1475
1014,candidate_4,candidate_2,candidate_3,0,4,0.1475
1015,candidate_4,candidate_2,candidate_3,0,4,0.1475
1016,candidate_4,0,candidate_3,candidate_1,4,0.1475
1017,candidate_4,candidate_2,candidate_3,candidate_1,4,0.1475
1018,candidate_4,0,0,candidate_1,4,0.1475
1019,candidate_4,candidate_2,candidate_3,candidate_1,4,0.1475
1020,candidate_4,candidate_2,candidate_3,candidate_1,4,0.1475
1021,candidate_4,0,candidate_3,candidate_1,4,0.1475
1022,candidate_4,candidate_2,candidate_3,candidate_1,4,0.1475
1023,candidate_4,candidate_2,candidate_3,candidate_1,4,0.1475
1024,candidate_4,candidate_2,candidate_3,0,4,0.1475
1025,candidate_4,candidate_2,candidate_3,candidate_1,4,0.1475
1026,candidate_4,candidate_2,candidate_3,candidate_1,4,0.1475
1027,candidate_4,candidate_2,candidate_3,candidate_1,4,0.1475
1028,0,candidate_2,candidate_3,candidate_1,4,0.1475
1029,0,0,candidate_3,candidate_1,4,0.1475
1030,candidate_4,candidate_2,candidate_3,candidate_1,4,0.1475
1031,0,candidate_2,candidate_3,candidate_1,4,0.1475
1032,candidate_4,candidate_2,candidate_3,0,4,0.1475
1033,candidate_4,candidate_2,candidate_3,candidate_1,4,0.1475
1034,candidate_4,candidate_2,candidate_3,candidate_1,4,0.1475
1035,candidate_4,candidate_2,candidate_3,0,4,0.1475
1036,0,candidate_2,candidate_3,candidate_1,4,0.1475
1037,candidate_4,candidate_2,candidate_3,0,4,0.1475
1038,candidate_4,candidate_2,candidate_3,candidate_1,4,0.1475
1039,candidate_4,candidate_2,candidate_3,candidate_1,4,0.1475
1040,candidate_4,candidate_2,candidate_3,candidate_1,4,0.1475
1041,candidate_4,candidate_2,candidate_3,0,4,0.1475
1042,candidate_4,candidate_2,candidate_3,candidate_1,4,0.1475
1043,0,candidate_2,0,candidate_1,4,0.1475
1044,0,candidate_2,candidate_3,0,4,0.1475
1045,candidate_4,0,candidate_3,candidate_1,4,0.1475
1046,candidate_4,candidate_2,candidate_3,0,4,0.1475
1047,candidate_4,candidate_2,candidate_3,candidate_1,4,0.1475
1048,candidate_4,candidate_2,0,candidate_1,4,0.1475
1049,candidate_4,candidate_2,candidate_3,candidate_1,4,0.1475
1050,candidate_4,candidate_2,candidate_3,0,4,0.1475
1051,candidate_4,candidate_2,candidate_3,candidate_1,4,0.1475
1052,candidate_4,candidate_2,candidate_3,candidate_1,4,0.1475
1053,candidate_4,candidate_2,candidate_3,candidate_1,4,0.1475
1054,candidate_4,candidate_2,0,candidate_1,4,0.1475
1055,candidate_4,candidate_2,candidate_3,candidate_1,4,0.1475
1056,candidate_4,0,candidate_3,candidate_1,4,0.1475
1057,candidate_4,candidate_2,candidate_3,candidate_1,4,0.1475
1058,candidate_4,candidate_2,candidate_3,candidate_1,4,0.1475
1059,candidate_4,candidate_2,candidate_3,candidate_1,4,0.1475
1060,candidate_4,candidate_2,candidate_3,candidate_1,4,0.1475
1061,0,candidate_2,candidate_3,0,4,0.1475
1062,candidate_4,0,candidate_3,candidate_1,4,0.1475
1063,candidate_4,candidate_2,candidate_3,0,4,0.1475
1064,candidate_4,candidate_2,candidate_3,candidate_1,4,0.1475
1065,candidate_4,candidate_2,candidate_3,candidate_1,4,0.1475
1066,candidate_4,candidate_2,candidate_3,candidate_1,4,0.1475
1067,candidate_4,candidate_2,candidate_3,candidate_1,4,0.1475
1068,candidate_4,candidate_2,candidate_3,candidate_1,4,0.1475
1069,candidate_4,candidate_2,candidate_3,candidate_1,4,0.1475
1070,candidate_4,candidate_2,candidate_3,candidate_1,4,0.1475
1071,candidate_4,candidate_2,candidate_3,candidate_1,4,0.1475
1072,candidate_4,candidate_2,candidate_3,candidate_1,4,0.1475
1073,0,candidate_2,candidate_3,candidate_1,4,0.1475
1074,candidate_4,candidate_2,candidate_3,candidate_1,4,0.1475
1075,candidate_4,0,candidate_3,candidate_1,4,0.1475
1076,candidate_4,candidate_2,candidate_3,candidate_1,4,0.1475
1077,candidate_4,candidate_2,candidate_3,candidate_1,4,0.1475
1078,candidate_4,candidate_2,0,candidate_1,4,0.1475
1079,candidate_4,candidate_2,candidate_3,0,4,0.1475
1080,candidate_4,candidate_2,candidate_3,candidate_1,4,0.1475
1081,candidate_4,candidate_2,0,candidate_1,4,0.1475
1082,candidate_4,candidate_2,candidate_3,candidate_1,4,0.1475
1083,0,candidate_2,candidate_3,0,4,0.1475
1084,candidate_4,0,candidate_3,candidate_1,4,0.1475
1085,0,candidate_2,candidate_3,candidate_1,4,0.1475
1086,candidate_4,candidate_2,candidate_3,candidate_1,4,0.1475
1087,candidate_4,0,candidate_3,candidate_1,4,0.1475
1088,candidate_4,0,candidate_3,candidate_1,4,0.1475
1089,candidate_4,candidate_2,candidate_3,candidate_1,4,0.1475
1090,candidate_4,candidate_2,candidate_3,candidate_1,4,0.1475
1091,candidate_4,candidate_2,candidate_3,0,4,0.1475
1092,candidate_4,candidate_2,0,candidate_1,4,0.1475
1093,candidate_4,0,candidate_3,candidate_1,4,0.1475
1094,candidate_4,0,candidate_3,candidate_1,4,0.1475
1095,candidate_4,candidate_2,0,candidate_1,4,0.1475
1096,candidate_4,candidate_2,candidate_3,candidate_1,4,0.1475
1097,candidate_4,candidate_2,candidate_3,candidate_1,4,0.1475
1098,candidate_4,candidate_2,candidate_3,0,4,0.1475
1099,candidate_4,candidate_2,candidate_3,candidate_1,4,0.1475
1100,0,candidate_2,candidate_3,candidate_1,4,0.1475
1101,candidate_4,candidate_2,candidate_3,candidate_1,4,0.1475
1102,candidate_4,0,candidate_3,candidate_1,4,0.1475
1103,0,candidate_2,candidate_3,candidate_1,4,0.1475
1104,candidate_4,0,candidate_3,candidate_1,4,0.1475
1105,candidate_4,candidate_2,candidate_3,candidate_1,4,0.1475
1106,0,0,candidate_3,candidate_1,4,0.1475
1107,candidate_4,candidate_2,candidate_3,candidate_1,4,0.1475
1108,0,candidate_2,candidate_3,candidate_1,4,0.1475
1109,candidate_4,0,candidate_3,candidate_1,4,0.1475
1110,candidate_4,candidate_2,candidate_3,candidate_1,4,0.1475
1111,candidate_4,candidate_2,candidate_3,candidate_1,4,0.1475
1112,candidate_4,candidate_2,candidate_3,candidate_1,4,0.1475
1113,candidate_4,candidate_2,candidate_3,candidate_1,4,0.1475
1114,0,candidate_2,candidate_3,candidate_1,4,0.1475
1115,candidate_4,candidate_2,0,candidate_1,4,0.1475
1116,0,candidate_2,candidate_3,candidate_1,4,0.1475
1117,candidate_4,candidate_2,0,candidate_1,4,0.1475
1118,0,candidate_2,candidate_3,0,4,0.1475
1119,candidate_4,candidate_2,0,candidate_1,4,0.1475
1120,0,candidate_2,0,candidate_1,4,0.1475
1121,candidate_4,candidate_2,0,candidate_1,4,0.1475
1122,candidate_4,0,candidate_3,0,4,0.1475
1123,candidate_4,candidate_2,0,candidate_1,4,0.1475
1124,candidate_4,candidate_2,candidate_3,candidate_1,4,0.1475
1125,0,candidate_2,candidate_3,candidate_1,4,0.1475
1126,candidate_4,candidate_2,candidate_3,candidate_1,4,0.1475
1127,candidate_4,candidate_2,candidate_3,candidate_1,4,0.1475
1128,0,candidate_2,candidate_3,candidate_1,4,0.1475
1129,candidate_4,candidate_2,candidate_3,candidate_1,4,0.1475
1130,candidate_4,candidate_2,candidate_3,candidate_1,4,0.1475
1131,candidate_4,candidate_2,candidate_3,candidate_1,4,0.1475
1132,candidate_4,0,candidate_3,0,4,0.1475
1133,candidate_4,candidate_2,candidate_3,candidate_1,4,0.1475
1134,candidate_4,candidate_2,candidate_3,0,4,0.1475
1135,candidate_4,candidate_2,candidate_3,candidate_1,4,0.1475
1136,candidate_4,candidate_2,candidate_3,candidate_1,4,0.1475
1137,candidate_4,candidate_2,candidate_3,candidate_1,4,0.1475
1138,candidate_4,candidate_2,candidate_3,candidate_1,4,0.1475
1139,candidate_4,candidate_2,candidate_3,candidate_1,4,0.1475
1140,candidate_4,candidate_2,0,0,4,0.1475
1141,candidate_4,0,0,candidate_1,4,0.1475
1142,candidate_4,candidate_2,candidate_3,candidate_1,4,0.1475
1143,candidate_4,candidate_2,candidate_3,candidate_1,4,0.1475
1144,candidate_4,candidate_2,candidate_3,candidate_1,4,0.1475
1145,candidate_4,candidate_2,candidate_3,candidate_1,4,0.1475
1146,candidate_4,candidate_2,candidate_3,candidate_1,4,0.1475
1147,candidate_4,candidate_2,candidate_3,candidate_1,4,0.1475
1148,candidate_4,candidate_2,0,candidate_1,4,0.1475
1149,candidate_4,candidate_2,candidate_3,candidate_1,4,0.1475
1150,candidate_4,candidate_2,candidate_3,candidate_1,4,0.1475
1151,candidate_4,candidate_2,candidate_3,0,4,0.1475
1152,candidate_4,candidate_2,candidate_3,candidate_1,4,0.1475
1153,candidate_4,candidate_2,candidate_3,candidate_1,4,0.1475
1154,candidate_4,candidate_2,candidate_3,0,4,0.1475
1155,0,candidate_2,candidate_3,candidate_1,4,0.1475
1156,candidate_4,candidate_2,0,candidate_1,4,0.1475
1157,candidate_4,0,candidate_3,candidate_1,4,0.1475
1158,candidate_4,candidate_2,candidate_3,candidate_1,4,0.1475
1159,0,candidate_2,candidate_3,candidate_1,4,0.1475
1160,0,candidate_2,candidate_3,candidate_1,4,0.1475
1161,candidate_4,candidate_2,candidate_3,candidate_1,4,0.1475
1162,candidate_4,candidate_2,candidate_3,candidate_1,4,0.1475
1163,0,candidate_2,candidate_3,candidate_1,4,0.1475
1164,candidate_4,candidate_2,0,candidate_1,4,0.1475
1165,candidate_4,candidate_2,candidate_3,0,4,0.1475
1166,candidate_4,candidate_2,candidate_3,candidate_1,4,0.1475
1167,candidate_4,candidate_2,0,candidate_1,4,0.1475
1168,candidate_4,candidate_2,0,0,4,0.1475
1169,candidate_4,0,candidate_3,candidate_1,4,0.1475
1170,candidate_4,candidate_2,candidate_3,candidate_1,4,0.1475
1171,0,candidate_2,candidate_3,candidate_1,4,0.1475
1172,candidate_4,0,candidate_3,candidate_1,4,0.1475
1173,candidate_4,candidate_2,candidate_3,candidate_1,4,0.1475
1174,candidate_4,0,candidate_3,candidate_1,4,0.1475
1175,candidate_4,candidate_2,candidate_3,candidate_1,4,0.1475
1176,candidate_4,candidate_2,0,candidate_1,4,0.1475
1177,candidate_4,0,candidate_3,candidate_1,4,0.1475
1178,candidate_4,candidate_2,candidate_3,candidate_1,4,0.1475
1179,candidate_4,candidate_2,candidate_3,candidate_1,4,0.1475
1180,candidate_4,candidate_2,candidate_3,candidate_1,4,0.1475
1181,candidate_4,candidate_2,candidate_3,0,4,0.1475
1182,0,candidate_2,candidate_3,candidate_1,4,0.1475
1183,candidate_4,candidate_2,candidate_3,candidate_1,4,0.1475
1184,candidate_4,candidate_2,candidate_3,candidate_1,4,0.1475
1185,candidate_4,0,candidate_3,candidate_1,4,0.1475
1186,candidate_4,0,candidate_3,candidate_1,4,0.1475
1187,candidate_4,candidate_2,candidate_3,0,4,0.1475
1188,0,candidate_2,candidate_3,candidate_1,4,0.1475
1189,0,candidate_2,0,candidate_1,4,0.1475
1190,candidate_4,candidate_2,candidate_3,candidate_1,4,0.1475
1191,candidate_4,candidate_2,candidate_3,candidate_1,4,0.1475
1192,candidate_4,candidate_2,candidate_3,candidate_1,4,0.1475
1193,candidate_4,candidate_2,candidate_3,0,4,0.1475
1194,candidate_4,candidate_2,candidate_3,candidate_1,4,0.1475
1195,candidate_4,candidate_2,candidate_3,candidate_1,4,0.1475
1196,candidate_4,candidate_2,candidate_3,candidate_1,4,0.1475
1197,candidate_4,candidate_2,candidate_3,0,4,0.1475
1198,0,candidate_2,candidate_3,candidate_1,4,0.1475
1199,candidate_4,0,candidate_3,candidate_1,4,0.1475
1200,candidate_4,candidate_2,candidate_3,candidate_1,4,0.1475
1201,candidate_4,candidate_2,candidate_3,0,4,0.1475
1202,candidate_4,candidate_2,candidate_3,candidate_1,4,0.1475
1203,0,candidate_2,candidate_3,candidate_1,4,0.1475
1204,candidate_4,0,candidate_3,candidate_1,4,0.1475
1205,candidate_4,candidate_2,candidate_3,candidate_1,4,0.1475
1206,candidate_4,0,candidate_3,candidate_1,4,0.1475
1207,candidate_4,candidate_2,candidate_3,candidate_1,4,0.1475
1208,candidate_4,candidate_2,candidate_3,candidate_1,4,0.1475
1209,candidate_4,candidate_2,candidate_3,candidate_1,4,0.1475
1210,candidate_4,candidate_2,0,candidate_1,4,0.1475
1211,0,0,candidate_3,0,4,0.1475
1212,candidate_4,0,candidate_3,candidate_1,4,0.1475
1213,candidate_4,candidate_2,candidate_3,0,4,0.1475
1214,0,candidate_2,candidate_3,candidate_1,4,0.1475
1215,candidate_4,candidate_2,candidate_3,candidate_1,4,0.1475
1216,candidate_4,candidate_2,candidate_3,candidate_1,4,0.1475
1217,candidate_4,candidate_2,0,candidate_1,4,0.1475
1218,candidate_4,candidate_2,candidate_3,candidate_1,4,0.1475
1219,0,0,candidate_3,candidate_1,4,0.1475
1220,candidate_4,candidate_2,candidate_3,candidate_1,4,0.1475
1221,candidate_4,candidate_2,candidate_3,candidate_1,4,0.1475
1222,candidate_4,candidate_2,candidate_3,0,4,0.1475
1223,candidate_4,0,candidate_3,candidate_1,4,0.1475
1224,candidate_4,candidate_2,candidate_3,candidate_1,4,0.1475
1225,candidate_4,candidate_2,candidate_3,candidate_1,4,0.1475
1226,candidate_4,candidate_2,candidate_3,candidate_1,4,0.1475
1227,candidate_4,candidate_2,candidate_3,candidate_1,4,0.1475
1228,candidate_4,candidate_2,0,candidate_1,4,0.1475
1229,candidate_4,candidate_2,candidate_3,candidate_1,4,0.1475
1230,0,candidate_2,candidate_3,0,4,0.1475
1231,candidate_4,candidate_2,candidate_3,candidate_1,4,0.1475
1232,candidate_4,candidate_2,candidate_3,candidate_1,4,0.1475
1233,candidate_4,candidate_2,0,candidate_1,4,0.1475
1234,candidate_4,candidate_2,candidate_3,candidate_1,4,0.1475
1235,candidate_4,0,candidate_3,0,4,0.1475
1236,candidate_4,candidate_2,candidate_3,candidate_1,4,0.1475
1237,candidate_4,candidate_2,candidate_3,candidate_1,4,0.1475
1238,candidate_4,candidate_2,candidate_3,candidate_1,4,0.1475
1239,candidate_4,candidate_2,candidate_3,0,4,0.1475
1240,0,candidate_2,candidate_3,candidate_1,4,0.1475
1241,candidate_4,0,0,0,4,0.1475
1242,candidate_4,0,candidate_3,candidate_1,4,0.1475
1243,candidate_4,candidate_2,0,candidate_1,4,0.1475
1244,0,candidate_2,candidate_3,candidate_1,4,0.1475
1245,candidate_4,candidate_2,candidate_3,candidate_1,4,0.1475
1246,candidate_4,candidate_2,candidate_3,candidate_1,4,0.1475
1247,candidate_4,candidate_2,0,candidate_1,4,0.1475
1248,candidate_4,candidate_2,candidate_3,candidate_1,4,0.1475
1249,candidate_4,candidate_2,candidate_3,candidate_1,4,0.1475
1250,candidate_4,candidate_2,candidate_3,0,4,0.1475
1251,candidate_4,candidate_2,candidate_3,candidate_1,4,0.1475
1252,candidate_4,candidate_2,candidate_3,candidate_1,4,0.1475
1253,candidate_4,candidate_2,candidate_3,0,4,0.1475
1254,candidate_4,candidate_2,candidate_3,candidate_1,4,0.1475
1255,candidate_4,candidate_2,candidate_3,candidate_1,4,0.1475
1256,candidate_4,candidate_2,0,candidate_1,4,0.1475
1257,candidate_4,candidate_2,candidate_3,candidate_1,4,0.1475
1258,candidate_4,candidate_2,0,candidate_1,4,0.1475
1259,candidate_4,candidate_2,candidate_3,candidate_1,4,0.1475
1260,candidate_4,candidate_2,candidate_3,candidate_1,4,0.1475
1261,candidate_4,candidate_2,candidate_3,candidate_1,4,0.1475
1262,candidate_4,candidate_2,candidate_3,candidate_1,4,0.1475
1263,0,candidate_2,candidate_3,candidate_1,4,0.1475
1264,candidate_4,candidate_2,candidate_3,candidate_1,4,0.1475
1265,candidate_4,0,candidate_3,candidate_1,4,0.1475
1266,candidate_4,candidate_2,0,candidate_1,4,0.1475
1267,0,candidate_2,0,candidate_1,4,0.1475
1268,0,candidate_2,candidate_3,candidate_1,4,0.1475
1269,candidate_4,candidate_2,candidate_3,candidate_1,4,0.1475
1270,candidate_4,candidate_2,candidate_3,candidate_1,4,0.1475
1271,candidate_4,0,candidate_3,0,4,0.1475
1272,candidate_4,candidate_2,candidate_3,candidate_1,4,0.1475
1273,candidate_4,candidate_2,candidate_3,candidate_1,4,0.1475
1274,candidate_4,candidate_2,candidate_3,0,4,0.1475
1275,candidate_4,candidate_2,candidate_3,0,4,0.1475
1276,0,0,0,0,4,0.1475
1277,candidate_4,candidate_2,candidate_3,candidate_1,4,0.1475
1278,candidate_4,candidate_2,candidate_3,candidate_1,4,0.1475
1279,candidate_4,candidate_2,candidate_3,candidate_1,4,0.1475
1280,candidate_4,candidate_2,candidate_3,candidate_1,4,0.1475
1281,candidate_4,candidate_2,candidate_3,candidate_1,4,0.1475
1282,candidate_4,candidate_2,candidate_3,candidate_1,4,0.1475
1283,candidate_4,candidate_2,candidate_3,candidate_1,4,0.1475
1284,candidate_4,candidate_2,candidate_3,candidate_1,4,0.1475
1285,candidate_4,candidate_2,candidate_3,candidate_1,4,0.1475
1286,candidate_4,candidate_2,0,candidate_1,4,0.1475
1287,candidate_4,candidate_2,candidate_3,candidate_1,4,0.1475
1288,candidate_4,candidate_2,candidate_3,candidate_1,4,0.1475
1289,candidate_4,candidate_2,candidate_3,candidate_1,4,0.1475
1290,candidate_4,candidate_2,candidate_3,candidate_1,4,0.1475
1291,candidate_4,candidate_2,candidate_3,candidate_1,4,0.1475
1292,0,candidate_2,candidate_3,candidate_1,4,0.1475
1293,candidate_4,candidate_2,candidate_3,candidate_1,4,0.1475
1294,candidate_4,candidate_2,candidate_3,candidate_1,4,0.1475
1295,candidate_4,candidate_2,0,candidate_1,4,0.1475
1296,candidate_4,0,candidate_3,candidate_1,4,0.1475
1297,candidate_4,0,candidate_3,candidate_1,4,0.1475
1298,candidate_4,0,candidate_3,candidate_1,4,0.1475
1299,candidate_4,candidate_2,candidate_3,candidate_1,4,0.1475
1300,0,candidate_2,candidate_3,0,4,0.1475
1301,candidate_4,candidate_2,0,candidate_1,4,0.1475
1302,candidate_4,0,candidate_3,candidate_1,4,0.1475
1303,candidate_4,candidate_2,candidate_3,candidate_1,4,0.1475
1304,candidate_4,candidate_2,0,candidate_1,4,0.1475
1305,candidate_4,candidate_2,0,candidate_1,4,0.1475
1306,candidate_4,candidate_2,candidate_3,candidate_1,4,0.1475
1307,0,candidate_2,candidate_3,candidate_1,4,0.1475
1308,candidate_4,candidate_2,candidate_3,candidate_1,4,0.1475
1309,candidate_4,candidate_2,candidate_3,candidate_1,4,0.1475
1310,candidate_4,candidate_2,candidate_3,candidate_1,4,0.1475
1311,0,candidate_2,candidate_3,candidate_1,4,0.1475
1312,candidate_4,candidate_2,candidate_3,candidate_1,4,0.1475
1313,candidate_4,0,candidate_3,candidate_1,4,0.1475
1314,candidate_4,0,0,candidate_1,4,0.1475
1315,candidate_4,candidate_2,candidate_3,0,4,0.1475
1316,candidate_4,candidate_2,candidate_3,candidate_1,4,0.1475
1317,candidate_4,candidate_2,candidate_3,candidate_1,4,0.1475
1318,candidate_4,candidate_2,candidate_3,candidate_1,4,0.1475
1319,candidate_4,candidate_2,candidate_3,candidate_1,4,0.1475
1320,candidate_4,candidate_2,candidate_3,candidate_1,4,0.1475
1321,candidate_4,candidate_2,candidate_3,candidate_1,4,0.1475
1322,candidate_4,candidate_2,candidate_3,candidate_1,4,0.1475
1323,candidate_4,candidate_2,candidate_3,candidate_1,4,0.1475
1324,0,0,candidate_3,candidate_1,4,0.1475
1325,candidate_4,candidate_2,candidate_3,candidate_1,4,0.1475
1326,0,candidate_2,candidate_3,candidate_1,4,0.1475
1327,candidate_4,candidate_2,candidate_3,candidate_1,4,0.1475
1328,candidate_4,candidate_2,candidate_3,candidate_1,4,0.1475
1329,candidate_4,candidate_2,0,candidate_1,4,0.1475
1330,0,candidate_2,0,candidate_1,4,0.1475
1331,candidate_4,candidate_2,candidate_3,candidate_1,4,0.1475
1332,candidate_4,candidate_2,candidate_3,candidate_1,4,0.1475
1333,candidate_4,candidate_2,candidate_3,candidate_1,4,0.1475
1334,candidate_4,candidate_2,candidate_3,candidate_1,4,0.1475
1335,candidate_4,candidate_2,candidate_3,candidate_1,4,0.1475
1336,candidate_4,candidate_2,candidate_3,candidate_1,4,0.1475
1337,candidate_4,candidate_2,candidate_3,candidate_1,4,0.1475
1338,candidate_4,candidate_2,candidate_3,candidate_1,4,0.1475
1339,candidate_4,candidate_2,candidate_3,candidate_1,4,0.1475
1340,candidate_4,candidate_2,0,0,4,0.1475
1341,candidate_4,candidate_2,0,candidate_1,4,0.1475
1342,0,candidate_2,candidate_3,candidate_1,4,0.1475
1343,candidate_4,candidate_2,candidate_3,candidate_1,4,0.1475
1344,candidate_4,candidate_2,candidate_3,candidate_1,4,0.1475
1345,candidate_4,candidate_2,candidate_3,candidate_1,4,0.1475
1346,candidate_4,candidate_2,candidate_3,candidate_1,4,0.1475
1347,candidate_4,0,0,candidate_1,4,0.1475
1348,candidate_4,candidate_2,candidate_3,candidate_1,4,0.1475
1349,candidate_4,candidate_2,candidate_3,candidate_1,4,0.1475
1350,0,candidate_2,candidate_3,candidate_1,4,0.1475
1351,candidate_4,candidate_2,candidate_3,candidate_1,4,0.1475
1352,candidate_4,candidate_2,candidate_3,candidate_1,4,0.1475
1353,candidate_4,candidate_2,candidate_3,candidate_1,4,0.1475
1354,0,candidate_2,candidate_3,candidate_1,4,0.1475
1355,candidate_4,candidate_2,0,candidate_1,4,0.1475
1356,candidate_4,candidate_2,0,candidate_1,4,0.1475
1357,candidate_4,candidate_2,candidate_3,candidate_1,4,0.1475
1358,candidate_4,candidate_2,candidate_3,candidate_1,4,0.1475
1359,candidate_4,candidate_2,candidate_3,candidate_1,4,0.1475
1360,candidate_4,candidate_2,candidate_3,candidate_1,4,0.1475
1361,candidate_4,candidate_2,candidate_3,0,4,0.1475
1362,0,candidate_2,candidate_3,candidate_1,4,0.1475
1363,candidate_4,candidate_2,candidate_3,0,4,0.1475
1364,candidate_4,candidate_2,candidate_3,candidate_1,4,0.1475
1365,candidate_4,candidate_2,candidate_3,candidate_1,4,0.1475
1366,candidate_4,candidate_2,0,candidate_1,4,0.1475
1367,candidate_4,candidate_2,candidate_3,candidate_1,4,0.1475
1368,candidate_4,candidate_2,candidate_3,candidate_1,4,0.1475
1369,candidate_4,candidate_2,candidate_3,candidate_1,4,0.1475
1370,candidate_4,candidate_2,candidate_3,0,4,0.1475
1371,candidate_4,0,0,candidate_1,4,0.1475
1372,candidate_4,candidate_2,candidate_3,candidate_1,4,0.1475
1373,candidate_4,candidate_2,candidate_3,candidate_1,4,0.1475
1374,candidate_4,0,0,candidate_1,4,0.1475
1375,candidate_4,0,candidate_3,0,4,0.1475
1376,candidate_4,candidate_2,candidate_3,0,4,0.1475
1377,0,candidate_2,candidate_3,candidate_1,4,0.1475
1378,candidate_4,candidate_2,0,candidate_1,4,0.1475
1379,candidate_4,candidate_2,0,candidate_1,4,0.1475
1380,candidate_4,candidate_2,candidate_3,candidate_1,4,0.1475
1381,0,candidate_2,candidate_3,candidate_1,4,0.1475
1382,candidate_4,candidate_2,candidate_3,candidate_1,4,0.1475
1383,candidate_4,candidate_2,candidate_3,0,4,0.1475
1384,candidate_4,candidate_2,candidate_3,candidate_1,4,0.1475
1385,candidate_4,candidate_2,candidate_3,candidate_1,4,0.1475
1386,candidate_4,candidate_2,candidate_3,candidate_1,4,0.1475
1387,candidate_4,candidate_2,candidate_3,candidate_1,4,0.1475
1388,candidate_4,candidate_2,candidate_3,candidate_1,4,0.1475
1389,candidate_4,candidate_2,candidate_3,0,4,0.1475
1390,0,0,candidate_3,candidate_1,4,0.1475
1391,candidate_4,candidate_2,candidate_3,0,4,0.1475
1392,candidate_4,candidate_2,candidate_3,candidate_1,4,0.1475
1393,candidate_4,0,candidate_3,0,4,0.1475
1394,candidate_4,candidate_2,candidate_3,candidate_1,4,0.1475
1395,candidate_4,0,candidate_3,candidate_1,4,0.1475
1396,0,candidate_2,candidate_3,candidate_1,4,0.1475
1397,candidate_4,candidate_2,0,candidate_1,4,0.1475
1398,0,candidate_2,candidate_3,candidate_1,4,0.1475
1399,candidate_4,candidate_2,candidate_3,candidate_1,4,0.1475
1400,candidate_4,candidate_2,candidate_3,candidate_1,4,0.1475
1401,candidate_4,candidate_2,candidate_3,0,4,0.1475
1402,candidate_4,candidate_2,candidate_3,candidate_1,4,0.1475
1403,candidate_4,candidate_2,candidate_3,candidate_1,4,0.1475
1404,candidate_4,candidate_2,0,candidate_1,4,0.1475
1405,candidate_4,candidate_2,candidate_3,candidate_1,4,0.1475
1406,candidate_4,candidate_2,candidate_3,candidate_1,4,0.1475
1407,candidate_4,0,candidate_3,0,4,0.1475
1408,candidate_4,candidate_2,candidate_3,candidate_1,4,0.1475
1409,candidate_4,candidate_2,candidate_3,candidate_1,4,0.1475
1410,candidate_4,candidate_2,candidate_3,candidate_1,4,0.1475
1411,candidate_4,candidate_2,candidate_3,0,4,0.1475
1412,0,candidate_2,candidate_3,candidate_1,4,0.1475
1413,candidate_4,candidate_2,candidate_3,candidate_1,4,0.1475
1414,candidate_4,candidate_2,candidate_3,0,4,0.1475
1415,candidate_4,0,candidate_3,0,4,0.1475
1416,candidate_4,candidate_2,candidate_3,candidate_1,4,0.1475
1417,candidate_4,candidate_2,candidate_3,candidate_1,4,0.1475
1418,candidate_4,candidate_2,candidate_3,candidate_1,4,0.1475
1419,0,candidate_2,candidate_3,candidate_1,4,0.1475
1420,candidate_4,candidate_2,candidate_3,candidate_1,4,0.1475
1421,candidate_4,0,candidate_3,0,4,0.1475
1422,candidate_4,candidate_2,candidate_3,candidate_1,4,0.1475
1423,candidate_4,candidate_2,candidate_3,0,4,0.1475
1424,candidate_4,candidate_2,candidate_3,candidate_1,4,0.1475
1425,candidate_4,candidate_2,candidate_3,candidate_1,4,0.1475
1426,0,candidate_2,candidate_3,candidate_1,4,0.1475
1427,candidate_4,candidate_2,candidate_3,0,4,0.1475
1428,0,candidate_2,0,0,4,0.1475
1429,candidate_4,0,candidate_3,0,4,0.1475
1430,candidate_4,candidate_2,0,candidate_1,4,0.1475
1431,0,candidate_2,candidate_3,0,4,0.1475
1432,candidate_4,candidate_2,candidate_3,candidate_1,4,0.1475
1433,candidate_4,candidate_2,candidate_3,candidate_1,4,0.1475
1434,0,candidate_2,candidate_3,candidate_1,4,0.1475
1435,candidate_4,candidate_2,0,candidate_1,4,0.1475
1436,candidate_4,candidate_2,candidate_3,candidate_1,4,0.1475
1437,candidate_4,candidate_2,candidate_3,candidate_1,4,0.1475
1438,candidate_4,candidate_2,candidate_3,candidate_1,4,0.1475
1439,candidate_4,candidate_2,candidate_3,candidate_1,4,0.1475
1440,candidate_4,candidate_2,0,candidate_1,4,0.1475
1441,candidate_4,candidate_2,candidate_3,candidate_1,4,0.1475
1442,candidate_4,candidate_2,candidate_3,candidate_1,4,0.1475
1443,candidate_4,candidate_2,candidate_3,candidate_1,4,0.1475
1444,candidate_4,candidate_2,candidate_3,candidate_1,4,0.1475
1445,0,candidate_2,candidate_3,candidate_1,4,0.1475
1446,candidate_4,candidate_2,candidate_3,0,4,0.1475
1447,candidate_4,candidate_2,candidate_3,candidate_1,4,0.1475
1448,candidate_4,0,candidate_3,candidate_1,4,0.1475
1449,candidate_4,0,0,candidate_1,4,0.1475
1450,candidate_4,candidate_2,candidate_3,0,4,0.1475
1451,candidate_4,candidate_2,candidate_3,0,4,0.1475
1452,0,0,candidate_3,0,4,0.1475
1453,0,0,candidate_3,candidate_1,4,0.1475
1454,candidate_4,candidate_2,0,candidate_1,4,0.1475
1455,candidate_4,candidate_2,candidate_3,0,4,0.1475
1456,candidate_4,candidate_2,candidate_3,candidate_1,4,0.1475
1457,candidate_4,candidate_2,candidate_3,candidate_1,4,0.1475
1458,candidate_4,candidate_2,candidate_3,candidate_1,4,0.1475
1459,candidate_4,candidate_2,candidate_3,candidate_1,4,0.1475
1460,candidate_4,candidate_2,candidate_3,candidate_1,4,0.1475
1461,candidate_4,candidate_2,candidate_3,candidate_1,4,0.1475
1462,candidate_4,0,candidate_3,candidate_1,4,0.1475
1463,candidate_4,candidate_2,candidate_3,candidate_1,4,0.1475
1464,0,candidate_2,candidate_3,candidate_1,4,0.1475
1465,candidate_4,0,0,candidate_1,4,0.1475
1466,candidate_4,candidate_2,candidate_3,candidate_1,4,0.1475
1467,0,0,0,0,4,0.1475
1468,candidate_4,candidate_2,candidate_3,candidate_1,4,0.1475
1469,candidate_4,candidate_2,0,candidate_1,4,0.1475
1470,candidate_4,candidate_2,candidate_3,candidate_1,4,0.1475
1471,candidate_4,candidate_2,candidate_3,candidate_1,4,0.1475
1472,candidate_4,candidate_2,candidate_3,0,4,0.1475
1473,candidate_4,candidate_2,candidate_3,candidate_1,4,0.1475
1474,candidate_4,candidate_2,0,candidate_1,4,0.1475
1475,candidate_4,candidate_2,candidate_3,candidate_1,4,0.1475
1476,candidate_4,candidate_2,0,candidate_1,4,0.1475
1477,candidate_4,candidate_2,candidate_3,candidate_1,4,0.1475
1478,candidate_4,candidate_2,candidate_3,candidate_1,4,0.1475
1479,0,candidate_2,candidate_3,candidate_1,4,0.1475
1480,candidate_4,candidate_2,candidate_3,candidate_1,4,0.1475
1481,candidate_4,candidate_2,0,candidate_1,4,0.1475
1482,candidate_4,candidate_2,candidate_3,0,4,0.1475
1483,candidate_4,candidate_2,candidate_3,candidate_1,4,0.1475
1484,candidate_4,candidate_2,0,candidate_1,4,0.1475
1485,candidate_4,candidate_2,candidate_3,candidate_1,4,0.1475
1486,candidate_4,0,0,candidate_1,4,0.1475
1487,candidate_4,candidate_2,0,candidate_1,4,0.1475
1488,candidate_4,candidate_2,candidate_3,candidate_1,4,0.1475
1489,candidate_4,0,candidate_3,candidate_1,4,0.1475
1490,candidate_4,0,candidate_3,0,4,0.1475
1491,candidate_4,candidate_2,candidate_3,candidate_1,4,0.1475
1492,0,candidate_2,0,candidate_1,4,0.1475
1493,candidate_4,0,candidate_3,candidate_1,4,0.1475
1494,candidate_4,candidate_2,candidate_3,candidate_1,4,0.1475
1495,0,candidate_2,candidate_3,candidate_1,4,0.1475
1496,candidate_4,candidate_2,candidate_3,candidate_1,4,0.1475
1497,0,0,candidate_3,candidate_1,4,0.1475
1498,0,candidate_2,candidate_3,candidate_1,4,0.1475
1499,candidate_4,candidate_2,candidate_3,candidate_1,4,0.1475
1500,0,candidate_2,candidate_3,candidate_1,4,0.1475
1501,candidate_4,candidate_2,candidate_3,candidate_1,4,0.1475
1502,candidate_4,candidate_2,candidate_3,candidate_1,4,0.1475
1503,candidate_4,candidate_2,candidate_3,candidate_1,4,0.1475
1504,candidate_4,0,candidate_3,0,4,0.1475
1505,candidate_4,candidate_2,candidate_3,candidate_1,4,0.1475
1506,candidate_4,0,candidate_3,0,4,0.1475
1507,candidate_4,0,0,candidate_1,4,0.1475
1508,candidate_4,candidate_2,candidate_3,candidate_1,4,0.1475
1509,candidate_4,candidate_2,candidate_3,candidate_1,4,0.1475
1510,candidate_4,0,candidate_3,candidate_1,4,0.1475
1511,candidate_4,0,candidate_3,candidate_1,4,0.1475
1512,candidate_4,candidate_2,candidate_3,candidate_1,4,0.1475
1513,candidate_4,candidate_2,candidate_3,candidate_1,4,0.1475
1514,candidate_4,candidate_2,candidate_3,candidate_1,4,0.1475
1515,candidate_4,candidate_2,0,candidate_1,4,0.1475
1516,candidate_4,0,candidate_3,candidate_1,4,0.1475
1517,candidate_4,candidate_2,candidate_3,candidate_1,4,0.1475
1518,candidate_4,candidate_2,candidate_3,candidate_1,4,0.1475
1519,candidate_4,candidate_2,candidate_3,candidate_1,4,0.1475
1520,candidate_4,candidate_2,candidate_3,candidate_1,4,0.1475
1521,candidate_4,candidate_2,candidate_3,candidate_1,4,0.1475
1522,0,candidate_2,candidate_3,candidate_1,4,0.1475
1523,candidate_4,candidate_2,candidate_3,candidate_1,4,0.1475
1524,candidate_4,candidate_2,candidate_3,candidate_1,4,0.1475
1525,candidate_4,0,candidate_3,candidate_1,4,0.1475
1526,candidate_4,candidate_2,candidate_3,candidate_1,4,0.1475
1527,candidate_4,candidate_2,0,candidate_1,4,0.1475
1528,candidate_4,candidate_2,candidate_3,candidate_1,4,0.1475
1529,candidate_4,candidate_2,candidate_3,candidate_1,4,0.1475
1530,candidate_4,candidate_2,candidate_3,candidate_1,4,0.1475
1531,candidate_4,candidate_2,candidate_3,candidate_1,4,0.1475
1532,candidate_4,candidate_2,0,candidate_1,4,0.1475
1533,candidate_4,candidate_2,candidate_3,candidate_1,4,0.1475
1534,candidate_4,candidate_2,candidate_3,candidate_1,4,0.1475
1535,0,candidate_2,candidate_3,0,4,0.1475
1536,0,0,candidate_3,candidate_1,4,0.1475
1537,candidate_4,candidate_2,candidate_3,0,4,0.1475
1538,candidate_4,candidate_2,candidate_3,0,4,0.1475
1539,candidate_4,candidate_2,0,candidate_1,4,0.1475
1540,candidate_4,candidate_2,candidate_3,candidate_1,4,0.1475
1541,candidate_4,candidate_2,0,candidate_1,4,0.1475
1542,candidate_4,0,candidate_3,candidate_1,4,0.1475
1543,candidate_4,candidate_2,candidate_3,0,4,0.1475
1544,candidate_4,candidate_2,candidate_3,candidate_1,4,0.1475
1545,candidate_4,candidate_2,0,candidate_1,4,0.1475
1546,candidate_4,candidate_2,candidate_3,candidate_1,4,0.1475
1547,candidate_4,candidate_2,candidate_3,candidate_1,4,0.1475
1548,candidate_4,candidate_2,candidate_3,candidate_1,4,0.1475
1549,candidate_4,candidate_2,0,candidate_1,4,0.1475
1550,candidate_4,candidate_2,0,0,4,0.1475
1551,0,candidate_2,candidate_3,candidate_1,4,0.1475
1552,0,candidate_2,candidate_3,candidate_1,4,0.1475
1553,candidate_4,candidate_2,candidate_3,candidate_1,4,0.1475
1554,candidate_4,candidate_2,candidate_3,candidate_1,4,0.1475
1555,candidate_4,candidate_2,candidate_3,candidate_1,4,0.1475
1556,candidate_4,candidate_2,candidate_3,candidate_1,4,0.1475
0,candidate_4,candidate_3,candidate_1,candidate_2,4,0.1475
1,candidate_4,candidate_3,candidate_1,candidate_2,4,0.1475
2,candidate_4,candidate_3,candidate_1,candidate_2,4,0.1475
3,0,candidate_3,candidate_1,candidate_2,4,0.1475
4,candidate_4,candidate_3,candidate_1,0,4,0.1475
5,candidate_4,candidate_3,candidate_1,candidate_2,4,0.1475
6,candidate_4,candidate_3,candidate_1,candidate_2,4,0.1475
7,candidate_4,candidate_3,candidate_1,candidate_2,4,0.1475
8,candidate_4,candidate_3,candidate_1,0,4,0.1475
9,candidate_4,candidate_3,candidate_1,candidate_2,4,0.1475
10,candidate_4,0,candidate_1,candidate_2,4,0.1475
11,candidate_4,0,candidate_1,candidate_2,4,0.1475
12,candidate_4,candidate_3,candidate_1,candidate_2,4,0.1475
13,candidate_4,candidate_3,candidate_1,candidate_2,4,0.1475
14,candidate_4,candidate_3,candidate_1,candidate_2,4,0.1475
15,candidate_4,candidate_3,candidate_1,candidate_2,4,0.1475
16,candidate_4,candidate_3,0,0,4,0.1475
17,0,candidate_3,0,0,4,0.1475
18,candidate_4,candidate_3,candidate_1,candidate_2,4,0.1475
19,candidate_4,0,candidate_1,candidate_2,4,0.1475
20,0,candidate_3,0,candidate_2,4,0.1475
21,candidate_4,candidate_3,candidate_1,candidate_2,4,0.1475
22,candidate_4,0,candidate_1,candidate_2,4,0.1475
23,0,candidate_3,0,candidate_2,4,0.1475
24,candidate_4,candidate_3,candidate_1,candidate_2,4,0.1475
25,candidate_4,candidate_3,candidate_1,candidate_2,4,0.1475
26,candidate_4,candidate_3,candidate_1,candidate_2,4,0.1475
27,candidate_4,candidate_3,0,candidate_2,4,0.1475
28,0,candidate_3,candidate_1,candidate_2,4,0.1475
29,candidate_4,candidate_3,candidate_1,candidate_2,4,0.1475
30,candidate_4,candidate_3,candidate_1,candidate_2,4,0.1475
31,candidate_4,0,candidate_1,candidate_2,4,0.1475
32,candidate_4,candidate_3,candidate_1,candidate_2,4,0.1475
33,candidate_4,candidate_3,candidate_1,0,4,0.1475
34,0,candidate_3,candidate_1,candidate_2,4,0.1475
35,candidate_4,candidate_3,candidate_1,candidate_2,4,0.1475
36,candidate_4,candidate_3,candidate_1,candidate_2,4,0.1475
37,candidate_4,candidate_3,candidate_1,candidate_2,4,0.1475
38,0,candidate_3,0,candidate_2,4,0.1475
39,candidate_4,0,candidate_1,candidate_2,4,0.1475
40,candidate_4,candidate_3,candidate_1,candidate_2,4,0.1475
41,0,candidate_3,candidate_1,candidate_2,4,0.1475
42,candidate_4,0,candidate_1,candidate_2,4,0.1475
43,candidate_4,candidate_3,candidate_1,candidate_2,4,0.1475
44,candidate_4,candidate_3,candidate_1,candidate_2,4,0.1475
45,candidate_4,candidate_3,candidate_1,candidate_2,4,0.1475
46,candidate_4,candidate_3,0,candidate_2,4,0.1475
47,candidate_4,candidate_3,candidate_1,candidate_2,4,0.1475
48,candidate_4,candidate_3,0,candidate_2,4,0.1475
49,candidate_4,0,0,candidate_2,4,0.1475
50,candidate_4,candidate_3,candidate_1,candidate_2,4,0.1475
51,0,candidate_3,candidate_1,candidate_2,4,0.1475
52,candidate_4,candidate_3,candidate_1,candidate_2,4,0.1475
53,candidate_4,candidate_3,0,candidate_2,4,0.1475
54,candidate_4,candidate_3,candidate_1,0,4,0.1475
55,candidate_4,candidate_3,candidate_1,candidate_2,4,0.1475
56,candidate_4,candidate_3,candidate_1,candidate_2,4,0.1475
57,candidate_4,candidate_3,candidate_1,candidate_2,4,0.1475
58,0,0,candidate_1,candidate_2,4,0.1475
59,candidate_4,candidate_3,candidate_1,candidate_2,4,0.1475
60,candidate_4,candidate_3,candidate_1,candidate_2,4,0.1475
61,candidate_4,candidate_3,candidate_1,candidate_2,4,0.1475
62,candidate_4,candidate_3,candidate_1,candidate_2,4,0.1475
63,candidate_4,candidate_3,candidate_1,candidate_2,4,0.1475
64,candidate_4,candidate_3,candidate_1,candidate_2,4,0.1475
65,candidate_4,candidate_3,candidate_1,candidate_2,4,0.1475
66,candidate_4,candidate_3,candidate_1,candidate_2,4,0.1475
67,candidate_4,candidate_3,candidate_1,candidate_2,4,0.1475
68,0,candidate_3,candidate_1,candidate_2,4,0.1475
69,0,candidate_3,candidate_1,0,4,0.1475
70,candidate_4,0,candidate_1,candidate_2,4,0.1475
71,candidate_4,0,candidate_1,candidate_2,4,0.1475
72,candidate_4,candidate_3,0,0,4,0.1475
73,candidate_4,candidate_3,0,candidate_2,4,0.1475
74,candidate_4,candidate_3,candidate_1,candidate_2,4,0.1475
75,candidate_4,candidate_3,candidate_1,0,4,0.1475
76,0,candidate_3,candidate_1,candidate_2,4,0.1475
77,candidate_4,0,candidate_1,candidate_2,4,0.1475
78,0,candidate_3,candidate_1,0,4,0.1475
79,candidate_4,candidate_3,candidate_1,candidate_2,4,0.1475
80,candidate_4,candidate_3,0,candidate_2,4,0.1475
81,candidate_4,candidate_3,candidate_1,candidate_2,4,0.1475
82,candidate_4,candidate_3,candidate_1,candidate_2,4,0.1475
83,candidate_4,candidate_3,0,candidate_2,4,0.1475
84,candidate_4,0,candidate_1,0,4,0.1475
85,candidate_4,candidate_3,candidate_1,candidate_2,4,0.1475
86,candidate_4,candidate_3,candidate_1,candidate_2,4,0.1475
87,candidate_4,candidate_3,candidate_1,candidate_2,4,0.1475
88,candidate_4,candidate_3,0,candidate_2,4,0.1475
89,candidate_4,candidate_3,candidate_1,candidate_2,4,0.1475
90,candidate_4,candidate_3,candidate_1,candidate_2,4,0.1475
91,0,candidate_3,candidate_1,0,4,0.1475
92,candidate_4,candidate_3,candidate_1,candidate_2,4,0.1475
93,candidate_4,candidate_3,candidate_1,candidate_2,4,0.1475
94,candidate_4,candidate_3,candidate_1,candidate_2,4,0.1475
95,candidate_4,candidate_3,candidate_1,0,4,0.1475
96,candidate_4,candidate_3,candidate_1,0,4,0.1475
97,candidate_4,candidate_3,candidate_1,candidate_2,4,0.1475
98,candidate_4,candidate_3,candidate_1,candidate_2,4,0.1475
99,candidate_4,candidate_3,candidate_1,candidate_2,4,0.1475
100,candidate_4,0,candidate_1,candidate_2,4,0.1475
101,candidate_4,candidate_3,candidate_1,candidate_2,4,0.1475
102,candidate_4,candidate_3,candidate_1,candidate_2,4,0.1475
103,candidate_4,candidate_3,0,candidate_2,4,0.1475
104,candidate_4,candidate_3,candidate_1,candidate_2,4,0.1475
105,candidate_4,candidate_3,candidate_1,candidate_2,4,0.1475
106,candidate_4,candidate_3,candidate_1,candidate_2,4,0.1475
107,candidate_4,0,candidate_1,candidate_2,4,0.1475
108,candidate_4,candidate_3,0,candidate_2,4,0.1475
109,candidate_4,0,0,candidate_2,4,0.1475
110,candidate_4,candidate_3,candidate_1,candidate_2,4,0.1475
111,0,0,candidate_1,candidate_2,4,0.1475
112,candidate_4,candidate_3,0,candidate_2,4,0.1475
113,candidate_4,candidate_3,candidate_1,0,4,0.1475
114,candidate_4,candidate_3,candidate_1,candidate_2,4,0.1475
115,candidate_4,candidate_3,candidate_1,0,4,0.1475
116,candidate_4,candidate_3,candidate_1,candidate_2,4,0.1475
117,candidate_4,candidate_3,candidate_1,candidate_2,4,0.1475
118,0,candidate_3,candidate_1,candidate_2,4,0.1475
119,candidate_4,candidate_3,candidate_1,candidate_2,4,0.1475
120,candidate_4,candidate_3,candidate_1,0,4,0.1475
121,candidate_4,candidate_3,candidate_1,candidate_2,4,0.1475
122,candidate_4,candidate_3,0,candidate_2,4,0.1475
123,candidate_4,candidate_3,candidate_1,candidate_2,4,0.1475
124,candidate_4,candidate_3,candidate_1,candidate_2,4,0.1475
125,candidate_4,candidate_3,candidate_1,candidate_2,4,0.1475
126,candidate_4,candidate_3,candidate_1,candidate_2,4,0.1475
127,candidate_4,candidate_3,candidate_1,candidate_2,4,0.1475
128,candidate_4,candidate_3,candidate_1,candidate_2,4,0.1475
129,candidate_4,candidate_3,0,candidate_2,4,0.1475
130,candidate_4,candidate_3,candidate_1,candidate_2,4,0.1475
131,candidate_4,0,candidate_1,0,4,0.1475
132,candidate_4,candidate_3,candidate_1,0,4,0.1475
133,0,candidate_3,candidate_1,candidate_2,4,0.1475
134,candidate_4,candidate_3,candidate_1,0,4,0.1475
135,candidate_4,0,candidate_1,candidate_2,4,0.1475
136,candidate_4,candidate_3,0,0,4,0.1475
137,0,candidate_3,candidate_1,candidate_2,4,0.1475
138,candidate_4,candidate_3,candidate_1,candidate_2,4,0.1475
139,candidate_4,candidate_3,candidate_1,0,4,0.1475
140,candidate_4,candidate_3,candidate_1,candidate_2,4,0.1475
141,candidate_4,candidate_3,candidate_1,candidate_2,4,0.1475
142,candidate_4,candidate_3,candidate_1,candidate_2,4,0.1475
143,0,candidate_3,candidate_1,candidate_2,4,0.1475
144,candidate_4,candidate_3,candidate_1,candidate_2,4,0.1475
145,candidate_4,candidate_3,candidate_1,candidate_2,4,0.1475
146,candidate_4,candidate_3,candidate_1,candidate_2,4,0.1475
147,candidate_4,0,candidate_1,candidate_2,4,0.1475
148,0,candidate_3,candidate_1,candidate_2,4,0.1475
149,candidate_4,candidate_3,candidate_1,candidate_2,4,0.1475
150,candidate_4,candidate_3,0,candidate_2,4,0.1475
151,candidate_4,candidate_3,candidate_1,0,4,0.1475
152,candidate_4,candidate_3,candidate_1,candidate_2,4,0.1475
153,candidate_4,0,candidate_1,candidate_2,4,0.1475
154,candidate_4,candidate_3,candidate_1,candidate_2,4,0.1475
155,candidate_4,candidate_3,candidate_1,candidate_2,4,0.1475
156,candidate_4,candidate_3,candidate_1,candidate_2,4,0.1475
157,candidate_4,candidate_3,candidate_1,candidate_2,4,0.1475
158,candidate_4,candidate_3,0,candidate_2,4,0.1475
159,candidate_4,candidate_3,candidate_1,candidate_2,4,0.1475
160,candidate_4,candidate_3,candidate_1,candidate_2,4,0.1475
161,candidate_4,candidate_3,candidate_1,candidate_2,4,0.1475
162,candidate_4,candidate_3,candidate_1,candidate_2,4,0.1475
163,0,candidate_3,candidate_1,candidate_2,4,0.1475
164,candidate_4,candidate_3,candidate_1,candidate_2,4,0.1475
165,candidate_4,candidate_3,0,candidate_2,4,0.1475
166,candidate_4,candidate_3,candidate_1,candidate_2,4,0.1475
167,candidate_4,candidate_3,candidate_1,candidate_2,4,0.1475
168,candidate_4,candidate_3,candidate_1,candidate_2,4,0.1475
169,candidate_4,candidate_3,0,candidate_2,4,0.1475
170,candidate_4,candidate_3,candidate_1,candidate_2,4,0.1475
171,candidate_4,candidate_3,candidate_1,candidate_2,4,0.1475
172,candidate_4,candidate_3,0,candidate_2,4,0.1475
173,candidate_4,0,candidate_1,0,4,0.1475
174,candidate_4,candidate_3,candidate_1,candidate_2,4,0.1475
175,candidate_4,candidate_3,candidate_1,candidate_2,4,0.1475
176,candidate_4,candidate_3,candidate_1,0,4,0.1475
177,0,candidate_3,candidate_1,candidate_2,4,0.1475
178,candidate_4,0,candidate_1,0,4,0.1475
179,candidate_4,candidate_3,candidate_1,candidate_2,4,0.1475
180,candidate_4,candidate_3,0,candidate_2,4,0.1475
181,candidate_4,candidate_3,candidate_1,candidate_2,4,0.1475
182,candidate_4,candidate_3,candidate_1,candidate_2,4,0.1475
183,candidate_4,candidate_3,0,candidate_2,4,0.1475
184,candidate_4,candidate_3,candidate_1,candidate_2,4,0.1475
185,candidate_4,candidate_3,candidate_1,candidate_2,4,0.1475
186,candidate_4,candidate_3,candidate_1,candidate_2,4,0.1475
187,candidate_4,candidate_3,candidate_1,candidate_2,4,0.1475
188,candidate_4,candidate_3,candidate_1,candidate_2,4,0.1475
189,candidate_4,candidate_3,candidate_1,candidate_2,4,0.1475
190,candidate_4,candidate_3,0,candidate_2,4,0.1475
191,candidate_4,candidate_3,candidate_1,candidate_2,4,0.1475
192,candidate_4,candidate_3,0,0,4,0.1475
193,candidate_4,candidate_3,candidate_1,0,4,0.1475
194,candidate_4,candidate_3,candidate_1,candidate_2,4,0.1475
195,candidate_4,candidate_3,candidate_1,candidate_2,4,0.1475
196,candidate_4,candidate_3,candidate_1,candidate_2,4,0.1475
197,candidate_4,candidate_3,candidate_1,candidate_2,4,0.1475
198,candidate_4,candidate_3,candidate_1,candidate_2,4,0.1475
199,candidate_4,candidate_3,0,candidate_2,4,0.1475
200,candidate_4,candidate_3,candidate_1,candidate_2,4,0.1475
201,candidate_4,candidate_3,candidate_1,candidate_2,4,0.1475
202,candidate_4,candidate_3,candidate_1,candidate_2,4,0.1475
203,candidate_4,candidate_3,0,candidate_2,4,0.1475
204,candidate_4,candidate_3,candidate_1,0,4,0.1475
205,candidate_4,candidate_3,candidate_1,candidate_2,4,0.1475
206,0,candidate_3,candidate_1,candidate_2,4,0.1475
207,0,candidate_3,candidate_1,candidate_2,4,0.1475
208,candidate_4,0,0,candidate_2,4,0.1475
209,candidate_4,candidate_3,candidate_1,candidate_2,4,0.1475
210,candidate_4,candidate_3,candidate_1,candidate_2,4,0.1475
211,candidate_4,candidate_3,candidate_1,candidate_2,4,0.1475
212,candidate_4,candidate_3,candidate_1,0,4,0.1475
213,0,candidate_3,candidate_1,candidate_2,4,0.1475
214,0,candidate_3,candidate_1,candidate_2,4,0.1475
215,candidate_4,candidate_3,candidate_1,candidate_2,4,0.1475
216,candidate_4,candidate_3,0,candidate_2,4,0.1475
217,candidate_4,candidate_3,candidate_1,candidate_2,4,0.1475
218,candidate_4,candidate_3,candidate_1,candidate_2,4,0.1475
219,candidate_4,candidate_3,candidate_1,candidate_2,4,0.1475
220,0,candidate_3,candidate_1,candidate_2,4,0.1475
221,candidate_4,candidate_3,candidate_1,candidate_2,4,0.1475
222,candidate_4,candidate_3,candidate_1,0,4,0.1475
223,candidate_4,candidate_3,0,0,4,0.1475
224,candidate_4,candidate_3,candidate_1,candidate_2,4,0.1475
225,candidate_4,candidate_3,0,candidate_2,4,0.1475
226,candidate_4,candidate_3,candidate_1,candidate_2,4,0.1475
227,candidate_4,candidate_3,candidate_1,candidate_2,4,0.1475
228,candidate_4,candidate_3,candidate_1,candidate_2,4,0.1475
229,candidate_4,candidate_3,0,candidate_2,4,0.1475
230,candidate_4,candidate_3,candidate_1,candidate_2,4,0.1475
231,0,0,candidate_1,candidate_2,4,0.1475
232,candidate_4,candidate_3,candidate_1,candidate_2,4,0.1475
233,candidate_4,candidate_3,candidate_1,0,4,0.1475
234,candidate_4,candidate_3,candidate_1,candidate_2,4,0.1475
235,candidate_4,candidate_3,candidate_1,candidate_2,4,0.1475
236,candidate_4,candidate_3,candidate_1,candidate_2,4,0.1475
237,0,candidate_3,candidate_1,candidate_2,4,0.1475
238,candidate_4,candidate_3,candidate_1,candidate_2,4,0.1475
239,candidate_4,candidate_3,candidate_1,candidate_2,4,0.1475
240,candidate_4,candidate_3,candidate_1,candidate_2,4,0.1475
241,candidate_4,candidate_3,candidate_1,candidate_2,4,0.1475
242,candidate_4,candidate_3,0,candidate_2,4,0.1475
243,candidate_4,candidate_3,candidate_1,candidate_2,4,0.1475
244,candidate_4,candidate_3,0,candidate_2,4,0.1475
245,candidate_4,candidate_3,candidate_1,candidate_2,4,0.1475
246,candidate_4,0,candidate_1,candidate_2,4,0.1475
247,candidate_4,candidate_3,candidate_1,candidate_2,4,0.1475
248,candidate_4,candidate_3,candidate_1,candidate_2,4,0.1475
249,candidate_4,candidate_3,candidate_1,candidate_2,4,0.1475
250,candidate_4,candidate_3,candidate_1,candidate_2,4,0.1475
251,candidate_4,candidate_3,candidate_1,0,4,0.1475
252,candidate_4,candidate_3,0,0,4,0.1475
253,0,candidate_3,candidate_1,candidate_2,4,0.1475
254,candidate_4,0,candidate_1,candidate_2,4,0.1475
255,0,candidate_3,0,0,4,0.1475
256,candidate_4,0,candidate_1,candidate_2,4,0.1475
257,candidate_4,candidate_3,candidate_1,candidate_2,4,0.1475
258,candidate_4,candidate_3,candidate_1,candidate_2,4,0.1475
259,candidate_4,candidate_3,candidate_1,candidate_2,4,0.1475
260,candidate_4,0,candidate_1,candidate_2,4,0.1475
261,candidate_4,candidate_3,candidate_1,candidate_2,4,0.1475
262,candidate_4,0,candidate_1,candidate_2,4,0.1475
263,candidate_4,candidate_3,0,candidate_2,4,0.1475
264,candidate_4,candidate_3,candidate_1,candidate_2,4,0.1475
265,0,candidate_3,0,candidate_2,4,0.1475
266,candidate_4,candidate_3,candidate_1,candidate_2,4,0.1475
267,candidate_4,candidate_3,candidate_1,0,4,0.1475
268,0,0,candidate_1,candidate_2,4,0.1475
269,candidate_4,candidate_3,candidate_1,candidate_2,4,0.1475
270,candidate_4,0,0,candidate_2,4,0.1475
271,candidate_4,candidate_3,candidate_1,candidate_2,4,0.1475
272,candidate_4,candidate_3,candidate_1,0,4,0.1475
273,candidate_4,candidate_3,candidate_1,candidate_2,4,0.1475
274,candidate_4,candidate_3,0,candidate_2,4,0.1475
275,candidate_4,candidate_3,0,candidate_2,4,0.1475
276,candidate_4,candidate_3,0,candidate_2,4,0.1475
277,candidate_4,candidate_3,candidate_1,candidate_2,4,0.1475
278,0,0,candidate_1,candidate_2,4,0.1475
279,candidate_4,candidate_3,candidate_1,candidate_2,4,0.1475
280,candidate_4,0,candidate_1,candidate_2,4,0.1475
281,candidate_4,candidate_3,candidate_1,candidate_2,4,0.1475
282,0,candidate_3,candidate_1,candidate_2,4,0.1475
283,candidate_4,candidate_3,candidate_1,candidate_2,4,0.1475
284,candidate_4,candidate_3,candidate_1,candidate_2,4,0.1475
285,candidate_4,candidate_3,0,candidate_2,4,0.1475
286,candidate_4,candidate_3,0,candidate_2,4,0.1475
287,0,candidate_3,candidate_1,candidate_2,4,0.1475
288,candidate_4,0,candidate_1,candidate_2,4,0.1475
289,0,candidate_3,candidate_1,candidate_2,4,0.1475
290,candidate_4,candidate_3,candidate_1,candidate_2,4,0.1475
291,candidate_4,candidate_3,candidate_1,candidate_2,4,0.1475
292,0,candidate_3,candidate_1,candidate_2,4,0.1475
293,candidate_4,candidate_3,0,candidate_2,4,0.1475
294,candidate_4,candidate_3,candidate_1,candidate_2,4,0.1475
295,0,0,candidate_1,candidate_2,4,0.1475
296,candidate_4,candidate_3,candidate_1,0,4,0.1475
297,candidate_4,candidate_3,candidate_1,candidate_2,4,0.1475
298,candidate_4,candidate_3,candidate_1,0,4,0.1475
299,candidate_4,candidate_3,candidate_1,candidate_2,4,0.1475
300,candidate_4,candidate_3,0,candidate_2,4,0.1475
301,candidate_4,0,candidate_1,candidate_2,4,0.1475
302,0,candidate_3,candidate_1,candidate_2,4,0.1475
303,0,candidate_3,candidate_1,0,4,0.1475
304,candidate_4,candidate_3,candidate_1,0,4,0.1475
305,candidate_4,candidate_3,0,candidate_2,4,0.1475
306,candidate_4,candidate_3,candidate_1,0,4,0.1475
307,candidate_4,candidate_3,candidate_1,candidate_2,4,0.1475
308,candidate_4,candidate_3,candidate_1,candidate_2,4,0.1475
309,candidate_4,candidate_3,candidate_1,0,4,0.1475
310,candidate_4,candidate_3,0,0,4,0.1475
311,candidate_4,candidate_3,candidate_1,candidate_2,4,0.1475
312,candidate_4,candidate_3,candidate_1,0,4,0.1475
313,candidate_4,candidate_3,candidate_1,0,4,0.1475
314,candidate_4,candidate_3,candidate_1,candidate_2,4,0.1475
315,candidate_4,candidate_3,candidate_1,candidate_2,4,0.1475
316,candidate_4,candidate_3,candidate_1,candidate_2,4,0.1475
317,candidate_4,candidate_3,0,candidate_2,4,0.1475
318,candidate_4,candidate_3,candidate_1,candidate_2,4,0.1475
319,candidate_4,candidate_3,candidate_1,candidate_2,4,0.1475
320,candidate_4,candidate_3,candidate_1,candidate_2,4,0.1475
321,0,candidate_3,candidate_1,candidate_2,4,0.1475
322,candidate_4,candidate_3,candidate_1,0,4,0.1475
323,0,candidate_3,candidate_1,candidate_2,4,0.1475
324,0,candidate_3,0,candidate_2,4,0.1475
325,candidate_4,candidate_3,candidate_1,candidate_2,4,0.1475
326,candidate_4,candidate_3,0,candidate_2,4,0.1475
327,candidate_4,candidate_3,candidate_1,0,4,0.1475
328,candidate_4,candidate_3,0,candidate_2,4,0.1475
329,candidate_4,candidate_3,candidate_1,candidate_2,4,0.1475
330,candidate_4,candidate_3,candidate_1,0,4,0.1475
331,candidate_4,candidate_3,candidate_1,candidate_2,4,0.1475
332,candidate_4,candidate_3,candidate_1,candidate_2,4,0.1475
333,candidate_4,candidate_3,candidate_1,candidate_2,4,0.1475
334,candidate_4,0,candidate_1,candidate_2,4,0.1475
335,candidate_4,0,candidate_1,candidate_2,4,0.1475
336,0,candidate_3,candidate_1,candidate_2,4,0.1475
337,candidate_4,candidate_3,candidate_1,candidate_2,4,0.1475
338,candidate_4,candidate_3,candidate_1,candidate_2,4,0.1475
339,candidate_4,candidate_3,candidate_1,candidate_2,4,0.1475
340,0,candidate_3,candidate_1,0,4,0.1475
341,candidate_4,candidate_3,candidate_1,candidate_2,4,0.1475
342,candidate_4,candidate_3,candidate_1,candidate_2,4,0.1475
343,candidate_4,candidate_3,candidate_1,candidate_2,4,0.1475
344,candidate_4,0,candidate_1,0,4,0.1475
345,candidate_4,candidate_3,candidate_1,candidate_2,4,0.1475
346,candidate_4,candidate_3,candidate_1,candidate_2,4,0.1475
347,candidate_4,candidate_3,candidate_1,candidate_2,4,0.1475
348,candidate_4,candidate_3,candidate_1,candidate_2,4,0.1475
349,0,0,candidate_1,candidate_2,4,0.1475
350,candidate_4,0,candidate_1,candidate_2,4,0.1475
351,candidate_4,candidate_3,candidate_1,0,4,0.1475
352,candidate_4,candidate_3,0,candidate_2,4,0.1475
353,candidate_4,candidate_3,candidate_1,candidate_2,4,0.1475
354,0,candidate_3,0,candidate_2,4,0.1475
355,0,candidate_3,candidate_1,candidate_2,4,0.1475
356,candidate_4,candidate_3,candidate_1,candidate_2,4,0.1475
357,candidate_4,candidate_3,candidate_1,candidate_2,4,0.1475
358,candidate_4,candidate_3,candidate_1,candidate_2,4,0.1475
359,candidate_4,candidate_3,candidate_1,candidate_2,4,0.1475
360,candidate_4,candidate_3,candidate_1,0,4,0.1475
361,0,candidate_3,candidate_1,candidate_2,4,0.1475
362,candidate_4,candidate_3,candidate_1,0,4,0.1475
363,candidate_4,candidate_3,candidate_1,candidate_2,4,0.1475
364,candidate_4,candidate_3,candidate_1,candidate_2,4,0.1475
365,candidate_4,0,candidate_1,candidate_2,4,0.1475
366,candidate_4,candidate_3,candidate_1,candidate_2,4,0.1475
367,candidate_4,candidate_3,candidate_1,candidate_2,4,0.1475
368,candidate_4,candidate_3,0,candidate_2,4,0.1475
369,0,candidate_3,candidate_1,0,4,0.1475
370,candidate_4,candidate_3,candidate_1,candidate_2,4,0.1475
371,candidate_4,candidate_3,candidate_1,candidate_2,4,0.1475
372,candidate_4,0,0,candidate_2,4,0.1475
373,candidate_4,candidate_3,0,candidate_2,4,0.1475
374,candidate_4,candidate_3,candidate_1,candidate_2,4,0.1475
375,candidate_4,0,candidate_1,candidate_2,4,0.1475
376,candidate_4,candidate_3,candidate_1,candidate_2,4,0.1475
377,candidate_4,candidate_3,candidate_1,0,4,0.1475
378,candidate_4,candidate_3,candidate_1,candidate_2,4,0.1475
379,candidate_4,candidate_3,candidate_1,candidate_2,4,0.1475
380,0,0,candidate_1,candidate_2,4,0.1475
381,candidate_4,candidate_3,candidate_1,0,4,0.1475
382,candidate_4,candidate_3,candidate_1,candidate_2,4,0.1475
383,candidate_4,candidate_3,candidate_1,candidate_2,4,0.1475
384,candidate_4,candidate_3,candidate_1,candidate_2,4,0.1475
385,candidate_4,candidate_3,candidate_1,candidate_2,4,0.1475
386,candidate_4,candidate_3,candidate_1,candidate_2,4,0.1475
387,candidate_4,0,candidate_1,candidate_2,4,0.1475
388,candidate_4,candidate_3,0,0,4,0.1475
389,candidate_4,0,candidate_1,candidate_2,4,0.1475
390,candidate_4,candidate_3,candidate_1,candidate_2,4,0.1475
391,candidate_4,candidate_3,candidate_1,candidate_2,4,0.1475
392,candidate_4,candidate_3,0,candidate_2,4,0.1475
393,candidate_4,0,0,candidate_2,4,0.1475
394,candidate_4,candidate_3,candidate_1,0,4,0.1475
395,candidate_4,candidate_3,0,candidate_2,4,0.1475
396,candidate_4,candidate_3,candidate_1,candidate_2,4,0.1475
397,candidate_4,0,candidate_1,candidate_2,4,0.1475
398,candidate_4,0,candidate_1,candidate_2,4,0.1475
399,candidate_4,candidate_3,candidate_1,0,4,0.1475
400,candidate_4,candidate_3,candidate_1,0,4,0.1475
401,candidate_4,candidate_3,candidate_1,candidate_2,4,0.1475
402,candidate_4,candidate_3,candidate_1,candidate_2,4,0.1475
403,candidate_4,candidate_3,candidate_1,candidate_2,4,0.1475
404,candidate_4,candidate_3,candidate_1,candidate_2,4,0.1475
405,candidate_4,0,candidate_1,candidate_2,4,0.1475
406,candidate_4,candidate_3,0,candidate_2,4,0.1475
407,candidate_4,candidate_3,candidate_1,candidate_2,4,0.1475
408,candidate_4,candidate_3,candidate_1,candidate_2,4,0.1475
409,candidate_4,candidate_3,candidate_1,candidate_2,4,0.1475
410,candidate_4,0,0,candidate_2,4,0.1475
411,candidate_4,0,candidate_1,candidate_2,4,0.1475
412,0,candidate_3,candidate_1,candidate_2,4,0.1475
413,candidate_4,candidate_3,candidate_1,candidate_2,4,0.1475
414,candidate_4,candidate_3,candidate_1,candidate_2,4,0.1475
415,candidate_4,0,candidate_1,candidate_2,4,0.1475
416,candidate_4,0,candidate_1,candidate_2,4,0.1475
417,candidate_4,candidate_3,candidate_1,candidate_2,4,0.1475
418,candidate_4,candidate_3,candidate_1,candidate_2,4,0.1475
419,candidate_4,candidate_3,candidate_1,candidate_2,4,0.1475
420,0,candidate_3,candidate_1,candidate_2,4,0.1475
421,0,candidate_3,candidate_1,candidate_2,4,0.1475
422,0,candidate_3,candidate_1,candidate_2,4,0.1475
423,candidate_4,candidate_3,candidate_1,candidate_2,4,0.1475
424,candidate_4,0,candidate_1,candidate_2,4,0.1475
425,candidate_4,candidate_3,candidate_1,0,4,0.1475
426,0,candidate_3,candidate_1,0,4,0.1475
427,candidate_4,candidate_3,candidate_1,candidate_2,4,0.1475
428,candidate_4,candidate_3,candidate_1,candidate_2,4,0.1475
429,candidate_4,0,candidate_1,candidate_2,4,0.1475
430,0,candidate_3,candidate_1,candidate_2,4,0.1475
431,candidate_4,candidate_3,candidate_1,candidate_2,4,0.1475
432,candidate_4,candidate_3,candidate_1,candidate_2,4,0.1475
433,candidate_4,candidate_3,0,candidate_2,4,0.1475
434,candidate_4,candidate_3,candidate_1,candidate_2,4,0.1475
435,candidate_4,candidate_3,candidate_1,0,4,0.1475
436,candidate_4,candidate_3,candidate_1,candidate_2,4,0.1475
437,candidate_4,candidate_3,candidate_1,0,4,0.1475
438,candidate_4,candidate_3,candidate_1,candidate_2,4,0.1475
439,candidate_4,candidate_3,candidate_1,candidate_2,4,0.1475
440,candidate_4,candidate_3,candidate_1,candidate_2,4,0.1475
441,candidate_4,candidate_3,candidate_1,candidate_2,4,0.1475
442,0,candidate_3,candidate_1,candidate_2,4,0.1475
443,0,candidate_3,candidate_1,candidate_2,4,0.1475
444,0,candidate_3,candidate_1,candidate_2,4,0.1475
445,candidate_4,0,0,0,4,0.1475
446,candidate_4,candidate_3,candidate_1,candidate_2,4,0.1475
447,candidate_4,candidate_3,candidate_1,candidate_2,4,0.1475
448,candidate_4,candidate_3,candidate_1,0,4,0.1475
449,0,0,0,candidate_2,4,0.1475
450,candidate_4,candidate_3,candidate_1,candidate_2,4,0.1475
451,candidate_4,candidate_3,candidate_1,0,4,0.1475
452,candidate_4,candidate_3,candidate_1,candidate_2,4,0.1475
453,candidate_4,0,0,candidate_2,4,0.1475
454,candidate_4,0,candidate_1,candidate_2,4,0.1475
455,candidate_4,0,candidate_1,0,4,0.1475
456,candidate_4,0,candidate_1,candidate_2,4,0.1475
457,candidate_4,candidate_3,candidate_1,candidate_2,4,0.1475
458,candidate_4,candidate_3,candidate_1,candidate_2,4,0.1475
459,candidate_4,candidate_3,candidate_1,candidate_2,4,0.1475
460,candidate_4,0,candidate_1,candidate_2,4,0.1475
461,candidate_4,0,candidate_1,candidate_2,4,0.1475
462,candidate_4,0,candidate_1,candidate_2,4,0.1475
463,candidate_4,candidate_3,candidate_1,candidate_2,4,0.1475
464,candidate_4,candidate_3,0,candidate_2,4,0.1475
465,candidate_4,candidate_3,candidate_1,candidate_2,4,0.1475
466,candidate_4,candidate_3,candidate_1,0,4,0.1475
467,0,candidate_3,candidate_1,candidate_2,4,0.1475
468,candidate_4,candidate_3,candidate_1,0,4,0.1475
469,candidate_4,0,candidate_1,candidate_2,4,0.1475
470,candidate_4,candidate_3,candidate_1,candidate_2,4,0.1475
471,candidate_4,candidate_3,candidate_1,0,4,0.1475
472,candidate_4,0,candidate_1,candidate_2,4,0.1475
473,candidate_4,candidate_3,candidate_1,0,4,0.1475
474,0,0,candidate_1,candidate_2,4,0.1475
475,candidate_4,candidate_3,candidate_1,candidate_2,4,0.1475
476,0,candidate_3,0,0,4,0.1475
477,candidate_4,0,candidate_1,0,4,0.1475
478,0,candidate_3,candidate_1,candidate_2,4,0.1475
479,candidate_4,candidate_3,candidate_1,candidate_2,4,0.1475
480,candidate_4,0,candidate_1,candidate_2,4,0.1475
481,candidate_4,candidate_3,candidate_1,candidate_2,4,0.1475
482,candidate_4,candidate_3,candidate_1,0,4,0.1475
483,candidate_4,candidate_3,candidate_1,candidate_2,4,0.1475
484,candidate_4,candidate_3,candidate_1,candidate_2,4,0.1475
485,candidate_4,0,candidate_1,0,4,0.1475
486,candidate_4,candidate_3,0,candidate_2,4,0.1475
487,candidate_4,candidate_3,candidate_1,candidate_2,4,0.1475
488,candidate_4,candidate_3,0,candidate_2,4,0.1475
489,candidate_4,candidate_3,candidate_1,candidate_2,4,0.1475
490,candidate_4,candidate_3,candidate_1,candidate_2,4,0.1475
491,candidate_4,candidate_3,0,0,4,0.1475
492,0,candidate_3,candidate_1,candidate_2,4,0.1475
493,candidate_4,candidate_3,candidate_1,candidate_2,4,0.1475
494,candidate_4,candidate_3,0,candidate_2,4,0.1475
495,candidate_4,candidate_3,candidate_1,candidate_2,4,0.1475
496,candidate_4,candidate_3,candidate_1,candidate_2,4,0.1475
497,0,candidate_3,candidate_1,candidate_2,4,0.1475
498,candidate_4,candidate_3,candidate_1,0,4,0.1475
499,candidate_4,candidate_3,candidate_1,candidate_2,4,0.1475
500,candidate_4,candidate_3,candidate_1,candidate_2,4,0.1475
501,0,candidate_3,candidate_1,candidate_2,4,0.1475
502,candidate_4,candidate_3,0,candidate_2,4,0.1475
503,candidate_4,candidate_3,candidate_1,candidate_2,4,0.1475
504,candidate_4,candidate_3,candidate_1,candidate_2,4,0.1475
505,candidate_4,candidate_3,candidate_1,candidate_2,4,0.1475
506,0,0,candidate_1,0,4,0.1475
507,candidate_4,0,candidate_1,0,4,0.1475
508,candidate_4,candidate_3,candidate_1,candidate_2,4,0.1475
509,candidate_4,candidate_3,0,candidate_2,4,0.1475
510,candidate_4,candidate_3,candidate_1,candidate_2,4,0.1475
511,candidate_4,candidate_3,candidate_1,candidate_2,4,0.1475
512,candidate_4,candidate_3,candidate_1,candidate_2,4,0.1475
513,0,0,0,candidate_2,4,0.1475
514,candidate_4,candidate_3,candidate_1,0,4,0.1475
515,candidate_4,candidate_3,candidate_1,candidate_2,4,0.1475
516,candidate_4,candidate_3,0,candidate_2,4,0.1475
517,candidate_4,candidate_3,0,candidate_2,4,0.1475
518,0,candidate_3,candidate_1,candidate_2,4,0.1475
519,candidate_4,0,candidate_1,candidate_2,4,0.1475
520,0,candidate_3,0,candidate_2,4,0.1475
521,candidate_4,candidate_3,0,0,4,0.1475
522,candidate_4,candidate_3,candidate_1,candidate_2,4,0.1475
523,candidate_4,0,candidate_1,candidate_2,4,0.1475
524,candidate_4,candidate_3,candidate_1,candidate_2,4,0.1475
525,candidate_4,candidate_3,0,candidate_2,4,0.1475
526,candidate_4,candidate_3,candidate_1,candidate_2,4,0.1475
527,candidate_4,candidate_3,candidate_1,candidate_2,4,0.1475
528,0,candidate_3,candidate_1,candidate_2,4,0.1475
529,candidate_4,candidate_3,candidate_1,candidate_2,4,0.1475
530,candidate_4,candidate_3,candidate_1,candidate_2,4,0.1475
531,0,candidate_3,0,candidate_2,4,0.1475
532,candidate_4,candidate_3,candidate_1,candidate_2,4,0.1475
533,candidate_4,0,candidate_1,0,4,0.1475
534,candidate_4,candidate_3,candidate_1,candidate_2,4,0.1475
535,candidate_4,candidate_3,candidate_1,0,4,0.1475
536,candidate_4,candidate_3,candidate_1,candidate_2,4,0.1475
537,candidate_4,candidate_3,candidate_1,candidate_2,4,0.1475
538,candidate_4,candidate_3,candidate_1,candidate_2,4,0.1475
539,candidate_4,candidate_3,candidate_1,0,4,0.1475
540,candidate_4,candidate_3,0,candidate_2,4,0.1475
541,candidate_4,candidate_3,candidate_1,candidate_2,4,0.1475
542,candidate_4,candidate_3,candidate_1,candidate_2,4,0.1475
543,0,candidate_3,candidate_1,candidate_2,4,0.1475
544,candidate_4,candidate_3,candidate_1,candidate_2,4,0.1475
0,candidate_4,0,candidate_2,candidate_1,4,0.1475
1,candidate_4,candidate_3,candidate_2,candidate_1,4,0.1475
2,0,candidate_3,candidate_2,0,4,0.1475
3,candidate_4,candidate_3,candidate_2,candidate_1,4,0.1475
4,candidate_4,candidate_3,candidate_2,candidate_1,4,0.1475
5,candidate_4,0,candidate_2,0,4,0.1475
6,candidate_4,candidate_3,candidate_2,candidate_1,4,0.1475
7,0,0,candidate_2,candidate_1,4,0.1475
8,candidate_4,candidate_3,candidate_2,candidate_1,4,0.1475
9,candidate_4,0,candidate_2,candidate_1,4,0.1475
10,candidate_4,candidate_3,candidate_2,candidate_1,4,0.1475
11,candidate_4,candidate_3,candidate_2,candidate_1,4,0.1475
12,candidate_4,candidate_3,candidate_2,candidate_1,4,0.1475
13,candidate_4,candidate_3,0,candidate_1,4,0.1475
14,candidate_4,candidate_3,candidate_2,candidate_1,4,0.1475
15,candidate_4,candidate_3,candidate_2,candidate_1,4,0.1475
16,candidate_4,candidate_3,candidate_2,candidate_1,4,0.1475
17,candidate_4,candidate_3,candidate_2,candidate_1,4,0.1475
18,candidate_4,candidate_3,candidate_2,candidate_1,4,0.1475
19,candidate_4,candidate_3,candidate_2,candidate_1,4,0.1475
20,candidate_4,candidate_3,candidate_2,candidate_1,4,0.1475
21,candidate_4,candidate_3,candidate_2,candidate_1,4,0.1475
22,candidate_4,candidate_3,candidate_2,0,4,0.1475
23,candidate_4,candidate_3,candidate_2,candidate_1,4,0.1475
24,0,candidate_3,candidate_2,candidate_1,4,0.1475
25,candidate_4,candidate_3,candidate_2,candidate_1,4,0.1475
26,candidate_4,candidate_3,candidate_2,candidate_1,4,0.1475
27,candidate_4,0,candidate_2,candidate_1,4,0.1475
28,candidate_4,candidate_3,0,candidate_1,4,0.1475
29,candidate_4,0,candidate_2,candidate_1,4,0.1475
30,candidate_4,candidate_3,candidate_2,candidate_1,4,0.1475
31,candidate_4,candidate_3,0,0,4,0.1475
32,candidate_4,candidate_3,candidate_2,candidate_1,4,0.1475
33,candidate_4,candidate_3,candidate_2,candidate_1,4,0.1475
34,candidate_4,candidate_3,candidate_2,candidate_1,4,0.1475
35,candidate_4,candidate_3,candidate_2,candidate_1,4,0.1475
36,candidate_4,candidate_3,candidate_2,candidate_1,4,0.1475
37,candidate_4,candidate_3,candidate_2,0,4,0.1475
38,candidate_4,candidate_3,candidate_2,candidate_1,4,0.1475
39,candidate_4,candidate_3,candidate_2,candidate_1,4,0.1475
40,candidate_4,candidate_3,0,candidate_1,4,0.1475
41,candidate_4,0,0,candidate_1,4,0.1475
42,candidate_4,candidate_3,candidate_2,0,4,0.1475
43,0,0,0,candidate_1,4,0.1475
44,candidate_4,candidate_3,candidate_2,candidate_1,4,0.1475
45,candidate_4,candidate_3,candidate_2,candidate_1,4,0.1475
46,candidate_4,candidate_3,candidate_2,candidate_1,4,0.1475
47,candidate_4,candidate_3,candidate_2,candidate_1,4,0.1475
48,0,candidate_3,candidate_2,0,4,0.1475
49,candidate_4,0,0,candidate_1,4,0.1475
50,candidate_4,candidate_3,candidate_2,candidate_1,4,0.1475
51,candidate_4,0,0,candidate_1,4,0.1475
52,candidate_4,candidate_3,candidate_2,candidate_1,4,0.1475
53,candidate_4,candidate_3,candidate_2,candidate_1,4,0.1475
54,candidate_4,candidate_3,0,candidate_1,4,0.1475
55,candidate_4,0,0,candidate_1,4,0.1475
56,candidate_4,candidate_3,0,candidate_1,4,0.1475
57,candidate_4,candidate_3,candidate_2,0,4,0.1475
58,candidate_4,candidate_3,candidate_2,candidate_1,4,0.1475
59,candidate_4,candidate_3,candidate_2,candidate_1,4,0.1475
60,candidate_4,candidate_3,0,0,4,0.1475
61,candidate_4,candidate_3,candidate_2,candidate_1,4,0.1475
62,candidate_4,candidate_3,0,candidate_1,4,0.1475
63,candidate_4,candidate_3,candidate_2,candidate_1,4,0.1475
64,candidate_4,candidate_3,candidate_2,candidate_1,4,0.1475
65,candidate_4,candidate_3,candidate_2,candidate_1,4,0.1475
66,candidate_4,candidate_3,candidate_2,candidate_1,4,0.1475
67,candidate_4,0,0,candidate_1,4,0.1475
68,candidate_4,candidate_3,candidate_2,candidate_1,4,0.1475
69,candidate_4,candidate_3,0,candidate_1,4,0.1475
70,candidate_4,0,candidate_2,candidate_1,4,0.1475
71,candidate_4,candidate_3,0,candidate_1,4,0.1475
72,candidate_4,candidate_3,candidate_2,0,4,0.1475
73,candidate_4,candidate_3,candidate_2,candidate_1,4,0.1475
74,candidate_4,candidate_3,0,candidate_1,4,0.1475
75,0,candidate_3,candidate_2,candidate_1,4,0.1475
76,candidate_4,0,candidate_2,candidate_1,4,0.1475
77,candidate_4,candidate_3,candidate_2,candidate_1,4,0.1475
78,candidate_4,candidate_3,candidate_2,candidate_1,4,0.1475
79,candidate_4,candidate_3,0,candidate_1,4,0.1475
80,0,candidate_3,candidate_2,candidate_1,4,0.1475
81,candidate_4,0,candidate_2,candidate_1,4,0.1475
82,candidate_4,candidate_3,candidate_2,candidate_1,4,0.1475
83,candidate_4,candidate_3,candidate_2,candidate_1,4,0.1475
84,candidate_4,candidate_3,candidate_2,candidate_1,4,0.1475
85,candidate_4,candidate_3,0,candidate_1,4,0.1475
86,0,0,candidate_2,0,4,0.1475
87,candidate_4,candidate_3,candidate_2,candidate_1,4,0.1475
88,candidate_4,candidate_3,0,candidate_1,4,0.1475
89,candidate_4,candidate_3,candidate_2,candidate_1,4,0.1475
90,candidate_4,candidate_3,candidate_2,0,4,0.1475
91,0,candidate_3,candidate_2,candidate_1,4,0.1475
92,candidate_4,candidate_3,candidate_2,candidate_1,4,0.1475
93,candidate_4,candidate_3,candidate_2,candidate_1,4,0.1475
94,candidate_4,candidate_3,candidate_2,candidate_1,4,0.1475
95,candidate_4,candidate_3,candidate_2,candidate_1,4,0.1475
96,candidate_4,candidate_3,candidate_2,candidate_1,4,0.1475
97,candidate_4,candidate_3,0,candidate_1,4,0.1475
98,candidate_4,candidate_3,candidate_2,0,4,0.1475
99,candidate_4,candidate_3,candidate_2,candidate_1,4,0.1475
100,candidate_4,candidate_3,candidate_2,candidate_1,4,0.1475
101,candidate_4,candidate_3,candidate_2,candidate_1,4,0.1475
102,candidate_4,candidate_3,candidate_2,candidate_1,4,0.1475
103,candidate_4,candidate_3,0,candidate_1,4,0.1475
104,0,candidate_3,candidate_2,candidate_1,4,0.1475
105,candidate_4,candidate_3,0,candidate_1,4,0.1475
106,candidate_4,candidate_3,candidate_2,candidate_1,4,0.1475
107,candidate_4,candidate_3,candidate_2,0,4,0.1475
108,candidate_4,candidate_3,candidate_2,candidate_1,4,0.1475
109,candidate_4,candidate_3,candidate_2,candidate_1,4,0.1475
110,0,candidate_3,candidate_2,candidate_1,4,0.1475
111,candidate_4,candidate_3,candidate_2,candidate_1,4,0.1475
112,candidate_4,candidate_3,candidate_2,0,4,0.1475
113,candidate_4,candidate_3,candidate_2,candidate_1,4,0.1475
114,candidate_4,0,candidate_2,candidate_1,4,0.1475
115,candidate_4,candidate_3,candidate_2,0,4,0.1475
116,candidate_4,candidate_3,candidate_2,candidate_1,4,0.1475
117,candidate_4,candidate_3,0,candidate_1,4,0.1475
118,candidate_4,candidate_3,candidate_2,candidate_1,4,0.1475
119,candidate_4,candidate_3,candidate_2,candidate_1,4,0.1475
120,candidate_4,candidate_3,candidate_2,candidate_1,4,0.1475
121,0,0,candidate_2,candidate_1,4,0.1475
122,candidate_4,candidate_3,candidate_2,candidate_1,4,0.1475
123,candidate_4,candidate_3,candidate_2,candidate_1,4,0.1475
124,candidate_4,candidate_3,candidate_2,candidate_1,4,0.1475
125,candidate_4,candidate_3,candidate_2,candidate_1,4,0.1475
126,0,candidate_3,candidate_2,candidate_1,4,0.1475
127,candidate_4,candidate_3,candidate_2,candidate_1,4,0.1475
128,candidate_4,candidate_3,candidate_2,candidate_1,4,0.1475
129,candidate_4,0,candidate_2,candidate_1,4,0.1475
130,candidate_4,candidate_3,0,candidate_1,4,0.1475
131,candidate_4,candidate_3,candidate_2,candidate_1,4,0.1475
132,0,candidate_3,candidate_2,candidate_1,4,0.1475
133,candidate_4,candidate_3,candidate_2,candidate_1,4,0.1475
134,candidate_4,candidate_3,0,0,4,0.1475
135,candidate_4,0,0,candidate_1,4,0.1475
136,0,candidate_3,0,0,4,0.1475
137,candidate_4,candidate_3,candidate_2,candidate_1,4,0.1475
138,candidate_4,candidate_3,candidate_2,candidate_1,4,0.1475
139,candidate_4,candidate_3,candidate_2,candidate_1,4,0.1475
140,0,candidate_3,candidate_2,candidate_1,4,0.1475
141,candidate_4,candidate_3,0,candidate_1,4,0.1475
142,candidate_4,candidate_3,candidate_2,candidate_1,4,0.1475
143,candidate_4,candidate_3,candidate_2,candidate_1,4,0.1475
144,candidate_4,candidate_3,candidate_2,0,4,0.1475
145,candidate_4,0,candidate_2,candidate_1,4,0.1475
146,candidate_4,candidate_3,candidate_2,candidate_1,4,0.1475
147,candidate_4,0,candidate_2,candidate_1,4,0.1475
148,candidate_4,candidate_3,0,candidate_1,4,0.1475
149,candidate_4,candidate_3,candidate_2,candidate_1,4,0.1475
150,candidate_4,0,candidate_2,candidate_1,4,0.1475
151,0,candidate_3,0,candidate_1,4,0.1475
152,candidate_4,candidate_3,candidate_2,candidate_1,4,0.1475
153,candidate_4,candidate_3,candidate_2,candidate_1,4,0.1475
154,candidate_4,candidate_3,candidate_2,candidate_1,4,0.1475
155,candidate_4,candidate_3,0,candidate_1,4,0.1475
156,candidate_4,0,candidate_2,candidate_1,4,0.1475
157,candidate_4,candidate_3,candidate_2,candidate_1,4,0.1475
158,0,candidate_3,0,candidate_1,4,0.1475
159,candidate_4,candidate_3,candidate_2,candidate_1,4,0.1475
160,candidate_4,candidate_3,candidate_2,candidate_1,4,0.1475
161,candidate_4,candidate_3,candidate_2,candidate_1,4,0.1475
162,candidate_4,candidate_3,candidate_2,candidate_1,4,0.1475
163,candidate_4,candidate_3,candidate_2,candidate_1,4,0.1475
164,candidate_4,candidate_3,0,candidate_1,4,0.1475
165,candidate_4,candidate_3,candidate_2,candidate_1,4,0.1475
166,candidate_4,candidate_3,candidate_2,0,4,0.1475
167,candidate_4,0,candidate_2,candidate_1,4,0.1475
168,candidate_4,candidate_3,candidate_2,candidate_1,4,0.1475
169,candidate_4,candidate_3,0,candidate_1,4,0.1475
170,candidate_4,candidate_3,candidate_2,candidate_1,4,0.1475
171,candidate_4,0,candidate_2,0,4,0.1475
172,candidate_4,candidate_3,candidate_2,candidate_1,4,0.1475
173,candidate_4,candidate_3,candidate_2,candidate_1,4,0.1475
174,0,candidate_3,candidate_2,candidate_1,4,0.1475
175,candidate_4,candidate_3,candidate_2,candidate_1,4,0.1475
176,candidate_4,0,candidate_2,candidate_1,4,0.1475
177,0,candidate_3,candidate_2,candidate_1,4,0.1475
178,0,0,candidate_2,candidate_1,4,0.1475
179,candidate_4,candidate_3,candidate_2,candidate_1,4,0.1475
180,candidate_4,candidate_3,candidate_2,candidate_1,4,0.1475
181,candidate_4,0,candidate_2,candidate_1,4,0.1475
182,0,candidate_3,candidate_2,candidate_1,4,0.1475
183,candidate_4,candidate_3,candidate_2,candidate_1,4,0.1475
184,0,candidate_3,0,candidate_1,4,0.1475
185,candidate_4,candidate_3,candidate_2,candidate_1,4,0.1475
186,candidate_4,candidate_3,candidate_2,candidate_1,4,0.1475
187,candidate_4,candidate_3,candidate_2,candidate_1,4,0.1475
188,0,candidate_3,candidate_2,candidate_1,4,0.1475
189,candidate_4,candidate_3,0,candidate_1,4,0.1475
190,candidate_4,candidate_3,candidate_2,candidate_1,4,0.1475
191,candidate_4,0,candidate_2,candidate_1,4,0.1475
192,candidate_4,candidate_3,candidate_2,candidate_1,4,0.1475
193,candidate_4,candidate_3,candidate_2,0,4,0.1475
194,candidate_4,candidate_3,candidate_2,candidate_1,4,0.1475
195,candidate_4,candidate_3,candidate_2,candidate_1,4,0.1475
196,candidate_4,candidate_3,candidate_2,candidate_1,4,0.1475
197,candidate_4,candidate_3,candidate_2,candidate_1,4,0.1475
198,candidate_4,candidate_3,0,candidate_1,4,0.1475
199,candidate_4,candidate_3,candidate_2,candidate_1,4,0.1475
200,candidate_4,candidate_3,candidate_2,candidate_1,4,0.1475
201,candidate_4,0,candidate_2,0,4,0.1475
202,candidate_4,candidate_3,candidate_2,0,4,0.1475
203,candidate_4,candidate_3,0,candidate_1,4,0.1475
204,candidate_4,candidate_3,candidate_2,candidate_1,4,0.1475
205,candidate_4,candidate_3,candidate_2,candidate_1,4,0.1475
206,candidate_4,candidate_3,candidate_2,candidate_1,4,0.1475
207,candidate_4,0,candidate_2,candidate_1,4,0.1475
208,candidate_4,candidate_3,0,candidate_1,4,0.1475
209,candidate_4,candidate_3,candidate_2,candidate_1,4,0.1475
210,candidate_4,0,candidate_2,candidate_1,4,0.1475
211,candidate_4,candidate_3,0,candidate_1,4,0.1475
212,candidate_4,candidate_3,candidate_2,candidate_1,4,0.1475
213,candidate_4,0,candidate_2,0,4,0.1475
214,candidate_4,0,0,candidate_1,4,0.1475
215,candidate_4,candidate_3,0,candidate_1,4,0.1475
216,0,candidate_3,candidate_2,candidate_1,4,0.1475
217,candidate_4,candidate_3,candidate_2,candidate_1,4,0.1475
218,candidate_4,candidate_3,candidate_2,candidate_1,4,0.1475
219,candidate_4,candidate_3,candidate_2,candidate_1,4,0.1475
220,candidate_4,candidate_3,candidate_2,candidate_1,4,0.1475
221,candidate_4,0,candidate_2,candidate_1,4,0.1475
222,candidate_4,candidate_3,candidate_2,candidate_1,4,0.1475
223,candidate_4,0,candidate_2,candidate_1,4,0.1475
224,candidate_4,candidate_3,candidate_2,candidate_1,4,0.1475
225,candidate_4,candidate_3,candidate_2,candidate_1,4,0.1475
226,candidate_4,candidate_3,candidate_2,candidate_1,4,0.1475
227,candidate_4,candidate_3,candidate_2,candidate_1,4,0.1475
228,candidate_4,candidate_3,candidate_2,candidate_1,4,0.1475
229,candidate_4,candidate_3,candidate_2,candidate_1,4,0.1475
230,candidate_4,candidate_3,0,candidate_1,4,0.1475
231,candidate_4,candidate_3,candidate_2,candidate_1,4,0.1475
232,candidate_4,candidate_3,candidate_2,candidate_1,4,0.1475
233,candidate_4,0,candidate_2,candidate_1,4,0.1475
234,candidate_4,candidate_3,0,0,4,0.1475
235,candidate_4,candidate_3,candidate_2,0,4,0.1475
236,candidate_4,candidate_3,0,candidate_1,4,0.1475
237,candidate_4,candidate_3,0,candidate_1,4,0.1475
238,candidate_4,candidate_3,candidate_2,candidate_1,4,0.1475
239,candidate_4,candidate_3,candidate_2,candidate_1,4,0.1475
240,0,candidate_3,candidate_2,candidate_1,4,0.1475
241,candidate_4,0,candidate_2,candidate_1,4,0.1475
242,candidate_4,candidate_3,candidate_2,0,4,0.1475
243,candidate_4,candidate_3,candidate_2,0,4,0.1475
244,0,candidate_3,candidate_2,candidate_1,4,0.1475
245,candidate_4,candidate_3,candidate_2,candidate_1,4,0.1475
246,candidate_4,candidate_3,0,0,4,0.1475
247,candidate_4,candidate_3,0,candidate_1,4,0.1475
248,candidate_4,candidate_3,candidate_2,candidate_1,4,0.1475
249,candidate_4,candidate_3,candidate_2,candidate_1,4,0.1475
250,candidate_4,candidate_3,0,candidate_1,4,0.1475
251,candidate_4,candidate_3,0,candidate_1,4,0.1475
252,candidate_4,candidate_3,candidate_2,candidate_1,4,0.1475
253,0,candidate_3,0,candidate_1,4,0.1475
254,0,candidate_3,candidate_2,candidate_1,4,0.1475
255,candidate_4,0,candidate_2,candidate_1,4,0.1475
256,candidate_4,candidate_3,candidate_2,candidate_1,4,0.1475
257,candidate_4,candidate_3,candidate_2,candidate_1,4,0.1475
258,candidate_4,candidate_3,candidate_2,candidate_1,4,0.1475
259,candidate_4,candidate_3,candidate_2,candidate_1,4,0.1475
260,candidate_4,candidate_3,candidate_2,candidate_1,4,0.1475
261,candidate_4,candidate_3,candidate_2,candidate_1,4,0.1475
262,candidate_4,candidate_3,candidate_2,0,4,0.1475
263,candidate_4,candidate_3,candidate_2,candidate_1,4,0.1475
264,candidate_4,candidate_3,candidate_2,0,4,0.1475
265,candidate_4,0,candidate_2,candidate_1,4,0.1475
266,candidate_4,candidate_3,candidate_2,candidate_1,4,0.1475
267,candidate_4,candidate_3,candidate_2,candidate_1,4,0.1475
268,candidate_4,candidate_3,0,candidate_1,4,0.1475
269,candidate_4,candidate_3,candidate_2,0,4,0.1475
270,candidate_4,candidate_3,candidate_2,candidate_1,4,0.1475
271,candidate_4,0,candidate_2,candidate_1,4,0.1475
272,candidate_4,candidate_3,candidate_2,candidate_1,4,0.1475
273,candidate_4,candidate_3,candidate_2,candidate_1,4,0.1475
274,candidate_4,0,candidate_2,candidate_1,4,0.1475
275,candidate_4,candidate_3,candidate_2,candidate_1,4,0.1475
276,candidate_4,candidate_3,candidate_2,candidate_1,4,0.1475
277,candidate_4,0,0,candidate_1,4,0.1475
278,candidate_4,candidate_3,candidate_2,candidate_1,4,0.1475
279,candidate_4,candidate_3,candidate_2,candidate_1,4,0.1475
280,candidate_4,candidate_3,candidate_2,0,4,0.1475
281,0,candidate_3,candidate_2,candidate_1,4,0.1475
282,0,candidate_3,candidate_2,0,4,0.1475
283,candidate_4,candidate_3,candidate_2,candidate_1,4,0.1475
284,0,candidate_3,candidate_2,candidate_1,4,0.1475
285,candidate_4,candidate_3,candidate_2,candidate_1,4,0.1475
286,candidate_4,candidate_3,candidate_2,candidate_1,4,0.1475
287,0,candidate_3,candidate_2,0,4,0.1475
288,candidate_4,candidate_3,candidate_2,candidate_1,4,0.1475
289,candidate_4,candidate_3,candidate_2,candidate_1,4,0.1475
290,candidate_4,candidate_3,candidate_2,0,4,0.1475
291,candidate_4,candidate_3,candidate_2,candidate_1,4,0.1475
292,candidate_4,candidate_3,candidate_2,candidate_1,4,0.1475
293,candidate_4,candidate_3,0,candidate_1,4,0.1475
294,candidate_4,candidate_3,candidate_2,candidate_1,4,0.1475
295,candidate_4,candidate_3,candidate_2,candidate_1,4,0.1475
296,candidate_4,candidate_3,candidate_2,candidate_1,4,0.1475
297,candidate_4,candidate_3,candidate_2,candidate_1,4,0.1475
298,candidate_4,candidate_3,candidate_2,candidate_1,4,0.1475
299,candidate_4,0,candidate_2,candidate_1,4,0.1475
300,candidate_4,candidate_3,candidate_2,candidate_1,4,0.1475
301,candidate_4,candidate_3,candidate_2,candidate_1,4,0.1475
302,candidate_4,candidate_3,candidate_2,candidate_1,4,0.1475
303,0,candidate_3,candidate_2,0,4,0.1475
304,candidate_4,candidate_3,candidate_2,candidate_1,4,0.1475
305,candidate_4,0,candidate_2,candidate_1,4,0.1475
306,candidate_4,candidate_3,candidate_2,candidate_1,4,0.1475
307,candidate_4,candidate_3,candidate_2,0,4,0.1475
308,candidate_4,0,0,candidate_1,4,0.1475
309,candidate_4,candidate_3,candidate_2,0,4,0.1475
310,candidate_4,candidate_3,candidate_2,candidate_1,4,0.1475
311,candidate_4,candidate_3,candidate_2,candidate_1,4,0.1475
312,candidate_4,candidate_3,candidate_2,candidate_1,4,0.1475
313,candidate_4,candidate_3,candidate_2,candidate_1,4,0.1475
314,candidate_4,candidate_3,candidate_2,candidate_1,4,0.1475
315,candidate_4,candidate_3,candidate_2,candidate_1,4,0.1475
316,candidate_4,candidate_3,candidate_2,0,4,0.1475
317,candidate_4,candidate_3,candidate_2,candidate_1,4,0.1475
318,candidate_4,candidate_3,candidate_2,candidate_1,4,0.1475
319,candidate_4,candidate_3,0,candidate_1,4,0.1475
320,candidate_4,candidate_3,candidate_2,candidate_1,4,0.1475
321,candidate_4,candidate_3,candidate_2,candidate_1,4,0.1475
322,candidate_4,candidate_3,candidate_2,candidate_1,4,0.1475
323,candidate_4,0,candidate_2,candidate_1,4,0.1475
324,candidate_4,candidate_3,candidate_2,0,4,0.1475
325,candidate_4,0,candidate_2,candidate_1,4,0.1475
326,candidate_4,candidate_3,candidate_2,0,4,0.1475
327,0,0,candidate_2,candidate_1,4,0.1475
328,candidate_4,candidate_3,candidate_2,candidate_1,4,0.1475
329,candidate_4,0,candidate_2,candidate_1,4,0.1475
330,candidate_4,0,candidate_2,candidate_1,4,0.1475
331,candidate_4,candidate_3,candidate_2,candidate_1,4,0.1475
332,candidate_4,candidate_3,candidate_2,candidate_1,4,0.1475
333,candidate_4,candidate_3,candidate_2,candidate_1,4,0.1475
334,candidate_4,candidate_3,candidate_2,candidate_1,4,0.1475
335,candidate_4,0,candidate_2,candidate_1,4,0.1475
336,candidate_4,candidate_3,candidate_2,candidate_1,4,0.1475
337,candidate_4,candidate_3,candidate_2,candidate_1,4,0.1475
338,candidate_4,candidate_3,candidate_2,candidate_1,4,0.1475
339,candidate_4,candidate_3,candidate_2,candidate_1,4,0.1475
340,candidate_4,candidate_3,candidate_2,candidate_1,4,0.1475
341,candidate_4,0,candidate_2,candidate_1,4,0.1475
342,candidate_4,candidate_3,candidate_2,candidate_1,4,0.1475
343,candidate_4,0,candidate_2,candidate_1,4,0.1475
344,candidate_4,candidate_3,candidate_2,candidate_1,4,0.1475
345,candidate_4,candidate_3,candidate_2,0,4,0.1475
346,candidate_4,candidate_3,candidate_2,candidate_1,4,0.1475
347,candidate_4,candidate_3,candidate_2,candidate_1,4,0.1475
348,candidate_4,candidate_3,0,0,4,0.1475
349,0,candidate_3,candidate_2,candidate_1,4,0.1475
350,candidate_4,candidate_3,candidate_2,candidate_1,4,0.1475
351,candidate_4,candidate_3,candidate_2,candidate_1,4,0.1475
352,candidate_4,candidate_3,candidate_2,candidate_1,4,0.1475
353,candidate_4,candidate_3,candidate_2,candidate_1,4,0.1475
354,candidate_4,candidate_3,candidate_2,0,4,0.1475
355,candidate_4,0,0,candidate_1,4,0.1475
356,candidate_4,candidate_3,candidate_2,candidate_1,4,0.1475
357,candidate_4,candidate_3,0,candidate_1,4,0.1475
358,candidate_4,candidate_3,candidate_2,candidate_1,4,0.1475
359,candidate_4,candidate_3,candidate_2,0,4,0.1475
360,candidate_4,0,candidate_2,candidate_1,4,0.1475
361,candidate_4,candidate_3,candidate_2,candidate_1,4,0.1475
362,0,candidate_3,candidate_2,0,4,0.1475
363,candidate_4,candidate_3,candidate_2,candidate_1,4,0.1475
364,candidate_4,candidate_3,candidate_2,candidate_1,4,0.1475
365,candidate_4,candidate_3,candidate_2,candidate_1,4,0.1475
366,candidate_4,candidate_3,candidate_2,0,4,0.1475
367,candidate_4,candidate_3,candidate_2,candidate_1,4,0.1475
368,candidate_4,candidate_3,candidate_2,0,4,0.1475
369,candidate_4,0,candidate_2,candidate_1,4,0.1475
370,candidate_4,candidate_3,candidate_2,candidate_1,4,0.1475
371,candidate_4,candidate_3,candidate_2,candidate_1,4,0.1475
372,candidate_4,candidate_3,candidate_2,candidate_1,4,0.1475
373,candidate_4,0,0,candidate_1,4,0.1475
374,0,candidate_3,candidate_2,candidate_1,4,0.1475
375,candidate_4,candidate_3,0,candidate_1,4,0.1475
376,candidate_4,candidate_3,candidate_2,candidate_1,4,0.1475
377,0,candidate_3,candidate_2,candidate_1,4,0.1475
378,candidate_4,candidate_3,candidate_2,candidate_1,4,0.1475
379,candidate_4,candidate_3,candidate_2,candidate_1,4,0.1475
380,0,candidate_3,candidate_2,candidate_1,4,0.1475
381,candidate_4,candidate_3,candidate_2,candidate_1,4,0.1475
382,candidate_4,0,0,candidate_1,4,0.1475
383,candidate_4,candidate_3,candidate_2,candidate_1,4,0.1475
384,candidate_4,candidate_3,0,candidate_1,4,0.1475
385,candidate_4,candidate_3,candidate_2,0,4,0.1475
386,0,candidate_3,candidate_2,candidate_1,4,0.1475
387,candidate_4,candidate_3,candidate_2,candidate_1,4,0.1475
388,candidate_4,candidate_3,0,candidate_1,4,0.1475
389,candidate_4,0,candidate_2,candidate_1,4,0.1475
390,candidate_4,candidate_3,candidate_2,candidate_1,4,0.1475
391,candidate_4,candidate_3,candidate_2,candidate_1,4,0.1475
392,candidate_4,candidate_3,0,candidate_1,4,0.1475
393,0,candidate_3,candidate_2,0,4,0.1475
394,candidate_4,candidate_3,candidate_2,candidate_1,4,0.1475
395,candidate_4,candidate_3,candidate_2,candidate_1,4,0.1475
396,candidate_4,candidate_3,candidate_2,candidate_1,4,0.1475
397,0,0,candidate_2,candidate_1,4,0.1475
398,candidate_4,candidate_3,candidate_2,candidate_1,4,0.1475
399,candidate_4,candidate_3,0,candidate_1,4,0.1475
400,0,candidate_3,candidate_2,candidate_1,4,0.1475
401,candidate_4,candidate_3,0,candidate_1,4,0.1475
402,candidate_4,candidate_3,candidate_2,candidate_1,4,0.1475
403,candidate_4,candidate_3,candidate_2,candidate_1,4,0.1475
404,0,candidate_3,candidate_2,candidate_1,4,0.1475
405,0,candidate_3,0,candidate_1,4,0.1475
406,candidate_4,candidate_3,candidate_2,candidate_1,4,0.1475
407,candidate_4,candidate_3,candidate_2,candidate_1,4,0.1475
408,candidate_4,candidate_3,0,candidate_1,4,0.1475
409,candidate_4,candidate_3,candidate_2,candidate_1,4,0.1475
410,candidate_4,candidate_3,candidate_2,candidate_1,4,0.1475
411,candidate_4,candidate_3,0,candidate_1,4,0.1475
412,candidate_4,0,candidate_2,candidate_1,4,0.1475
413,candidate_4,candidate_3,candidate_2,candidate_1,4,0.1475
414,candidate_4,candidate_3,candidate_2,0,4,0.1475
415,candidate_4,candidate_3,candidate_2,candidate_1,4,0.1475
416,candidate_4,candidate_3,candidate_2,candidate_1,4,0.1475
417,candidate_4,0,0,candidate_1,4,0.1475
418,0,candidate_3,candidate_2,0,4,0.1475
419,candidate_4,candidate_3,candidate_2,0,4,0.1475
420,candidate_4,candidate_3,candidate_2,candidate_1,4,0.1475
421,candidate_4,0,candidate_2,candidate_1,4,0.1475
422,candidate_4,0,candidate_2,0,4,0.1475
423,candidate_4,candidate_3,candidate_2,candidate_1,4,0.1475
424,candidate_4,candidate_3,candidate_2,candidate_1,4,0.1475
425,0,0,candidate_2,candidate_1,4,0.1475
426,candidate_4,candidate_3,0,candidate_1,4,0.1475
427,candidate_4,candidate_3,0,0,4,0.1475
428,candidate_4,candidate_3,candidate_2,candidate_1,4,0.1475
429,candidate_4,candidate_3,candidate_2,candidate_1,4,0.1475
430,0,candidate_3,candidate_2,candidate_1,4,0.1475
431,candidate_4,0,candidate_2,candidate_1,4,0.1475
432,candidate_4,candidate_3,candidate_2,candidate_1,4,0.1475
433,candidate_4,candidate_3,candidate_2,candidate_1,4,0.1475
434,candidate_4,candidate_3,candidate_2,candidate_1,4,0.1475
435,candidate_4,candidate_3,candidate_2,candidate_1,4,0.1475
436,candidate_4,candidate_3,candidate_2,candidate_1,4,0.1475
437,candidate_4,candidate_3,candidate_2,candidate_1,4,0.1475
438,candidate_4,candidate_3,candidate_2,candidate_1,4,0.1475
439,candidate_4,candidate_3,candidate_2,candidate_1,4,0.1475
440,candidate_4,candidate_3,candidate_2,candidate_1,4,0.1475
441,0,0,candidate_2,candidate_1,4,0.1475
442,candidate_4,candidate_3,candidate_2,0,4,0.1475
443,candidate_4,candidate_3,0,0,4,0.1475
444,candidate_4,candidate_3,candidate_2,candidate_1,4,0.1475
445,0,candidate_3,0,candidate_1,4,0.1475
446,0,candidate_3,candidate_2,candidate_1,4,0.1475
447,candidate_4,candidate_3,candidate_2,candidate_1,4,0.1475
448,candidate_4,candidate_3,candidate_2,candidate_1,4,0.1475
449,candidate_4,candidate_3,candidate_2,candidate_1,4,0.1475
450,0,candidate_3,0,candidate_1,4,0.1475
451,candidate_4,candidate_3,candidate_2,candidate_1,4,0.1475
452,candidate_4,candidate_3,candidate_2,candidate_1,4,0.1475
453,candidate_4,candidate_3,candidate_2,candidate_1,4,0.1475
454,candidate_4,candidate_3,candidate_2,0,4,0.1475
455,candidate_4,candidate_3,candidate_2,candidate_1,4,0.1475
456,candidate_4,candidate_3,candidate_2,candidate_1,4,0.1475
457,candidate_4,candidate_3,0,candidate_1,4,0.1475
458,0,candidate_3,candidate_2,candidate_1,4,0.1475
459,candidate_4,candidate_3,0,candidate_1,4,0.1475
460,candidate_4,candidate_3,candidate_2,candidate_1,4,0.1475
461,candidate_4,candidate_3,candidate_2,candidate_1,4,0.1475
462,0,candidate_3,0,candidate_1,4,0.1475
463,candidate_4,candidate_3,candidate_2,candidate_1,4,0.1475
464,0,candidate_3,0,candidate_1,4,0.1475
465,candidate_4,candidate_3,candidate_2,candidate_1,4,0.1475
466,candidate_4,candidate_3,candidate_2,candidate_1,4,0.1475
467,candidate_4,candidate_3,candidate_2,candidate_1,4,0.1475
468,candidate_4,candidate_3,candidate_2,candidate_1,4,0.1475
469,0,candidate_3,candidate_2,0,4,0.1475
470,0,candidate_3,candidate_2,candidate_1,4,0.1475
471,candidate_4,candidate_3,candidate_2,0,4,0.1475
472,candidate_4,candidate_3,0,candidate_1,4,0.1475
473,candidate_4,candidate_3,candidate_2,candidate_1,4,0.1475
474,candidate_4,0,candidate_2,candidate_1,4,0.1475
475,candidate_4,candidate_3,candidate_2,candidate_1,4,0.1475
476,candidate_4,candidate_3,candidate_2,0,4,0.1475
477,candidate_4,candidate_3,candidate_2,candidate_1,4,0.1475
478,0,candidate_3,candidate_2,candidate_1,4,0.1475
479,candidate_4,candidate_3,candidate_2,candidate_1,4,0.1475
480,candidate_4,candidate_3,candidate_2,candidate_1,4,0.1475
481,candidate_4,candidate_3,candidate_2,candidate_1,4,0.1475
482,candidate_4,candidate_3,candidate_2,candidate_1,4,0.1475
483,candidate_4,candidate_3,candidate_2,candidate_1,4,0.1475
484,candidate_4,candidate_3,candidate_2,candidate_1,4,0.1475
485,0,candidate_3,candidate_2,0,4,0.1475
486,candidate_4,candidate_3,candidate_2,candidate_1,4,0.1475
487,candidate_4,candidate_3,candidate_2,candidate_1,4,0.1475
488,candidate_4,candidate_3,candidate_2,candidate_1,4,0.1475
489,candidate_4,candidate_3,candidate_2,candidate_1,4,0.1475
490,candidate_4,candidate_3,0,candidate_1,4,0.1475
491,0,candidate_3,candidate_2,candidate_1,4,0.1475
492,candidate_4,candidate_3,candidate_2,candidate_1,4,0.1475
493,candidate_4,candidate_3,candidate_2,candidate_1,4,0.1475
494,candidate_4,candidate_3,candidate_2,candidate_1,4,0.1475
495,candidate_4,candidate_3,candidate_2,candidate_1,4,0.1475
496,0,candidate_3,candidate_2,candidate_1,4,0.1475
497,candidate_4,candidate_3,candidate_2,candidate_1,4,0.1475
498,candidate_4,candidate_3,candidate_2,candidate_1,4,0.1475
499,candidate_4,0,candidate_2,candidate_1,4,0.1475
500,candidate_4,candidate_3,candidate_2,0,4,0.1475
501,candidate_4,candidate_3,candidate_2,candidate_1,4,0.1475
502,candidate_4,candidate_3,candidate_2,candidate_1,4,0.1475
503,candidate_4,candidate_3,candidate_2,candidate_1,4,0.1475
504,candidate_4,candidate_3,candidate_2,candidate_1,4,0.1475
505,candidate_4,0,candidate_2,candidate_1,4,0.1475
506,candidate_4,0,candidate_2,candidate_1,4,0.1475
507,candidate_4,0,candidate_2,candidate_1,4,0.1475
508,candidate_4,candidate_3,0,candidate_1,4,0.1475
509,candidate_4,candidate_3,candidate_2,candidate_1,4,0.1475
510,candidate_4,candidate_3,candidate_2,candidate_1,4,0.1475
511,candidate_4,candidate_3,candidate_2,candidate_1,4,0.1475
512,candidate_4,0,candidate_2,candidate_1,4,0.1475
513,candidate_4,candidate_3,candidate_2,candidate_1,4,0.1475
514,candidate_4,candidate_3,candidate_2,candidate_1,4,0.1475
515,candidate_4,candidate_3,0,candidate_1,4,0.1475
516,candidate_4,candidate_3,candidate_2,candidate_1,4,0.1475
517,candidate_4,0,candidate_2,candidate_1,4,0.1475
518,candidate_4,candidate_3,candidate_2,candidate_1,4,0.1475
519,candidate_4,candidate_3,candidate_2,candidate_1,4,0.1475
520,0,candidate_3,candidate_2,candidate_1,4,0.1475
521,candidate_4,candidate_3,candidate_2,candidate_1,4,0.1475
522,candidate_4,candidate_3,candidate_2,candidate_1,4,0.1475
523,candidate_4,0,candidate_2,candidate_1,4,0.1475
524,candidate_4,candidate_3,candidate_2,candidate_1,4,0.1475
525,candidate_4,candidate_3,candidate_2,0,4,0.1475
526,candidate_4,candidate_3,candidate_2,0,4,0.1475
527,candidate_4,candidate_3,0,candidate_1,4,0.1475
528,candidate_4,candidate_3,candidate_2,0,4,0.1475
529,candidate_4,0,candidate_2,candidate_1,4,0.1475
530,candidate_4,candidate_3,candidate_2,candidate_1,4,0.1475
531,candidate_4,candidate_3,candidate_2,candidate_1,4,0.1475
532,candidate_4,candidate_3,candidate_2,candidate_1,4,0.1475
533,candidate_4,candidate_3,0,0,4,0.1475
534,candidate_4,candidate_3,candidate_2,candidate_1,4,0.1475
535,candidate_4,0,candidate_2,candidate_1,4,0.1475
536,candidate_4,0,candidate_2,candidate_1,4,0.1475
537,candidate_4,candidate_3,candidate_2,candidate_1,4,0.1475
538,candidate_4,candidate_3,candidate_2,candidate_1,4,0.1475
539,0,candidate_3,candidate_2,candidate_1,4,0.1475
540,candidate_4,candidate_3,candidate_2,candidate_1,4,0.1475
541,0,candidate_3,0,0,4,0.1475
542,candidate_4,candidate_3,candidate_2,0,4,0.1475
543,candidate_4,candidate_3,candidate_2,0,4,0.1475
544,candidate_4,candidate_3,candidate_2,candidate_1,4,0.1475
545,candidate_4,candidate_3,candidate_2,candidate_1,4,0.1475
546,candidate_4,0,candidate_2,candidate_1,4,0.1475
547,0,candidate_3,candidate_2,candidate_1,4,0.1475
548,candidate_4,0,candidate_2,candidate_1,4,0.1475
549,candidate_4,0,candidate_2,0,4,0.1475
550,candidate_4,candidate_3,candidate_2,candidate_1,4,0.1475
551,candidate_4,0,candidate_2,candidate_1,4,0.1475
552,candidate_4,candidate_3,0,0,4,0.1475
553,candidate_4,candidate_3,candidate_2,0,4,0.1475
554,candidate_4,candidate_3,candidate_2,candidate_1,4,0.1475
555,candidate_4,candidate_3,candidate_2,candidate_1,4,0.1475
556,candidate_4,candidate_3,candidate_2,candidate_1,4,0.1475
557,candidate_4,candidate_3,candidate_2,candidate_1,4,0.1475
558,candidate_4,candidate_3,candidate_2,candidate_1,4,0.1475
559,candidate_4,candidate_3,candidate_2,candidate_1,4,0.1475
560,0,candidate_3,0,candidate_1,4,0.1475
561,0,candidate_3,candidate_2,0,4,0.1475
562,0,candidate_3,0,candidate_1,4,0.1475
563,candidate_4,candidate_3,candidate_2,candidate_1,4,0.1475
564,candidate_4,candidate_3,candidate_2,candidate_1,4,0.1475
565,candidate_4,candidate_3,candidate_2,candidate_1,4,0.1475
566,candidate_4,candidate_3,candidate_2,candidate_1,4,0.1475
567,0,0,0,candidate_1,4,0.1475
568,candidate_4,candidate_3,candidate_2,candidate_1,4,0.1475
569,candidate_4,candidate_3,candidate_2,candidate_1,4,0.1475
570,candidate_4,candidate_3,candidate_2,candidate_1,4,0.1475
571,candidate_4,candidate_3,candidate_2,candidate_1,4,0.1475
572,candidate_4,candidate_3,candidate_2,0,4,0.1475
573,0,candidate_3,candidate_2,candidate_1,4,0.1475
574,candidate_4,candidate_3,0,0,4,0.1475
575,candidate_4,candidate_3,candidate_2,candidate_1,4,0.1475
576,candidate_4,0,candidate_2,candidate_1,4,0.1475
577,candidate_4,candidate_3,candidate_2,candidate_1,4,0.1475
578,candidate_4,candidate_3,candidate_2,candidate_1,4,0.1475
579,candidate_4,candidate_3,candidate_2,candidate_1,4,0.1475
580,candidate_4,0,candidate_2,candidate_1,4,0.1475
581,candidate_4,candidate_3,0,0,4,0.1475
582,candidate_4,candidate_3,candidate_2,candidate_1,4,0.1475
583,0,candidate_3,candidate_2,candidate_1,4,0.1475
584,candidate_4,candidate_3,candidate_2,candidate_1,4,0.1475
585,candidate_4,candidate_3,0,candidate_1,4,0.1475
586,candidate_4,candidate_3,0,candidate_1,4,0.1475
587,candidate_4,candidate_3,0,0,4,0.1475
588,candidate_4,candidate_3,0,candidate_1,4,0.1475
589,candidate_4,candidate_3,candidate_2,candidate_1,4,0.1475
590,candidate_4,0,candidate_2,0,4,0.1475
591,candidate_4,candidate_3,candidate_2,candidate_1,4,0.1475
592,candidate_4,candidate_3,candidate_2,candidate_1,4,0.1475
593,candidate_4,candidate_3,candidate_2,candidate_1,4,0.1475
594,candidate_4,candidate_3,candidate_2,candidate_1,4,0.1475
595,candidate_4,0,candidate_2,candidate_1,4,0.1475
596,candidate_4,candidate_3,candidate_2,candidate_1,4,0.1475
597,candidate_4,candidate_3,candidate_2,candidate_1,4,0.1475
598,candidate_4,candidate_3,candidate_2,candidate_1,4,0.1475
599,candidate_4,candidate_3,candidate_2,candidate_1,4,0.1475
600,candidate_4,candidate_3,candidate_2,candidate_1,4,0.1475
601,candidate_4,candidate_3,candidate_2,candidate_1,4,0.1475
602,0,candidate_3,candidate_2,0,4,0.1475
603,0,candidate_3,candidate_2,candidate_1,4,0.1475
604,candidate_4,candidate_3,candidate_2,candidate_1,4,0.1475
605,candidate_4,candidate_3,candidate_2,candidate_1,4,0.1475
606,candidate_4,candidate_3,candidate_2,candidate_1,4,0.1475
607,candidate_4,0,candidate_2,candidate_1,4,0.1475
608,candidate_4,candidate_3,candidate_2,candidate_1,4,0.1475
609,candidate_4,candidate_3,candidate_2,candidate_1,4,0.1475
610,0,candidate_3,candidate_2,0,4,0.1475
611,candidate_4,candidate_3,candidate_2,candidate_1,4,0.1475
612,0,candidate_3,candidate_2,candidate_1,4,0.1475
613,candidate_4,candidate_3,candidate_2,0,4,0.1475
614,0,candidate_3,candidate_2,candidate_1,4,0.1475
615,candidate_4,candidate_3,candidate_2,candidate_1,4,0.1475
616,candidate_4,candidate_3,candidate_2,candidate_1,4,0.1475
617,0,candidate_3,candidate_2,candidate_1,4,0.1475
618,candidate_4,candidate_3,candidate_2,0,4,0.1475
619,candidate_4,candidate_3,candidate_2,candidate_1,4,0.1475
620,candidate_4,0,candidate_2,0,4,0.1475
621,candidate_4,candidate_3,candidate_2,candidate_1,4,0.1475
622,candidate_4,candidate_3,candidate_2,candidate_1,4,0.1475
623,candidate_4,candidate_3,candidate_2,candidate_1,4,0.1475
624,candidate_4,candidate_3,candidate_2,candidate_1,4,0.1475
625,candidate_4,candidate_3,candidate_2,candidate_1,4,0.1475
626,candidate_4,candidate_3,0,candidate_1,4,0.1475
627,candidate_4,candidate_3,candidate_2,candidate_1,4,0.1475
628,candidate_4,candidate_3,candidate_2,candidate_1,4,0.1475
629,candidate_4,candidate_3,candidate_2,candidate_1,4,0.1475
630,candidate_4,candidate_3,0,candidate_1,4,0.1475
631,candidate_4,candidate_3,candidate_2,0,4,0.1475
632,candidate_4,candidate_3,candidate_2,candidate_1,4,0.1475
633,candidate_4,candidate_3,candidate_2,candidate_1,4,0.1475
634,candidate_4,candidate_3,candidate_2,0,4,0.1475
635,candidate_4,candidate_3,candidate_2,candidate_1,4,0.1475
636,candidate_4,0,candidate_2,candidate_1,4,0.1475
637,candidate_4,candidate_3,candidate_2,0,4,0.1475
638,candidate_4,0,candidate_2,candidate_1,4,0.1475
639,0,candidate_3,candidate_2,candidate_1,4,0.1475
640,candidate_4,candidate_3,candidate_2,candidate_1,4,0.1475
641,candidate_4,candidate_3,candidate_2,candidate_1,4,0.1475
642,candidate_4,candidate_3,candidate_2,candidate_1,4,0.1475
643,0,candidate_3,candidate_2,candidate_1,4,0.1475
644,0,0,candidate_2,candidate_1,4,0.1475
645,candidate_4,candidate_3,candidate_2,candidate_1,4,0.1475
646,candidate_4,candidate_3,0,candidate_1,4,0.1475
647,candidate_4,candidate_3,candidate_2,candidate_1,4,0.1475
648,candidate_4,candidate_3,candidate_2,candidate_1,4,0.1475
649,0,candidate_3,candidate_2,candidate_1,4,0.1475
650,0,0,candidate_2,candidate_1,4,0.1475
651,candidate_4,candidate_3,candidate_2,0,4,0.1475
652,candidate_4,candidate_3,0,candidate_1,4,0.1475
653,candidate_4,candidate_3,candidate_2,0,4,0.1475
654,candidate_4,candidate_3,candidate_2,candidate_1,4,0.1475
655,candidate_4,candidate_3,candidate_2,candidate_1,4,0.1475
656,candidate_4,candidate_3,candidate_2,candidate_1,4,0.1475
657,candidate_4,0,candidate_2,candidate_1,4,0.1475
658,candidate_4,candidate_3,candidate_2,candidate_1,4,0.1475
659,candidate_4,candidate_3,0,candidate_1,4,0.1475
660,candidate_4,candidate_3,candidate_2,candidate_1,4,0.1475
661,0,candidate_3,candidate_2,candidate_1,4,0.1475
662,candidate_4,candidate_3,candidate_2,0,4,0.1475
663,candidate_4,candidate_3,candidate_2,candidate_1,4,0.1475
664,candidate_4,candidate_3,candidate_2,candidate_1,4,0.1475
665,candidate_4,0,candidate_2,candidate_1,4,0.1475
666,candidate_4,candidate_3,candidate_2,candidate_1,4,0.1475
667,candidate_4,candidate_3,candidate_2,candidate_1,4,0.1475
668,candidate_4,candidate_3,candidate_2,0,4,0.1475
669,candidate_4,candidate_3,candidate_2,0,4,0.1475
670,candidate_4,0,candidate_2,candidate_1,4,0.1475
671,candidate_4,candidate_3,candidate_2,candidate_1,4,0.1475
672,candidate_4,candidate_3,candidate_2,candidate_1,4,0.1475
673,0,candidate_3,0,candidate_1,4,0.1475
674,candidate_4,candidate_3,candidate_2,candidate_1,4,0.1475
675,candidate_4,0,candidate_2,candidate_1,4,0.1475
676,0,candidate_3,candidate_2,candidate_1,4,0.1475
677,candidate_4,candidate_3,candidate_2,candidate_1,4,0.1475
678,0,candidate_3,candidate_2,candidate_1,4,0.1475
679,candidate_4,candidate_3,candidate_2,candidate_1,4,0.1475
680,candidate_4,candidate_3,candidate_2,candidate_1,4,0.1475
681,candidate_4,candidate_3,candidate_2,candidate_1,4,0.1475
682,candidate_4,candidate_3,candidate_2,candidate_1,4,0.1475
683,candidate_4,candidate_3,candidate_2,candidate_1,4,0.1475
684,candidate_4,candidate_3,candidate_2,candidate_1,4,0.1475
685,candidate_4,candidate_3,candidate_2,candidate_1,4,0.1475
686,candidate_4,candidate_3,0,candidate_1,4,0.1475
687,candidate_4,candidate_3,candidate_2,candidate_1,4,0.1475
688,candidate_4,0,candidate_2,candidate_1,4,0.1475
689,candidate_4,candidate_3,candidate_2,candidate_1,4,0.1475
690,candidate_4,candidate_3,candidate_2,candidate_1,4,0.1475
691,candidate_4,candidate_3,candidate_2,0,4,0.1475
692,candidate_4,0,candidate_2,candidate_1,4,0.1475
693,candidate_4,candidate_3,candidate_2,candidate_1,4,0.1475
694,0,candidate_3,candidate_2,candidate_1,4,0.1475
695,candidate_4,candidate_3,candidate_2,candidate_1,4,0.1475
696,candidate_4,candidate_3,candidate_2,candidate_1,4,0.1475
697,candidate_4,0,candidate_2,candidate_1,4,0.1475
698,0,candidate_3,0,candidate_1,4,0.1475
699,candidate_4,candidate_3,candidate_2,candidate_1,4,0.1475
700,candidate_4,candidate_3,candidate_2,candidate_1,4,0.1475
701,0,0,candidate_2,candidate_1,4,0.1475
702,candidate_4,candidate_3,candidate_2,0,4,0.1475
703,candidate_4,candidate_3,candidate_2,candidate_1,4,0.1475
704,candidate_4,candidate_3,candidate_2,candidate_1,4,0.1475
705,candidate_4,candidate_3,candidate_2,candidate_1,4,0.1475
706,candidate_4,candidate_3,candidate_2,candidate_1,4,0.1475
707,candidate_4,candidate_3,candidate_2,candidate_1,4,0.1475
708,candidate_4,candidate_3,candidate_2,candidate_1,4,0.1475
709,candidate_4,0,candidate_2,candidate_1,4,0.1475
710,candidate_4,0,candidate_2,candidate_1,4,0.1475
711,candidate_4,candidate_3,candidate_2,candidate_1,4,0.1475
712,candidate_4,0,candidate_2,candidate_1,4,0.1475
713,candidate_4,candidate_3,candidate_2,candidate_1,4,0.1475
714,candidate_4,candidate_3,candidate_2,candidate_1,4,0.1475
715,candidate_4,candidate_3,candidate_2,candidate_1,4,0.1475
716,candidate_4,candidate_3,candidate_2,candidate_1,4,0.1475
717,candidate_4,candidate_3,0,candidate_1,4,0.1475
718,candidate_4,candidate_3,0,candidate_1,4,0.1475
719,candidate_4,candidate_3,candidate_2,candidate_1,4,0.1475
720,candidate_4,candidate_3,candidate_2,candidate_1,4,0.1475
721,candidate_4,0,candidate_2,0,4,0.1475
722,candidate_4,0,candidate_2,candidate_1,4,0.1475
723,candidate_4,candidate_3,candidate_2,candidate_1,4,0.1475
724,candidate_4,candidate_3,candidate_2,candidate_1,4,0.1475
725,0,candidate_3,candidate_2,candidate_1,4,0.1475
726,candidate_4,0,candidate_2,candidate_1,4,0.1475
727,candidate_4,candidate_3,candidate_2,candidate_1,4,0.1475
728,candidate_4,0,candidate_2,candidate_1,4,0.1475
729,candidate_4,candidate_3,candidate_2,candidate_1,4,0.1475
730,candidate_4,candidate_3,candidate_2,candidate_1,4,0.1475
731,candidate_4,0,candidate_2,0,4,0.1475
732,candidate_4,candidate_3,candidate_2,candidate_1,4,0.1475
733,0,candidate_3,candidate_2,candidate_1,4,0.1475
734,candidate_4,0,candidate_2,candidate_1,4,0.1475
735,candidate_4,candidate_3,candidate_2,candidate_1,4,0.1475
736,candidate_4,candidate_3,candidate_2,candidate_1,4,0.1475
737,candidate_4,candidate_3,candidate_2,candidate_1,4,0.1475
738,candidate_4,candidate_3,candidate_2,candidate_1,4,0.1475
739,candidate_4,0,0,candidate_1,4,0.1475
740,candidate_4,candidate_3,candidate_2,candidate_1,4,0.1475
741,candidate_4,candidate_3,candidate_2,candidate_1,4,0.1475
742,candidate_4,candidate_3,candidate_2,candidate_1,4,0.1475
743,candidate_4,candidate_3,candidate_2,candidate_1,4,0.1475
744,candidate_4,0,candidate_2,candidate_1,4,0.1475
745,candidate_4,0,candidate_2,candidate_1,4,0.1475
746,0,0,0,candidate_1,4,0.1475
747,candidate_4,candidate_3,candidate_2,candidate_1,4,0.1475
748,candidate_4,0,candidate_2,candidate_1,4,0.1475
749,candidate_4,candidate_3,candidate_2,0,4,0.1475
750,candidate_4,candidate_3,0,0,4,0.1475
751,candidate_4,candidate_3,candidate_2,candidate_1,4,0.1475
752,candidate_4,candidate_3,candidate_2,candidate_1,4,0.1475
753,candidate_4,candidate_3,candidate_2,candidate_1,4,0.1475
754,candidate_4,candidate_3,candidate_2,candidate_1,4,0.1475
755,candidate_4,candidate_3,candidate_2,candidate_1,4,0.1475
756,candidate_4,0,candidate_2,0,4,0.1475
757,candidate_4,candidate_3,candidate_2,candidate_1,4,0.1475
758,candidate_4,candidate_3,candidate_2,0,4,0.1475
759,candidate_4,candidate_3,candidate_2,candidate_1,4,0.1475
760,0,candidate_3,candidate_2,candidate_1,4,0.1475
761,candidate_4,candidate_3,candidate_2,candidate_1,4,0.1475
762,candidate_4,0,candidate_2,candidate_1,4,0.1475
763,candidate_4,candidate_3,candidate_2,candidate_1,4,0.1475
764,candidate_4,candidate_3,candidate_2,0,4,0.1475
765,candidate_4,0,0,candidate_1,4,0.1475
766,candidate_4,candidate_3,candidate_2,candidate_1,4,0.1475
767,candidate_4,0,candidate_2,candidate_1,4,0.1475
768,candidate_4,candidate_3,candidate_2,candidate_1,4,0.1475
769,0,candidate_3,candidate_2,0,4,0.1475
770,candidate_4,0,candidate_2,candidate_1,4,0.1475
771,0,candidate_3,candidate_2,candidate_1,4,0.1475
772,candidate_4,candidate_3,candidate_2,0,4,0.1475
773,candidate_4,candidate_3,candidate_2,0,4,0.1475
774,candidate_4,candidate_3,candidate_2,candidate_1,4,0.1475
775,candidate_4,candidate_3,candidate_2,candidate_1,4,0.1475
776,0,candidate_3,candidate_2,candidate_1,4,0.1475
777,candidate_4,candidate_3,candidate_2,candidate_1,4,0.1475
778,candidate_4,candidate_3,candidate_2,candidate_1,4,0.1475
779,0,candidate_3,candidate_2,candidate_1,4,0.1475
780,candidate_4,candidate_3,candidate_2,candidate_1,4,0.1475
781,candidate_4,candidate_3,candidate_2,candidate_1,4,0.1475
782,candidate_4,candidate_3,candidate_2,candidate_1,4,0.1475
783,candidate_4,candidate_3,0,candidate_1,4,0.1475
784,candidate_4,candidate_3,candidate_2,candidate_1,4,0.1475
785,candidate_4,candidate_3,candidate_2,0,4,0.1475
786,candidate_4,candidate_3,candidate_2,candidate_1,4,0.1475
787,candidate_4,candidate_3,candidate_2,candidate_1,4,0.1475
788,candidate_4,candidate_3,0,candidate_1,4,0.1475
789,candidate_4,candidate_3,candidate_2,candidate_1,4,0.1475
790,candidate_4,0,candidate_2,candidate_1,4,0.1475
791,candidate_4,0,candidate_2,0,4,0.1475
792,0,candidate_3,candidate_2,candidate_1,4,0.1475
793,candidate_4,0,candidate_2,candidate_1,4,0.1475
794,candidate_4,candidate_3,candidate_2,candidate_1,4,0.1475
795,candidate_4,candidate_3,candidate_2,candidate_1,4,0.1475
796,candidate_4,candidate_3,candidate_2,candidate_1,4,0.1475
797,0,candidate_3,candidate_2,candidate_1,4,0.1475
798,0,candidate_3,candidate_2,candidate_1,4,0.1475
799,candidate_4,candidate_3,candidate_2,candidate_1,4,0.1475
800,candidate_4,candidate_3,0,candidate_1,4,0.1475
801,candidate_4,candidate_3,candidate_2,candidate_1,4,0.1475
802,candidate_4,candidate_3,candidate_2,0,4,0.1475
803,candidate_4,candidate_3,candidate_2,candidate_1,4,0.1475
804,candidate_4,candidate_3,candidate_2,candidate_1,4,0.1475
805,candidate_4,candidate_3,candidate_2,candidate_1,4,0.1475
806,candidate_4,candidate_3,0,candidate_1,4,0.1475
807,0,candidate_3,candidate_2,candidate_1,4,0.1475
808,candidate_4,candidate_3,candidate_2,candidate_1,4,0.1475
809,candidate_4,candidate_3,0,candidate_1,4,0.1475
810,candidate_4,0,candidate_2,candidate_1,4,0.1475
811,candidate_4,candidate_3,candidate_2,0,4,0.1475
812,candidate_4,candidate_3,candidate_2,candidate_1,4,0.1475
813,candidate_4,0,candidate_2,candidate_1,4,0.1475
814,candidate_4,candidate_3,candidate_2,candidate_1,4,0.1475
815,candidate_4,candidate_3,candidate_2,candidate_1,4,0.1475
816,candidate_4,candidate_3,0,candidate_1,4,0.1475
817,candidate_4,candidate_3,0,0,4,0.1475
818,0,candidate_3,candidate_2,candidate_1,4,0.1475
819,0,candidate_3,candidate_2,candidate_1,4,0.1475
820,0,candidate_3,candidate_2,candidate_1,4,0.1475
821,candidate_4,0,candidate_2,candidate_1,4,0.1475
822,candidate_4,candidate_3,0,candidate_1,4,0.1475
823,0,candidate_3,candidate_2,candidate_1,4,0.1475
824,candidate_4,candidate_3,candidate_2,candidate_1,4,0.1475
825,candidate_4,candidate_3,candidate_2,candidate_1,4,0.1475
826,0,candidate_3,candidate_2,candidate_1,4,0.1475
827,candidate_4,candidate_3,0,candidate_1,4,0.1475
828,candidate_4,candidate_3,candidate_2,candidate_1,4,0.1475
829,candidate_4,candidate_3,candidate_2,candidate_1,4,0.1475
830,candidate_4,candidate_3,candidate_2,candidate_1,4,0.1475
831,candidate_4,candidate_3,candidate_2,candidate_1,4,0.1475
832,candidate_4,candidate_3,0,0,4,0.1475
833,candidate_4,candidate_3,candidate_2,candidate_1,4,0.1475
834,0,candidate_3,candidate_2,candidate_1,4,0.1475
835,candidate_4,candidate_3,candidate_2,candidate_1,4,0.1475
836,candidate_4,candidate_3,candidate_2,candidate_1,4,0.1475
837,candidate_4,candidate_3,candidate_2,candidate_1,4,0.1475
838,candidate_4,candidate_3,0,candidate_1,4,0.1475
839,candidate_4,candidate_3,candidate_2,candidate_1,4,0.1475
840,candidate_4,candidate_3,candidate_2,candidate_1,4,0.1475
841,0,candidate_3,candidate_2,candidate_1,4,0.1475
842,candidate_4,candidate_3,candidate_2,0,4,0.1475
843,candidate_4,candidate_3,candidate_2,candidate_1,4,0.1475
844,candidate_4,candidate_3,0,candidate_1,4,0.1475
845,candidate_4,candidate_3,0,candidate_1,4,0.1475
846,candidate_4,candidate_3,candidate_2,candidate_1,4,0.1475
847,candidate_4,candidate_3,candidate_2,0,4,0.1475
848,candidate_4,candidate_3,0,candidate_1,4,0.1475
849,candidate_4,candidate_3,candidate_2,0,4,0.1475
850,candidate_4,0,candidate_2,candidate_1,4,0.1475
851,candidate_4,candidate_3,0,0,4,0.1475
852,candidate_4,candidate_3,0,candidate_1,4,0.1475
853,0,candidate_3,candidate_2,candidate_1,4,0.1475
854,candidate_4,0,0,candidate_1,4,0.1475
855,candidate_4,candidate_3,candidate_2,candidate_1,4,0.1475
856,candidate_4,candidate_3,candidate_2,candidate_1,4,0.1475
857,0,candidate_3,candidate_2,candidate_1,4,0.1475
858,candidate_4,candidate_3,candidate_2,candidate_1,4,0.1475
859,candidate_4,candidate_3,0,candidate_1,4,0.1475
860,candidate_4,candidate_3,0,candidate_1,4,0.1475
861,candidate_4,candidate_3,0,candidate_1,4,0.1475
862,candidate_4,candidate_3,candidate_2,candidate_1,4,0.1475
863,candidate_4,0,candidate_2,candidate_1,4,0.1475
864,candidate_4,candidate_3,candidate_2,0,4,0.1475
865,candidate_4,candidate_3,candidate_2,candidate_1,4,0.1475
866,candidate_4,candidate_3,candidate_2,0,4,0.1475
867,0,candidate_3,candidate_2,candidate_1,4,0.1475
868,candidate_4,candidate_3,0,candidate_1,4,0.1475
869,0,candidate_3,candidate_2,0,4,0.1475
