,candidate_1,candidate_2,candidate_3,num_candidates,noise
0,candidate_1,candidate_2,0,3,0.17333333333333334
1,candidate_1,candidate_2,candidate_3,3,0.17333333333333334
2,candidate_1,candidate_2,candidate_3,3,0.17333333333333334
3,0,candidate_2,candidate_3,3,0.17333333333333334
4,candidate_1,candidate_2,candidate_3,3,0.17333333333333334
5,candidate_1,0,candidate_3,3,0.17333333333333334
6,candidate_1,candidate_2,candidate_3,3,0.17333333333333334
7,candidate_1,candidate_2,candidate_3,3,0.17333333333333334
8,candidate_1,candidate_2,candidate_3,3,0.17333333333333334
9,candidate_1,candidate_2,candidate_3,3,0.17333333333333334
10,candidate_1,candidate_2,candidate_3,3,0.17333333333333334
11,candidate_1,candidate_2,0,3,0.17333333333333334
12,candidate_1,candidate_2,candidate_3,3,0.17333333333333334
13,candidate_1,0,candidate_3,3,0.17333333333333334
14,candidate_1,candidate_2,candidate_3,3,0.17333333333333334
15,candidate_1,0,candidate_3,3,0.17333333333333334
16,candidate_1,candidate_2,0,3,0.17333333333333334
17,candidate_1,candidate_2,candidate_3,3,0.17333333333333334
18,candidate_1,candidate_2,0,3,0.17333333333333334
19,candidate_1,candidate_2,0,3,0.17333333333333334
20,candidate_1,candidate_2,candidate_3,3,0.17333333333333334
21,candidate_1,candidate_2,0,3,0.17333333333333334
22,0,candidate_2,candidate_3,3,0.17333333333333334
23,candidate_1,candidate_2,candidate_3,3,0.17333333333333334
24,candidate_1,candidate_2,candidate_3,3,0.17333333333333334
25,0,candidate_2,candidate_3,3,0.17333333333333334
26,candidate_1,candidate_2,candidate_3,3,0.17333333333333334
27,candidate_1,candidate_2,candidate_3,3,0.17333333333333334
28,candidate_1,candidate_2,candidate_3,3,0.17333333333333334
29,candidate_1,candidate_2,candidate_3,3,0.17333333333333334
30,candidate_1,candidate_2,candidate_3,3,0.17333333333333334
31,candidate_1,candidate_2,candidate_3,3,0.17333333333333334
32,candidate_1,candidate_2,candidate_3,3,0.17333333333333334
33,candidate_1,candidate_2,0,3,0.17333333333333334
34,candidate_1,candidate_2,candidate_3,3,0.17333333333333334
35,candidate_1,candidate_2,candidate_3,3,0.17333333333333334
36,candidate_1,0,candidate_3,3,0.17333333333333334
37,0,candidate_2,candidate_3,3,0.17333333333333334
38,candidate_1,candidate_2,candidate_3,3,0.17333333333333334
39,candidate_1,candidate_2,candidate_3,3,0.17333333333333334
40,candidate_1,0,candidate_3,3,0.17333333333333334
41,candidate_1,candidate_2,candidate_3,3,0.17333333333333334
42,candidate_1,0,candidate_3,3,0.17333333333333334
43,0,candidate_2,candidate_3,3,0.17333333333333334
44,candidate_1,0,candidate_3,3,0.17333333333333334
45,candidate_1,candidate_2,candidate_3,3,0.17333333333333334
46,candidate_1,candidate_2,candidate_3,3,0.17333333333333334
47,candidate_1,candidate_2,0,3,0.17333333333333334
48,candidate_1,candidate_2,candidate_3,3,0.17333333333333334
49,candidate_1,0,candidate_3,3,0.17333333333333334
50,candidate_1,candidate_2,candidate_3,3,0.17333333333333334
51,candidate_1,candidate_2,candidate_3,3,0.17333333333333334
52,candidate_1,0,0,3,0.17333333333333334
53,candidate_1,candidate_2,candidate_3,3,0.17333333333333334
54,0,candidate_2,candidate_3,3,0.17333333333333334
55,candidate_1,candidate_2,candidate_3,3,0.17333333333333334
56,0,candidate_2,candidate_3,3,0.17333333333333334
57,candidate_1,candidate_2,candidate_3,3,0.17333333333333334
58,candidate_1,0,candidate_3,3,0.17333333333333334
59,candidate_1,candidate_2,candidate_3,3,0.17333333333333334
60,candidate_1,candidate_2,0,3,0.17333333333333334
61,0,candidate_2,candidate_3,3,0.17333333333333334
62,0,candidate_2,candidate_3,3,0.17333333333333334
63,candidate_1,candidate_2,candidate_3,3,0.17333333333333334
64,candidate_1,candidate_2,candidate_3,3,0.17333333333333334
65,candidate_1,candidate_2,candidate_3,3,0.17333333333333334
66,candidate_1,candidate_2,candidate_3,3,0.17333333333333334
67,candidate_1,candidate_2,candidate_3,3,0.17333333333333334
68,0,candidate_2,candidate_3,3,0.17333333333333334
69,candidate_1,candidate_2,candidate_3,3,0.17333333333333334
70,candidate_1,candidate_2,candidate_3,3,0.17333333333333334
71,candidate_1,candidate_2,candidate_3,3,0.17333333333333334
72,0,candidate_2,0,3,0.17333333333333334
73,0,0,candidate_3,3,0.17333333333333334
74,0,candidate_2,candidate_3,3,0.17333333333333334
75,0,candidate_2,candidate_3,3,0.17333333333333334
76,candidate_1,candidate_2,candidate_3,3,0.17333333333333334
77,candidate_1,candidate_2,candidate_3,3,0.17333333333333334
78,candidate_1,0,candidate_3,3,0.17333333333333334
79,candidate_1,candidate_2,candidate_3,3,0.17333333333333334
80,candidate_1,candidate_2,candidate_3,3,0.17333333333333334
81,candidate_1,candidate_2,candidate_3,3,0.17333333333333334
82,candidate_1,candidate_2,candidate_3,3,0.17333333333333334
83,candidate_1,candidate_2,candidate_3,3,0.17333333333333334
84,candidate_1,candidate_2,candidate_3,3,0.17333333333333334
85,candidate_1,candidate_2,candidate_3,3,0.17333333333333334
86,candidate_1,candidate_2,candidate_3,3,0.17333333333333334
87,candidate_1,candidate_2,candidate_3,3,0.17333333333333334
88,candidate_1,0,candidate_3,3,0.17333333333333334
89,candidate_1,candidate_2,0,3,0.17333333333333334
90,candidate_1,candidate_2,candidate_3,3,0.17333333333333334
91,0,candidate_2,candidate_3,3,0.17333333333333334
92,candidate_1,candidate_2,candidate_3,3,0.17333333333333334
93,candidate_1,candidate_2,0,3,0.17333333333333334
94,candidate_1,candidate_2,candidate_3,3,0.17333333333333334
95,candidate_1,0,candidate_3,3,0.17333333333333334
96,candidate_1,candidate_2,0,3,0.17333333333333334
97,candidate_1,candidate_2,0,3,0.17333333333333334
98,0,0,candidate_3,3,0.17333333333333334
99,0,candidate_2,candidate_3,3,0.17333333333333334
100,candidate_1,candidate_2,candidate_3,3,0.17333333333333334
101,candidate_1,0,candidate_3,3,0.17333333333333334
102,candidate_1,candidate_2,candidate_3,3,0.17333333333333334
103,candidate_1,candidate_2,candidate_3,3,0.17333333333333334
104,candidate_1,candidate_2,candidate_3,3,0.17333333333333334
105,candidate_1,candidate_2,candidate_3,3,0.17333333333333334
106,candidate_1,candidate_2,candidate_3,3,0.17333333333333334
107,candidate_1,candidate_2,0,3,0.17333333333333334
108,candidate_1,candidate_2,candidate_3,3,0.17333333333333334
109,candidate_1,candidate_2,candidate_3,3,0.17333333333333334
110,candidate_1,candidate_2,candidate_3,3,0.17333333333333334
111,candidate_1,candidate_2,candidate_3,3,0.17333333333333334
112,candidate_1,candidate_2,candidate_3,3,0.17333333333333334
113,candidate_1,candidate_2,candidate_3,3,0.17333333333333334
114,candidate_1,candidate_2,candidate_3,3,0.17333333333333334
115,candidate_1,candidate_2,candidate_3,3,0.17333333333333334
116,0,candidate_2,0,3,0.17333333333333334
117,candidate_1,candidate_2,candidate_3,3,0.17333333333333334
118,0,candidate_2,candidate_3,3,0.17333333333333334
119,candidate_1,candidate_2,candidate_3,3,0.17333333333333334
120,candidate_1,0,candidate_3,3,0.17333333333333334
121,candidate_1,candidate_2,candidate_3,3,0.17333333333333334
122,candidate_1,candidate_2,candidate_3,3,0.17333333333333334
123,candidate_1,candidate_2,candidate_3,3,0.17333333333333334
124,0,candidate_2,candidate_3,3,0.17333333333333334
125,candidate_1,candidate_2,candidate_3,3,0.17333333333333334
126,candidate_1,candidate_2,candidate_3,3,0.17333333333333334
127,candidate_1,candidate_2,candidate_3,3,0.17333333333333334
128,candidate_1,candidate_2,candidate_3,3,0.17333333333333334
129,candidate_1,0,candidate_3,3,0.17333333333333334
130,candidate_1,candidate_2,candidate_3,3,0.17333333333333334
131,candidate_1,candidate_2,candidate_3,3,0.17333333333333334
132,candidate_1,candidate_2,candidate_3,3,0.17333333333333334
133,candidate_1,candidate_2,candidate_3,3,0.17333333333333334
134,candidate_1,0,candidate_3,3,0.17333333333333334
135,0,candidate_2,candidate_3,3,0.17333333333333334
136,candidate_1,candidate_2,candidate_3,3,0.17333333333333334
137,candidate_1,0,0,3,0.17333333333333334
138,candidate_1,candidate_2,0,3,0.17333333333333334
139,candidate_1,candidate_2,candidate_3,3,0.17333333333333334
140,candidate_1,candidate_2,candidate_3,3,0.17333333333333334
141,0,candidate_2,0,3,0.17333333333333334
142,candidate_1,0,candidate_3,3,0.17333333333333334
143,0,candidate_2,candidate_3,3,0.17333333333333334
144,candidate_1,candidate_2,candidate_3,3,0.17333333333333334
145,candidate_1,candidate_2,0,3,0.17333333333333334
146,0,candidate_2,0,3,0.17333333333333334
147,candidate_1,0,candidate_3,3,0.17333333333333334
148,candidate_1,candidate_2,candidate_3,3,0.17333333333333334
149,candidate_1,candidate_2,candidate_3,3,0.17333333333333334
150,candidate_1,candidate_2,candidate_3,3,0.17333333333333334
151,candidate_1,candidate_2,candidate_3,3,0.17333333333333334
152,candidate_1,candidate_2,0,3,0.17333333333333334
153,candidate_1,candidate_2,0,3,0.17333333333333334
154,candidate_1,candidate_2,candidate_3,3,0.17333333333333334
155,candidate_1,candidate_2,0,3,0.17333333333333334
156,candidate_1,candidate_2,candidate_3,3,0.17333333333333334
157,candidate_1,candidate_2,candidate_3,3,0.17333333333333334
158,candidate_1,candidate_2,candidate_3,3,0.17333333333333334
159,candidate_1,candidate_2,candidate_3,3,0.17333333333333334
160,candidate_1,candidate_2,candidate_3,3,0.17333333333333334
161,candidate_1,candidate_2,candidate_3,3,0.17333333333333334
162,0,candidate_2,0,3,0.17333333333333334
163,candidate_1,candidate_2,candidate_3,3,0.17333333333333334
164,candidate_1,candidate_2,candidate_3,3,0.17333333333333334
165,0,candidate_2,candidate_3,3,0.17333333333333334
166,candidate_1,candidate_2,0,3,0.17333333333333334
167,candidate_1,candidate_2,candidate_3,3,0.17333333333333334
168,0,0,candidate_3,3,0.17333333333333334
169,0,candidate_2,candidate_3,3,0.17333333333333334
170,candidate_1,0,candidate_3,3,0.17333333333333334
171,candidate_1,candidate_2,0,3,0.17333333333333334
172,candidate_1,candidate_2,candidate_3,3,0.17333333333333334
173,candidate_1,0,candidate_3,3,0.17333333333333334
174,0,candidate_2,candidate_3,3,0.17333333333333334
175,candidate_1,candidate_2,0,3,0.17333333333333334
176,candidate_1,candidate_2,candidate_3,3,0.17333333333333334
177,candidate_1,0,candidate_3,3,0.17333333333333334
178,0,candidate_2,candidate_3,3,0.17333333333333334
179,candidate_1,candidate_2,candidate_3,3,0.17333333333333334
180,candidate_1,candidate_2,candidate_3,3,0.17333333333333334
181,candidate_1,0,candidate_3,3,0.17333333333333334
182,candidate_1,candidate_2,candidate_3,3,0.17333333333333334
183,candidate_1,0,candidate_3,3,0.17333333333333334
184,candidate_1,candidate_2,candidate_3,3,0.17333333333333334
185,candidate_1,candidate_2,candidate_3,3,0.17333333333333334
186,candidate_1,candidate_2,0,3,0.17333333333333334
187,candidate_1,candidate_2,candidate_3,3,0.17333333333333334
188,candidate_1,candidate_2,candidate_3,3,0.17333333333333334
189,0,candidate_2,candidate_3,3,0.17333333333333334
190,candidate_1,candidate_2,candidate_3,3,0.17333333333333334
191,candidate_1,candidate_2,candidate_3,3,0.17333333333333334
192,candidate_1,0,candidate_3,3,0.17333333333333334
193,candidate_1,0,candidate_3,3,0.17333333333333334
194,candidate_1,0,candidate_3,3,0.17333333333333334
195,0,candidate_2,candidate_3,3,0.17333333333333334
196,candidate_1,candidate_2,candidate_3,3,0.17333333333333334
197,0,candidate_2,candidate_3,3,0.17333333333333334
198,candidate_1,candidate_2,candidate_3,3,0.17333333333333334
199,candidate_1,candidate_2,0,3,0.17333333333333334
200,candidate_1,candidate_2,candidate_3,3,0.17333333333333334
201,candidate_1,candidate_2,candidate_3,3,0.17333333333333334
202,candidate_1,candidate_2,candidate_3,3,0.17333333333333334
203,0,candidate_2,candidate_3,3,0.17333333333333334
204,candidate_1,candidate_2,candidate_3,3,0.17333333333333334
205,candidate_1,candidate_2,0,3,0.17333333333333334
206,candidate_1,candidate_2,candidate_3,3,0.17333333333333334
207,0,0,0,3,0.17333333333333334
208,candidate_1,0,0,3,0.17333333333333334
209,candidate_1,candidate_2,candidate_3,3,0.17333333333333334
210,candidate_1,candidate_2,candidate_3,3,0.17333333333333334
211,candidate_1,candidate_2,candidate_3,3,0.17333333333333334
212,candidate_1,candidate_2,candidate_3,3,0.17333333333333334
213,candidate_1,candidate_2,candidate_3,3,0.17333333333333334
214,candidate_1,candidate_2,candidate_3,3,0.17333333333333334
215,candidate_1,candidate_2,candidate_3,3,0.17333333333333334
216,candidate_1,candidate_2,candidate_3,3,0.17333333333333334
217,candidate_1,candidate_2,candidate_3,3,0.17333333333333334
218,candidate_1,candidate_2,candidate_3,3,0.17333333333333334
219,0,candidate_2,0,3,0.17333333333333334
220,candidate_1,candidate_2,candidate_3,3,0.17333333333333334
221,candidate_1,candidate_2,candidate_3,3,0.17333333333333334
222,candidate_1,candidate_2,candidate_3,3,0.17333333333333334
223,candidate_1,candidate_2,candidate_3,3,0.17333333333333334
224,candidate_1,candidate_2,candidate_3,3,0.17333333333333334
225,candidate_1,candidate_2,0,3,0.17333333333333334
226,candidate_1,candidate_2,0,3,0.17333333333333334
227,candidate_1,candidate_2,candidate_3,3,0.17333333333333334
228,candidate_1,0,0,3,0.17333333333333334
229,candidate_1,candidate_2,candidate_3,3,0.17333333333333334
230,candidate_1,0,0,3,0.17333333333333334
231,0,candidate_2,0,3,0.17333333333333334
232,0,candidate_2,0,3,0.17333333333333334
233,candidate_1,candidate_2,candidate_3,3,0.17333333333333334
234,candidate_1,candidate_2,candidate_3,3,0.17333333333333334
235,0,candidate_2,candidate_3,3,0.17333333333333334
236,candidate_1,candidate_2,candidate_3,3,0.17333333333333334
237,candidate_1,candidate_2,candidate_3,3,0.17333333333333334
238,candidate_1,candidate_2,candidate_3,3,0.17333333333333334
239,candidate_1,candidate_2,candidate_3,3,0.17333333333333334
240,candidate_1,candidate_2,candidate_3,3,0.17333333333333334
241,candidate_1,candidate_2,candidate_3,3,0.17333333333333334
242,candidate_1,candidate_2,candidate_3,3,0.17333333333333334
243,candidate_1,candidate_2,candidate_3,3,0.17333333333333334
244,0,candidate_2,candidate_3,3,0.17333333333333334
245,candidate_1,candidate_2,candidate_3,3,0.17333333333333334
246,candidate_1,candidate_2,candidate_3,3,0.17333333333333334
247,candidate_1,candidate_2,candidate_3,3,0.17333333333333334
248,0,candidate_2,candidate_3,3,0.17333333333333334
249,candidate_1,candidate_2,candidate_3,3,0.17333333333333334
250,candidate_1,0,candidate_3,3,0.17333333333333334
251,candidate_1,candidate_2,candidate_3,3,0.17333333333333334
252,candidate_1,candidate_2,candidate_3,3,0.17333333333333334
253,candidate_1,candidate_2,candidate_3,3,0.17333333333333334
254,candidate_1,candidate_2,candidate_3,3,0.17333333333333334
255,candidate_1,0,candidate_3,3,0.17333333333333334
256,candidate_1,candidate_2,0,3,0.17333333333333334
0,candidate_1,candidate_3,0,3,0.17333333333333334
1,candidate_1,0,candidate_2,3,0.17333333333333334
2,candidate_1,candidate_3,candidate_2,3,0.17333333333333334
3,candidate_1,candidate_3,candidate_2,3,0.17333333333333334
4,candidate_1,candidate_3,0,3,0.17333333333333334
5,candidate_1,candidate_3,candidate_2,3,0.17333333333333334
6,candidate_1,candidate_3,candidate_2,3,0.17333333333333334
7,candidate_1,candidate_3,candidate_2,3,0.17333333333333334
8,candidate_1,0,candidate_2,3,0.17333333333333334
9,0,candidate_3,candidate_2,3,0.17333333333333334
10,candidate_1,candidate_3,candidate_2,3,0.17333333333333334
11,candidate_1,candidate_3,candidate_2,3,0.17333333333333334
12,0,candidate_3,candidate_2,3,0.17333333333333334
13,candidate_1,candidate_3,candidate_2,3,0.17333333333333334
14,candidate_1,candidate_3,candidate_2,3,0.17333333333333334
15,candidate_1,candidate_3,candidate_2,3,0.17333333333333334
16,candidate_1,0,candidate_2,3,0.17333333333333334
17,candidate_1,0,0,3,0.17333333333333334
18,candidate_1,candidate_3,candidate_2,3,0.17333333333333334
0,candidate_2,0,candidate_3,3,0.17333333333333334
1,candidate_2,candidate_1,0,3,0.17333333333333334
2,candidate_2,candidate_1,candidate_3,3,0.17333333333333334
3,candidate_2,candidate_1,candidate_3,3,0.17333333333333334
4,candidate_2,candidate_1,candidate_3,3,0.17333333333333334
5,candidate_2,candidate_1,candidate_3,3,0.17333333333333334
6,candidate_2,candidate_1,candidate_3,3,0.17333333333333334
7,candidate_2,candidate_1,candidate_3,3,0.17333333333333334
8,candidate_2,0,0,3,0.17333333333333334
9,candidate_2,candidate_1,0,3,0.17333333333333334
10,candidate_2,candidate_1,candidate_3,3,0.17333333333333334
11,candidate_2,candidate_1,candidate_3,3,0.17333333333333334
12,candidate_2,0,candidate_3,3,0.17333333333333334
13,0,candidate_1,candidate_3,3,0.17333333333333334
14,candidate_2,candidate_1,candidate_3,3,0.17333333333333334
15,0,candidate_1,candidate_3,3,0.17333333333333334
16,candidate_2,candidate_1,candidate_3,3,0.17333333333333334
17,candidate_2,candidate_1,candidate_3,3,0.17333333333333334
18,candidate_2,candidate_1,candidate_3,3,0.17333333333333334
19,candidate_2,candidate_1,0,3,0.17333333333333334
20,candidate_2,candidate_1,candidate_3,3,0.17333333333333334
21,candidate_2,candidate_1,candidate_3,3,0.17333333333333334
22,0,candidate_1,0,3,0.17333333333333334
23,0,candidate_1,candidate_3,3,0.17333333333333334
24,0,candidate_1,candidate_3,3,0.17333333333333334
25,0,candidate_1,candidate_3,3,0.17333333333333334
26,candidate_2,candidate_1,candidate_3,3,0.17333333333333334
27,candidate_2,0,candidate_3,3,0.17333333333333334
28,candidate_2,0,candidate_3,3,0.17333333333333334
29,candidate_2,candidate_1,candidate_3,3,0.17333333333333334
30,candidate_2,candidate_1,0,3,0.17333333333333334
31,0,candidate_1,candidate_3,3,0.17333333333333334
32,candidate_2,0,0,3,0.17333333333333334
33,candidate_2,0,candidate_3,3,0.17333333333333334
34,candidate_2,candidate_1,candidate_3,3,0.17333333333333334
35,candidate_2,candidate_1,candidate_3,3,0.17333333333333334
36,candidate_2,candidate_1,candidate_3,3,0.17333333333333334
37,candidate_2,0,candidate_3,3,0.17333333333333334
38,0,candidate_1,candidate_3,3,0.17333333333333334
39,candidate_2,candidate_1,candidate_3,3,0.17333333333333334
40,0,candidate_1,candidate_3,3,0.17333333333333334
41,candidate_2,candidate_1,candidate_3,3,0.17333333333333334
42,candidate_2,candidate_1,candidate_3,3,0.17333333333333334
43,candidate_2,0,candidate_3,3,0.17333333333333334
44,candidate_2,candidate_1,candidate_3,3,0.17333333333333334
45,candidate_2,candidate_1,candidate_3,3,0.17333333333333334
46,candidate_2,0,candidate_3,3,0.17333333333333334
47,0,candidate_1,candidate_3,3,0.17333333333333334
48,candidate_2,candidate_1,candidate_3,3,0.17333333333333334
49,0,0,0,3,0.17333333333333334
50,0,candidate_1,candidate_3,3,0.17333333333333334
51,candidate_2,candidate_1,candidate_3,3,0.17333333333333334
52,candidate_2,candidate_1,candidate_3,3,0.17333333333333334
53,candidate_2,candidate_1,candidate_3,3,0.17333333333333334
54,candidate_2,candidate_1,candidate_3,3,0.17333333333333334
55,0,candidate_1,candidate_3,3,0.17333333333333334
56,0,candidate_1,candidate_3,3,0.17333333333333334
57,candidate_2,candidate_1,candidate_3,3,0.17333333333333334
58,candidate_2,candidate_1,candidate_3,3,0.17333333333333334
59,candidate_2,candidate_1,0,3,0.17333333333333334
60,candidate_2,candidate_1,candidate_3,3,0.17333333333333334
61,0,0,0,3,0.17333333333333334
62,candidate_2,candidate_1,candidate_3,3,0.17333333333333334
63,candidate_2,candidate_1,candidate_3,3,0.17333333333333334
64,candidate_2,candidate_1,candidate_3,3,0.17333333333333334
65,candidate_2,0,0,3,0.17333333333333334
66,candidate_2,candidate_1,candidate_3,3,0.17333333333333334
67,candidate_2,candidate_1,candidate_3,3,0.17333333333333334
68,0,candidate_1,candidate_3,3,0.17333333333333334
69,candidate_2,0,candidate_3,3,0.17333333333333334
70,candidate_2,candidate_1,candidate_3,3,0.17333333333333334
71,candidate_2,candidate_1,candidate_3,3,0.17333333333333334
72,candidate_2,candidate_1,0,3,0.17333333333333334
73,candidate_2,candidate_1,candidate_3,3,0.17333333333333334
74,candidate_2,candidate_1,candidate_3,3,0.17333333333333334
75,0,candidate_1,candidate_3,3,0.17333333333333334
76,0,candidate_1,candidate_3,3,0.17333333333333334
77,0,candidate_1,candidate_3,3,0.17333333333333334
78,candidate_2,candidate_1,candidate_3,3,0.17333333333333334
79,candidate_2,candidate_1,candidate_3,3,0.17333333333333334
80,candidate_2,candidate_1,candidate_3,3,0.17333333333333334
81,candidate_2,candidate_1,candidate_3,3,0.17333333333333334
82,0,candidate_1,candidate_3,3,0.17333333333333334
83,candidate_2,candidate_1,candidate_3,3,0.17333333333333334
84,0,candidate_1,candidate_3,3,0.17333333333333334
85,candidate_2,candidate_1,candidate_3,3,0.17333333333333334
86,0,candidate_1,candidate_3,3,0.17333333333333334
87,candidate_2,candidate_1,candidate_3,3,0.17333333333333334
88,candidate_2,candidate_1,candidate_3,3,0.17333333333333334
89,candidate_2,candidate_1,candidate_3,3,0.17333333333333334
90,candidate_2,candidate_1,candidate_3,3,0.17333333333333334
91,candidate_2,candidate_1,candidate_3,3,0.17333333333333334
92,0,candidate_1,candidate_3,3,0.17333333333333334
93,candidate_2,candidate_1,candidate_3,3,0.17333333333333334
94,0,candidate_1,candidate_3,3,0.17333333333333334
95,candidate_2,candidate_1,0,3,0.17333333333333334
96,candidate_2,candidate_1,candidate_3,3,0.17333333333333334
97,candidate_2,candidate_1,candidate_3,3,0.17333333333333334
98,candidate_2,candidate_1,candidate_3,3,0.17333333333333334
99,candidate_2,candidate_1,0,3,0.17333333333333334
100,candidate_2,0,candidate_3,3,0.17333333333333334
101,candidate_2,candidate_1,0,3,0.17333333333333334
102,candidate_2,candidate_1,candidate_3,3,0.17333333333333334
103,0,candidate_1,candidate_3,3,0.17333333333333334
104,candidate_2,candidate_1,0,3,0.17333333333333334
105,candidate_2,candidate_1,candidate_3,3,0.17333333333333334
106,candidate_2,candidate_1,0,3,0.17333333333333334
107,candidate_2,candidate_1,candidate_3,3,0.17333333333333334
108,candidate_2,candidate_1,candidate_3,3,0.17333333333333334
109,candidate_2,candidate_1,candidate_3,3,0.17333333333333334
110,candidate_2,candidate_1,candidate_3,3,0.17333333333333334
111,candidate_2,candidate_1,candidate_3,3,0.17333333333333334
112,0,candidate_1,candidate_3,3,0.17333333333333334
113,candidate_2,candidate_1,candidate_3,3,0.17333333333333334
114,candidate_2,candidate_1,candidate_3,3,0.17333333333333334
115,candidate_2,candidate_1,candidate_3,3,0.17333333333333334
116,0,candidate_1,0,3,0.17333333333333334
117,0,candidate_1,candidate_3,3,0.17333333333333334
118,candidate_2,candidate_1,candidate_3,3,0.17333333333333334
119,candidate_2,candidate_1,0,3,0.17333333333333334
120,candidate_2,candidate_1,candidate_3,3,0.17333333333333334
121,candidate_2,candidate_1,candidate_3,3,0.17333333333333334
122,candidate_2,0,candidate_3,3,0.17333333333333334
123,candidate_2,candidate_1,candidate_3,3,0.17333333333333334
124,candidate_2,0,candidate_3,3,0.17333333333333334
125,0,candidate_1,candidate_3,3,0.17333333333333334
126,candidate_2,candidate_1,candidate_3,3,0.17333333333333334
127,candidate_2,candidate_1,0,3,0.17333333333333334
128,candidate_2,candidate_1,0,3,0.17333333333333334
129,candidate_2,candidate_1,candidate_3,3,0.17333333333333334
130,candidate_2,candidate_1,candidate_3,3,0.17333333333333334
131,candidate_2,candidate_1,0,3,0.17333333333333334
132,candidate_2,candidate_1,candidate_3,3,0.17333333333333334
133,0,candidate_1,candidate_3,3,0.17333333333333334
134,candidate_2,candidate_1,candidate_3,3,0.17333333333333334
135,candidate_2,candidate_1,candidate_3,3,0.17333333333333334
136,candidate_2,candidate_1,candidate_3,3,0.17333333333333334
137,candidate_2,candidate_1,0,3,0.17333333333333334
138,candidate_2,candidate_1,candidate_3,3,0.17333333333333334
139,0,0,candidate_3,3,0.17333333333333334
140,candidate_2,candidate_1,0,3,0.17333333333333334
141,candidate_2,0,candidate_3,3,0.17333333333333334
142,candidate_2,candidate_1,0,3,0.17333333333333334
143,candidate_2,candidate_1,candidate_3,3,0.17333333333333334
144,candidate_2,candidate_1,candidate_3,3,0.17333333333333334
145,candidate_2,candidate_1,candidate_3,3,0.17333333333333334
146,candidate_2,0,candidate_3,3,0.17333333333333334
147,candidate_2,candidate_1,candidate_3,3,0.17333333333333334
148,candidate_2,candidate_1,candidate_3,3,0.17333333333333334
149,candidate_2,candidate_1,candidate_3,3,0.17333333333333334
150,candidate_2,candidate_1,candidate_3,3,0.17333333333333334
151,candidate_2,candidate_1,candidate_3,3,0.17333333333333334
152,candidate_2,candidate_1,candidate_3,3,0.17333333333333334
153,0,candidate_1,candidate_3,3,0.17333333333333334
154,candidate_2,candidate_1,candidate_3,3,0.17333333333333334
155,candidate_2,candidate_1,candidate_3,3,0.17333333333333334
156,candidate_2,candidate_1,candidate_3,3,0.17333333333333334
157,candidate_2,candidate_1,candidate_3,3,0.17333333333333334
158,candidate_2,candidate_1,candidate_3,3,0.17333333333333334
159,candidate_2,0,candidate_3,3,0.17333333333333334
160,candidate_2,candidate_1,candidate_3,3,0.17333333333333334
161,0,candidate_1,candidate_3,3,0.17333333333333334
162,candidate_2,candidate_1,0,3,0.17333333333333334
163,candidate_2,candidate_1,candidate_3,3,0.17333333333333334
164,candidate_2,candidate_1,candidate_3,3,0.17333333333333334
165,candidate_2,candidate_1,candidate_3,3,0.17333333333333334
166,candidate_2,candidate_1,candidate_3,3,0.17333333333333334
167,candidate_2,0,candidate_3,3,0.17333333333333334
168,0,candidate_1,candidate_3,3,0.17333333333333334
169,candidate_2,candidate_1,candidate_3,3,0.17333333333333334
170,candidate_2,candidate_1,candidate_3,3,0.17333333333333334
171,candidate_2,candidate_1,candidate_3,3,0.17333333333333334
172,candidate_2,candidate_1,0,3,0.17333333333333334
173,candidate_2,candidate_1,candidate_3,3,0.17333333333333334
174,candidate_2,candidate_1,candidate_3,3,0.17333333333333334
175,0,candidate_1,candidate_3,3,0.17333333333333334
176,candidate_2,0,candidate_3,3,0.17333333333333334
177,candidate_2,candidate_1,candidate_3,3,0.17333333333333334
178,candidate_2,candidate_1,0,3,0.17333333333333334
179,candidate_2,0,candidate_3,3,0.17333333333333334
180,candidate_2,candidate_1,0,3,0.17333333333333334
181,candidate_2,candidate_1,candidate_3,3,0.17333333333333334
182,0,candidate_1,0,3,0.17333333333333334
183,candidate_2,candidate_1,0,3,0.17333333333333334
184,0,0,0,3,0.17333333333333334
185,0,0,candidate_3,3,0.17333333333333334
186,candidate_2,candidate_1,0,3,0.17333333333333334
187,candidate_2,candidate_1,candidate_3,3,0.17333333333333334
188,candidate_2,candidate_1,0,3,0.17333333333333334
189,candidate_2,candidate_1,0,3,0.17333333333333334
190,candidate_2,candidate_1,candidate_3,3,0.17333333333333334
191,candidate_2,candidate_1,candidate_3,3,0.17333333333333334
192,candidate_2,candidate_1,candidate_3,3,0.17333333333333334
193,candidate_2,candidate_1,candidate_3,3,0.17333333333333334
194,candidate_2,candidate_1,candidate_3,3,0.17333333333333334
195,candidate_2,candidate_1,0,3,0.17333333333333334
196,candidate_2,0,candidate_3,3,0.17333333333333334
197,candidate_2,candidate_1,candidate_3,3,0.17333333333333334
198,candidate_2,0,candidate_3,3,0.17333333333333334
199,candidate_2,candidate_1,candidate_3,3,0.17333333333333334
200,candidate_2,0,candidate_3,3,0.17333333333333334
201,candidate_2,candidate_1,candidate_3,3,0.17333333333333334
202,0,candidate_1,candidate_3,3,0.17333333333333334
203,candidate_2,0,candidate_3,3,0.17333333333333334
204,candidate_2,candidate_1,candidate_3,3,0.17333333333333334
205,candidate_2,candidate_1,candidate_3,3,0.17333333333333334
206,candidate_2,candidate_1,candidate_3,3,0.17333333333333334
207,candidate_2,candidate_1,candidate_3,3,0.17333333333333334
208,candidate_2,candidate_1,candidate_3,3,0.17333333333333334
209,candidate_2,candidate_1,0,3,0.17333333333333334
210,candidate_2,candidate_1,candidate_3,3,0.17333333333333334
211,candidate_2,candidate_1,candidate_3,3,0.17333333333333334
212,candidate_2,candidate_1,candidate_3,3,0.17333333333333334
213,0,0,candidate_3,3,0.17333333333333334
214,candidate_2,candidate_1,candidate_3,3,0.17333333333333334
215,0,candidate_1,candidate_3,3,0.17333333333333334
216,0,candidate_1,0,3,0.17333333333333334
217,candidate_2,candidate_1,candidate_3,3,0.17333333333333334
218,candidate_2,0,candidate_3,3,0.17333333333333334
219,candidate_2,candidate_1,candidate_3,3,0.17333333333333334
220,candidate_2,candidate_1,candidate_3,3,0.17333333333333334
221,candidate_2,candidate_1,candidate_3,3,0.17333333333333334
222,candidate_2,candidate_1,0,3,0.17333333333333334
223,candidate_2,candidate_1,candidate_3,3,0.17333333333333334
224,candidate_2,candidate_1,candidate_3,3,0.17333333333333334
225,candidate_2,candidate_1,0,3,0.17333333333333334
226,candidate_2,candidate_1,candidate_3,3,0.17333333333333334
227,candidate_2,candidate_1,candidate_3,3,0.17333333333333334
228,candidate_2,0,candidate_3,3,0.17333333333333334
229,candidate_2,candidate_1,candidate_3,3,0.17333333333333334
230,candidate_2,candidate_1,candidate_3,3,0.17333333333333334
231,candidate_2,candidate_1,candidate_3,3,0.17333333333333334
232,candidate_2,candidate_1,candidate_3,3,0.17333333333333334
233,candidate_2,candidate_1,candidate_3,3,0.17333333333333334
234,candidate_2,candidate_1,candidate_3,3,0.17333333333333334
235,candidate_2,candidate_1,0,3,0.17333333333333334
236,candidate_2,candidate_1,candidate_3,3,0.17333333333333334
237,candidate_2,candidate_1,candidate_3,3,0.17333333333333334
238,candidate_2,candidate_1,candidate_3,3,0.17333333333333334
239,candidate_2,candidate_1,candidate_3,3,0.17333333333333334
240,0,candidate_1,candidate_3,3,0.17333333333333334
241,candidate_2,candidate_1,candidate_3,3,0.17333333333333334
242,candidate_2,0,candidate_3,3,0.17333333333333334
243,candidate_2,0,candidate_3,3,0.17333333333333334
244,0,0,candidate_3,3,0.17333333333333334
245,candidate_2,candidate_1,candidate_3,3,0.17333333333333334
246,candidate_2,candidate_1,candidate_3,3,0.17333333333333334
247,candidate_2,candidate_1,candidate_3,3,0.17333333333333334
248,candidate_2,candidate_1,candidate_3,3,0.17333333333333334
249,candidate_2,candidate_1,candidate_3,3,0.17333333333333334
250,0,candidate_1,candidate_3,3,0.17333333333333334
251,candidate_2,candidate_1,candidate_3,3,0.17333333333333334
252,0,candidate_1,candidate_3,3,0.17333333333333334
253,candidate_2,0,candidate_3,3,0.17333333333333334
254,candidate_2,candidate_1,candidate_3,3,0.17333333333333334
255,candidate_2,candidate_1,candidate_3,3,0.17333333333333334
256,candidate_2,candidate_1,0,3,0.17333333333333334
257,candidate_2,candidate_1,0,3,0.17333333333333334
258,candidate_2,candidate_1,candidate_3,3,0.17333333333333334
259,0,candidate_1,candidate_3,3,0.17333333333333334
260,candidate_2,candidate_1,candidate_3,3,0.17333333333333334
261,0,candidate_1,candidate_3,3,0.17333333333333334
262,candidate_2,candidate_1,candidate_3,3,0.17333333333333334
263,candidate_2,candidate_1,candidate_3,3,0.17333333333333334
264,candidate_2,candidate_1,candidate_3,3,0.17333333333333334
265,candidate_2,candidate_1,candidate_3,3,0.17333333333333334
266,candidate_2,0,candidate_3,3,0.17333333333333334
267,candidate_2,candidate_1,0,3,0.17333333333333334
268,candidate_2,candidate_1,0,3,0.17333333333333334
269,candidate_2,candidate_1,candidate_3,3,0.17333333333333334
270,candidate_2,candidate_1,candidate_3,3,0.17333333333333334
271,candidate_2,candidate_1,candidate_3,3,0.17333333333333334
272,candidate_2,0,candidate_3,3,0.17333333333333334
273,candidate_2,candidate_1,candidate_3,3,0.17333333333333334
274,candidate_2,candidate_1,candidate_3,3,0.17333333333333334
275,candidate_2,candidate_1,candidate_3,3,0.17333333333333334
276,candidate_2,candidate_1,candidate_3,3,0.17333333333333334
277,candidate_2,candidate_1,candidate_3,3,0.17333333333333334
278,candidate_2,candidate_1,candidate_3,3,0.17333333333333334
279,candidate_2,candidate_1,candidate_3,3,0.17333333333333334
280,candidate_2,candidate_1,candidate_3,3,0.17333333333333334
281,0,candidate_1,candidate_3,3,0.17333333333333334
282,candidate_2,candidate_1,candidate_3,3,0.17333333333333334
283,candidate_2,candidate_1,0,3,0.17333333333333334
284,candidate_2,candidate_1,0,3,0.17333333333333334
285,candidate_2,candidate_1,candidate_3,3,0.17333333333333334
286,candidate_2,0,0,3,0.17333333333333334
287,candidate_2,candidate_1,0,3,0.17333333333333334
288,candidate_2,candidate_1,candidate_3,3,0.17333333333333334
289,candidate_2,candidate_1,0,3,0.17333333333333334
290,candidate_2,candidate_1,candidate_3,3,0.17333333333333334
291,candidate_2,candidate_1,candidate_3,3,0.17333333333333334
292,candidate_2,candidate_1,0,3,0.17333333333333334
293,candidate_2,candidate_1,candidate_3,3,0.17333333333333334
294,candidate_2,candidate_1,candidate_3,3,0.17333333333333334
295,candidate_2,candidate_1,0,3,0.17333333333333334
296,0,candidate_1,candidate_3,3,0.17333333333333334
297,candidate_2,candidate_1,candidate_3,3,0.17333333333333334
298,candidate_2,candidate_1,candidate_3,3,0.17333333333333334
299,candidate_2,candidate_1,candidate_3,3,0.17333333333333334
300,candidate_2,candidate_1,candidate_3,3,0.17333333333333334
301,candidate_2,candidate_1,candidate_3,3,0.17333333333333334
302,candidate_2,candidate_1,candidate_3,3,0.17333333333333334
303,candidate_2,candidate_1,0,3,0.17333333333333334
304,candidate_2,candidate_1,candidate_3,3,0.17333333333333334
305,candidate_2,candidate_1,0,3,0.17333333333333334
306,candidate_2,candidate_1,candidate_3,3,0.17333333333333334
307,candidate_2,candidate_1,candidate_3,3,0.17333333333333334
308,candidate_2,candidate_1,candidate_3,3,0.17333333333333334
309,candidate_2,candidate_1,candidate_3,3,0.17333333333333334
310,candidate_2,0,candidate_3,3,0.17333333333333334
311,candidate_2,candidate_1,candidate_3,3,0.17333333333333334
312,candidate_2,0,candidate_3,3,0.17333333333333334
313,candidate_2,candidate_1,candidate_3,3,0.17333333333333334
314,candidate_2,candidate_1,0,3,0.17333333333333334
315,0,candidate_1,0,3,0.17333333333333334
316,candidate_2,0,candidate_3,3,0.17333333333333334
317,candidate_2,candidate_1,candidate_3,3,0.17333333333333334
318,0,candidate_1,candidate_3,3,0.17333333333333334
319,0,candidate_1,candidate_3,3,0.17333333333333334
320,candidate_2,candidate_1,0,3,0.17333333333333334
321,0,candidate_1,0,3,0.17333333333333334
322,candidate_2,0,candidate_3,3,0.17333333333333334
323,candidate_2,0,0,3,0.17333333333333334
324,candidate_2,candidate_1,0,3,0.17333333333333334
325,candidate_2,candidate_1,candidate_3,3,0.17333333333333334
326,candidate_2,candidate_1,candidate_3,3,0.17333333333333334
327,candidate_2,0,candidate_3,3,0.17333333333333334
328,0,candidate_1,candidate_3,3,0.17333333333333334
329,candidate_2,candidate_1,candidate_3,3,0.17333333333333334
330,candidate_2,candidate_1,candidate_3,3,0.17333333333333334
331,0,candidate_1,candidate_3,3,0.17333333333333334
332,candidate_2,candidate_1,candidate_3,3,0.17333333333333334
333,candidate_2,candidate_1,candidate_3,3,0.17333333333333334
334,candidate_2,candidate_1,candidate_3,3,0.17333333333333334
335,candidate_2,0,candidate_3,3,0.17333333333333334
336,candidate_2,candidate_1,candidate_3,3,0.17333333333333334
337,candidate_2,candidate_1,candidate_3,3,0.17333333333333334
338,candidate_2,0,candidate_3,3,0.17333333333333334
339,candidate_2,candidate_1,candidate_3,3,0.17333333333333334
340,candidate_2,candidate_1,candidate_3,3,0.17333333333333334
341,candidate_2,candidate_1,0,3,0.17333333333333334
342,candidate_2,candidate_1,0,3,0.17333333333333334
343,candidate_2,candidate_1,candidate_3,3,0.17333333333333334
344,0,candidate_1,candidate_3,3,0.17333333333333334
345,candidate_2,candidate_1,0,3,0.17333333333333334
346,0,candidate_1,candidate_3,3,0.17333333333333334
347,candidate_2,candidate_1,candidate_3,3,0.17333333333333334
348,candidate_2,candidate_1,0,3,0.17333333333333334
349,candidate_2,candidate_1,candidate_3,3,0.17333333333333334
350,candidate_2,0,candidate_3,3,0.17333333333333334
351,candidate_2,candidate_1,candidate_3,3,0.17333333333333334
352,candidate_2,candidate_1,candidate_3,3,0.17333333333333334
353,candidate_2,candidate_1,0,3,0.17333333333333334
354,candidate_2,candidate_1,candidate_3,3,0.17333333333333334
355,0,candidate_1,candidate_3,3,0.17333333333333334
356,candidate_2,candidate_1,candidate_3,3,0.17333333333333334
357,candidate_2,candidate_1,candidate_3,3,0.17333333333333334
358,candidate_2,0,candidate_3,3,0.17333333333333334
359,0,candidate_1,0,3,0.17333333333333334
360,candidate_2,candidate_1,candidate_3,3,0.17333333333333334
361,0,candidate_1,candidate_3,3,0.17333333333333334
362,candidate_2,candidate_1,0,3,0.17333333333333334
363,candidate_2,candidate_1,candidate_3,3,0.17333333333333334
364,candidate_2,candidate_1,candidate_3,3,0.17333333333333334
365,candidate_2,candidate_1,candidate_3,3,0.17333333333333334
366,0,candidate_1,0,3,0.17333333333333334
367,candidate_2,candidate_1,candidate_3,3,0.17333333333333334
368,candidate_2,candidate_1,candidate_3,3,0.17333333333333334
369,candidate_2,candidate_1,candidate_3,3,0.17333333333333334
370,candidate_2,candidate_1,candidate_3,3,0.17333333333333334
371,candidate_2,0,0,3,0.17333333333333334
372,candidate_2,candidate_1,candidate_3,3,0.17333333333333334
373,candidate_2,candidate_1,candidate_3,3,0.17333333333333334
374,candidate_2,candidate_1,candidate_3,3,0.17333333333333334
375,candidate_2,candidate_1,candidate_3,3,0.17333333333333334
376,candidate_2,0,candidate_3,3,0.17333333333333334
377,candidate_2,candidate_1,candidate_3,3,0.17333333333333334
378,0,candidate_1,candidate_3,3,0.17333333333333334
379,candidate_2,candidate_1,candidate_3,3,0.17333333333333334
380,candidate_2,candidate_1,0,3,0.17333333333333334
381,candidate_2,candidate_1,candidate_3,3,0.17333333333333334
382,candidate_2,candidate_1,candidate_3,3,0.17333333333333334
383,candidate_2,candidate_1,candidate_3,3,0.17333333333333334
384,candidate_2,candidate_1,candidate_3,3,0.17333333333333334
385,candidate_2,candidate_1,candidate_3,3,0.17333333333333334
386,candidate_2,candidate_1,candidate_3,3,0.17333333333333334
387,candidate_2,candidate_1,candidate_3,3,0.17333333333333334
388,candidate_2,candidate_1,candidate_3,3,0.17333333333333334
389,candidate_2,candidate_1,candidate_3,3,0.17333333333333334
390,candidate_2,candidate_1,candidate_3,3,0.17333333333333334
391,candidate_2,candidate_1,candidate_3,3,0.17333333333333334
392,candidate_2,candidate_1,candidate_3,3,0.17333333333333334
393,candidate_2,candidate_1,candidate_3,3,0.17333333333333334
394,candidate_2,candidate_1,candidate_3,3,0.17333333333333334
395,candidate_2,candidate_1,candidate_3,3,0.17333333333333334
396,0,candidate_1,0,3,0.17333333333333334
397,candidate_2,candidate_1,candidate_3,3,0.17333333333333334
398,candidate_2,candidate_1,0,3,0.17333333333333334
399,candidate_2,candidate_1,candidate_3,3,0.17333333333333334
400,candidate_2,candidate_1,candidate_3,3,0.17333333333333334
401,candidate_2,candidate_1,0,3,0.17333333333333334
402,candidate_2,candidate_1,candidate_3,3,0.17333333333333334
403,candidate_2,candidate_1,candidate_3,3,0.17333333333333334
404,candidate_2,candidate_1,candidate_3,3,0.17333333333333334
405,candidate_2,candidate_1,candidate_3,3,0.17333333333333334
406,0,candidate_1,candidate_3,3,0.17333333333333334
0,candidate_2,candidate_3,candidate_1,3,0.17333333333333334
1,candidate_2,candidate_3,candidate_1,3,0.17333333333333334
2,candidate_2,candidate_3,0,3,0.17333333333333334
3,candidate_2,candidate_3,candidate_1,3,0.17333333333333334
4,0,candidate_3,candidate_1,3,0.17333333333333334
5,candidate_2,candidate_3,0,3,0.17333333333333334
6,candidate_2,candidate_3,candidate_1,3,0.17333333333333334
7,0,0,candidate_1,3,0.17333333333333334
8,0,candidate_3,candidate_1,3,0.17333333333333334
9,candidate_2,candidate_3,candidate_1,3,0.17333333333333334
10,candidate_2,candidate_3,0,3,0.17333333333333334
11,candidate_2,candidate_3,0,3,0.17333333333333334
12,candidate_2,candidate_3,0,3,0.17333333333333334
13,candidate_2,0,0,3,0.17333333333333334
14,candidate_2,0,0,3,0.17333333333333334
15,candidate_2,candidate_3,candidate_1,3,0.17333333333333334
16,candidate_2,candidate_3,candidate_1,3,0.17333333333333334
17,candidate_2,candidate_3,candidate_1,3,0.17333333333333334
18,candidate_2,candidate_3,0,3,0.17333333333333334
19,candidate_2,candidate_3,candidate_1,3,0.17333333333333334
20,0,candidate_3,candidate_1,3,0.17333333333333334
21,candidate_2,candidate_3,candidate_1,3,0.17333333333333334
22,candidate_2,0,candidate_1,3,0.17333333333333334
23,candidate_2,candidate_3,candidate_1,3,0.17333333333333334
24,candidate_2,0,candidate_1,3,0.17333333333333334
25,0,candidate_3,candidate_1,3,0.17333333333333334
26,candidate_2,candidate_3,candidate_1,3,0.17333333333333334
27,candidate_2,candidate_3,candidate_1,3,0.17333333333333334
28,candidate_2,candidate_3,0,3,0.17333333333333334
29,candidate_2,0,candidate_1,3,0.17333333333333334
30,candidate_2,candidate_3,candidate_1,3,0.17333333333333334
31,candidate_2,candidate_3,candidate_1,3,0.17333333333333334
32,candidate_2,candidate_3,0,3,0.17333333333333334
33,candidate_2,candidate_3,candidate_1,3,0.17333333333333334
34,candidate_2,candidate_3,candidate_1,3,0.17333333333333334
35,candidate_2,0,0,3,0.17333333333333334
36,candidate_2,0,candidate_1,3,0.17333333333333334
37,candidate_2,candidate_3,candidate_1,3,0.17333333333333334
38,candidate_2,candidate_3,0,3,0.17333333333333334
39,0,candidate_3,candidate_1,3,0.17333333333333334
40,candidate_2,candidate_3,candidate_1,3,0.17333333333333334
41,candidate_2,candidate_3,candidate_1,3,0.17333333333333334
42,candidate_2,candidate_3,candidate_1,3,0.17333333333333334
43,candidate_2,candidate_3,candidate_1,3,0.17333333333333334
44,candidate_2,0,candidate_1,3,0.17333333333333334
45,candidate_2,candidate_3,candidate_1,3,0.17333333333333334
46,candidate_2,candidate_3,candidate_1,3,0.17333333333333334
47,candidate_2,candidate_3,candidate_1,3,0.17333333333333334
48,candidate_2,candidate_3,0,3,0.17333333333333334
49,0,candidate_3,candidate_1,3,0.17333333333333334
50,candidate_2,0,candidate_1,3,0.17333333333333334
51,0,0,candidate_1,3,0.17333333333333334
52,candidate_2,candidate_3,candidate_1,3,0.17333333333333334
53,candidate_2,candidate_3,candidate_1,3,0.17333333333333334
54,candidate_2,0,0,3,0.17333333333333334
55,candidate_2,0,candidate_1,3,0.17333333333333334
56,candidate_2,candidate_3,0,3,0.17333333333333334
57,0,candidate_3,candidate_1,3,0.17333333333333334
58,0,0,candidate_1,3,0.17333333333333334
59,candidate_2,0,candidate_1,3,0.17333333333333334
60,0,0,candidate_1,3,0.17333333333333334
61,candidate_2,candidate_3,candidate_1,3,0.17333333333333334
62,candidate_2,candidate_3,candidate_1,3,0.17333333333333334
63,0,candidate_3,candidate_1,3,0.17333333333333334
64,candidate_2,candidate_3,candidate_1,3,0.17333333333333334
65,candidate_2,candidate_3,candidate_1,3,0.17333333333333334
66,candidate_2,candidate_3,candidate_1,3,0.17333333333333334
67,candidate_2,candidate_3,candidate_1,3,0.17333333333333334
68,0,candidate_3,candidate_1,3,0.17333333333333334
69,candidate_2,candidate_3,candidate_1,3,0.17333333333333334
70,0,candidate_3,candidate_1,3,0.17333333333333334
71,candidate_2,candidate_3,candidate_1,3,0.17333333333333334
72,0,0,candidate_1,3,0.17333333333333334
73,candidate_2,candidate_3,candidate_1,3,0.17333333333333334
74,candidate_2,0,candidate_1,3,0.17333333333333334
75,candidate_2,candidate_3,0,3,0.17333333333333334
76,candidate_2,candidate_3,candidate_1,3,0.17333333333333334
77,candidate_2,candidate_3,candidate_1,3,0.17333333333333334
78,candidate_2,candidate_3,0,3,0.17333333333333334
79,candidate_2,candidate_3,candidate_1,3,0.17333333333333334
80,candidate_2,candidate_3,0,3,0.17333333333333334
81,candidate_2,candidate_3,candidate_1,3,0.17333333333333334
82,candidate_2,candidate_3,candidate_1,3,0.17333333333333334
83,candidate_2,candidate_3,candidate_1,3,0.17333333333333334
84,0,candidate_3,candidate_1,3,0.17333333333333334
85,candidate_2,candidate_3,0,3,0.17333333333333334
86,candidate_2,0,candidate_1,3,0.17333333333333334
87,candidate_2,candidate_3,candidate_1,3,0.17333333333333334
88,candidate_2,candidate_3,candidate_1,3,0.17333333333333334
89,candidate_2,candidate_3,candidate_1,3,0.17333333333333334
90,candidate_2,candidate_3,candidate_1,3,0.17333333333333334
91,candidate_2,candidate_3,0,3,0.17333333333333334
92,candidate_2,candidate_3,candidate_1,3,0.17333333333333334
93,candidate_2,candidate_3,candidate_1,3,0.17333333333333334
94,candidate_2,candidate_3,candidate_1,3,0.17333333333333334
95,0,candidate_3,candidate_1,3,0.17333333333333334
96,candidate_2,candidate_3,candidate_1,3,0.17333333333333334
97,candidate_2,candidate_3,candidate_1,3,0.17333333333333334
98,0,candidate_3,candidate_1,3,0.17333333333333334
99,0,candidate_3,candidate_1,3,0.17333333333333334
100,candidate_2,candidate_3,candidate_1,3,0.17333333333333334
101,candidate_2,candidate_3,candidate_1,3,0.17333333333333334
102,candidate_2,candidate_3,candidate_1,3,0.17333333333333334
103,candidate_2,candidate_3,0,3,0.17333333333333334
104,candidate_2,candidate_3,candidate_1,3,0.17333333333333334
105,0,candidate_3,candidate_1,3,0.17333333333333334
106,candidate_2,candidate_3,candidate_1,3,0.17333333333333334
107,candidate_2,candidate_3,candidate_1,3,0.17333333333333334
108,candidate_2,0,candidate_1,3,0.17333333333333334
109,candidate_2,candidate_3,candidate_1,3,0.17333333333333334
110,candidate_2,0,0,3,0.17333333333333334
111,candidate_2,candidate_3,candidate_1,3,0.17333333333333334
112,candidate_2,candidate_3,candidate_1,3,0.17333333333333334
113,candidate_2,candidate_3,candidate_1,3,0.17333333333333334
114,candidate_2,candidate_3,candidate_1,3,0.17333333333333334
115,candidate_2,candidate_3,0,3,0.17333333333333334
116,candidate_2,candidate_3,candidate_1,3,0.17333333333333334
117,candidate_2,candidate_3,candidate_1,3,0.17333333333333334
118,0,0,candidate_1,3,0.17333333333333334
119,candidate_2,0,candidate_1,3,0.17333333333333334
120,candidate_2,candidate_3,candidate_1,3,0.17333333333333334
121,candidate_2,candidate_3,0,3,0.17333333333333334
0,candidate_3,candidate_1,candidate_2,3,0.17333333333333334
1,candidate_3,0,candidate_2,3,0.17333333333333334
2,candidate_3,candidate_1,candidate_2,3,0.17333333333333334
3,candidate_3,candidate_1,candidate_2,3,0.17333333333333334
4,candidate_3,candidate_1,candidate_2,3,0.17333333333333334
5,candidate_3,candidate_1,candidate_2,3,0.17333333333333334
6,candidate_3,0,candidate_2,3,0.17333333333333334
7,candidate_3,candidate_1,candidate_2,3,0.17333333333333334
8,candidate_3,0,0,3,0.17333333333333334
9,0,candidate_1,candidate_2,3,0.17333333333333334
10,0,0,candidate_2,3,0.17333333333333334
11,candidate_3,candidate_1,0,3,0.17333333333333334
12,candidate_3,candidate_1,candidate_2,3,0.17333333333333334
13,candidate_3,candidate_1,0,3,0.17333333333333334
14,candidate_3,candidate_1,candidate_2,3,0.17333333333333334
15,candidate_3,0,0,3,0.17333333333333334
16,0,candidate_1,candidate_2,3,0.17333333333333334
17,candidate_3,0,0,3,0.17333333333333334
18,candidate_3,candidate_1,0,3,0.17333333333333334
19,candidate_3,candidate_1,candidate_2,3,0.17333333333333334
20,candidate_3,candidate_1,candidate_2,3,0.17333333333333334
21,candidate_3,candidate_1,candidate_2,3,0.17333333333333334
22,candidate_3,candidate_1,candidate_2,3,0.17333333333333334
23,candidate_3,candidate_1,candidate_2,3,0.17333333333333334
24,candidate_3,candidate_1,candidate_2,3,0.17333333333333334
25,candidate_3,candidate_1,candidate_2,3,0.17333333333333334
26,0,candidate_1,candidate_2,3,0.17333333333333334
27,candidate_3,0,candidate_2,3,0.17333333333333334
28,candidate_3,0,candidate_2,3,0.17333333333333334
29,candidate_3,candidate_1,candidate_2,3,0.17333333333333334
30,candidate_3,0,candidate_2,3,0.17333333333333334
31,candidate_3,candidate_1,0,3,0.17333333333333334
32,0,0,candidate_2,3,0.17333333333333334
33,candidate_3,candidate_1,candidate_2,3,0.17333333333333334
34,0,0,0,3,0.17333333333333334
35,0,candidate_1,candidate_2,3,0.17333333333333334
36,candidate_3,candidate_1,candidate_2,3,0.17333333333333334
37,candidate_3,candidate_1,0,3,0.17333333333333334
38,candidate_3,candidate_1,candidate_2,3,0.17333333333333334
39,candidate_3,0,candidate_2,3,0.17333333333333334
40,candidate_3,candidate_1,0,3,0.17333333333333334
41,candidate_3,candidate_1,candidate_2,3,0.17333333333333334
42,candidate_3,candidate_1,0,3,0.17333333333333334
43,candidate_3,candidate_1,candidate_2,3,0.17333333333333334
44,0,0,candidate_2,3,0.17333333333333334
45,candidate_3,candidate_1,0,3,0.17333333333333334
46,candidate_3,0,candidate_2,3,0.17333333333333334
47,candidate_3,candidate_1,candidate_2,3,0.17333333333333334
48,candidate_3,candidate_1,candidate_2,3,0.17333333333333334
49,candidate_3,candidate_1,candidate_2,3,0.17333333333333334
50,0,candidate_1,candidate_2,3,0.17333333333333334
51,0,candidate_1,candidate_2,3,0.17333333333333334
52,candidate_3,candidate_1,candidate_2,3,0.17333333333333334
53,0,candidate_1,candidate_2,3,0.17333333333333334
54,0,candidate_1,candidate_2,3,0.17333333333333334
55,candidate_3,candidate_1,candidate_2,3,0.17333333333333334
56,candidate_3,candidate_1,candidate_2,3,0.17333333333333334
57,0,candidate_1,0,3,0.17333333333333334
58,candidate_3,candidate_1,candidate_2,3,0.17333333333333334
59,candidate_3,0,0,3,0.17333333333333334
60,candidate_3,candidate_1,candidate_2,3,0.17333333333333334
61,0,candidate_1,candidate_2,3,0.17333333333333334
62,0,candidate_1,candidate_2,3,0.17333333333333334
63,candidate_3,candidate_1,0,3,0.17333333333333334
64,candidate_3,candidate_1,candidate_2,3,0.17333333333333334
65,candidate_3,candidate_1,candidate_2,3,0.17333333333333334
66,0,0,candidate_2,3,0.17333333333333334
67,candidate_3,candidate_1,candidate_2,3,0.17333333333333334
68,candidate_3,candidate_1,candidate_2,3,0.17333333333333334
69,candidate_3,candidate_1,candidate_2,3,0.17333333333333334
70,candidate_3,0,candidate_2,3,0.17333333333333334
71,candidate_3,candidate_1,candidate_2,3,0.17333333333333334
72,candidate_3,candidate_1,candidate_2,3,0.17333333333333334
73,candidate_3,candidate_1,candidate_2,3,0.17333333333333334
74,candidate_3,candidate_1,candidate_2,3,0.17333333333333334
75,candidate_3,candidate_1,candidate_2,3,0.17333333333333334
76,candidate_3,candidate_1,candidate_2,3,0.17333333333333334
77,candidate_3,candidate_1,candidate_2,3,0.17333333333333334
78,candidate_3,0,candidate_2,3,0.17333333333333334
79,candidate_3,candidate_1,candidate_2,3,0.17333333333333334
80,candidate_3,candidate_1,candidate_2,3,0.17333333333333334
81,candidate_3,candidate_1,candidate_2,3,0.17333333333333334
82,candidate_3,0,candidate_2,3,0.17333333333333334
83,0,candidate_1,candidate_2,3,0.17333333333333334
84,0,candidate_1,candidate_2,3,0.17333333333333334
85,candidate_3,0,candidate_2,3,0.17333333333333334
86,0,candidate_1,candidate_2,3,0.17333333333333334
87,candidate_3,candidate_1,candidate_2,3,0.17333333333333334
88,candidate_3,0,0,3,0.17333333333333334
89,candidate_3,candidate_1,candidate_2,3,0.17333333333333334
90,candidate_3,candidate_1,0,3,0.17333333333333334
91,candidate_3,candidate_1,0,3,0.17333333333333334
92,candidate_3,candidate_1,candidate_2,3,0.17333333333333334
93,candidate_3,candidate_1,0,3,0.17333333333333334
94,candidate_3,candidate_1,candidate_2,3,0.17333333333333334
95,0,candidate_1,candidate_2,3,0.17333333333333334
96,candidate_3,0,candidate_2,3,0.17333333333333334
97,candidate_3,candidate_1,candidate_2,3,0.17333333333333334
98,candidate_3,candidate_1,candidate_2,3,0.17333333333333334
99,0,candidate_1,candidate_2,3,0.17333333333333334
100,candidate_3,candidate_1,0,3,0.17333333333333334
101,candidate_3,candidate_1,candidate_2,3,0.17333333333333334
102,candidate_3,candidate_1,candidate_2,3,0.17333333333333334
103,candidate_3,candidate_1,candidate_2,3,0.17333333333333334
104,candidate_3,candidate_1,candidate_2,3,0.17333333333333334
105,candidate_3,0,candidate_2,3,0.17333333333333334
106,candidate_3,candidate_1,0,3,0.17333333333333334
107,candidate_3,candidate_1,candidate_2,3,0.17333333333333334
108,candidate_3,candidate_1,candidate_2,3,0.17333333333333334
109,0,candidate_1,0,3,0.17333333333333334
110,candidate_3,candidate_1,candidate_2,3,0.17333333333333334
111,candidate_3,candidate_1,candidate_2,3,0.17333333333333334
112,candidate_3,candidate_1,candidate_2,3,0.17333333333333334
113,candidate_3,candidate_1,candidate_2,3,0.17333333333333334
114,candidate_3,candidate_1,candidate_2,3,0.17333333333333334
115,candidate_3,candidate_1,candidate_2,3,0.17333333333333334
116,candidate_3,candidate_1,candidate_2,3,0.17333333333333334
117,candidate_3,candidate_1,candidate_2,3,0.17333333333333334
118,candidate_3,candidate_1,0,3,0.17333333333333334
119,candidate_3,candidate_1,candidate_2,3,0.17333333333333334
120,0,0,candidate_2,3,0.17333333333333334
121,candidate_3,candidate_1,0,3,0.17333333333333334
122,candidate_3,candidate_1,candidate_2,3,0.17333333333333334
123,candidate_3,candidate_1,candidate_2,3,0.17333333333333334
124,candidate_3,candidate_1,candidate_2,3,0.17333333333333334
125,candidate_3,candidate_1,candidate_2,3,0.17333333333333334
126,candidate_3,candidate_1,candidate_2,3,0.17333333333333334
127,candidate_3,candidate_1,candidate_2,3,0.17333333333333334
128,candidate_3,candidate_1,candidate_2,3,0.17333333333333334
129,candidate_3,candidate_1,candidate_2,3,0.17333333333333334
130,candidate_3,candidate_1,candidate_2,3,0.17333333333333334
131,0,candidate_1,candidate_2,3,0.17333333333333334
132,0,candidate_1,candidate_2,3,0.17333333333333334
133,candidate_3,0,0,3,0.17333333333333334
134,candidate_3,candidate_1,candidate_2,3,0.17333333333333334
135,candidate_3,0,0,3,0.17333333333333334
136,0,candidate_1,candidate_2,3,0.17333333333333334
137,candidate_3,candidate_1,candidate_2,3,0.17333333333333334
138,candidate_3,0,candidate_2,3,0.17333333333333334
139,candidate_3,candidate_1,candidate_2,3,0.17333333333333334
140,candidate_3,candidate_1,candidate_2,3,0.17333333333333334
141,candidate_3,candidate_1,candidate_2,3,0.17333333333333334
142,candidate_3,candidate_1,candidate_2,3,0.17333333333333334
143,0,0,candidate_2,3,0.17333333333333334
144,candidate_3,candidate_1,candidate_2,3,0.17333333333333334
145,candidate_3,candidate_1,candidate_2,3,0.17333333333333334
146,candidate_3,candidate_1,candidate_2,3,0.17333333333333334
147,candidate_3,candidate_1,candidate_2,3,0.17333333333333334
148,candidate_3,candidate_1,candidate_2,3,0.17333333333333334
149,candidate_3,candidate_1,candidate_2,3,0.17333333333333334
150,candidate_3,candidate_1,candidate_2,3,0.17333333333333334
151,candidate_3,candidate_1,0,3,0.17333333333333334
152,candidate_3,0,candidate_2,3,0.17333333333333334
153,candidate_3,candidate_1,candidate_2,3,0.17333333333333334
154,0,candidate_1,candidate_2,3,0.17333333333333334
155,0,candidate_1,candidate_2,3,0.17333333333333334
156,candidate_3,candidate_1,candidate_2,3,0.17333333333333334
157,0,candidate_1,candidate_2,3,0.17333333333333334
158,candidate_3,candidate_1,candidate_2,3,0.17333333333333334
159,candidate_3,candidate_1,candidate_2,3,0.17333333333333334
160,candidate_3,0,candidate_2,3,0.17333333333333334
161,candidate_3,0,candidate_2,3,0.17333333333333334
162,candidate_3,candidate_1,candidate_2,3,0.17333333333333334
163,candidate_3,candidate_1,candidate_2,3,0.17333333333333334
164,0,candidate_1,candidate_2,3,0.17333333333333334
165,candidate_3,candidate_1,candidate_2,3,0.17333333333333334
166,candidate_3,candidate_1,candidate_2,3,0.17333333333333334
167,candidate_3,candidate_1,candidate_2,3,0.17333333333333334
168,candidate_3,candidate_1,candidate_2,3,0.17333333333333334
169,candidate_3,candidate_1,candidate_2,3,0.17333333333333334
170,candidate_3,candidate_1,0,3,0.17333333333333334
171,candidate_3,candidate_1,candidate_2,3,0.17333333333333334
172,0,candidate_1,candidate_2,3,0.17333333333333334
173,candidate_3,candidate_1,candidate_2,3,0.17333333333333334
174,candidate_3,candidate_1,0,3,0.17333333333333334
175,candidate_3,candidate_1,0,3,0.17333333333333334
176,candidate_3,candidate_1,candidate_2,3,0.17333333333333334
177,candidate_3,0,candidate_2,3,0.17333333333333334
178,candidate_3,candidate_1,candidate_2,3,0.17333333333333334
179,candidate_3,0,candidate_2,3,0.17333333333333334
180,candidate_3,candidate_1,0,3,0.17333333333333334
181,candidate_3,candidate_1,candidate_2,3,0.17333333333333334
182,candidate_3,candidate_1,candidate_2,3,0.17333333333333334
183,0,candidate_1,candidate_2,3,0.17333333333333334
184,candidate_3,candidate_1,0,3,0.17333333333333334
185,0,candidate_1,candidate_2,3,0.17333333333333334
186,candidate_3,candidate_1,candidate_2,3,0.17333333333333334
187,0,candidate_1,candidate_2,3,0.17333333333333334
188,candidate_3,candidate_1,candidate_2,3,0.17333333333333334
189,candidate_3,candidate_1,0,3,0.17333333333333334
190,0,candidate_1,candidate_2,3,0.17333333333333334
191,candidate_3,0,candidate_2,3,0.17333333333333334
192,candidate_3,candidate_1,candidate_2,3,0.17333333333333334
193,candidate_3,candidate_1,candidate_2,3,0.17333333333333334
194,candidate_3,candidate_1,candidate_2,3,0.17333333333333334
195,0,candidate_1,candidate_2,3,0.17333333333333334
196,candidate_3,0,candidate_2,3,0.17333333333333334
197,candidate_3,candidate_1,candidate_2,3,0.17333333333333334
198,candidate_3,0,candidate_2,3,0.17333333333333334
199,candidate_3,candidate_1,candidate_2,3,0.17333333333333334
200,candidate_3,candidate_1,candidate_2,3,0.17333333333333334
201,0,candidate_1,candidate_2,3,0.17333333333333334
202,0,candidate_1,candidate_2,3,0.17333333333333334
203,candidate_3,candidate_1,candidate_2,3,0.17333333333333334
204,candidate_3,candidate_1,candidate_2,3,0.17333333333333334
205,candidate_3,candidate_1,candidate_2,3,0.17333333333333334
206,0,candidate_1,candidate_2,3,0.17333333333333334
207,candidate_3,candidate_1,candidate_2,3,0.17333333333333334
208,candidate_3,candidate_1,candidate_2,3,0.17333333333333334
209,candidate_3,candidate_1,0,3,0.17333333333333334
210,0,0,candidate_2,3,0.17333333333333334
211,candidate_3,candidate_1,0,3,0.17333333333333334
212,candidate_3,0,candidate_2,3,0.17333333333333334
213,candidate_3,0,candidate_2,3,0.17333333333333334
214,0,candidate_1,candidate_2,3,0.17333333333333334
215,candidate_3,candidate_1,0,3,0.17333333333333334
216,0,candidate_1,candidate_2,3,0.17333333333333334
217,candidate_3,candidate_1,candidate_2,3,0.17333333333333334
218,candidate_3,candidate_1,0,3,0.17333333333333334
219,candidate_3,candidate_1,0,3,0.17333333333333334
220,candidate_3,candidate_1,candidate_2,3,0.17333333333333334
221,candidate_3,candidate_1,candidate_2,3,0.17333333333333334
222,0,candidate_1,candidate_2,3,0.17333333333333334
223,candidate_3,candidate_1,candidate_2,3,0.17333333333333334
224,candidate_3,candidate_1,candidate_2,3,0.17333333333333334
225,candidate_3,candidate_1,candidate_2,3,0.17333333333333334
226,candidate_3,candidate_1,candidate_2,3,0.17333333333333334
227,candidate_3,candidate_1,candidate_2,3,0.17333333333333334
228,candidate_3,0,candidate_2,3,0.17333333333333334
229,0,candidate_1,0,3,0.17333333333333334
230,candidate_3,candidate_1,candidate_2,3,0.17333333333333334
231,0,candidate_1,candidate_2,3,0.17333333333333334
232,candidate_3,0,candidate_2,3,0.17333333333333334
233,candidate_3,candidate_1,candidate_2,3,0.17333333333333334
234,candidate_3,candidate_1,candidate_2,3,0.17333333333333334
235,candidate_3,candidate_1,0,3,0.17333333333333334
236,candidate_3,candidate_1,candidate_2,3,0.17333333333333334
237,0,candidate_1,candidate_2,3,0.17333333333333334
238,candidate_3,0,candidate_2,3,0.17333333333333334
239,candidate_3,candidate_1,candidate_2,3,0.17333333333333334
240,candidate_3,candidate_1,candidate_2,3,0.17333333333333334
241,0,candidate_1,candidate_2,3,0.17333333333333334
242,candidate_3,candidate_1,candidate_2,3,0.17333333333333334
243,candidate_3,candidate_1,candidate_2,3,0.17333333333333334
244,candidate_3,candidate_1,candidate_2,3,0.17333333333333334
245,candidate_3,candidate_1,candidate_2,3,0.17333333333333334
246,candidate_3,candidate_1,candidate_2,3,0.17333333333333334
247,candidate_3,candidate_1,candidate_2,3,0.17333333333333334
248,candidate_3,candidate_1,candidate_2,3,0.17333333333333334
249,candidate_3,candidate_1,candidate_2,3,0.17333333333333334
250,candidate_3,candidate_1,candidate_2,3,0.17333333333333334
251,0,candidate_1,candidate_2,3,0.17333333333333334
252,candidate_3,0,candidate_2,3,0.17333333333333334
253,candidate_3,candidate_1,candidate_2,3,0.17333333333333334
254,0,candidate_1,0,3,0.17333333333333334
255,candidate_3,candidate_1,0,3,0.17333333333333334
256,candidate_3,candidate_1,candidate_2,3,0.17333333333333334
257,candidate_3,candidate_1,0,3,0.17333333333333334
258,candidate_3,candidate_1,candidate_2,3,0.17333333333333334
259,candidate_3,candidate_1,candidate_2,3,0.17333333333333334
260,candidate_3,candidate_1,candidate_2,3,0.17333333333333334
261,candidate_3,candidate_1,candidate_2,3,0.17333333333333334
262,0,candidate_1,0,3,0.17333333333333334
263,candidate_3,candidate_1,0,3,0.17333333333333334
264,0,candidate_1,candidate_2,3,0.17333333333333334
265,0,0,candidate_2,3,0.17333333333333334
266,candidate_3,candidate_1,candidate_2,3,0.17333333333333334
267,candidate_3,candidate_1,candidate_2,3,0.17333333333333334
268,candidate_3,candidate_1,candidate_2,3,0.17333333333333334
269,candidate_3,candidate_1,candidate_2,3,0.17333333333333334
270,candidate_3,candidate_1,candidate_2,3,0.17333333333333334
271,candidate_3,candidate_1,candidate_2,3,0.17333333333333334
272,candidate_3,candidate_1,candidate_2,3,0.17333333333333334
273,candidate_3,0,candidate_2,3,0.17333333333333334
274,candidate_3,candidate_1,candidate_2,3,0.17333333333333334
275,candidate_3,candidate_1,0,3,0.17333333333333334
276,candidate_3,candidate_1,candidate_2,3,0.17333333333333334
277,candidate_3,candidate_1,candidate_2,3,0.17333333333333334
278,candidate_3,candidate_1,candidate_2,3,0.17333333333333334
279,candidate_3,0,candidate_2,3,0.17333333333333334
280,candidate_3,0,0,3,0.17333333333333334
281,candidate_3,candidate_1,candidate_2,3,0.17333333333333334
282,0,candidate_1,candidate_2,3,0.17333333333333334
283,candidate_3,candidate_1,candidate_2,3,0.17333333333333334
284,candidate_3,candidate_1,candidate_2,3,0.17333333333333334
285,candidate_3,candidate_1,candidate_2,3,0.17333333333333334
286,candidate_3,candidate_1,candidate_2,3,0.17333333333333334
287,candidate_3,candidate_1,candidate_2,3,0.17333333333333334
288,candidate_3,candidate_1,candidate_2,3,0.17333333333333334
289,candidate_3,candidate_1,candidate_2,3,0.17333333333333334
290,candidate_3,candidate_1,candidate_2,3,0.17333333333333334
291,candidate_3,candidate_1,candidate_2,3,0.17333333333333334
292,candidate_3,candidate_1,0,3,0.17333333333333334
293,candidate_3,candidate_1,candidate_2,3,0.17333333333333334
294,candidate_3,candidate_1,0,3,0.17333333333333334
295,0,candidate_1,candidate_2,3,0.17333333333333334
296,candidate_3,candidate_1,candidate_2,3,0.17333333333333334
297,candidate_3,candidate_1,candidate_2,3,0.17333333333333334
298,candidate_3,candidate_1,candidate_2,3,0.17333333333333334
299,candidate_3,candidate_1,candidate_2,3,0.17333333333333334
300,candidate_3,0,candidate_2,3,0.17333333333333334
301,0,0,candidate_2,3,0.17333333333333334
302,candidate_3,candidate_1,candidate_2,3,0.17333333333333334
303,candidate_3,candidate_1,candidate_2,3,0.17333333333333334
304,candidate_3,candidate_1,candidate_2,3,0.17333333333333334
305,candidate_3,candidate_1,candidate_2,3,0.17333333333333334
306,0,candidate_1,candidate_2,3,0.17333333333333334
307,0,0,candidate_2,3,0.17333333333333334
308,0,candidate_1,candidate_2,3,0.17333333333333334
309,candidate_3,candidate_1,candidate_2,3,0.17333333333333334
310,candidate_3,candidate_1,candidate_2,3,0.17333333333333334
311,candidate_3,candidate_1,candidate_2,3,0.17333333333333334
312,candidate_3,candidate_1,candidate_2,3,0.17333333333333334
313,candidate_3,candidate_1,candidate_2,3,0.17333333333333334
314,0,0,0,3,0.17333333333333334
315,candidate_3,candidate_1,0,3,0.17333333333333334
316,0,candidate_1,candidate_2,3,0.17333333333333334
317,candidate_3,candidate_1,candidate_2,3,0.17333333333333334
318,candidate_3,candidate_1,candidate_2,3,0.17333333333333334
319,candidate_3,0,candidate_2,3,0.17333333333333334
320,candidate_3,candidate_1,candidate_2,3,0.17333333333333334
321,candidate_3,0,candidate_2,3,0.17333333333333334
322,candidate_3,candidate_1,candidate_2,3,0.17333333333333334
323,candidate_3,candidate_1,candidate_2,3,0.17333333333333334
324,candidate_3,0,candidate_2,3,0.17333333333333334
325,candidate_3,candidate_1,0,3,0.17333333333333334
326,candidate_3,candidate_1,candidate_2,3,0.17333333333333334
327,candidate_3,candidate_1,candidate_2,3,0.17333333333333334
328,candidate_3,candidate_1,candidate_2,3,0.17333333333333334
329,candidate_3,0,candidate_2,3,0.17333333333333334
330,0,candidate_1,candidate_2,3,0.17333333333333334
331,candidate_3,0,candidate_2,3,0.17333333333333334
332,0,candidate_1,candidate_2,3,0.17333333333333334
333,candidate_3,candidate_1,candidate_2,3,0.17333333333333334
334,candidate_3,candidate_1,candidate_2,3,0.17333333333333334
335,candidate_3,candidate_1,0,3,0.17333333333333334
336,candidate_3,0,0,3,0.17333333333333334
337,candidate_3,0,candidate_2,3,0.17333333333333334
338,0,candidate_1,0,3,0.17333333333333334
339,0,candidate_1,candidate_2,3,0.17333333333333334
340,candidate_3,candidate_1,candidate_2,3,0.17333333333333334
341,0,candidate_1,candidate_2,3,0.17333333333333334
342,candidate_3,candidate_1,candidate_2,3,0.17333333333333334
343,candidate_3,candidate_1,candidate_2,3,0.17333333333333334
344,candidate_3,candidate_1,0,3,0.17333333333333334
345,candidate_3,candidate_1,candidate_2,3,0.17333333333333334
346,candidate_3,0,candidate_2,3,0.17333333333333334
347,0,candidate_1,candidate_2,3,0.17333333333333334
348,candidate_3,candidate_1,candidate_2,3,0.17333333333333334
349,candidate_3,candidate_1,candidate_2,3,0.17333333333333334
350,candidate_3,candidate_1,candidate_2,3,0.17333333333333334
351,candidate_3,candidate_1,candidate_2,3,0.17333333333333334
352,0,candidate_1,candidate_2,3,0.17333333333333334
353,candidate_3,0,candidate_2,3,0.17333333333333334
354,candidate_3,candidate_1,candidate_2,3,0.17333333333333334
355,0,candidate_1,candidate_2,3,0.17333333333333334
356,candidate_3,candidate_1,candidate_2,3,0.17333333333333334
357,0,candidate_1,candidate_2,3,0.17333333333333334
358,candidate_3,candidate_1,0,3,0.17333333333333334
359,candidate_3,candidate_1,candidate_2,3,0.17333333333333334
0,candidate_3,candidate_2,candidate_1,3,0.17333333333333334
1,candidate_3,candidate_2,candidate_1,3,0.17333333333333334
2,candidate_3,candidate_2,candidate_1,3,0.17333333333333334
3,0,0,candidate_1,3,0.17333333333333334
4,0,0,0,3,0.17333333333333334
5,candidate_3,candidate_2,candidate_1,3,0.17333333333333334
6,candidate_3,candidate_2,candidate_1,3,0.17333333333333334
7,candidate_3,candidate_2,candidate_1,3,0.17333333333333334
8,candidate_3,0,candidate_1,3,0.17333333333333334
9,candidate_3,candidate_2,candidate_1,3,0.17333333333333334
10,candidate_3,candidate_2,candidate_1,3,0.17333333333333334
11,candidate_3,0,0,3,0.17333333333333334
12,candidate_3,0,candidate_1,3,0.17333333333333334
13,candidate_3,candidate_2,candidate_1,3,0.17333333333333334
14,candidate_3,candidate_2,0,3,0.17333333333333334
15,candidate_3,candidate_2,0,3,0.17333333333333334
16,candidate_3,candidate_2,0,3,0.17333333333333334
17,candidate_3,candidate_2,candidate_1,3,0.17333333333333334
18,candidate_3,candidate_2,0,3,0.17333333333333334
19,candidate_3,candidate_2,0,3,0.17333333333333334
20,0,candidate_2,candidate_1,3,0.17333333333333334
21,0,candidate_2,candidate_1,3,0.17333333333333334
22,candidate_3,candidate_2,0,3,0.17333333333333334
23,candidate_3,candidate_2,candidate_1,3,0.17333333333333334
24,0,candidate_2,candidate_1,3,0.17333333333333334
25,candidate_3,candidate_2,candidate_1,3,0.17333333333333334
26,candidate_3,candidate_2,candidate_1,3,0.17333333333333334
27,candidate_3,candidate_2,candidate_1,3,0.17333333333333334
28,candidate_3,candidate_2,candidate_1,3,0.17333333333333334
29,0,0,candidate_1,3,0.17333333333333334
30,candidate_3,candidate_2,candidate_1,3,0.17333333333333334
31,candidate_3,candidate_2,candidate_1,3,0.17333333333333334
32,candidate_3,candidate_2,candidate_1,3,0.17333333333333334
33,candidate_3,candidate_2,candidate_1,3,0.17333333333333334
34,candidate_3,0,0,3,0.17333333333333334
35,candidate_3,candidate_2,candidate_1,3,0.17333333333333334
36,candidate_3,0,candidate_1,3,0.17333333333333334
37,candidate_3,candidate_2,0,3,0.17333333333333334
38,candidate_3,candidate_2,0,3,0.17333333333333334
39,candidate_3,candidate_2,candidate_1,3,0.17333333333333334
40,candidate_3,candidate_2,candidate_1,3,0.17333333333333334
41,0,candidate_2,candidate_1,3,0.17333333333333334
42,candidate_3,candidate_2,candidate_1,3,0.17333333333333334
43,candidate_3,candidate_2,candidate_1,3,0.17333333333333334
44,candidate_3,candidate_2,candidate_1,3,0.17333333333333334
45,candidate_3,0,candidate_1,3,0.17333333333333334
46,candidate_3,candidate_2,0,3,0.17333333333333334
47,0,candidate_2,candidate_1,3,0.17333333333333334
48,0,candidate_2,candidate_1,3,0.17333333333333334
49,candidate_3,candidate_2,candidate_1,3,0.17333333333333334
50,candidate_3,candidate_2,candidate_1,3,0.17333333333333334
51,candidate_3,candidate_2,candidate_1,3,0.17333333333333334
52,candidate_3,candidate_2,candidate_1,3,0.17333333333333334
53,candidate_3,candidate_2,candidate_1,3,0.17333333333333334
54,candidate_3,candidate_2,candidate_1,3,0.17333333333333334
55,0,candidate_2,candidate_1,3,0.17333333333333334
56,candidate_3,candidate_2,candidate_1,3,0.17333333333333334
57,candidate_3,candidate_2,candidate_1,3,0.17333333333333334
58,0,candidate_2,0,3,0.17333333333333334
59,candidate_3,candidate_2,0,3,0.17333333333333334
60,candidate_3,candidate_2,candidate_1,3,0.17333333333333334
61,candidate_3,0,candidate_1,3,0.17333333333333334
62,candidate_3,0,candidate_1,3,0.17333333333333334
63,candidate_3,candidate_2,candidate_1,3,0.17333333333333334
64,0,candidate_2,candidate_1,3,0.17333333333333334
65,candidate_3,candidate_2,candidate_1,3,0.17333333333333334
66,0,candidate_2,candidate_1,3,0.17333333333333334
67,candidate_3,candidate_2,0,3,0.17333333333333334
68,0,candidate_2,candidate_1,3,0.17333333333333334
69,0,0,candidate_1,3,0.17333333333333334
70,candidate_3,candidate_2,candidate_1,3,0.17333333333333334
71,0,candidate_2,candidate_1,3,0.17333333333333334
72,candidate_3,candidate_2,candidate_1,3,0.17333333333333334
73,0,candidate_2,0,3,0.17333333333333334
74,candidate_3,candidate_2,candidate_1,3,0.17333333333333334
75,candidate_3,0,0,3,0.17333333333333334
76,0,candidate_2,0,3,0.17333333333333334
77,candidate_3,candidate_2,0,3,0.17333333333333334
78,candidate_3,candidate_2,candidate_1,3,0.17333333333333334
79,candidate_3,candidate_2,candidate_1,3,0.17333333333333334
80,candidate_3,candidate_2,candidate_1,3,0.17333333333333334
81,0,0,candidate_1,3,0.17333333333333334
82,candidate_3,candidate_2,candidate_1,3,0.17333333333333334
83,candidate_3,0,candidate_1,3,0.17333333333333334
84,candidate_3,candidate_2,candidate_1,3,0.17333333333333334
85,candidate_3,candidate_2,candidate_1,3,0.17333333333333334
86,candidate_3,0,candidate_1,3,0.17333333333333334
87,0,candidate_2,candidate_1,3,0.17333333333333334
88,candidate_3,candidate_2,candidate_1,3,0.17333333333333334
89,candidate_3,candidate_2,candidate_1,3,0.17333333333333334
90,candidate_3,candidate_2,0,3,0.17333333333333334
91,candidate_3,candidate_2,candidate_1,3,0.17333333333333334
92,candidate_3,candidate_2,0,3,0.17333333333333334
93,candidate_3,candidate_2,0,3,0.17333333333333334
94,candidate_3,0,candidate_1,3,0.17333333333333334
95,candidate_3,candidate_2,candidate_1,3,0.17333333333333334
96,candidate_3,candidate_2,candidate_1,3,0.17333333333333334
97,candidate_3,candidate_2,candidate_1,3,0.17333333333333334
98,candidate_3,candidate_2,candidate_1,3,0.17333333333333334
99,candidate_3,candidate_2,0,3,0.17333333333333334
100,candidate_3,candidate_2,0,3,0.17333333333333334
101,candidate_3,candidate_2,candidate_1,3,0.17333333333333334
102,0,candidate_2,0,3,0.17333333333333334
103,candidate_3,candidate_2,candidate_1,3,0.17333333333333334
104,candidate_3,0,candidate_1,3,0.17333333333333334
105,candidate_3,candidate_2,candidate_1,3,0.17333333333333334
106,0,0,0,3,0.17333333333333334
107,0,candidate_2,candidate_1,3,0.17333333333333334
108,0,candidate_2,candidate_1,3,0.17333333333333334
109,candidate_3,candidate_2,0,3,0.17333333333333334
110,0,candidate_2,0,3,0.17333333333333334
111,candidate_3,candidate_2,candidate_1,3,0.17333333333333334
112,0,0,0,3,0.17333333333333334
113,candidate_3,candidate_2,candidate_1,3,0.17333333333333334
114,candidate_3,candidate_2,candidate_1,3,0.17333333333333334
115,0,candidate_2,0,3,0.17333333333333334
116,0,candidate_2,candidate_1,3,0.17333333333333334
117,candidate_3,candidate_2,0,3,0.17333333333333334
118,candidate_3,candidate_2,0,3,0.17333333333333334
119,candidate_3,candidate_2,0,3,0.17333333333333334
120,0,0,candidate_1,3,0.17333333333333334
121,candidate_3,candidate_2,0,3,0.17333333333333334
122,0,candidate_2,candidate_1,3,0.17333333333333334
123,candidate_3,candidate_2,candidate_1,3,0.17333333333333334
124,candidate_3,candidate_2,candidate_1,3,0.17333333333333334
125,candidate_3,candidate_2,0,3,0.17333333333333334
126,candidate_3,candidate_2,candidate_1,3,0.17333333333333334
127,candidate_3,candidate_2,candidate_1,3,0.17333333333333334
128,candidate_3,candidate_2,candidate_1,3,0.17333333333333334
129,candidate_3,candidate_2,0,3,0.17333333333333334
130,candidate_3,candidate_2,candidate_1,3,0.17333333333333334
131,candidate_3,0,candidate_1,3,0.17333333333333334
132,candidate_3,candidate_2,candidate_1,3,0.17333333333333334
133,0,candidate_2,candidate_1,3,0.17333333333333334
134,candidate_3,0,0,3,0.17333333333333334
135,candidate_3,candidate_2,candidate_1,3,0.17333333333333334
136,candidate_3,candidate_2,0,3,0.17333333333333334
137,candidate_3,0,candidate_1,3,0.17333333333333334
138,candidate_3,candidate_2,candidate_1,3,0.17333333333333334
139,candidate_3,candidate_2,candidate_1,3,0.17333333333333334
140,candidate_3,candidate_2,candidate_1,3,0.17333333333333334
141,candidate_3,candidate_2,candidate_1,3,0.17333333333333334
142,0,candidate_2,candidate_1,3,0.17333333333333334
143,candidate_3,candidate_2,candidate_1,3,0.17333333333333334
144,candidate_3,candidate_2,candidate_1,3,0.17333333333333334
145,candidate_3,candidate_2,candidate_1,3,0.17333333333333334
146,candidate_3,candidate_2,candidate_1,3,0.17333333333333334
147,candidate_3,candidate_2,candidate_1,3,0.17333333333333334
148,candidate_3,candidate_2,candidate_1,3,0.17333333333333334
149,0,0,candidate_1,3,0.17333333333333334
150,candidate_3,0,candidate_1,3,0.17333333333333334
151,candidate_3,candidate_2,candidate_1,3,0.17333333333333334
152,candidate_3,candidate_2,candidate_1,3,0.17333333333333334
153,candidate_3,candidate_2,candidate_1,3,0.17333333333333334
154,candidate_3,candidate_2,0,3,0.17333333333333334
155,candidate_3,candidate_2,candidate_1,3,0.17333333333333334
156,candidate_3,candidate_2,0,3,0.17333333333333334
157,0,candidate_2,candidate_1,3,0.17333333333333334
158,candidate_3,candidate_2,0,3,0.17333333333333334
159,candidate_3,candidate_2,0,3,0.17333333333333334
160,candidate_3,candidate_2,candidate_1,3,0.17333333333333334
161,candidate_3,candidate_2,candidate_1,3,0.17333333333333334
162,candidate_3,0,candidate_1,3,0.17333333333333334
163,candidate_3,0,0,3,0.17333333333333334
164,0,candidate_2,candidate_1,3,0.17333333333333334
165,candidate_3,candidate_2,candidate_1,3,0.17333333333333334
166,candidate_3,candidate_2,candidate_1,3,0.17333333333333334
167,candidate_3,candidate_2,candidate_1,3,0.17333333333333334
168,0,candidate_2,candidate_1,3,0.17333333333333334
169,candidate_3,candidate_2,candidate_1,3,0.17333333333333334
170,0,0,candidate_1,3,0.17333333333333334
171,candidate_3,candidate_2,candidate_1,3,0.17333333333333334
172,candidate_3,candidate_2,candidate_1,3,0.17333333333333334
173,candidate_3,candidate_2,candidate_1,3,0.17333333333333334
174,candidate_3,candidate_2,candidate_1,3,0.17333333333333334
175,candidate_3,candidate_2,candidate_1,3,0.17333333333333334
176,candidate_3,candidate_2,candidate_1,3,0.17333333333333334
177,candidate_3,candidate_2,candidate_1,3,0.17333333333333334
178,candidate_3,0,0,3,0.17333333333333334
179,0,candidate_2,candidate_1,3,0.17333333333333334
180,candidate_3,candidate_2,candidate_1,3,0.17333333333333334
181,candidate_3,candidate_2,candidate_1,3,0.17333333333333334
182,0,candidate_2,0,3,0.17333333333333334
183,candidate_3,candidate_2,0,3,0.17333333333333334
184,candidate_3,candidate_2,candidate_1,3,0.17333333333333334
185,0,candidate_2,candidate_1,3,0.17333333333333334
186,candidate_3,candidate_2,0,3,0.17333333333333334
187,candidate_3,0,candidate_1,3,0.17333333333333334
188,0,candidate_2,candidate_1,3,0.17333333333333334
189,candidate_3,0,candidate_1,3,0.17333333333333334
190,0,0,0,3,0.17333333333333334
191,candidate_3,0,candidate_1,3,0.17333333333333334
192,candidate_3,0,candidate_1,3,0.17333333333333334
193,candidate_3,candidate_2,candidate_1,3,0.17333333333333334
194,candidate_3,0,0,3,0.17333333333333334
195,candidate_3,candidate_2,candidate_1,3,0.17333333333333334
196,candidate_3,candidate_2,candidate_1,3,0.17333333333333334
197,candidate_3,candidate_2,candidate_1,3,0.17333333333333334
198,candidate_3,0,0,3,0.17333333333333334
199,candidate_3,0,candidate_1,3,0.17333333333333334
200,candidate_3,candidate_2,candidate_1,3,0.17333333333333334
201,0,candidate_2,0,3,0.17333333333333334
202,candidate_3,candidate_2,0,3,0.17333333333333334
203,candidate_3,candidate_2,candidate_1,3,0.17333333333333334
204,candidate_3,candidate_2,candidate_1,3,0.17333333333333334
205,candidate_3,candidate_2,0,3,0.17333333333333334
206,candidate_3,0,candidate_1,3,0.17333333333333334
207,candidate_3,0,candidate_1,3,0.17333333333333334
208,candidate_3,0,candidate_1,3,0.17333333333333334
209,candidate_3,candidate_2,candidate_1,3,0.17333333333333334
210,candidate_3,candidate_2,candidate_1,3,0.17333333333333334
211,candidate_3,candidate_2,candidate_1,3,0.17333333333333334
212,candidate_3,candidate_2,0,3,0.17333333333333334
213,candidate_3,0,candidate_1,3,0.17333333333333334
214,candidate_3,candidate_2,candidate_1,3,0.17333333333333334
215,candidate_3,0,0,3,0.17333333333333334
216,candidate_3,0,candidate_1,3,0.17333333333333334
217,candidate_3,0,candidate_1,3,0.17333333333333334
218,candidate_3,candidate_2,0,3,0.17333333333333334
219,candidate_3,candidate_2,0,3,0.17333333333333334
220,candidate_3,candidate_2,candidate_1,3,0.17333333333333334
221,0,candidate_2,0,3,0.17333333333333334
222,0,candidate_2,candidate_1,3,0.17333333333333334
223,candidate_3,candidate_2,candidate_1,3,0.17333333333333334
224,candidate_3,candidate_2,candidate_1,3,0.17333333333333334
225,candidate_3,candidate_2,candidate_1,3,0.17333333333333334
226,candidate_3,candidate_2,candidate_1,3,0.17333333333333334
227,candidate_3,candidate_2,candidate_1,3,0.17333333333333334
228,candidate_3,candidate_2,candidate_1,3,0.17333333333333334
229,candidate_3,candidate_2,candidate_1,3,0.17333333333333334
230,candidate_3,candidate_2,candidate_1,3,0.17333333333333334
231,candidate_3,candidate_2,candidate_1,3,0.17333333333333334
232,0,candidate_2,candidate_1,3,0.17333333333333334
233,candidate_3,candidate_2,candidate_1,3,0.17333333333333334
234,candidate_3,candidate_2,candidate_1,3,0.17333333333333334
235,0,candidate_2,0,3,0.17333333333333334
236,candidate_3,candidate_2,0,3,0.17333333333333334
237,candidate_3,candidate_2,candidate_1,3,0.17333333333333334
238,0,candidate_2,candidate_1,3,0.17333333333333334
239,candidate_3,candidate_2,candidate_1,3,0.17333333333333334
240,candidate_3,0,0,3,0.17333333333333334
241,candidate_3,candidate_2,candidate_1,3,0.17333333333333334
242,0,candidate_2,candidate_1,3,0.17333333333333334
243,candidate_3,candidate_2,candidate_1,3,0.17333333333333334
244,candidate_3,0,candidate_1,3,0.17333333333333334
245,candidate_3,candidate_2,candidate_1,3,0.17333333333333334
246,candidate_3,candidate_2,candidate_1,3,0.17333333333333334
247,candidate_3,0,0,3,0.17333333333333334
248,candidate_3,candidate_2,candidate_1,3,0.17333333333333334
249,candidate_3,candidate_2,candidate_1,3,0.17333333333333334
250,candidate_3,candidate_2,candidate_1,3,0.17333333333333334
251,candidate_3,candidate_2,candidate_1,3,0.17333333333333334
252,0,candidate_2,candidate_1,3,0.17333333333333334
253,candidate_3,candidate_2,candidate_1,3,0.17333333333333334
254,candidate_3,candidate_2,candidate_1,3,0.17333333333333334
255,candidate_3,candidate_2,0,3,0.17333333333333334
256,candidate_3,0,candidate_1,3,0.17333333333333334
257,candidate_3,0,candidate_1,3,0.17333333333333334
258,candidate_3,candidate_2,candidate_1,3,0.17333333333333334
259,candidate_3,candidate_2,candidate_1,3,0.17333333333333334
260,0,0,candidate_1,3,0.17333333333333334
261,candidate_3,candidate_2,candidate_1,3,0.17333333333333334
262,candidate_3,candidate_2,candidate_1,3,0.17333333333333334
263,candidate_3,0,candidate_1,3,0.17333333333333334
264,candidate_3,0,candidate_1,3,0.17333333333333334
265,candidate_3,0,candidate_1,3,0.17333333333333334
266,candidate_3,0,candidate_1,3,0.17333333333333334
267,candidate_3,candidate_2,candidate_1,3,0.17333333333333334
268,candidate_3,candidate_2,candidate_1,3,0.17333333333333334
269,candidate_3,candidate_2,candidate_1,3,0.17333333333333334
270,candidate_3,candidate_2,candidate_1,3,0.17333333333333334
271,candidate_3,candidate_2,candidate_1,3,0.17333333333333334
272,candidate_3,candidate_2,candidate_1,3,0.17333333333333334
273,0,candidate_2,0,3,0.17333333333333334
274,candidate_3,candidate_2,0,3,0.17333333333333334
275,0,candidate_2,0,3,0.17333333333333334
276,candidate_3,0,candidate_1,3,0.17333333333333334
277,candidate_3,candidate_2,candidate_1,3,0.17333333333333334
278,candidate_3,0,0,3,0.17333333333333334
279,candidate_3,0,0,3,0.17333333333333334
280,candidate_3,0,candidate_1,3,0.17333333333333334
281,candidate_3,candidate_2,candidate_1,3,0.17333333333333334
282,candidate_3,candidate_2,candidate_1,3,0.17333333333333334
283,candidate_3,candidate_2,0,3,0.17333333333333334
